Grid Output Min: [-45mm -45mm 4mm] Max: [45mm 45mm 4mm] Grid Size: [3mm 3mm 0mm]
X, Y, Z, Scalar data "Mag_B"
-4.4999999999999998e-02 -4.4999999999999998e-02 4.0000000000000001e-03  2.3640034488317295e-03
-4.4999999999999998e-02 -4.1999999999999996e-02 4.0000000000000001e-03  2.1310157782072478e-03
-4.4999999999999998e-02 -3.9000000000000000e-02 4.0000000000000001e-03  2.0192757472916722e-03
-4.4999999999999998e-02 -3.5999999999999997e-02 4.0000000000000001e-03  1.9507741268898764e-03
-4.4999999999999998e-02 -3.3000000000000002e-02 4.0000000000000001e-03  1.9218836458142238e-03
-4.4999999999999998e-02 -2.9999999999999999e-02 4.0000000000000001e-03  1.9065974173084566e-03
-4.4999999999999998e-02 -2.6999999999999996e-02 4.0000000000000001e-03  1.8850029431235059e-03
-4.4999999999999998e-02 -2.3999999999999997e-02 4.0000000000000001e-03  1.8767279784981698e-03
-4.4999999999999998e-02 -2.0999999999999998e-02 4.0000000000000001e-03  1.8453970853647458e-03
-4.4999999999999998e-02 -1.7999999999999999e-02 4.0000000000000001e-03  1.7667032203131832e-03
-4.4999999999999998e-02 -1.4999999999999999e-02 4.0000000000000001e-03  1.8005134761286735e-03
-4.4999999999999998e-02 -1.1999999999999997e-02 4.0000000000000001e-03  1.7837801240074692e-03
-4.4999999999999998e-02 -8.9999999999999941e-03 4.0000000000000001e-03  1.7529051249069705e-03
-4.4999999999999998e-02 -5.9999999999999984e-03 4.0000000000000001e-03  1.7654568868389761e-03
-4.4999999999999998e-02 -2.9999999999999957e-03 4.0000000000000001e-03  1.7847298872306374e-03
-4.4999999999999998e-02 0.0000000000000000e+00 4.0000000000000001e-03  1.7603523771713430e-03
-4.4999999999999998e-02 3.0000000000000027e-03 4.0000000000000001e-03  1.7790369031607340e-03
-4.4999999999999998e-02 6.0000000000000053e-03 4.0000000000000001e-03  1.7970178030177848e-03
-4.4999999999999998e-02 9.0000000000000011e-03 4.0000000000000001e-03  1.8168363861386344e-03
-4.4999999999999998e-02 1.2000000000000004e-02 4.0000000000000001e-03  1.8255906355649420e-03
-4.4999999999999998e-02 1.4999999999999999e-02 4.0000000000000001e-03  1.8015786885156894e-03
-4.4999999999999998e-02 1.8000000000000002e-02 4.0000000000000001e-03  1.7768167910955542e-03
-4.4999999999999998e-02 2.1000000000000005e-02 4.0000000000000001e-03  1.7801691089291631e-03
-4.4999999999999998e-02 2.4000000000000007e-02 4.0000000000000001e-03  1.8419950547015390e-03
-4.4999999999999998e-02 2.7000000000000010e-02 4.0000000000000001e-03  1.8989734047231918e-03
-4.4999999999999998e-02 2.9999999999999999e-02 4.0000000000000001e-03  1.9207012760389089e-03
-4.4999999999999998e-02 3.3000000000000002e-02 4.0000000000000001e-03  1.9407790972013927e-03
-4.4999999999999998e-02 3.6000000000000004e-02 4.0000000000000001e-03  1.9855076633573591e-03
-4.4999999999999998e-02 3.9000000000000007e-02 4.0000000000000001e-03  2.0251705082991369e-03
-4.4999999999999998e-02 4.2000000000000010e-02 4.0000000000000001e-03  2.0428428336594115e-03
-4.4999999999999998e-02 4.4999999999999998e-02 4.0000000000000001e-03  2.0486663165350380e-03
-4.1999999999999996e-02 -4.4999999999999998e-02 4.0000000000000001e-03  2.2759007276959200e-03
-4.1999999999999996e-02 -4.1999999999999996e-02 4.0000000000000001e-03  2.0853646054877074e-03
-4.1999999999999996e-02 -3.9000000000000000e-02 4.0000000000000001e-03  1.9113204808850900e-03
-4.1999999999999996e-02 -3.5999999999999997e-02 4.0000000000000001e-03  1.8637353985335751e-03
-4.1999999999999996e-02 -3.3000000000000002e-02 4.0000000000000001e-03  1.8306829953950378e-03
-4.1999999999999996e-02 -2.9999999999999999e-02 4.0000000000000001e-03  1.8115720477162504e-03
-4.1999999999999996e-02 -2.6999999999999996e-02 4.0000000000000001e-03  1.7854443008753597e-03
-4.1999999999999996e-02 -2.3999999999999997e-02 4.0000000000000001e-03  1.7827944123472020e-03
-4.1999999999999996e-02 -2.0999999999999998e-02 4.0000000000000001e-03  1.7530669438883277e-03
-4.1999999999999996e-02 -1.7999999999999999e-02 4.0000000000000001e-03  1.7260148821310565e-03
-4.1999999999999996e-02 -1.4999999999999999e-02 4.0000000000000001e-03  1.6829961405788801e-03
-4.1999999999999996e-02 -1.1999999999999997e-02 4.0000000000000001e-03  1.6415482464615340e-03
-4.1999999999999996e-02 -8.9999999999999941e-03 4.0000000000000001e-03  1.6365163129723483e-03
-4.1999999999999996e-02 -5.9999999999999984e-03 4.0000000000000001e-03  1.6305070987913486e-03
-4.1999999999999996e-02 -2.9999999999999957e-03 4.0000000000000001e-03  1.6717147440067676e-03
-4.1999999999999996e-02 0.0000000000000000e+00 4.0000000000000001e-03  1.6380041170806676e-03
-4.1999999999999996e-02 3.0000000000000027e-03 4.0000000000000001e-03  1.6354304504027290e-03
-4.1999999999999996e-02 6.0000000000000053e-03 4.0000000000000001e-03  1.6412597947475659e-03
-4.1999999999999996e-02 9.0000000000000011e-03 4.0000000000000001e-03  1.6397560487938735e-03
-4.1999999999999996e-02 1.2000000000000004e-02 4.0000000000000001e-03  1.6725335210028456e-03
-4.1999999999999996e-02 1.4999999999999999e-02 4.0000000000000001e-03  1.6696543273013757e-03
-4.1999999999999996e-02 1.8000000000000002e-02 4.0000000000000001e-03  1.6629992877399977e-03
-4.1999999999999996e-02 2.1000000000000005e-02 4.0000000000000001e-03  1.6560611487386370e-03
-4.1999999999999996e-02 2.4000000000000007e-02 4.0000000000000001e-03  1.6900164281069853e-03
-4.1999999999999996e-02 2.7000000000000010e-02 4.0000000000000001e-03  1.7304148888784481e-03
-4.1999999999999996e-02 2.9999999999999999e-02 4.0000000000000001e-03  1.7448510003004009e-03
-4.1999999999999996e-02 3.3000000000000002e-02 4.0000000000000001e-03  1.7699569304264525e-03
-4.1999999999999996e-02 3.6000000000000004e-02 4.0000000000000001e-03  1.8317122824775913e-03
-4.1999999999999996e-02 3.9000000000000007e-02 4.0000000000000001e-03  1.8826833612515461e-03
-4.1999999999999996e-02 4.2000000000000010e-02 4.0000000000000001e-03  1.9015723496920820e-03
-4.1999999999999996e-02 4.4999999999999998e-02 4.0000000000000001e-03  1.9725944273523348e-03
-3.9000000000000000e-02 -4.4999999999999998e-02 4.0000000000000001e-03  2.1574662529188129e-03
-3.9000000000000000e-02 -4.1999999999999996e-02 4.0000000000000001e-03  2.0100511893919441e-03
-3.9000000000000000e-02 -3.9000000000000000e-02 4.0000000000000001e-03  1.9006734990554010e-03
-3.9000000000000000e-02 -3.5999999999999997e-02 4.0000000000000001e-03  1.7923691007744229e-03
-3.9000000000000000e-02 -3.3000000000000002e-02 4.0000000000000001e-03  1.7551609699902060e-03
-3.9000000000000000e-02 -2.9999999999999999e-02 4.0000000000000001e-03  1.7321500677805236e-03
-3.9000000000000000e-02 -2.6999999999999996e-02 4.0000000000000001e-03  1.7028434951475908e-03
-3.9000000000000000e-02 -2.3999999999999997e-02 4.0000000000000001e-03  1.6918049136972189e-03
-3.9000000000000000e-02 -2.0999999999999998e-02 4.0000000000000001e-03  1.6744212413831350e-03
-3.9000000000000000e-02 -1.7999999999999999e-02 4.0000000000000001e-03  1.6482081610225121e-03
-3.9000000000000000e-02 -1.4999999999999999e-02 4.0000000000000001e-03  1.6254540874190621e-03
-3.9000000000000000e-02 -1.1999999999999997e-02 4.0000000000000001e-03  1.6056342840610951e-03
-3.9000000000000000e-02 -8.9999999999999941e-03 4.0000000000000001e-03  1.5642966220500583e-03
-3.9000000000000000e-02 -5.9999999999999984e-03 4.0000000000000001e-03  1.5475315498023167e-03
-3.9000000000000000e-02 -2.9999999999999957e-03 4.0000000000000001e-03  1.5693700715251797e-03
-3.9000000000000000e-02 0.0000000000000000e+00 4.0000000000000001e-03  1.5569282109455644e-03
-3.9000000000000000e-02 3.0000000000000027e-03 4.0000000000000001e-03  1.5425854067089722e-03
-3.9000000000000000e-02 6.0000000000000053e-03 4.0000000000000001e-03  1.5464156042221174e-03
-3.9000000000000000e-02 9.0000000000000011e-03 4.0000000000000001e-03  1.5518952098283580e-03
-3.9000000000000000e-02 1.2000000000000004e-02 4.0000000000000001e-03  1.5615198967221123e-03
-3.9000000000000000e-02 1.4999999999999999e-02 4.0000000000000001e-03  1.5791067239438003e-03
-3.9000000000000000e-02 1.8000000000000002e-02 4.0000000000000001e-03  1.5866361339373918e-03
-3.9000000000000000e-02 2.1000000000000005e-02 4.0000000000000001e-03  1.5912637210136725e-03
-3.9000000000000000e-02 2.4000000000000007e-02 4.0000000000000001e-03  1.6022714824139525e-03
-3.9000000000000000e-02 2.7000000000000010e-02 4.0000000000000001e-03  1.6215851333602422e-03
-3.9000000000000000e-02 2.9999999999999999e-02 4.0000000000000001e-03  1.6289220896085156e-03
-3.9000000000000000e-02 3.3000000000000002e-02 4.0000000000000001e-03  1.6572909096261778e-03
-3.9000000000000000e-02 3.6000000000000004e-02 4.0000000000000001e-03  1.7337048612188818e-03
-3.9000000000000000e-02 3.9000000000000007e-02 4.0000000000000001e-03  1.7742768895296361e-03
-3.9000000000000000e-02 4.2000000000000010e-02 4.0000000000000001e-03  1.8576192025394963e-03
-3.9000000000000000e-02 4.4999999999999998e-02 4.0000000000000001e-03  1.9715942686102297e-03
-3.5999999999999997e-02 -4.4999999999999998e-02 4.0000000000000001e-03  2.0870291441869473e-03
-3.5999999999999997e-02 -4.1999999999999996e-02 4.0000000000000001e-03  1.9427675702401385e-03
-3.5999999999999997e-02 -3.9000000000000000e-02 4.0000000000000001e-03  1.8208976227196113e-03
-3.5999999999999997e-02 -3.5999999999999997e-02 4.0000000000000001e-03  1.7512782735304062e-03
-3.5999999999999997e-02 -3.3000000000000002e-02 4.0000000000000001e-03  1.6928013028945361e-03
-3.5999999999999997e-02 -2.9999999999999999e-02 4.0000000000000001e-03  1.6658149691611487e-03
-3.5999999999999997e-02 -2.6999999999999996e-02 4.0000000000000001e-03  1.6341254619733304e-03
-3.5999999999999997e-02 -2.3999999999999997e-02 4.0000000000000001e-03  1.6162262321073274e-03
-3.5999999999999997e-02 -2.0999999999999998e-02 4.0000000000000001e-03  1.6072023537088121e-03
-3.5999999999999997e-02 -1.7999999999999999e-02 4.0000000000000001e-03  1.5818904877236632e-03
-3.5999999999999997e-02 -1.4999999999999999e-02 4.0000000000000001e-03  1.5600070783188687e-03
-3.5999999999999997e-02 -1.1999999999999997e-02 4.0000000000000001e-03  1.5415417651978164e-03
-3.5999999999999997e-02 -8.9999999999999941e-03 4.0000000000000001e-03  1.5264881731339344e-03
-3.5999999999999997e-02 -5.9999999999999984e-03 4.0000000000000001e-03  1.5062428731460829e-03
-3.5999999999999997e-02 -2.9999999999999957e-03 4.0000000000000001e-03  1.4925151277314583e-03
-3.5999999999999997e-02 0.0000000000000000e+00 4.0000000000000001e-03  1.4917569393577991e-03
-3.5999999999999997e-02 3.0000000000000027e-03 4.0000000000000001e-03  1.4899099131531039e-03
-3.5999999999999997e-02 6.0000000000000053e-03 4.0000000000000001e-03  1.4936054193780759e-03
-3.5999999999999997e-02 9.0000000000000011e-03 4.0000000000000001e-03  1.5019733106385316e-03
-3.5999999999999997e-02 1.2000000000000004e-02 4.0000000000000001e-03  1.5137162064834859e-03
-3.5999999999999997e-02 1.4999999999999999e-02 4.0000000000000001e-03  1.5225156604914464e-03
-3.5999999999999997e-02 1.8000000000000002e-02 4.0000000000000001e-03  1.5239136858832298e-03
-3.5999999999999997e-02 2.1000000000000005e-02 4.0000000000000001e-03  1.5548374240565873e-03
-3.5999999999999997e-02 2.4000000000000007e-02 4.0000000000000001e-03  1.5695678647596346e-03
-3.5999999999999997e-02 2.7000000000000010e-02 4.0000000000000001e-03  1.5679680205051413e-03
-3.5999999999999997e-02 2.9999999999999999e-02 4.0000000000000001e-03  1.5699504440802316e-03
-3.5999999999999997e-02 3.3000000000000002e-02 4.0000000000000001e-03  1.5996991878514386e-03
-3.5999999999999997e-02 3.6000000000000004e-02 4.0000000000000001e-03  1.6661420115211775e-03
-3.5999999999999997e-02 3.9000000000000007e-02 4.0000000000000001e-03  1.7466154662691541e-03
-3.5999999999999997e-02 4.2000000000000010e-02 4.0000000000000001e-03  1.8325752434008231e-03
-3.5999999999999997e-02 4.4999999999999998e-02 4.0000000000000001e-03  1.9311969867795670e-03
-3.3000000000000002e-02 -4.4999999999999998e-02 4.0000000000000001e-03  2.0299804326808207e-03
-3.3000000000000002e-02 -4.1999999999999996e-02 4.0000000000000001e-03  1.8954566320248107e-03
-3.3000000000000002e-02 -3.9000000000000000e-02 4.0000000000000001e-03  1.7839057235991679e-03
-3.3000000000000002e-02 -3.5999999999999997e-02 4.0000000000000001e-03  1.6937465718538599e-03
-3.3000000000000002e-02 -3.3000000000000002e-02 4.0000000000000001e-03  1.6354018996178994e-03
-3.3000000000000002e-02 -2.9999999999999999e-02 4.0000000000000001e-03  1.6099805712578956e-03
-3.3000000000000002e-02 -2.6999999999999996e-02 4.0000000000000001e-03  1.5770907763176963e-03
-3.3000000000000002e-02 -2.3999999999999997e-02 4.0000000000000001e-03  1.5534922159177044e-03
-3.3000000000000002e-02 -2.0999999999999998e-02 4.0000000000000001e-03  1.5457640544957118e-03
-3.3000000000000002e-02 -1.7999999999999999e-02 4.0000000000000001e-03  1.5250124236756472e-03
-3.3000000000000002e-02 -1.4999999999999999e-02 4.0000000000000001e-03  1.5040082530037684e-03
-3.3000000000000002e-02 -1.1999999999999997e-02 4.0000000000000001e-03  1.4864028893018606e-03
-3.3000000000000002e-02 -8.9999999999999941e-03 4.0000000000000001e-03  1.4721887245427005e-03
-3.3000000000000002e-02 -5.9999999999999984e-03 4.0000000000000001e-03  1.4613621357690886e-03
-3.3000000000000002e-02 -2.9999999999999957e-03 4.0000000000000001e-03  1.4531548529371171e-03
-3.3000000000000002e-02 0.0000000000000000e+00 4.0000000000000001e-03  1.4415711129693947e-03
-3.3000000000000002e-02 3.0000000000000027e-03 4.0000000000000001e-03  1.4489406479810212e-03
-3.3000000000000002e-02 6.0000000000000053e-03 4.0000000000000001e-03  1.4538833813564969e-03
-3.3000000000000002e-02 9.0000000000000011e-03 4.0000000000000001e-03  1.4622338051709085e-03
-3.3000000000000002e-02 1.2000000000000004e-02 4.0000000000000001e-03  1.4739796325299417e-03
-3.3000000000000002e-02 1.4999999999999999e-02 4.0000000000000001e-03  1.4891155540110346e-03
-3.3000000000000002e-02 1.8000000000000002e-02 4.0000000000000001e-03  1.4931626174269129e-03
-3.3000000000000002e-02 2.1000000000000005e-02 4.0000000000000001e-03  1.4945649801414770e-03
-3.3000000000000002e-02 2.4000000000000007e-02 4.0000000000000001e-03  1.4981790792326895e-03
-3.3000000000000002e-02 2.7000000000000010e-02 4.0000000000000001e-03  1.5167683445094038e-03
-3.3000000000000002e-02 2.9999999999999999e-02 4.0000000000000001e-03  1.5345297945796150e-03
-3.3000000000000002e-02 3.3000000000000002e-02 4.0000000000000001e-03  1.5683418271140520e-03
-3.3000000000000002e-02 3.6000000000000004e-02 4.0000000000000001e-03  1.6289518230982875e-03
-3.3000000000000002e-02 3.9000000000000007e-02 4.0000000000000001e-03  1.7016748142745742e-03
-3.3000000000000002e-02 4.2000000000000010e-02 4.0000000000000001e-03  1.7866813392969955e-03
-3.3000000000000002e-02 4.4999999999999998e-02 4.0000000000000001e-03  1.8843806466920386e-03
-2.9999999999999999e-02 -4.4999999999999998e-02 4.0000000000000001e-03  1.9875411429936033e-03
-2.9999999999999999e-02 -4.1999999999999996e-02 4.0000000000000001e-03  1.8607564177957638e-03
-2.9999999999999999e-02 -3.9000000000000000e-02 4.0000000000000001e-03  1.7569607377031504e-03
-2.9999999999999999e-02 -3.5999999999999997e-02 4.0000000000000001e-03  1.6744187715738172e-03
-2.9999999999999999e-02 -3.3000000000000002e-02 4.0000000000000001e-03  1.6114080920478404e-03
-2.9999999999999999e-02 -2.9999999999999999e-02 4.0000000000000001e-03  1.5664171786726163e-03
-2.9999999999999999e-02 -2.6999999999999996e-02 4.0000000000000001e-03  1.5305316984999947e-03
-2.9999999999999999e-02 -2.3999999999999997e-02 4.0000000000000001e-03  1.5099422102188391e-03
-2.9999999999999999e-02 -2.0999999999999998e-02 4.0000000000000001e-03  1.4933118503804375e-03
-2.9999999999999999e-02 -1.7999999999999999e-02 4.0000000000000001e-03  1.4757988680093352e-03
-2.9999999999999999e-02 -1.4999999999999999e-02 4.0000000000000001e-03  1.4556163584963869e-03
-2.9999999999999999e-02 -1.1999999999999997e-02 4.0000000000000001e-03  1.4388258603033272e-03
-2.9999999999999999e-02 -8.9999999999999941e-03 4.0000000000000001e-03  1.4257145584274950e-03
-2.9999999999999999e-02 -5.9999999999999984e-03 4.0000000000000001e-03  1.4159870115261594e-03
-2.9999999999999999e-02 -2.9999999999999957e-03 4.0000000000000001e-03  1.4096046849850167e-03
-2.9999999999999999e-02 0.0000000000000000e+00 4.0000000000000001e-03  1.4065713974854071e-03
-2.9999999999999999e-02 3.0000000000000027e-03 4.0000000000000001e-03  1.4085760264857035e-03
-2.9999999999999999e-02 6.0000000000000053e-03 4.0000000000000001e-03  1.4141571435787785e-03
-2.9999999999999999e-02 9.0000000000000011e-03 4.0000000000000001e-03  1.4231957994060758e-03
-2.9999999999999999e-02 1.2000000000000004e-02 4.0000000000000001e-03  1.4356622424961045e-03
-2.9999999999999999e-02 1.4999999999999999e-02 4.0000000000000001e-03  1.4515368979087070e-03
-2.9999999999999999e-02 1.8000000000000002e-02 4.0000000000000001e-03  1.4639007080123004e-03
-2.9999999999999999e-02 2.1000000000000005e-02 4.0000000000000001e-03  1.4709633319184040e-03
-2.9999999999999999e-02 2.4000000000000007e-02 4.0000000000000001e-03  1.4762037048733150e-03
-2.9999999999999999e-02 2.7000000000000010e-02 4.0000000000000001e-03  1.4842458926615837e-03
-2.9999999999999999e-02 2.9999999999999999e-02 4.0000000000000001e-03  1.5075269783337592e-03
-2.9999999999999999e-02 3.3000000000000002e-02 4.0000000000000001e-03  1.5539507748864715e-03
-2.9999999999999999e-02 3.6000000000000004e-02 4.0000000000000001e-03  1.6094609276041145e-03
-2.9999999999999999e-02 3.9000000000000007e-02 4.0000000000000001e-03  1.6741705006457252e-03
-2.9999999999999999e-02 4.2000000000000010e-02 4.0000000000000001e-03  1.7482882183665969e-03
-2.9999999999999999e-02 4.4999999999999998e-02 4.0000000000000001e-03  1.8321184653182605e-03
-2.6999999999999996e-02 -4.4999999999999998e-02 4.0000000000000001e-03  1.9648773016244900e-03
-2.6999999999999996e-02 -4.1999999999999996e-02 4.0000000000000001e-03  1.8349685734226416e-03
-2.6999999999999996e-02 -3.9000000000000000e-02 4.0000000000000001e-03  1.7277734387993820e-03
-2.6999999999999996e-02 -3.5999999999999997e-02 4.0000000000000001e-03  1.6444995625094687e-03
-2.6999999999999996e-02 -3.3000000000000002e-02 4.0000000000000001e-03  1.5812486164751111e-03
-2.6999999999999996e-02 -2.9999999999999999e-02 4.0000000000000001e-03  1.5358041387560934e-03
-2.6999999999999996e-02 -2.6999999999999996e-02 4.0000000000000001e-03  1.5067037752067170e-03
-2.6999999999999996e-02 -2.3999999999999997e-02 4.0000000000000001e-03  1.4876765629751043e-03
-2.6999999999999996e-02 -2.0999999999999998e-02 4.0000000000000001e-03  1.4667448439170509e-03
-2.6999999999999996e-02 -1.7999999999999999e-02 4.0000000000000001e-03  1.4473778430623267e-03
-2.6999999999999996e-02 -1.4999999999999999e-02 4.0000000000000001e-03  1.4294440654663400e-03
-2.6999999999999996e-02 -1.1999999999999997e-02 4.0000000000000001e-03  1.4128755279535152e-03
-2.6999999999999996e-02 -8.9999999999999941e-03 4.0000000000000001e-03  1.3996644436345537e-03
-2.6999999999999996e-02 -5.9999999999999984e-03 4.0000000000000001e-03  1.3898059593611481e-03
-2.6999999999999996e-02 -2.9999999999999957e-03 4.0000000000000001e-03  1.3832992958633559e-03
-2.6999999999999996e-02 0.0000000000000000e+00 4.0000000000000001e-03  1.3802172479816968e-03
-2.6999999999999996e-02 3.0000000000000027e-03 4.0000000000000001e-03  1.3821459235573875e-03
-2.6999999999999996e-02 6.0000000000000053e-03 4.0000000000000001e-03  1.3875313541155847e-03
-2.6999999999999996e-02 9.0000000000000011e-03 4.0000000000000001e-03  1.3963452634507413e-03
-2.6999999999999996e-02 1.2000000000000004e-02 4.0000000000000001e-03  1.4080727226257767e-03
-2.6999999999999996e-02 1.4999999999999999e-02 4.0000000000000001e-03  1.4180317045041865e-03
-2.6999999999999996e-02 1.8000000000000002e-02 4.0000000000000001e-03  1.4288684789713619e-03
-2.6999999999999996e-02 2.1000000000000005e-02 4.0000000000000001e-03  1.4405916412579352e-03
-2.6999999999999996e-02 2.4000000000000007e-02 4.0000000000000001e-03  1.4532103180543629e-03
-2.6999999999999996e-02 2.7000000000000010e-02 4.0000000000000001e-03  1.4610714681914806e-03
-2.6999999999999996e-02 2.9999999999999999e-02 4.0000000000000001e-03  1.4962223724868911e-03
-2.6999999999999996e-02 3.3000000000000002e-02 4.0000000000000001e-03  1.5467483158091999e-03
-2.6999999999999996e-02 3.6000000000000004e-02 4.0000000000000001e-03  1.6063409474780127e-03
-2.6999999999999996e-02 3.9000000000000007e-02 4.0000000000000001e-03  1.6752225224441269e-03
-2.6999999999999996e-02 4.2000000000000010e-02 4.0000000000000001e-03  1.7537109558545866e-03
-2.6999999999999996e-02 4.4999999999999998e-02 4.0000000000000001e-03  1.8422198230526859e-03
-2.3999999999999997e-02 -4.4999999999999998e-02 4.0000000000000001e-03  1.9478465650211870e-03
-2.3999999999999997e-02 -4.1999999999999996e-02 4.0000000000000001e-03  1.8181471614455366e-03
-2.3999999999999997e-02 -3.9000000000000000e-02 4.0000000000000001e-03  1.7115492867351410e-03
-2.3999999999999997e-02 -3.5999999999999997e-02 4.0000000000000001e-03  1.6259596164070996e-03
-2.3999999999999997e-02 -3.3000000000000002e-02 4.0000000000000001e-03  1.5593678173273554e-03
-2.3999999999999997e-02 -2.9999999999999999e-02 4.0000000000000001e-03  1.5098465477106999e-03
-2.3999999999999997e-02 -2.6999999999999996e-02 4.0000000000000001e-03  1.4820809054618478e-03
-2.3999999999999997e-02 -2.3999999999999997e-02 4.0000000000000001e-03  1.4600693514233213e-03
-2.3999999999999997e-02 -2.0999999999999998e-02 4.0000000000000001e-03  1.4396138213084561e-03
-2.3999999999999997e-02 -1.7999999999999999e-02 4.0000000000000001e-03  1.4207207871874421e-03
-2.3999999999999997e-02 -1.4999999999999999e-02 4.0000000000000001e-03  1.4033965125080782e-03
-2.3999999999999997e-02 -1.1999999999999997e-02 4.0000000000000001e-03  1.3876470520958072e-03
-2.3999999999999997e-02 -8.9999999999999941e-03 4.0000000000000001e-03  1.3742475606170893e-03
-2.3999999999999997e-02 -5.9999999999999984e-03 4.0000000000000001e-03  1.3642639881686115e-03
-2.3999999999999997e-02 -2.9999999999999957e-03 4.0000000000000001e-03  1.3576368574601595e-03
-2.3999999999999997e-02 0.0000000000000000e+00 4.0000000000000001e-03  1.3545764313024349e-03
-2.3999999999999997e-02 3.0000000000000027e-03 4.0000000000000001e-03  1.3563043466227765e-03
-2.3999999999999997e-02 6.0000000000000053e-03 4.0000000000000001e-03  1.3614624195894822e-03
-2.3999999999999997e-02 9.0000000000000011e-03 4.0000000000000001e-03  1.3693608260123521e-03
-2.3999999999999997e-02 1.2000000000000004e-02 4.0000000000000001e-03  1.3777325082840151e-03
-2.3999999999999997e-02 1.4999999999999999e-02 4.0000000000000001e-03  1.3869797759742946e-03
-2.3999999999999997e-02 1.8000000000000002e-02 4.0000000000000001e-03  1.3971109288422581e-03
-2.3999999999999997e-02 2.1000000000000005e-02 4.0000000000000001e-03  1.4081347981067739e-03
-2.3999999999999997e-02 2.4000000000000007e-02 4.0000000000000001e-03  1.4200607464465141e-03
-2.3999999999999997e-02 2.7000000000000010e-02 4.0000000000000001e-03  1.4396592924679947e-03
-2.3999999999999997e-02 2.9999999999999999e-02 4.0000000000000001e-03  1.4567275579119975e-03
-2.3999999999999997e-02 3.3000000000000002e-02 4.0000000000000001e-03  1.5327350032177730e-03
-2.3999999999999997e-02 3.6000000000000004e-02 4.0000000000000001e-03  1.6074640405420752e-03
-2.3999999999999997e-02 3.9000000000000007e-02 4.0000000000000001e-03  1.6806017321215547e-03
-2.3999999999999997e-02 4.2000000000000010e-02 4.0000000000000001e-03  1.7636467883526141e-03
-2.3999999999999997e-02 4.4999999999999998e-02 4.0000000000000001e-03  1.8571219753703025e-03
-2.0999999999999998e-02 -4.4999999999999998e-02 4.0000000000000001e-03  1.9594088270643586e-03
-2.0999999999999998e-02 -4.1999999999999996e-02 4.0000000000000001e-03  1.8020358033501043e-03
-2.0999999999999998e-02 -3.9000000000000000e-02 4.0000000000000001e-03  1.6959604339228307e-03
-2.0999999999999998e-02 -3.5999999999999997e-02 4.0000000000000001e-03  1.6112313926062566e-03
-2.0999999999999998e-02 -3.3000000000000002e-02 4.0000000000000001e-03  1.5457677714853508e-03
-2.0999999999999998e-02 -2.9999999999999999e-02 4.0000000000000001e-03  1.4975716539939309e-03
-2.0999999999999998e-02 -2.6999999999999996e-02 4.0000000000000001e-03  1.4636650395446092e-03
-2.0999999999999998e-02 -2.3999999999999997e-02 4.0000000000000001e-03  1.4348456425543634e-03
-2.0999999999999998e-02 -2.0999999999999998e-02 4.0000000000000001e-03  1.4148660706647575e-03
-2.0999999999999998e-02 -1.7999999999999999e-02 4.0000000000000001e-03  1.3964466441489156e-03
-2.0999999999999998e-02 -1.4999999999999999e-02 4.0000000000000001e-03  1.3795940333276673e-03
-2.0999999999999998e-02 -1.1999999999999997e-02 4.0000000000000001e-03  1.3643146998994586e-03
-2.0999999999999998e-02 -8.9999999999999941e-03 4.0000000000000001e-03  1.3506148969403616e-03
-2.0999999999999998e-02 -5.9999999999999984e-03 4.0000000000000001e-03  1.3393181131320755e-03
-2.0999999999999998e-02 -2.9999999999999957e-03 4.0000000000000001e-03  1.3325742890688539e-03
-2.0999999999999998e-02 0.0000000000000000e+00 4.0000000000000001e-03  1.3295170034046447e-03
-2.0999999999999998e-02 3.0000000000000027e-03 4.0000000000000001e-03  1.3310164010065506e-03
-2.0999999999999998e-02 6.0000000000000053e-03 4.0000000000000001e-03  1.3362241244714575e-03
-2.0999999999999998e-02 9.0000000000000011e-03 4.0000000000000001e-03  1.3430075427006609e-03
-2.0999999999999998e-02 1.2000000000000004e-02 4.0000000000000001e-03  1.3506645872912563e-03
-2.0999999999999998e-02 1.4999999999999999e-02 4.0000000000000001e-03  1.3592032625307283e-03
-2.0999999999999998e-02 1.8000000000000002e-02 4.0000000000000001e-03  1.3686321041663702e-03
-2.0999999999999998e-02 2.1000000000000005e-02 4.0000000000000001e-03  1.3789601794052711e-03
-2.0999999999999998e-02 2.4000000000000007e-02 4.0000000000000001e-03  1.3986902168542192e-03
-2.0999999999999998e-02 2.7000000000000010e-02 4.0000000000000001e-03  1.4201718431130471e-03
-2.0999999999999998e-02 2.9999999999999999e-02 4.0000000000000001e-03  1.4125981913382770e-03
-2.0999999999999998e-02 3.3000000000000002e-02 4.0000000000000001e-03  1.4566180587603115e-03
-2.0999999999999998e-02 3.6000000000000004e-02 4.0000000000000001e-03  1.5520497915829908e-03
-2.0999999999999998e-02 3.9000000000000007e-02 4.0000000000000001e-03  1.6520235323767268e-03
-2.0999999999999998e-02 4.2000000000000010e-02 4.0000000000000001e-03  1.7571755426128188e-03
-2.0999999999999998e-02 4.4999999999999998e-02 4.0000000000000001e-03  1.9000258802707945e-03
-1.7999999999999999e-02 -4.4999999999999998e-02 4.0000000000000001e-03  1.9699292231528643e-03
-1.7999999999999999e-02 -4.1999999999999996e-02 4.0000000000000001e-03  1.7939935064776190e-03
-1.7999999999999999e-02 -3.9000000000000000e-02 4.0000000000000001e-03  1.6810177960502981e-03
-1.7999999999999999e-02 -3.5999999999999997e-02 4.0000000000000001e-03  1.5970895362141346e-03
-1.7999999999999999e-02 -3.3000000000000002e-02 4.0000000000000001e-03  1.5327150087436632e-03
-1.7999999999999999e-02 -2.9999999999999999e-02 4.0000000000000001e-03  1.4858257222917313e-03
-1.7999999999999999e-02 -2.6999999999999996e-02 4.0000000000000001e-03  1.4525942397020379e-03
-1.7999999999999999e-02 -2.3999999999999997e-02 4.0000000000000001e-03  1.4223183897057031e-03
-1.7999999999999999e-02 -2.0999999999999998e-02 4.0000000000000001e-03  1.3938406236192009e-03
-1.7999999999999999e-02 -1.7999999999999999e-02 4.0000000000000001e-03  1.3745568235534829e-03
-1.7999999999999999e-02 -1.4999999999999999e-02 4.0000000000000001e-03  1.3581760698114453e-03
-1.7999999999999999e-02 -1.1999999999999997e-02 4.0000000000000001e-03  1.3433669281777986e-03
-1.7999999999999999e-02 -8.9999999999999941e-03 4.0000000000000001e-03  1.3301360586016309e-03
-1.7999999999999999e-02 -5.9999999999999984e-03 4.0000000000000001e-03  1.3184899124096575e-03
-1.7999999999999999e-02 -2.9999999999999957e-03 4.0000000000000001e-03  1.3084347323062111e-03
-1.7999999999999999e-02 0.0000000000000000e+00 4.0000000000000001e-03  1.3050107513096522e-03
-1.7999999999999999e-02 3.0000000000000027e-03 4.0000000000000001e-03  1.3086676541029625e-03
-1.7999999999999999e-02 6.0000000000000053e-03 4.0000000000000001e-03  1.3138614611043907e-03
-1.7999999999999999e-02 9.0000000000000011e-03 4.0000000000000001e-03  1.3199271835229042e-03
-1.7999999999999999e-02 1.2000000000000004e-02 4.0000000000000001e-03  1.3268725301744078e-03
-1.7999999999999999e-02 1.4999999999999999e-02 4.0000000000000001e-03  1.3347057413346062e-03
-1.7999999999999999e-02 1.8000000000000002e-02 4.0000000000000001e-03  1.3442514337859246e-03
-1.7999999999999999e-02 2.1000000000000005e-02 4.0000000000000001e-03  1.3627802000860695e-03
-1.7999999999999999e-02 2.4000000000000007e-02 4.0000000000000001e-03  1.3826783668878877e-03
-1.7999999999999999e-02 2.7000000000000010e-02 4.0000000000000001e-03  1.4000640762616711e-03
-1.7999999999999999e-02 2.9999999999999999e-02 4.0000000000000001e-03  1.3973181808377081e-03
-1.7999999999999999e-02 3.3000000000000002e-02 4.0000000000000001e-03  1.4220866057203874e-03
-1.7999999999999999e-02 3.6000000000000004e-02 4.0000000000000001e-03  1.4951728600448712e-03
-1.7999999999999999e-02 3.9000000000000007e-02 4.0000000000000001e-03  1.6104397516696041e-03
-1.7999999999999999e-02 4.2000000000000010e-02 4.0000000000000001e-03  1.7309252099942029e-03
-1.7999999999999999e-02 4.4999999999999998e-02 4.0000000000000001e-03  1.9163498661115379e-03
-1.4999999999999999e-02 -4.4999999999999998e-02 4.0000000000000001e-03  1.9759513243770301e-03
-1.4999999999999999e-02 -4.1999999999999996e-02 4.0000000000000001e-03  1.8044895251150457e-03
-1.4999999999999999e-02 -3.9000000000000000e-02 4.0000000000000001e-03  1.6667344676890249e-03
-1.4999999999999999e-02 -3.5999999999999997e-02 4.0000000000000001e-03  1.5835412856782568e-03
-1.4999999999999999e-02 -3.3000000000000002e-02 4.0000000000000001e-03  1.5202109114258592e-03
-1.4999999999999999e-02 -2.9999999999999999e-02 4.0000000000000001e-03  1.4746042788037021e-03
-1.4999999999999999e-02 -2.6999999999999996e-02 4.0000000000000001e-03  1.4423401749540719e-03
-1.4999999999999999e-02 -2.3999999999999997e-02 4.0000000000000001e-03  1.4129280162975466e-03
-1.4999999999999999e-02 -2.0999999999999998e-02 4.0000000000000001e-03  1.3853240072331985e-03
-1.4999999999999999e-02 -1.7999999999999999e-02 4.0000000000000001e-03  1.3595153610594813e-03
-1.4999999999999999e-02 -1.4999999999999999e-02 4.0000000000000001e-03  1.3391438596951173e-03
-1.4999999999999999e-02 -1.1999999999999997e-02 4.0000000000000001e-03  1.3248056554267564e-03
-1.4999999999999999e-02 -8.9999999999999941e-03 4.0000000000000001e-03  1.3120443363936478e-03
-1.4999999999999999e-02 -5.9999999999999984e-03 4.0000000000000001e-03  1.3008667607955131e-03
-1.4999999999999999e-02 -2.9999999999999957e-03 4.0000000000000001e-03  1.2912795782097082e-03
-1.4999999999999999e-02 0.0000000000000000e+00 4.0000000000000001e-03  1.2869363279830435e-03
-1.4999999999999999e-02 3.0000000000000027e-03 4.0000000000000001e-03  1.2902991468468510e-03
-1.4999999999999999e-02 6.0000000000000053e-03 4.0000000000000001e-03  1.2947720652712808e-03
-1.4999999999999999e-02 9.0000000000000011e-03 4.0000000000000001e-03  1.3001228496257280e-03
-1.4999999999999999e-02 1.2000000000000004e-02 4.0000000000000001e-03  1.3063594447143214e-03
-1.4999999999999999e-02 1.4999999999999999e-02 4.0000000000000001e-03  1.3160219985677750e-03
-1.4999999999999999e-02 1.8000000000000002e-02 4.0000000000000001e-03  1.3319311747832141e-03
-1.4999999999999999e-02 2.1000000000000005e-02 4.0000000000000001e-03  1.3492108006957102e-03
-1.4999999999999999e-02 2.4000000000000007e-02 4.0000000000000001e-03  1.3678591334092690e-03
-1.4999999999999999e-02 2.7000000000000010e-02 4.0000000000000001e-03  1.3819108528823228e-03
-1.4999999999999999e-02 2.9999999999999999e-02 4.0000000000000001e-03  1.3839924514737730e-03
-1.4999999999999999e-02 3.3000000000000002e-02 4.0000000000000001e-03  1.4136046354028162e-03
-1.4999999999999999e-02 3.6000000000000004e-02 4.0000000000000001e-03  1.4709302689495374e-03
-1.4999999999999999e-02 3.9000000000000007e-02 4.0000000000000001e-03  1.5727289607238349e-03
-1.4999999999999999e-02 4.2000000000000010e-02 4.0000000000000001e-03  1.7083836316782077e-03
-1.4999999999999999e-02 4.4999999999999998e-02 4.0000000000000001e-03  1.9045903450054455e-03
-1.1999999999999997e-02 -4.4999999999999998e-02 4.0000000000000001e-03  1.9774533205028501e-03
-1.1999999999999997e-02 -4.1999999999999996e-02 4.0000000000000001e-03  1.8105407588711452e-03
-1.1999999999999997e-02 -3.9000000000000000e-02 4.0000000000000001e-03  1.6674285741479066e-03
-1.1999999999999997e-02 -3.5999999999999997e-02 4.0000000000000001e-03  1.5705960583297762e-03
-1.1999999999999997e-02 -3.3000000000000002e-02 4.0000000000000001e-03  1.5082590407391318e-03
-1.1999999999999997e-02 -2.9999999999999999e-02 4.0000000000000001e-03  1.4639050286130793e-03
-1.1999999999999997e-02 -2.6999999999999996e-02 4.0000000000000001e-03  1.4328992074504250e-03
-1.1999999999999997e-02 -2.3999999999999997e-02 4.0000000000000001e-03  1.4043476498315955e-03
-1.1999999999999997e-02 -2.0999999999999998e-02 4.0000000000000001e-03  1.3776146933044426e-03
-1.1999999999999997e-02 -1.7999999999999999e-02 4.0000000000000001e-03  1.3526843802111085e-03
-1.1999999999999997e-02 -1.4999999999999999e-02 4.0000000000000001e-03  1.3295488048918782e-03
-1.1999999999999997e-02 -1.1999999999999997e-02 4.0000000000000001e-03  1.3086319475110173e-03
-1.1999999999999997e-02 -8.9999999999999941e-03 4.0000000000000001e-03  1.2963414769413106e-03
-1.1999999999999997e-02 -5.9999999999999984e-03 4.0000000000000001e-03  1.2856336414467701e-03
-1.1999999999999997e-02 -2.9999999999999957e-03 4.0000000000000001e-03  1.2773855442737348e-03
-1.1999999999999997e-02 0.0000000000000000e+00 4.0000000000000001e-03  1.2732540830821047e-03
-1.1999999999999997e-02 3.0000000000000027e-03 4.0000000000000001e-03  1.2754986107977532e-03
-1.1999999999999997e-02 6.0000000000000053e-03 4.0000000000000001e-03  1.2789585687385133e-03
-1.1999999999999997e-02 9.0000000000000011e-03 4.0000000000000001e-03  1.2835971794097286e-03
-1.1999999999999997e-02 1.2000000000000004e-02 4.0000000000000001e-03  1.2928573866460597e-03
-1.1999999999999997e-02 1.4999999999999999e-02 4.0000000000000001e-03  1.3061457682718939e-03
-1.1999999999999997e-02 1.8000000000000002e-02 4.0000000000000001e-03  1.3208056492354642e-03
-1.1999999999999997e-02 2.1000000000000005e-02 4.0000000000000001e-03  1.3368353100553006e-03
-1.1999999999999997e-02 2.4000000000000007e-02 4.0000000000000001e-03  1.3542331382659627e-03
-1.1999999999999997e-02 2.7000000000000010e-02 4.0000000000000001e-03  1.3657128097517763e-03
-1.1999999999999997e-02 2.9999999999999999e-02 4.0000000000000001e-03  1.3726225660756009e-03
-1.1999999999999997e-02 3.3000000000000002e-02 4.0000000000000001e-03  1.4070824804268823e-03
-1.1999999999999997e-02 3.6000000000000004e-02 4.0000000000000001e-03  1.4692894467042707e-03
-1.1999999999999997e-02 3.9000000000000007e-02 4.0000000000000001e-03  1.5594614723453246e-03
-1.1999999999999997e-02 4.2000000000000010e-02 4.0000000000000001e-03  1.6897317854802911e-03
-1.1999999999999997e-02 4.4999999999999998e-02 4.0000000000000001e-03  1.8967894916965820e-03
-8.9999999999999941e-03 -4.4999999999999998e-02 4.0000000000000001e-03  1.9744165150528820e-03
-8.9999999999999941e-03 -4.1999999999999996e-02 4.0000000000000001e-03  1.8121242470473659e-03
-8.9999999999999941e-03 -3.9000000000000000e-02 4.0000000000000001e-03  1.6734906562981167e-03
-8.9999999999999941e-03 -3.5999999999999997e-02 4.0000000000000001e-03  1.5582654503834843e-03
-8.9999999999999941e-03 -3.3000000000000002e-02 4.0000000000000001e-03  1.4968651367743059e-03
-8.9999999999999941e-03 -2.9999999999999999e-02 4.0000000000000001e-03  1.4537278556867302e-03
-8.9999999999999941e-03 -2.6999999999999996e-02 4.0000000000000001e-03  1.4242680814752929e-03
-8.9999999999999941e-03 -2.3999999999999997e-02 4.0000000000000001e-03  1.3965747728496923e-03
-8.9999999999999941e-03 -2.0999999999999998e-02 4.0000000000000001e-03  1.3707109026324057e-03
-8.9999999999999941e-03 -1.7999999999999999e-02 4.0000000000000001e-03  1.3466573422092839e-03
-8.9999999999999941e-03 -1.4999999999999999e-02 4.0000000000000001e-03  1.3244030149643026e-03
-8.9999999999999941e-03 -1.1999999999999997e-02 4.0000000000000001e-03  1.3039448962795883e-03
-8.9999999999999941e-03 -8.9999999999999941e-03 4.0000000000000001e-03  1.2852880135354058e-03
-8.9999999999999941e-03 -5.9999999999999984e-03 4.0000000000000001e-03  1.2727921291173082e-03
-8.9999999999999941e-03 -2.9999999999999957e-03 4.0000000000000001e-03  1.2671004919631978e-03
-8.9999999999999941e-03 0.0000000000000000e+00 4.0000000000000001e-03  1.2630761643430098e-03
-8.9999999999999941e-03 3.0000000000000027e-03 4.0000000000000001e-03  1.2645931737081044e-03
-8.9999999999999941e-03 6.0000000000000053e-03 4.0000000000000001e-03  1.2681540342894602e-03
-8.9999999999999941e-03 9.0000000000000011e-03 4.0000000000000001e-03  1.2752962469198502e-03
-8.9999999999999941e-03 1.2000000000000004e-02 4.0000000000000001e-03  1.2854273025849293e-03
-8.9999999999999941e-03 1.4999999999999999e-02 4.0000000000000001e-03  1.2974662261175901e-03
-8.9999999999999941e-03 1.8000000000000002e-02 4.0000000000000001e-03  1.3108760030070142e-03
-8.9999999999999941e-03 2.1000000000000005e-02 4.0000000000000001e-03  1.3256550442022766e-03
-8.9999999999999941e-03 2.4000000000000007e-02 4.0000000000000001e-03  1.3418018676685137e-03
-8.9999999999999941e-03 2.7000000000000010e-02 4.0000000000000001e-03  1.3514715908257901e-03
-8.9999999999999941e-03 2.9999999999999999e-02 4.0000000000000001e-03  1.3632110946513168e-03
-8.9999999999999941e-03 3.3000000000000002e-02 4.0000000000000001e-03  1.4025236368530652e-03
-8.9999999999999941e-03 3.6000000000000004e-02 4.0000000000000001e-03  1.4696201409482668e-03
-8.9999999999999941e-03 3.9000000000000007e-02 4.0000000000000001e-03  1.5647326439930404e-03
-8.9999999999999941e-03 4.2000000000000010e-02 4.0000000000000001e-03  1.6881142965824128e-03
-8.9999999999999941e-03 4.4999999999999998e-02 4.0000000000000001e-03  1.8932358061907772e-03
-5.9999999999999984e-03 -4.4999999999999998e-02 4.0000000000000001e-03  1.9668253253062509e-03
-5.9999999999999984e-03 -4.1999999999999996e-02 4.0000000000000001e-03  1.8092201427017366e-03
-5.9999999999999984e-03 -3.9000000000000000e-02 4.0000000000000001e-03  1.6751458470305744e-03
-5.9999999999999984e-03 -3.5999999999999997e-02 4.0000000000000001e-03  1.5639259837221990e-03
-5.9999999999999984e-03 -3.3000000000000002e-02 4.0000000000000001e-03  1.4860371185058505e-03
-5.9999999999999984e-03 -2.9999999999999999e-02 4.0000000000000001e-03  1.4440748228751619e-03
-5.9999999999999984e-03 -2.6999999999999996e-02 4.0000000000000001e-03  1.4164439234473647e-03
-5.9999999999999984e-03 -2.3999999999999997e-02 4.0000000000000001e-03  1.3896072500281546e-03
-5.9999999999999984e-03 -2.0999999999999998e-02 4.0000000000000001e-03  1.3646112381510544e-03
-5.9999999999999984e-03 -1.7999999999999999e-02 4.0000000000000001e-03  1.3414335882456069e-03
-5.9999999999999984e-03 -1.4999999999999999e-02 4.0000000000000001e-03  1.3200600527394875e-03
-5.9999999999999984e-03 -1.1999999999999997e-02 4.0000000000000001e-03  1.3004844360585198e-03
-5.9999999999999984e-03 -8.9999999999999941e-03 4.0000000000000001e-03  1.2827085946266587e-03
-5.9999999999999984e-03 -5.9999999999999984e-03 4.0000000000000001e-03  1.2709768272797543e-03
-5.9999999999999984e-03 -2.9999999999999957e-03 4.0000000000000001e-03  1.2626555520253715e-03
-5.9999999999999984e-03 0.0000000000000000e+00 4.0000000000000001e-03  1.2588209253100370e-03
-5.9999999999999984e-03 3.0000000000000027e-03 4.0000000000000001e-03  1.2603446335883129e-03
-5.9999999999999984e-03 6.0000000000000053e-03 4.0000000000000001e-03  1.2673296702697735e-03
-5.9999999999999984e-03 9.0000000000000011e-03 4.0000000000000001e-03  1.2747641195328299e-03
-5.9999999999999984e-03 1.2000000000000004e-02 4.0000000000000001e-03  1.2826526434807058e-03
-5.9999999999999984e-03 1.4999999999999999e-02 4.0000000000000001e-03  1.2909999402743501e-03
-5.9999999999999984e-03 1.8000000000000002e-02 4.0000000000000001e-03  1.3021442463251396e-03
-5.9999999999999984e-03 2.1000000000000005e-02 4.0000000000000001e-03  1.3156721835370286e-03
-5.9999999999999984e-03 2.4000000000000007e-02 4.0000000000000001e-03  1.3305676721904029e-03
-5.9999999999999984e-03 2.7000000000000010e-02 4.0000000000000001e-03  1.3391898472391154e-03
-5.9999999999999984e-03 2.9999999999999999e-02 4.0000000000000001e-03  1.3557616143880298e-03
-5.9999999999999984e-03 3.3000000000000002e-02 4.0000000000000001e-03  1.3999326079208443e-03
-5.9999999999999984e-03 3.6000000000000004e-02 4.0000000000000001e-03  1.4719277809733553e-03
-5.9999999999999984e-03 3.9000000000000007e-02 4.0000000000000001e-03  1.6053281542660199e-03
-5.9999999999999984e-03 4.2000000000000010e-02 4.0000000000000001e-03  1.7412390374981776e-03
-5.9999999999999984e-03 4.4999999999999998e-02 4.0000000000000001e-03  1.8671850758703043e-03
-2.9999999999999957e-03 -4.4999999999999998e-02 4.0000000000000001e-03  1.9546672822986690e-03
-2.9999999999999957e-03 -4.1999999999999996e-02 4.0000000000000001e-03  1.8018117126488589e-03
-2.9999999999999957e-03 -3.9000000000000000e-02 4.0000000000000001e-03  1.6723731489387784e-03
-2.9999999999999957e-03 -3.5999999999999997e-02 4.0000000000000001e-03  1.5656497567872467e-03
-2.9999999999999957e-03 -3.3000000000000002e-02 4.0000000000000001e-03  1.4808020577628748e-03
-2.9999999999999957e-03 -2.9999999999999999e-02 4.0000000000000001e-03  1.4349501719125065e-03
-2.9999999999999957e-03 -2.6999999999999996e-02 4.0000000000000001e-03  1.4094242419198141e-03
-2.9999999999999957e-03 -2.3999999999999997e-02 4.0000000000000001e-03  1.3834433281777973e-03
-2.9999999999999957e-03 -2.0999999999999998e-02 4.0000000000000001e-03  1.3593146849288380e-03
-2.9999999999999957e-03 -1.7999999999999999e-02 4.0000000000000001e-03  1.3370128416461677e-03
-2.9999999999999957e-03 -1.4999999999999999e-02 4.0000000000000001e-03  1.3165203798011632e-03
-2.9999999999999957e-03 -1.1999999999999997e-02 4.0000000000000001e-03  1.2989888526654537e-03
-2.9999999999999957e-03 -8.9999999999999941e-03 4.0000000000000001e-03  1.2863319415077159e-03
-2.9999999999999957e-03 -5.9999999999999984e-03 4.0000000000000001e-03  1.2746634919827355e-03
-2.9999999999999957e-03 -2.9999999999999957e-03 4.0000000000000001e-03  1.2678106123752439e-03
-2.9999999999999957e-03 0.0000000000000000e+00 4.0000000000000001e-03  1.2656667515207750e-03
-2.9999999999999957e-03 3.0000000000000027e-03 4.0000000000000001e-03  1.2655322992388030e-03
-2.9999999999999957e-03 6.0000000000000053e-03 4.0000000000000001e-03  1.2674833889794381e-03
-2.9999999999999957e-03 9.0000000000000011e-03 4.0000000000000001e-03  1.2747913703534445e-03
-2.9999999999999957e-03 1.2000000000000004e-02 4.0000000000000001e-03  1.2825458984096862e-03
-2.9999999999999957e-03 1.4999999999999999e-02 4.0000000000000001e-03  1.2907516003298177e-03
-2.9999999999999957e-03 1.8000000000000002e-02 4.0000000000000001e-03  1.2994131393532116e-03
-2.9999999999999957e-03 2.1000000000000005e-02 4.0000000000000001e-03  1.3085352147769616e-03
-2.9999999999999957e-03 2.4000000000000007e-02 4.0000000000000001e-03  1.3205337667680595e-03
-2.9999999999999957e-03 2.7000000000000010e-02 4.0000000000000001e-03  1.3288712373054838e-03
-2.9999999999999957e-03 2.9999999999999999e-02 4.0000000000000001e-03  1.3596540538624979e-03
-2.9999999999999957e-03 3.3000000000000002e-02 4.0000000000000001e-03  1.4190427077140236e-03
-2.9999999999999957e-03 3.6000000000000004e-02 4.0000000000000001e-03  1.4694647391808001e-03
-2.9999999999999957e-03 3.9000000000000007e-02 4.0000000000000001e-03  1.5427833341424568e-03
-2.9999999999999957e-03 4.2000000000000010e-02 4.0000000000000001e-03  1.6312955790783303e-03
-2.9999999999999957e-03 4.4999999999999998e-02 4.0000000000000001e-03  1.7359017781176183e-03
0.0000000000000000e+00 -4.4999999999999998e-02 4.0000000000000001e-03  1.9379330308224023e-03
0.0000000000000000e+00 -4.1999999999999996e-02 4.0000000000000001e-03  1.7898853374599013e-03
0.0000000000000000e+00 -3.9000000000000000e-02 4.0000000000000001e-03  1.6651546783727912e-03
0.0000000000000000e+00 -3.5999999999999997e-02 4.0000000000000001e-03  1.5630138393692844e-03
0.0000000000000000e+00 -3.3000000000000002e-02 4.0000000000000001e-03  1.4825979622073722e-03
0.0000000000000000e+00 -2.9999999999999999e-02 4.0000000000000001e-03  1.4263603234165342e-03
0.0000000000000000e+00 -2.6999999999999996e-02 4.0000000000000001e-03  1.4032069275802972e-03
0.0000000000000000e+00 -2.3999999999999997e-02 4.0000000000000001e-03  1.3780816362439210e-03
0.0000000000000000e+00 -2.0999999999999998e-02 4.0000000000000001e-03  1.3548206101686904e-03
0.0000000000000000e+00 -1.7999999999999999e-02 4.0000000000000001e-03  1.3333952078715425e-03
0.0000000000000000e+00 -1.4999999999999999e-02 4.0000000000000001e-03  1.3163868705236927e-03
0.0000000000000000e+00 -1.1999999999999997e-02 4.0000000000000001e-03  1.3022794610767277e-03
0.0000000000000000e+00 -8.9999999999999941e-03 4.0000000000000001e-03  1.2891440086324191e-03
0.0000000000000000e+00 -5.9999999999999984e-03 4.0000000000000001e-03  1.2844657654100791e-03
0.0000000000000000e+00 -2.9999999999999957e-03 4.0000000000000001e-03  1.2806563838080908e-03
0.0000000000000000e+00 0.0000000000000000e+00 4.0000000000000001e-03  1.2781406805549814e-03
0.0000000000000000e+00 3.0000000000000027e-03 4.0000000000000001e-03  1.2780532654375317e-03
0.0000000000000000e+00 6.0000000000000053e-03 4.0000000000000001e-03  1.2793168305904299e-03
0.0000000000000000e+00 9.0000000000000011e-03 4.0000000000000001e-03  1.2808730561100288e-03
0.0000000000000000e+00 1.2000000000000004e-02 4.0000000000000001e-03  1.2830367845029591e-03
0.0000000000000000e+00 1.4999999999999999e-02 4.0000000000000001e-03  1.2911019838274390e-03
0.0000000000000000e+00 1.8000000000000002e-02 4.0000000000000001e-03  1.2996155510643945e-03
0.0000000000000000e+00 2.1000000000000005e-02 4.0000000000000001e-03  1.3085821145316231e-03
0.0000000000000000e+00 2.4000000000000007e-02 4.0000000000000001e-03  1.3180063386046452e-03
0.0000000000000000e+00 2.7000000000000010e-02 4.0000000000000001e-03  1.3370810150907337e-03
0.0000000000000000e+00 2.9999999999999999e-02 4.0000000000000001e-03  1.3669431997446783e-03
0.0000000000000000e+00 3.3000000000000002e-02 4.0000000000000001e-03  1.4091204144447945e-03
0.0000000000000000e+00 3.6000000000000004e-02 4.0000000000000001e-03  1.4645107527173622e-03
0.0000000000000000e+00 3.9000000000000007e-02 4.0000000000000001e-03  1.5340133625391288e-03
0.0000000000000000e+00 4.2000000000000010e-02 4.0000000000000001e-03  1.6185284463372895e-03
0.0000000000000000e+00 4.4999999999999998e-02 4.0000000000000001e-03  1.7206266106005791e-03
3.0000000000000027e-03 -4.4999999999999998e-02 4.0000000000000001e-03  1.9166163294263028e-03
3.0000000000000027e-03 -4.1999999999999996e-02 4.0000000000000001e-03  1.7734305114626048e-03
3.0000000000000027e-03 -3.9000000000000000e-02 4.0000000000000001e-03  1.6534756654392562e-03
3.0000000000000027e-03 -3.5999999999999997e-02 4.0000000000000001e-03  1.5559991973538444e-03
3.0000000000000027e-03 -3.3000000000000002e-02 4.0000000000000001e-03  1.4801108691537591e-03
3.0000000000000027e-03 -2.9999999999999999e-02 4.0000000000000001e-03  1.4247827987361561e-03
3.0000000000000027e-03 -2.6999999999999996e-02 4.0000000000000001e-03  1.3966787524105149e-03
3.0000000000000027e-03 -2.3999999999999997e-02 4.0000000000000001e-03  1.3735211853063106e-03
3.0000000000000027e-03 -2.0999999999999998e-02 4.0000000000000001e-03  1.3511287632080426e-03
3.0000000000000027e-03 -1.7999999999999999e-02 4.0000000000000001e-03  1.3343765715500143e-03
3.0000000000000027e-03 -1.4999999999999999e-02 4.0000000000000001e-03  1.3188261022462787e-03
3.0000000000000027e-03 -1.1999999999999997e-02 4.0000000000000001e-03  1.3064701722314408e-03
3.0000000000000027e-03 -8.9999999999999941e-03 4.0000000000000001e-03  1.3025961512698370e-03
3.0000000000000027e-03 -5.9999999999999984e-03 4.0000000000000001e-03  1.2982361731949355e-03
3.0000000000000027e-03 -2.9999999999999957e-03 4.0000000000000001e-03  1.2934050276515296e-03
3.0000000000000027e-03 0.0000000000000000e+00 4.0000000000000001e-03  1.2904597117063508e-03
3.0000000000000027e-03 3.0000000000000027e-03 4.0000000000000001e-03  1.2904023801080043e-03
3.0000000000000027e-03 6.0000000000000053e-03 4.0000000000000001e-03  1.2918824199982968e-03
3.0000000000000027e-03 9.0000000000000011e-03 4.0000000000000001e-03  1.2936556504026305e-03
3.0000000000000027e-03 1.2000000000000004e-02 4.0000000000000001e-03  1.2957209841258158e-03
3.0000000000000027e-03 1.4999999999999999e-02 4.0000000000000001e-03  1.2980780431088820e-03
3.0000000000000027e-03 1.8000000000000002e-02 4.0000000000000001e-03  1.3007271584290479e-03
3.0000000000000027e-03 2.1000000000000005e-02 4.0000000000000001e-03  1.3092751086666752e-03
3.0000000000000027e-03 2.4000000000000007e-02 4.0000000000000001e-03  1.3185385133241811e-03
3.0000000000000027e-03 2.7000000000000010e-02 4.0000000000000001e-03  1.3427471032770614e-03
3.0000000000000027e-03 2.9999999999999999e-02 4.0000000000000001e-03  1.3693338501585594e-03
3.0000000000000027e-03 3.3000000000000002e-02 4.0000000000000001e-03  1.4080518436552991e-03
3.0000000000000027e-03 3.6000000000000004e-02 4.0000000000000001e-03  1.4598001300420167e-03
3.0000000000000027e-03 3.9000000000000007e-02 4.0000000000000001e-03  1.5287794177247182e-03
3.0000000000000027e-03 4.2000000000000010e-02 4.0000000000000001e-03  1.6132411804572287e-03
3.0000000000000027e-03 4.4999999999999998e-02 4.0000000000000001e-03  1.7098121415070051e-03
6.0000000000000053e-03 -4.4999999999999998e-02 4.0000000000000001e-03  1.8907140504157869e-03
6.0000000000000053e-03 -4.1999999999999996e-02 4.0000000000000001e-03  1.7524398427412890e-03
6.0000000000000053e-03 -3.9000000000000000e-02 4.0000000000000001e-03  1.6373244540013800e-03
6.0000000000000053e-03 -3.5999999999999997e-02 4.0000000000000001e-03  1.5445899103830390e-03
6.0000000000000053e-03 -3.3000000000000002e-02 4.0000000000000001e-03  1.4733205940230362e-03
6.0000000000000053e-03 -2.9999999999999999e-02 4.0000000000000001e-03  1.4224632430079234e-03
6.0000000000000053e-03 -2.6999999999999996e-02 4.0000000000000001e-03  1.3908269513740364e-03
6.0000000000000053e-03 -2.3999999999999997e-02 4.0000000000000001e-03  1.3709900892981330e-03
6.0000000000000053e-03 -2.0999999999999998e-02 4.0000000000000001e-03  1.3530066855224445e-03
6.0000000000000053e-03 -1.7999999999999999e-02 4.0000000000000001e-03  1.3360037348727671e-03
6.0000000000000053e-03 -1.4999999999999999e-02 4.0000000000000001e-03  1.3265847743033608e-03
6.0000000000000053e-03 -1.1999999999999997e-02 4.0000000000000001e-03  1.3221802439036616e-03
6.0000000000000053e-03 -8.9999999999999941e-03 4.0000000000000001e-03  1.3172887573346379e-03
6.0000000000000053e-03 -5.9999999999999984e-03 4.0000000000000001e-03  1.3119097707171756e-03
6.0000000000000053e-03 -2.9999999999999957e-03 4.0000000000000001e-03  1.3060562006217743e-03
6.0000000000000053e-03 0.0000000000000000e+00 4.0000000000000001e-03  1.3026240146283210e-03
6.0000000000000053e-03 3.0000000000000027e-03 4.0000000000000001e-03  1.3025795026507560e-03
6.0000000000000053e-03 6.0000000000000053e-03 4.0000000000000001e-03  1.3042753785508787e-03
6.0000000000000053e-03 9.0000000000000011e-03 4.0000000000000001e-03  1.3062650923029828e-03
6.0000000000000053e-03 1.2000000000000004e-02 4.0000000000000001e-03  1.3085474372337390e-03
6.0000000000000053e-03 1.4999999999999999e-02 4.0000000000000001e-03  1.3111219158060184e-03
6.0000000000000053e-03 1.8000000000000002e-02 4.0000000000000001e-03  1.3139887396188914e-03
6.0000000000000053e-03 2.1000000000000005e-02 4.0000000000000001e-03  1.3171488294076348e-03
6.0000000000000053e-03 2.4000000000000007e-02 4.0000000000000001e-03  1.3225234395378383e-03
6.0000000000000053e-03 2.7000000000000010e-02 4.0000000000000001e-03  1.3466855712191250e-03
6.0000000000000053e-03 2.9999999999999999e-02 4.0000000000000001e-03  1.3720177547304568e-03
6.0000000000000053e-03 3.3000000000000002e-02 4.0000000000000001e-03  1.4115526908958687e-03
6.0000000000000053e-03 3.6000000000000004e-02 4.0000000000000001e-03  1.4667799478712089e-03
6.0000000000000053e-03 3.9000000000000007e-02 4.0000000000000001e-03  1.5327422148594977e-03
6.0000000000000053e-03 4.2000000000000010e-02 4.0000000000000001e-03  1.6100094014056619e-03
6.0000000000000053e-03 4.4999999999999998e-02 4.0000000000000001e-03  1.6991266249512607e-03
9.0000000000000011e-03 -4.4999999999999998e-02 4.0000000000000001e-03  1.8602261798528464e-03
9.0000000000000011e-03 -4.1999999999999996e-02 4.0000000000000001e-03  1.7269090531368333e-03
9.0000000000000011e-03 -3.9000000000000000e-02 4.0000000000000001e-03  1.6166925016789433e-03
9.0000000000000011e-03 -3.5999999999999997e-02 4.0000000000000001e-03  1.5290411512310638e-03
9.0000000000000011e-03 -3.3000000000000002e-02 4.0000000000000001e-03  1.4678563832643077e-03
9.0000000000000011e-03 -2.9999999999999999e-02 4.0000000000000001e-03  1.4275844869090456e-03
9.0000000000000011e-03 -2.6999999999999996e-02 4.0000000000000001e-03  1.4060645784860556e-03
9.0000000000000011e-03 -2.3999999999999997e-02 4.0000000000000001e-03  1.3723510958159278e-03
9.0000000000000011e-03 -2.0999999999999998e-02 4.0000000000000001e-03  1.3538693824094901e-03
9.0000000000000011e-03 -1.7999999999999999e-02 4.0000000000000001e-03  1.3481655065748284e-03
9.0000000000000011e-03 -1.4999999999999999e-02 4.0000000000000001e-03  1.3432147765289012e-03
9.0000000000000011e-03 -1.1999999999999997e-02 4.0000000000000001e-03  1.3377929848946879e-03
9.0000000000000011e-03 -8.9999999999999941e-03 4.0000000000000001e-03  1.3318842542691459e-03
9.0000000000000011e-03 -5.9999999999999984e-03 4.0000000000000001e-03  1.3254861676988627e-03
9.0000000000000011e-03 -2.9999999999999957e-03 4.0000000000000001e-03  1.3186097686800355e-03
9.0000000000000011e-03 0.0000000000000000e+00 4.0000000000000001e-03  1.3146339870922503e-03
9.0000000000000011e-03 3.0000000000000027e-03 4.0000000000000001e-03  1.3145847197499482e-03
9.0000000000000011e-03 6.0000000000000053e-03 4.0000000000000001e-03  1.3164958640576106e-03
9.0000000000000011e-03 9.0000000000000011e-03 4.0000000000000001e-03  1.3187016107458114e-03
9.0000000000000011e-03 1.2000000000000004e-02 4.0000000000000001e-03  1.3212006336630702e-03
9.0000000000000011e-03 1.4999999999999999e-02 4.0000000000000001e-03  1.3239923157941050e-03
9.0000000000000011e-03 1.8000000000000002e-02 4.0000000000000001e-03  1.3270767492598397e-03
9.0000000000000011e-03 2.1000000000000005e-02 4.0000000000000001e-03  1.3318183363948159e-03
9.0000000000000011e-03 2.4000000000000007e-02 4.0000000000000001e-03  1.3465147740384343e-03
9.0000000000000011e-03 2.7000000000000010e-02 4.0000000000000001e-03  1.3625176940279362e-03
9.0000000000000011e-03 2.9999999999999999e-02 4.0000000000000001e-03  1.3894149140210490e-03
9.0000000000000011e-03 3.3000000000000002e-02 4.0000000000000001e-03  1.4282746585129226e-03
9.0000000000000011e-03 3.6000000000000004e-02 4.0000000000000001e-03  1.4770162166903493e-03
9.0000000000000011e-03 3.9000000000000007e-02 4.0000000000000001e-03  1.5362415842869760e-03
9.0000000000000011e-03 4.2000000000000010e-02 4.0000000000000001e-03  1.6065279649330872e-03
9.0000000000000011e-03 4.4999999999999998e-02 4.0000000000000001e-03  1.7074365293100941e-03
1.2000000000000004e-02 -4.4999999999999998e-02 4.0000000000000001e-03  1.8339162470385488e-03
1.2000000000000004e-02 -4.1999999999999996e-02 4.0000000000000001e-03  1.7112468126322233e-03
1.2000000000000004e-02 -3.9000000000000000e-02 4.0000000000000001e-03  1.6123862955566923e-03
1.2000000000000004e-02 -3.5999999999999997e-02 4.0000000000000001e-03  1.5364041532495390e-03
1.2000000000000004e-02 -3.3000000000000002e-02 4.0000000000000001e-03  1.4822317017560910e-03
1.2000000000000004e-02 -2.9999999999999999e-02 4.0000000000000001e-03  1.4486621157294430e-03
1.2000000000000004e-02 -2.6999999999999996e-02 4.0000000000000001e-03  1.4200331383087356e-03
1.2000000000000004e-02 -2.3999999999999997e-02 4.0000000000000001e-03  1.3788153029514207e-03
1.2000000000000004e-02 -2.0999999999999998e-02 4.0000000000000001e-03  1.3712452460812802e-03
1.2000000000000004e-02 -1.7999999999999999e-02 4.0000000000000001e-03  1.3657147416311257e-03
1.2000000000000004e-02 -1.4999999999999999e-02 4.0000000000000001e-03  1.3597459638107704e-03
1.2000000000000004e-02 -1.1999999999999997e-02 4.0000000000000001e-03  1.3533077016932590e-03
1.2000000000000004e-02 -8.9999999999999941e-03 4.0000000000000001e-03  1.3463822048012573e-03
1.2000000000000004e-02 -5.9999999999999984e-03 4.0000000000000001e-03  1.3389651831070455e-03
1.2000000000000004e-02 -2.9999999999999957e-03 4.0000000000000001e-03  1.3310658070325274e-03
1.2000000000000004e-02 0.0000000000000000e+00 4.0000000000000001e-03  1.3264902549874255e-03
1.2000000000000004e-02 3.0000000000000027e-03 4.0000000000000001e-03  1.3264183453733803e-03
1.2000000000000004e-02 6.0000000000000053e-03 4.0000000000000001e-03  1.3285442616115647e-03
1.2000000000000004e-02 9.0000000000000011e-03 4.0000000000000001e-03  1.3309656619494635e-03
1.2000000000000004e-02 1.2000000000000004e-02 4.0000000000000001e-03  1.3336811007574369e-03
1.2000000000000004e-02 1.4999999999999999e-02 4.0000000000000001e-03  1.3366898415420531e-03
1.2000000000000004e-02 1.8000000000000002e-02 4.0000000000000001e-03  1.3408924482814731e-03
1.2000000000000004e-02 2.1000000000000005e-02 4.0000000000000001e-03  1.3532170520478583e-03
1.2000000000000004e-02 2.4000000000000007e-02 4.0000000000000001e-03  1.3667953531656511e-03
1.2000000000000004e-02 2.7000000000000010e-02 4.0000000000000001e-03  1.3875600047738867e-03
1.2000000000000004e-02 2.9999999999999999e-02 4.0000000000000001e-03  1.4114708502536663e-03
1.2000000000000004e-02 3.3000000000000002e-02 4.0000000000000001e-03  1.4440766165853499e-03
1.2000000000000004e-02 3.6000000000000004e-02 4.0000000000000001e-03  1.4864935789555241e-03
1.2000000000000004e-02 3.9000000000000007e-02 4.0000000000000001e-03  1.5391656990459412e-03
1.2000000000000004e-02 4.2000000000000010e-02 4.0000000000000001e-03  1.6060737851214834e-03
1.2000000000000004e-02 4.4999999999999998e-02 4.0000000000000001e-03  1.7253739251425666e-03
1.4999999999999999e-02 -4.4999999999999998e-02 4.0000000000000001e-03  1.8519262640547317e-03
1.4999999999999999e-02 -4.1999999999999996e-02 4.0000000000000001e-03  1.7305500174647297e-03
1.4999999999999999e-02 -3.9000000000000000e-02 4.0000000000000001e-03  1.6327427512957508e-03
1.4999999999999999e-02 -3.5999999999999997e-02 4.0000000000000001e-03  1.5576138973459810e-03
1.4999999999999999e-02 -3.3000000000000002e-02 4.0000000000000001e-03  1.5041300812644021e-03
1.4999999999999999e-02 -2.9999999999999999e-02 4.0000000000000001e-03  1.4711151225508012e-03
1.4999999999999999e-02 -2.6999999999999996e-02 4.0000000000000001e-03  1.4360087219353176e-03
1.4999999999999999e-02 -2.3999999999999997e-02 4.0000000000000001e-03  1.4046295628920369e-03
1.4999999999999999e-02 -2.0999999999999998e-02 4.0000000000000001e-03  1.3936998531682700e-03
1.4999999999999999e-02 -1.7999999999999999e-02 4.0000000000000001e-03  1.3831630612867912e-03
1.4999999999999999e-02 -1.4999999999999999e-02 4.0000000000000001e-03  1.3761775956435448e-03
1.4999999999999999e-02 -1.1999999999999997e-02 4.0000000000000001e-03  1.3687239100331188e-03
1.4999999999999999e-02 -8.9999999999999941e-03 4.0000000000000001e-03  1.3607823809038677e-03
1.4999999999999999e-02 -5.9999999999999984e-03 4.0000000000000001e-03  1.3523468451537833e-03
1.4999999999999999e-02 -2.9999999999999957e-03 4.0000000000000001e-03  1.3434246001304598e-03
1.4999999999999999e-02 0.0000000000000000e+00 4.0000000000000001e-03  1.3381936723210449e-03
1.4999999999999999e-02 3.0000000000000027e-03 4.0000000000000001e-03  1.3380809207724775e-03
1.4999999999999999e-02 6.0000000000000053e-03 4.0000000000000001e-03  1.3404211835894555e-03
1.4999999999999999e-02 9.0000000000000011e-03 4.0000000000000001e-03  1.3430579294159248e-03
1.4999999999999999e-02 1.2000000000000004e-02 4.0000000000000001e-03  1.3459895931441021e-03
1.4999999999999999e-02 1.4999999999999999e-02 4.0000000000000001e-03  1.3497458833134329e-03
1.4999999999999999e-02 1.8000000000000002e-02 4.0000000000000001e-03  1.3597048906906503e-03
1.4999999999999999e-02 2.1000000000000005e-02 4.0000000000000001e-03  1.3708732588385492e-03
1.4999999999999999e-02 2.4000000000000007e-02 4.0000000000000001e-03  1.3880180445532183e-03
1.4999999999999999e-02 2.7000000000000010e-02 4.0000000000000001e-03  1.4083398734208931e-03
1.4999999999999999e-02 2.9999999999999999e-02 4.0000000000000001e-03  1.4315888946884077e-03
1.4999999999999999e-02 3.3000000000000002e-02 4.0000000000000001e-03  1.4588772019684547e-03
1.4999999999999999e-02 3.6000000000000004e-02 4.0000000000000001e-03  1.4951231020159665e-03
1.4999999999999999e-02 3.9000000000000007e-02 4.0000000000000001e-03  1.5414180569795456e-03
1.4999999999999999e-02 4.2000000000000010e-02 4.0000000000000001e-03  1.6253995246155585e-03
1.4999999999999999e-02 4.4999999999999998e-02 4.0000000000000001e-03  1.7488400351445056e-03
1.8000000000000002e-02 -4.4999999999999998e-02 4.0000000000000001e-03  1.8853764361179987e-03
1.8000000000000002e-02 -4.1999999999999996e-02 4.0000000000000001e-03  1.7525619916079324e-03
1.8000000000000002e-02 -3.9000000000000000e-02 4.0000000000000001e-03  1.6556081246110665e-03
1.8000000000000002e-02 -3.5999999999999997e-02 4.0000000000000001e-03  1.5808952713989462e-03
1.8000000000000002e-02 -3.3000000000000002e-02 4.0000000000000001e-03  1.5274210452633733e-03
1.8000000000000002e-02 -2.9999999999999999e-02 4.0000000000000001e-03  1.4940402533469470e-03
1.8000000000000002e-02 -2.6999999999999996e-02 4.0000000000000001e-03  1.4530120552592282e-03
1.8000000000000002e-02 -2.3999999999999997e-02 4.0000000000000001e-03  1.4286700212428414e-03
1.8000000000000002e-02 -2.0999999999999998e-02 4.0000000000000001e-03  1.4179331723492999e-03
1.8000000000000002e-02 -1.7999999999999999e-02 4.0000000000000001e-03  1.4068395559859741e-03
1.8000000000000002e-02 -1.4999999999999999e-02 4.0000000000000001e-03  1.3928529988591056e-03
1.8000000000000002e-02 -1.1999999999999997e-02 4.0000000000000001e-03  1.3840413348930013e-03
1.8000000000000002e-02 -8.9999999999999941e-03 4.0000000000000001e-03  1.3750847637948771e-03
1.8000000000000002e-02 -5.9999999999999984e-03 4.0000000000000001e-03  1.3656313912961270e-03
1.8000000000000002e-02 -2.9999999999999957e-03 4.0000000000000001e-03  1.3556866416700474e-03
1.8000000000000002e-02 0.0000000000000000e+00 4.0000000000000001e-03  1.3497453212182352e-03
1.8000000000000002e-02 3.0000000000000027e-03 4.0000000000000001e-03  1.3495732144822954e-03
1.8000000000000002e-02 6.0000000000000053e-03 4.0000000000000001e-03  1.3521274696516108e-03
1.8000000000000002e-02 9.0000000000000011e-03 4.0000000000000001e-03  1.3549793239308154e-03
1.8000000000000002e-02 1.2000000000000004e-02 4.0000000000000001e-03  1.3583805820282424e-03
1.8000000000000002e-02 1.4999999999999999e-02 4.0000000000000001e-03  1.3659786628715718e-03
1.8000000000000002e-02 1.8000000000000002e-02 4.0000000000000001e-03  1.3747502163186014e-03
1.8000000000000002e-02 2.1000000000000005e-02 4.0000000000000001e-03  1.3883321741437738e-03
1.8000000000000002e-02 2.4000000000000007e-02 4.0000000000000001e-03  1.4050833904074177e-03
1.8000000000000002e-02 2.7000000000000010e-02 4.0000000000000001e-03  1.4247539396744738e-03
1.8000000000000002e-02 2.9999999999999999e-02 4.0000000000000001e-03  1.4473439395140399e-03
1.8000000000000002e-02 3.3000000000000002e-02 4.0000000000000001e-03  1.4726103763219240e-03
1.8000000000000002e-02 3.6000000000000004e-02 4.0000000000000001e-03  1.5028311780253005e-03
1.8000000000000002e-02 3.9000000000000007e-02 4.0000000000000001e-03  1.5539240467779989e-03
1.8000000000000002e-02 4.2000000000000010e-02 4.0000000000000001e-03  1.6504085378408373e-03
1.8000000000000002e-02 4.4999999999999998e-02 4.0000000000000001e-03  1.7782810407671148e-03
2.1000000000000005e-02 -4.4999999999999998e-02 4.0000000000000001e-03  1.9254306022044331e-03
2.1000000000000005e-02 -4.1999999999999996e-02 4.0000000000000001e-03  1.7898685755180299e-03
2.1000000000000005e-02 -3.9000000000000000e-02 4.0000000000000001e-03  1.6790627501277991e-03
2.1000000000000005e-02 -3.5999999999999997e-02 4.0000000000000001e-03  1.6046789733980972e-03
2.1000000000000005e-02 -3.3000000000000002e-02 4.0000000000000001e-03  1.5511514851562101e-03
2.1000000000000005e-02 -2.9999999999999999e-02 4.0000000000000001e-03  1.5156389593008557e-03
2.1000000000000005e-02 -2.6999999999999996e-02 4.0000000000000001e-03  1.4771950608220305e-03
2.1000000000000005e-02 -2.3999999999999997e-02 4.0000000000000001e-03  1.4509251489428431e-03
2.1000000000000005e-02 -2.0999999999999998e-02 4.0000000000000001e-03  1.4399923566773398e-03
2.1000000000000005e-02 -1.7999999999999999e-02 4.0000000000000001e-03  1.4302864274122269e-03
2.1000000000000005e-02 -1.4999999999999999e-02 4.0000000000000001e-03  1.4176838376387872e-03
2.1000000000000005e-02 -1.1999999999999997e-02 4.0000000000000001e-03  1.4021864850816475e-03
2.1000000000000005e-02 -8.9999999999999941e-03 4.0000000000000001e-03  1.3892895439371847e-03
2.1000000000000005e-02 -5.9999999999999984e-03 4.0000000000000001e-03  1.3788192682361341e-03
2.1000000000000005e-02 -2.9999999999999957e-03 4.0000000000000001e-03  1.3678526345925078e-03
2.1000000000000005e-02 0.0000000000000000e+00 4.0000000000000001e-03  1.3611465119220396e-03
2.1000000000000005e-02 3.0000000000000027e-03 4.0000000000000001e-03  1.3608962223215192e-03
2.1000000000000005e-02 6.0000000000000053e-03 4.0000000000000001e-03  1.3636641867420041e-03
2.1000000000000005e-02 9.0000000000000011e-03 4.0000000000000001e-03  1.3668003173853841e-03
2.1000000000000005e-02 1.2000000000000004e-02 4.0000000000000001e-03  1.3720405739173131e-03
2.1000000000000005e-02 1.4999999999999999e-02 4.0000000000000001e-03  1.3784268632997065e-03
2.1000000000000005e-02 1.8000000000000002e-02 4.0000000000000001e-03  1.3884995089204558e-03
2.1000000000000005e-02 2.1000000000000005e-02 4.0000000000000001e-03  1.4016940354904389e-03
2.1000000000000005e-02 2.4000000000000007e-02 4.0000000000000001e-03  1.4178084976006482e-03
2.1000000000000005e-02 2.7000000000000010e-02 4.0000000000000001e-03  1.4368374578278800e-03
2.1000000000000005e-02 2.9999999999999999e-02 4.0000000000000001e-03  1.4587783419665065e-03
2.1000000000000005e-02 3.3000000000000002e-02 4.0000000000000001e-03  1.4836314390284633e-03
2.1000000000000005e-02 3.6000000000000004e-02 4.0000000000000001e-03  1.5095595239415388e-03
2.1000000000000005e-02 3.9000000000000007e-02 4.0000000000000001e-03  1.5800016517670916e-03
2.1000000000000005e-02 4.2000000000000010e-02 4.0000000000000001e-03  1.6814915041472092e-03
2.1000000000000005e-02 4.4999999999999998e-02 4.0000000000000001e-03  1.8142470120753385e-03
2.4000000000000007e-02 -4.4999999999999998e-02 4.0000000000000001e-03  1.9637478037740287e-03
2.4000000000000007e-02 -4.1999999999999996e-02 4.0000000000000001e-03  1.8342206883754885e-03
2.4000000000000007e-02 -3.9000000000000000e-02 4.0000000000000001e-03  1.7133738779449854e-03
2.4000000000000007e-02 -3.5999999999999997e-02 4.0000000000000001e-03  1.6290381530647306e-03
2.4000000000000007e-02 -3.3000000000000002e-02 4.0000000000000001e-03  1.5754159273894093e-03
2.4000000000000007e-02 -2.9999999999999999e-02 4.0000000000000001e-03  1.5360380321658041e-03
2.4000000000000007e-02 -2.6999999999999996e-02 4.0000000000000001e-03  1.4996377019594646e-03
2.4000000000000007e-02 -2.3999999999999997e-02 4.0000000000000001e-03  1.4713851770249405e-03
2.4000000000000007e-02 -2.0999999999999998e-02 4.0000000000000001e-03  1.4598696532775782e-03
2.4000000000000007e-02 -1.7999999999999999e-02 4.0000000000000001e-03  1.4515439666007135e-03
2.4000000000000007e-02 -1.4999999999999999e-02 4.0000000000000001e-03  1.4403198743327254e-03
2.4000000000000007e-02 -1.1999999999999997e-02 4.0000000000000001e-03  1.4261977349408251e-03
2.4000000000000007e-02 -8.9999999999999941e-03 4.0000000000000001e-03  1.4091788162628421e-03
2.4000000000000007e-02 -5.9999999999999984e-03 4.0000000000000001e-03  1.3919111319208605e-03
2.4000000000000007e-02 -2.9999999999999957e-03 4.0000000000000001e-03  1.3799234910840429e-03
2.4000000000000007e-02 0.0000000000000000e+00 4.0000000000000001e-03  1.3723987827934212e-03
2.4000000000000007e-02 3.0000000000000027e-03 4.0000000000000001e-03  1.3720511673924690e-03
2.4000000000000007e-02 6.0000000000000053e-03 4.0000000000000001e-03  1.3750106947662769e-03
2.4000000000000007e-02 9.0000000000000011e-03 4.0000000000000001e-03  1.3778946615765038e-03
2.4000000000000007e-02 1.2000000000000004e-02 4.0000000000000001e-03  1.3819056698977064e-03
2.4000000000000007e-02 1.4999999999999999e-02 4.0000000000000001e-03  1.3885192364768580e-03
2.4000000000000007e-02 1.8000000000000002e-02 4.0000000000000001e-03  1.3981665151658607e-03
2.4000000000000007e-02 2.1000000000000005e-02 4.0000000000000001e-03  1.4107427938651325e-03
2.4000000000000007e-02 2.4000000000000007e-02 4.0000000000000001e-03  1.4262370801591787e-03
2.4000000000000007e-02 2.7000000000000010e-02 4.0000000000000001e-03  1.4446412448500721e-03
2.4000000000000007e-02 2.9999999999999999e-02 4.0000000000000001e-03  1.4684721706712627e-03
2.4000000000000007e-02 3.3000000000000002e-02 4.0000000000000001e-03  1.4953556313995148e-03
2.4000000000000007e-02 3.6000000000000004e-02 4.0000000000000001e-03  1.5350130683968550e-03
2.4000000000000007e-02 3.9000000000000007e-02 4.0000000000000001e-03  1.6122367753169380e-03
2.4000000000000007e-02 4.2000000000000010e-02 4.0000000000000001e-03  1.7191429914983302e-03
2.4000000000000007e-02 4.4999999999999998e-02 4.0000000000000001e-03  1.8573919077478744e-03
2.7000000000000010e-02 -4.4999999999999998e-02 4.0000000000000001e-03  2.0083923768237379e-03
2.7000000000000010e-02 -4.1999999999999996e-02 4.0000000000000001e-03  1.8787341692511038e-03
2.7000000000000010e-02 -3.9000000000000000e-02 4.0000000000000001e-03  1.7421647719044820e-03
2.7000000000000010e-02 -3.5999999999999997e-02 4.0000000000000001e-03  1.6531959332513658e-03
2.7000000000000010e-02 -3.3000000000000002e-02 4.0000000000000001e-03  1.5995064591381612e-03
2.7000000000000010e-02 -2.9999999999999999e-02 4.0000000000000001e-03  1.5586444337427985e-03
2.7000000000000010e-02 -2.6999999999999996e-02 4.0000000000000001e-03  1.5203311332911364e-03
2.7000000000000010e-02 -2.3999999999999997e-02 4.0000000000000001e-03  1.4900420966159171e-03
2.7000000000000010e-02 -2.0999999999999998e-02 4.0000000000000001e-03  1.4775600525666957e-03
2.7000000000000010e-02 -1.7999999999999999e-02 4.0000000000000001e-03  1.4706092197636182e-03
2.7000000000000010e-02 -1.4999999999999999e-02 4.0000000000000001e-03  1.4607602109485971e-03
2.7000000000000010e-02 -1.1999999999999997e-02 4.0000000000000001e-03  1.4480118453314317e-03
2.7000000000000010e-02 -8.9999999999999941e-03 4.0000000000000001e-03  1.4323638514925374e-03
2.7000000000000010e-02 -5.9999999999999984e-03 4.0000000000000001e-03  1.4138168673829546e-03
2.7000000000000010e-02 -2.9999999999999957e-03 4.0000000000000001e-03  1.3923724403243382e-03
2.7000000000000010e-02 0.0000000000000000e+00 4.0000000000000001e-03  1.3835039003112734e-03
2.7000000000000010e-02 3.0000000000000027e-03 4.0000000000000001e-03  1.3830191519742826e-03
2.7000000000000010e-02 6.0000000000000053e-03 4.0000000000000001e-03  1.3845136539938725e-03
2.7000000000000010e-02 9.0000000000000011e-03 4.0000000000000001e-03  1.3991296549550640e-03
2.7000000000000010e-02 1.2000000000000004e-02 4.0000000000000001e-03  1.4106834131429170e-03
2.7000000000000010e-02 1.4999999999999999e-02 4.0000000000000001e-03  1.4203337806324853e-03
2.7000000000000010e-02 1.8000000000000002e-02 4.0000000000000001e-03  1.4325304854804254e-03
2.7000000000000010e-02 2.1000000000000005e-02 4.0000000000000001e-03  1.4472645052944534e-03
2.7000000000000010e-02 2.4000000000000007e-02 4.0000000000000001e-03  1.4645324792352788e-03
2.7000000000000010e-02 2.7000000000000010e-02 4.0000000000000001e-03  1.4843367080166054e-03
2.7000000000000010e-02 2.9999999999999999e-02 4.0000000000000001e-03  1.5066851539051228e-03
2.7000000000000010e-02 3.3000000000000002e-02 4.0000000000000001e-03  1.5243628179065891e-03
2.7000000000000010e-02 3.6000000000000004e-02 4.0000000000000001e-03  1.5681334088821091e-03
2.7000000000000010e-02 3.9000000000000007e-02 4.0000000000000001e-03  1.6510684832898815e-03
2.7000000000000010e-02 4.2000000000000010e-02 4.0000000000000001e-03  1.7639614564715902e-03
2.7000000000000010e-02 4.4999999999999998e-02 4.0000000000000001e-03  1.8871145614246701e-03
2.9999999999999999e-02 -4.4999999999999998e-02 4.0000000000000001e-03  2.0593989388823140e-03
2.9999999999999999e-02 -4.1999999999999996e-02 4.0000000000000001e-03  1.9328044728061536e-03
2.9999999999999999e-02 -3.9000000000000000e-02 4.0000000000000001e-03  1.7583503661094363e-03
2.9999999999999999e-02 -3.5999999999999997e-02 4.0000000000000001e-03  1.6651859516550044e-03
2.9999999999999999e-02 -3.3000000000000002e-02 4.0000000000000001e-03  1.6152001429798068e-03
2.9999999999999999e-02 -2.9999999999999999e-02 4.0000000000000001e-03  1.5798091217687250e-03
2.9999999999999999e-02 -2.6999999999999996e-02 4.0000000000000001e-03  1.5392682695305573e-03
2.9999999999999999e-02 -2.3999999999999997e-02 4.0000000000000001e-03  1.5070569616398432e-03
2.9999999999999999e-02 -2.0999999999999998e-02 4.0000000000000001e-03  1.4938164366298796e-03
2.9999999999999999e-02 -1.7999999999999999e-02 4.0000000000000001e-03  1.4882935114926340e-03
2.9999999999999999e-02 -1.4999999999999999e-02 4.0000000000000001e-03  1.4798300842642962e-03
2.9999999999999999e-02 -1.1999999999999997e-02 4.0000000000000001e-03  1.4684224005957077e-03
2.9999999999999999e-02 -8.9999999999999941e-03 4.0000000000000001e-03  1.4540677136996422e-03
2.9999999999999999e-02 -5.9999999999999984e-03 4.0000000000000001e-03  1.4367642843508080e-03
2.9999999999999999e-02 -2.9999999999999957e-03 4.0000000000000001e-03  1.4228584440146043e-03
2.9999999999999999e-02 0.0000000000000000e+00 4.0000000000000001e-03  1.4295275532656376e-03
2.9999999999999999e-02 3.0000000000000027e-03 4.0000000000000001e-03  1.4312659729021474e-03
2.9999999999999999e-02 6.0000000000000053e-03 4.0000000000000001e-03  1.4444634889637918e-03
2.9999999999999999e-02 9.0000000000000011e-03 4.0000000000000001e-03  1.4583517054238681e-03
2.9999999999999999e-02 1.2000000000000004e-02 4.0000000000000001e-03  1.4674124758322265e-03
2.9999999999999999e-02 1.4999999999999999e-02 4.0000000000000001e-03  1.4750103298486719e-03
2.9999999999999999e-02 1.8000000000000002e-02 4.0000000000000001e-03  1.4851740341299197e-03
2.9999999999999999e-02 2.1000000000000005e-02 4.0000000000000001e-03  1.4979006798745236e-03
2.9999999999999999e-02 2.4000000000000007e-02 4.0000000000000001e-03  1.5131930198340336e-03
2.9999999999999999e-02 2.7000000000000010e-02 4.0000000000000001e-03  1.5310594683129971e-03
2.9999999999999999e-02 2.9999999999999999e-02 4.0000000000000001e-03  1.5542128293465683e-03
2.9999999999999999e-02 3.3000000000000002e-02 4.0000000000000001e-03  1.5715378300418636e-03
2.9999999999999999e-02 3.6000000000000004e-02 4.0000000000000001e-03  1.6106559946194826e-03
2.9999999999999999e-02 3.9000000000000007e-02 4.0000000000000001e-03  1.6970397301620166e-03
2.9999999999999999e-02 4.2000000000000010e-02 4.0000000000000001e-03  1.8166492442581303e-03
2.9999999999999999e-02 4.4999999999999998e-02 4.0000000000000001e-03  1.9164036232125824e-03
3.3000000000000002e-02 -4.4999999999999998e-02 4.0000000000000001e-03  2.1168117032797965e-03
3.3000000000000002e-02 -4.1999999999999996e-02 4.0000000000000001e-03  1.9935191682218492e-03
3.3000000000000002e-02 -3.9000000000000000e-02 4.0000000000000001e-03  1.7988249494752526e-03
3.3000000000000002e-02 -3.5999999999999997e-02 4.0000000000000001e-03  1.6878454981100893e-03
3.3000000000000002e-02 -3.3000000000000002e-02 4.0000000000000001e-03  1.6375173755507485e-03
3.3000000000000002e-02 -2.9999999999999999e-02 4.0000000000000001e-03  1.6015653647965097e-03
3.3000000000000002e-02 -2.6999999999999996e-02 4.0000000000000001e-03  1.5850464388003729e-03
3.3000000000000002e-02 -2.3999999999999997e-02 4.0000000000000001e-03  1.5754878905389254e-03
3.3000000000000002e-02 -2.0999999999999998e-02 4.0000000000000001e-03  1.5729555459835945e-03
3.3000000000000002e-02 -1.7999999999999999e-02 4.0000000000000001e-03  1.5242973244660985e-03
3.3000000000000002e-02 -1.4999999999999999e-02 4.0000000000000001e-03  1.5082671897512243e-03
3.3000000000000002e-02 -1.1999999999999997e-02 4.0000000000000001e-03  1.4982951748885175e-03
3.3000000000000002e-02 -8.9999999999999941e-03 4.0000000000000001e-03  1.4853718549685821e-03
3.3000000000000002e-02 -5.9999999999999984e-03 4.0000000000000001e-03  1.4830671399804732e-03
3.3000000000000002e-02 -2.9999999999999957e-03 4.0000000000000001e-03  1.4971395507092928e-03
3.3000000000000002e-02 0.0000000000000000e+00 4.0000000000000001e-03  1.5012183183533254e-03
3.3000000000000002e-02 3.0000000000000027e-03 4.0000000000000001e-03  1.5006475556142000e-03
3.3000000000000002e-02 6.0000000000000053e-03 4.0000000000000001e-03  1.5116949120213554e-03
3.3000000000000002e-02 9.0000000000000011e-03 4.0000000000000001e-03  1.5251479270125888e-03
3.3000000000000002e-02 1.2000000000000004e-02 4.0000000000000001e-03  1.5314835893944279e-03
3.3000000000000002e-02 1.4999999999999999e-02 4.0000000000000001e-03  1.5371065399004695e-03
3.3000000000000002e-02 1.8000000000000002e-02 4.0000000000000001e-03  1.5453289179691220e-03
3.3000000000000002e-02 2.1000000000000005e-02 4.0000000000000001e-03  1.5561539283897932e-03
3.3000000000000002e-02 2.4000000000000007e-02 4.0000000000000001e-03  1.5726665361251763e-03
3.3000000000000002e-02 2.7000000000000010e-02 4.0000000000000001e-03  1.6018167498374409e-03
3.3000000000000002e-02 2.9999999999999999e-02 4.0000000000000001e-03  1.6185411053308628e-03
3.3000000000000002e-02 3.3000000000000002e-02 4.0000000000000001e-03  1.6403972835501517e-03
3.3000000000000002e-02 3.6000000000000004e-02 4.0000000000000001e-03  1.6713853281029667e-03
3.3000000000000002e-02 3.9000000000000007e-02 4.0000000000000001e-03  1.7507973590231915e-03
3.3000000000000002e-02 4.2000000000000010e-02 4.0000000000000001e-03  1.8780125886628518e-03
3.3000000000000002e-02 4.4999999999999998e-02 4.0000000000000001e-03  1.9446409956414914e-03
3.6000000000000004e-02 -4.4999999999999998e-02 4.0000000000000001e-03  2.1806844791475129e-03
3.6000000000000004e-02 -4.1999999999999996e-02 4.0000000000000001e-03  2.0609066072717437e-03
3.6000000000000004e-02 -3.9000000000000000e-02 4.0000000000000001e-03  1.8581297051892740e-03
3.6000000000000004e-02 -3.5999999999999997e-02 4.0000000000000001e-03  1.7379204516823241e-03
3.6000000000000004e-02 -3.3000000000000002e-02 4.0000000000000001e-03  1.7032495018944518e-03
3.6000000000000004e-02 -2.9999999999999999e-02 4.0000000000000001e-03  1.6815886026203103e-03
3.6000000000000004e-02 -2.6999999999999996e-02 4.0000000000000001e-03  1.6610974330590166e-03
3.6000000000000004e-02 -2.3999999999999997e-02 4.0000000000000001e-03  1.6500503134496899e-03
3.6000000000000004e-02 -2.0999999999999998e-02 4.0000000000000001e-03  1.6458774735741289e-03
3.6000000000000004e-02 -1.7999999999999999e-02 4.0000000000000001e-03  1.6405050596530037e-03
3.6000000000000004e-02 -1.4999999999999999e-02 4.0000000000000001e-03  1.5900532819219265e-03
3.6000000000000004e-02 -1.1999999999999997e-02 4.0000000000000001e-03  1.5412222943347123e-03
3.6000000000000004e-02 -8.9999999999999941e-03 4.0000000000000001e-03  1.5516192644367420e-03
3.6000000000000004e-02 -5.9999999999999984e-03 4.0000000000000001e-03  1.5725556715879450e-03
3.6000000000000004e-02 -2.9999999999999957e-03 4.0000000000000001e-03  1.5835636818590810e-03
3.6000000000000004e-02 0.0000000000000000e+00 4.0000000000000001e-03  1.5847947738401444e-03
3.6000000000000004e-02 3.0000000000000027e-03 4.0000000000000001e-03  1.5799368276853579e-03
3.6000000000000004e-02 6.0000000000000053e-03 4.0000000000000001e-03  1.5874830096238358e-03
3.6000000000000004e-02 9.0000000000000011e-03 4.0000000000000001e-03  1.6008188558620903e-03
3.6000000000000004e-02 1.2000000000000004e-02 4.0000000000000001e-03  1.6041414739359091e-03
3.6000000000000004e-02 1.4999999999999999e-02 4.0000000000000001e-03  1.6078956854643847e-03
3.6000000000000004e-02 1.8000000000000002e-02 4.0000000000000001e-03  1.6142969662446818e-03
3.6000000000000004e-02 2.1000000000000005e-02 4.0000000000000001e-03  1.6330483944314779e-03
3.6000000000000004e-02 2.4000000000000007e-02 4.0000000000000001e-03  1.6682762235842540e-03
3.6000000000000004e-02 2.7000000000000010e-02 4.0000000000000001e-03  1.6908477273680528e-03
3.6000000000000004e-02 2.9999999999999999e-02 4.0000000000000001e-03  1.7008454328925468e-03
3.6000000000000004e-02 3.3000000000000002e-02 4.0000000000000001e-03  1.7263553272039752e-03
3.6000000000000004e-02 3.6000000000000004e-02 4.0000000000000001e-03  1.7489571923171132e-03
3.6000000000000004e-02 3.9000000000000007e-02 4.0000000000000001e-03  1.8130921015769906e-03
3.6000000000000004e-02 4.2000000000000010e-02 4.0000000000000001e-03  1.9489616121043829e-03
3.6000000000000004e-02 4.4999999999999998e-02 4.0000000000000001e-03  1.9720377880143285e-03
3.9000000000000007e-02 -4.4999999999999998e-02 4.0000000000000001e-03  2.2510806714180812e-03
3.9000000000000007e-02 -4.1999999999999996e-02 4.0000000000000001e-03  2.1383602701149926e-03
3.9000000000000007e-02 -3.9000000000000000e-02 4.0000000000000001e-03  1.9430316167646548e-03
3.9000000000000007e-02 -3.5999999999999997e-02 4.0000000000000001e-03  1.8975952192432108e-03
3.9000000000000007e-02 -3.3000000000000002e-02 4.0000000000000001e-03  1.8516362044761769e-03
3.9000000000000007e-02 -2.9999999999999999e-02 4.0000000000000001e-03  1.8034038776209005e-03
3.9000000000000007e-02 -2.6999999999999996e-02 4.0000000000000001e-03  1.7774433820706209e-03
3.9000000000000007e-02 -2.3999999999999997e-02 4.0000000000000001e-03  1.7322608863703146e-03
3.9000000000000007e-02 -2.0999999999999998e-02 4.0000000000000001e-03  1.7269044707209948e-03
3.9000000000000007e-02 -1.7999999999999999e-02 4.0000000000000001e-03  1.7291313724783635e-03
3.9000000000000007e-02 -1.4999999999999999e-02 4.0000000000000001e-03  1.7280824208119167e-03
3.9000000000000007e-02 -1.1999999999999997e-02 4.0000000000000001e-03  1.6835910615746864e-03
3.9000000000000007e-02 -8.9999999999999941e-03 4.0000000000000001e-03  1.6648955024962601e-03
3.9000000000000007e-02 -5.9999999999999984e-03 4.0000000000000001e-03  1.6747479982705225e-03
3.9000000000000007e-02 -2.9999999999999957e-03 4.0000000000000001e-03  1.6829961824707171e-03
3.9000000000000007e-02 0.0000000000000000e+00 4.0000000000000001e-03  1.6817242159788131e-03
3.9000000000000007e-02 3.0000000000000027e-03 4.0000000000000001e-03  1.6711814296467798e-03
3.9000000000000007e-02 6.0000000000000053e-03 4.0000000000000001e-03  1.6731146124712186e-03
3.9000000000000007e-02 9.0000000000000011e-03 4.0000000000000001e-03  1.6866767723559474e-03
3.9000000000000007e-02 1.2000000000000004e-02 4.0000000000000001e-03  1.6866441846001767e-03
3.9000000000000007e-02 1.4999999999999999e-02 4.0000000000000001e-03  1.6886643762540573e-03
3.9000000000000007e-02 1.8000000000000002e-02 4.0000000000000001e-03  1.7132096713167329e-03
3.9000000000000007e-02 2.1000000000000005e-02 4.0000000000000001e-03  1.7546353042073193e-03
3.9000000000000007e-02 2.4000000000000007e-02 4.0000000000000001e-03  1.7832199498507752e-03
3.9000000000000007e-02 2.7000000000000010e-02 4.0000000000000001e-03  1.7990211380023121e-03
3.9000000000000007e-02 2.9999999999999999e-02 4.0000000000000001e-03  1.8080394316857349e-03
3.9000000000000007e-02 3.3000000000000002e-02 4.0000000000000001e-03  1.8310493227813921e-03
3.9000000000000007e-02 3.6000000000000004e-02 4.0000000000000001e-03  1.8451706995826389e-03
3.9000000000000007e-02 3.9000000000000007e-02 4.0000000000000001e-03  1.8847785781407579e-03
3.9000000000000007e-02 4.2000000000000010e-02 4.0000000000000001e-03  2.0081975224286951e-03
3.9000000000000007e-02 4.4999999999999998e-02 4.0000000000000001e-03  2.0185110486516341e-03
4.2000000000000010e-02 -4.4999999999999998e-02 4.0000000000000001e-03  2.4159002251954243e-03
4.2000000000000010e-02 -4.1999999999999996e-02 4.0000000000000001e-03  2.2555601576121258e-03
4.2000000000000010e-02 -3.9000000000000000e-02 4.0000000000000001e-03  2.1730335330228949e-03
4.2000000000000010e-02 -3.5999999999999997e-02 4.0000000000000001e-03  2.1193770534782413e-03
4.2000000000000010e-02 -3.3000000000000002e-02 4.0000000000000001e-03  2.0696307256446180e-03
4.2000000000000010e-02 -2.9999999999999999e-02 4.0000000000000001e-03  2.0162902315535298e-03
4.2000000000000010e-02 -2.6999999999999996e-02 4.0000000000000001e-03  1.9591086817770660e-03
4.2000000000000010e-02 -2.3999999999999997e-02 4.0000000000000001e-03  1.8979323038749833e-03
4.2000000000000010e-02 -2.0999999999999998e-02 4.0000000000000001e-03  1.8175986886967213e-03
4.2000000000000010e-02 -1.7999999999999999e-02 4.0000000000000001e-03  1.8181875133823678e-03
4.2000000000000010e-02 -1.4999999999999999e-02 4.0000000000000001e-03  1.8404462275426387e-03
4.2000000000000010e-02 -1.1999999999999997e-02 4.0000000000000001e-03  1.8394898946569348e-03
4.2000000000000010e-02 -8.9999999999999941e-03 4.0000000000000001e-03  1.8263762078875637e-03
4.2000000000000010e-02 -5.9999999999999984e-03 4.0000000000000001e-03  1.8124884388225244e-03
4.2000000000000010e-02 -2.9999999999999957e-03 4.0000000000000001e-03  1.7980646069475810e-03
4.2000000000000010e-02 0.0000000000000000e+00 4.0000000000000001e-03  1.7928967218025452e-03
4.2000000000000010e-02 3.0000000000000027e-03 4.0000000000000001e-03  1.7805098816502541e-03
4.2000000000000010e-02 6.0000000000000053e-03 4.0000000000000001e-03  1.7698882955062202e-03
4.2000000000000010e-02 9.0000000000000011e-03 4.0000000000000001e-03  1.7825823279109243e-03
4.2000000000000010e-02 1.2000000000000004e-02 4.0000000000000001e-03  1.7802631115678503e-03
4.2000000000000010e-02 1.4999999999999999e-02 4.0000000000000001e-03  1.8141662501213538e-03
4.2000000000000010e-02 1.8000000000000002e-02 4.0000000000000001e-03  1.8618804547421957e-03
4.2000000000000010e-02 2.1000000000000005e-02 4.0000000000000001e-03  1.8966148155097327e-03
4.2000000000000010e-02 2.4000000000000007e-02 4.0000000000000001e-03  1.9184018648247107e-03
4.2000000000000010e-02 2.7000000000000010e-02 4.0000000000000001e-03  1.9272947349340457e-03
4.2000000000000010e-02 2.9999999999999999e-02 4.0000000000000001e-03  1.9400680030459323e-03
4.2000000000000010e-02 3.3000000000000002e-02 4.0000000000000001e-03  1.9562943627078055e-03
4.2000000000000010e-02 3.6000000000000004e-02 4.0000000000000001e-03  1.9620026928676144e-03
4.2000000000000010e-02 3.9000000000000007e-02 4.0000000000000001e-03  1.9668152976455751e-03
4.2000000000000010e-02 4.2000000000000010e-02 4.0000000000000001e-03  2.0488338974498548e-03
4.2000000000000010e-02 4.4999999999999998e-02 4.0000000000000001e-03  2.0733901926959391e-03
4.4999999999999998e-02 -4.4999999999999998e-02 4.0000000000000001e-03  2.4914235895633738e-03
4.4999999999999998e-02 -4.1999999999999996e-02 4.0000000000000001e-03  2.3913401033556782e-03
4.4999999999999998e-02 -3.9000000000000000e-02 4.0000000000000001e-03  2.3434034449754493e-03
4.4999999999999998e-02 -3.5999999999999997e-02 4.0000000000000001e-03  2.2931039808412644e-03
4.4999999999999998e-02 -3.3000000000000002e-02 4.0000000000000001e-03  2.2399118532096551e-03
4.4999999999999998e-02 -2.9999999999999999e-02 4.0000000000000001e-03  2.1833903213248186e-03
4.4999999999999998e-02 -2.6999999999999996e-02 4.0000000000000001e-03  2.1231957614186413e-03
4.4999999999999998e-02 -2.3999999999999997e-02 4.0000000000000001e-03  2.0590776667106917e-03
4.4999999999999998e-02 -2.0999999999999998e-02 4.0000000000000001e-03  1.9908786474082140e-03
4.4999999999999998e-02 -1.7999999999999999e-02 4.0000000000000001e-03  1.9197454180225541e-03
4.4999999999999998e-02 -1.4999999999999999e-02 4.0000000000000001e-03  1.9323661880367706e-03
4.4999999999999998e-02 -1.1999999999999997e-02 4.0000000000000001e-03  1.9511467599484351e-03
4.4999999999999998e-02 -8.9999999999999941e-03 4.0000000000000001e-03  1.9453041834415024e-03
4.4999999999999998e-02 -5.9999999999999984e-03 4.0000000000000001e-03  1.9376543315902672e-03
4.4999999999999998e-02 -2.9999999999999957e-03 4.0000000000000001e-03  1.9282484500917393e-03
4.4999999999999998e-02 0.0000000000000000e+00 4.0000000000000001e-03  1.9173063162628667e-03
4.4999999999999998e-02 3.0000000000000027e-03 4.0000000000000001e-03  1.9052162390405176e-03
4.4999999999999998e-02 6.0000000000000053e-03 4.0000000000000001e-03  1.8832973904764022e-03
4.4999999999999998e-02 9.0000000000000011e-03 4.0000000000000001e-03  1.8900648356305321e-03
4.4999999999999998e-02 1.2000000000000004e-02 4.0000000000000001e-03  1.9368764236010203e-03
4.4999999999999998e-02 1.4999999999999999e-02 4.0000000000000001e-03  1.9909405476396962e-03
4.4999999999999998e-02 1.8000000000000002e-02 4.0000000000000001e-03  2.0319317764908732e-03
4.4999999999999998e-02 2.1000000000000005e-02 4.0000000000000001e-03  2.0598576452008420e-03
4.4999999999999998e-02 2.4000000000000007e-02 4.0000000000000001e-03  2.0747462886620532e-03
4.4999999999999998e-02 2.7000000000000010e-02 4.0000000000000001e-03  2.0766464416131112e-03
4.4999999999999998e-02 2.9999999999999999e-02 4.0000000000000001e-03  2.0943501100083211e-03
4.4999999999999998e-02 3.3000000000000002e-02 4.0000000000000001e-03  2.1040832700559777e-03
4.4999999999999998e-02 3.6000000000000004e-02 4.0000000000000001e-03  2.1016077457874701e-03
4.4999999999999998e-02 3.9000000000000007e-02 4.0000000000000001e-03  2.0882625517020157e-03
4.4999999999999998e-02 4.2000000000000010e-02 4.0000000000000001e-03  2.1005280359687462e-03
4.4999999999999998e-02 4.4999999999999998e-02 4.0000000000000001e-03  2.1336146484512539e-03
