Grid Output Min: [-45mm -45mm 4mm] Max: [45mm 45mm 4mm] Grid Size: [3mm 3mm 0mm]
X, Y, Z, Scalar data "Mag_B"
-4.4999999999999998e-002 -4.4999999999999998e-002 4.0000000000000001e-003  2.4818403767291734e-003
-4.4999999999999998e-002 -4.1999999999999996e-002 4.0000000000000001e-003  2.2225251313819508e-003
-4.4999999999999998e-002 -3.9000000000000000e-002 4.0000000000000001e-003  2.1464123195162094e-003
-4.4999999999999998e-002 -3.5999999999999997e-002 4.0000000000000001e-003  2.0808495310307451e-003
-4.4999999999999998e-002 -3.3000000000000002e-002 4.0000000000000001e-003  2.0626276078743520e-003
-4.4999999999999998e-002 -2.9999999999999999e-002 4.0000000000000001e-003  2.0098032817671163e-003
-4.4999999999999998e-002 -2.6999999999999996e-002 4.0000000000000001e-003  1.9845693435812839e-003
-4.4999999999999998e-002 -2.3999999999999997e-002 4.0000000000000001e-003  1.9618918497509206e-003
-4.4999999999999998e-002 -2.0999999999999998e-002 4.0000000000000001e-003  1.9148499310627873e-003
-4.4999999999999998e-002 -1.7999999999999999e-002 4.0000000000000001e-003  1.8718313448153384e-003
-4.4999999999999998e-002 -1.4999999999999999e-002 4.0000000000000001e-003  1.8403337302374176e-003
-4.4999999999999998e-002 -1.1999999999999997e-002 4.0000000000000001e-003  1.8167734475717672e-003
-4.4999999999999998e-002 -8.9999999999999941e-003 4.0000000000000001e-003  1.7848510931123358e-003
-4.4999999999999998e-002 -5.9999999999999984e-003 4.0000000000000001e-003  1.7973616642202740e-003
-4.4999999999999998e-002 -2.9999999999999957e-003 4.0000000000000001e-003  1.8202329365298868e-003
-4.4999999999999998e-002 0.0000000000000000e+000 4.0000000000000001e-003  1.8266422727760891e-003
-4.4999999999999998e-002 3.0000000000000027e-003 4.0000000000000001e-003  1.8289150514425928e-003
-4.4999999999999998e-002 6.0000000000000053e-003 4.0000000000000001e-003  1.8263577778255629e-003
-4.4999999999999998e-002 9.0000000000000011e-003 4.0000000000000001e-003  1.8189694785251665e-003
-4.4999999999999998e-002 1.2000000000000004e-002 4.0000000000000001e-003  1.8130909264431317e-003
-4.4999999999999998e-002 1.4999999999999999e-002 4.0000000000000001e-003  1.8387681978767041e-003
-4.4999999999999998e-002 1.8000000000000002e-002 4.0000000000000001e-003  1.8739610006283172e-003
-4.4999999999999998e-002 2.1000000000000005e-002 4.0000000000000001e-003  1.8915562537669937e-003
-4.4999999999999998e-002 2.4000000000000007e-002 4.0000000000000001e-003  1.8778196814750485e-003
-4.4999999999999998e-002 2.7000000000000010e-002 4.0000000000000001e-003  1.9582675027524123e-003
-4.4999999999999998e-002 2.9999999999999999e-002 4.0000000000000001e-003  2.0026527396911570e-003
-4.4999999999999998e-002 3.3000000000000002e-002 4.0000000000000001e-003  2.0198265673298812e-003
-4.4999999999999998e-002 3.6000000000000004e-002 4.0000000000000001e-003  2.0448116234394872e-003
-4.4999999999999998e-002 3.9000000000000007e-002 4.0000000000000001e-003  2.0964823734488931e-003
-4.4999999999999998e-002 4.2000000000000010e-002 4.0000000000000001e-003  2.1708817280219300e-003
-4.4999999999999998e-002 4.4999999999999998e-002 4.0000000000000001e-003  2.2490863748639480e-003
-4.1999999999999996e-002 -4.4999999999999998e-002 4.0000000000000001e-003  2.2892652728114388e-003
-4.1999999999999996e-002 -4.1999999999999996e-002 4.0000000000000001e-003  2.0969431496084068e-003
-4.1999999999999996e-002 -3.9000000000000000e-002 4.0000000000000001e-003  1.9986639409730941e-003
-4.1999999999999996e-002 -3.5999999999999997e-002 4.0000000000000001e-003  1.9437267144734195e-003
-4.1999999999999996e-002 -3.3000000000000002e-002 4.0000000000000001e-003  1.9007522326260975e-003
-4.1999999999999996e-002 -2.9999999999999999e-002 4.0000000000000001e-003  1.8727233538205091e-003
-4.1999999999999996e-002 -2.6999999999999996e-002 4.0000000000000001e-003  1.8480863948670742e-003
-4.1999999999999996e-002 -2.3999999999999997e-002 4.0000000000000001e-003  1.8268366334109796e-003
-4.1999999999999996e-002 -2.0999999999999998e-002 4.0000000000000001e-003  1.7936352209911692e-003
-4.1999999999999996e-002 -1.7999999999999999e-002 4.0000000000000001e-003  1.7593309198806865e-003
-4.1999999999999996e-002 -1.4999999999999999e-002 4.0000000000000001e-003  1.7290818582410758e-003
-4.1999999999999996e-002 -1.1999999999999997e-002 4.0000000000000001e-003  1.7028266319601211e-003
-4.1999999999999996e-002 -8.9999999999999941e-003 4.0000000000000001e-003  1.6858955068350116e-003
-4.1999999999999996e-002 -5.9999999999999984e-003 4.0000000000000001e-003  1.6897183590551734e-003
-4.1999999999999996e-002 -2.9999999999999957e-003 4.0000000000000001e-003  1.7001382055502738e-003
-4.1999999999999996e-002 0.0000000000000000e+000 4.0000000000000001e-003  1.7055596535340246e-003
-4.1999999999999996e-002 3.0000000000000027e-003 4.0000000000000001e-003  1.7049977529257220e-003
-4.1999999999999996e-002 6.0000000000000053e-003 4.0000000000000001e-003  1.6997335938737125e-003
-4.1999999999999996e-002 9.0000000000000011e-003 4.0000000000000001e-003  1.7113774126664497e-003
-4.1999999999999996e-002 1.2000000000000004e-002 4.0000000000000001e-003  1.7287400258907807e-003
-4.1999999999999996e-002 1.4999999999999999e-002 4.0000000000000001e-003  1.7518995957469057e-003
-4.1999999999999996e-002 1.8000000000000002e-002 4.0000000000000001e-003  1.7871639075116568e-003
-4.1999999999999996e-002 2.1000000000000005e-002 4.0000000000000001e-003  1.7876521126128206e-003
-4.1999999999999996e-002 2.4000000000000007e-002 4.0000000000000001e-003  1.7798280982678045e-003
-4.1999999999999996e-002 2.7000000000000010e-002 4.0000000000000001e-003  1.8224773222762938e-003
-4.1999999999999996e-002 2.9999999999999999e-002 4.0000000000000001e-003  1.8575424240454680e-003
-4.1999999999999996e-002 3.3000000000000002e-002 4.0000000000000001e-003  1.8817887657108312e-003
-4.1999999999999996e-002 3.6000000000000004e-002 4.0000000000000001e-003  1.9091074324238063e-003
-4.1999999999999996e-002 3.9000000000000007e-002 4.0000000000000001e-003  1.9577310103537728e-003
-4.1999999999999996e-002 4.2000000000000010e-002 4.0000000000000001e-003  2.0417648136118994e-003
-4.1999999999999996e-002 4.4999999999999998e-002 4.0000000000000001e-003  2.1139585324223878e-003
-3.9000000000000000e-002 -4.4999999999999998e-002 4.0000000000000001e-003  2.2592882729423635e-003
-3.9000000000000000e-002 -4.1999999999999996e-002 4.0000000000000001e-003  2.0611855876264636e-003
-3.9000000000000000e-002 -3.9000000000000000e-002 4.0000000000000001e-003  1.9223118723607040e-003
-3.9000000000000000e-002 -3.5999999999999997e-002 4.0000000000000001e-003  1.8308056407280019e-003
-3.9000000000000000e-002 -3.3000000000000002e-002 4.0000000000000001e-003  1.8002583738237609e-003
-3.9000000000000000e-002 -2.9999999999999999e-002 4.0000000000000001e-003  1.7731638269722796e-003
-3.9000000000000000e-002 -2.6999999999999996e-002 4.0000000000000001e-003  1.7495095460149646e-003
-3.9000000000000000e-002 -2.3999999999999997e-002 4.0000000000000001e-003  1.7292837588265154e-003
-3.9000000000000000e-002 -2.0999999999999998e-002 4.0000000000000001e-003  1.7065682892153770e-003
-3.9000000000000000e-002 -1.7999999999999999e-002 4.0000000000000001e-003  1.6841749741668814e-003
-3.9000000000000000e-002 -1.4999999999999999e-002 4.0000000000000001e-003  1.6632725661720447e-003
-3.9000000000000000e-002 -1.1999999999999997e-002 4.0000000000000001e-003  1.6428772153205824e-003
-3.9000000000000000e-002 -8.9999999999999941e-003 4.0000000000000001e-003  1.6222513774447049e-003
-3.9000000000000000e-002 -5.9999999999999984e-003 4.0000000000000001e-003  1.6076075787564979e-003
-3.9000000000000000e-002 -2.9999999999999957e-003 4.0000000000000001e-003  1.6194899911650656e-003
-3.9000000000000000e-002 0.0000000000000000e+000 4.0000000000000001e-003  1.6245994588370797e-003
-3.9000000000000000e-002 3.0000000000000027e-003 4.0000000000000001e-003  1.6239216315631286e-003
-3.9000000000000000e-002 6.0000000000000053e-003 4.0000000000000001e-003  1.6282428614345663e-003
-3.9000000000000000e-002 9.0000000000000011e-003 4.0000000000000001e-003  1.6380141114073739e-003
-3.9000000000000000e-002 1.2000000000000004e-002 4.0000000000000001e-003  1.6533167548490081e-003
-3.9000000000000000e-002 1.4999999999999999e-002 4.0000000000000001e-003  1.6809849856428119e-003
-3.9000000000000000e-002 1.8000000000000002e-002 4.0000000000000001e-003  1.6948493167326926e-003
-3.9000000000000000e-002 2.1000000000000005e-002 4.0000000000000001e-003  1.6979932964662475e-003
-3.9000000000000000e-002 2.4000000000000007e-002 4.0000000000000001e-003  1.6965856382889935e-003
-3.9000000000000000e-002 2.7000000000000010e-002 4.0000000000000001e-003  1.7153899352068517e-003
-3.9000000000000000e-002 2.9999999999999999e-002 4.0000000000000001e-003  1.7425126960721221e-003
-3.9000000000000000e-002 3.3000000000000002e-002 4.0000000000000001e-003  1.7793170031731240e-003
-3.9000000000000000e-002 3.6000000000000004e-002 4.0000000000000001e-003  1.8155416530076494e-003
-3.9000000000000000e-002 3.9000000000000007e-002 4.0000000000000001e-003  1.8584529265640542e-003
-3.9000000000000000e-002 4.2000000000000010e-002 4.0000000000000001e-003  1.9408666077069621e-003
-3.9000000000000000e-002 4.4999999999999998e-002 4.0000000000000001e-003  2.0204832964085054e-003
-3.5999999999999997e-002 -4.4999999999999998e-002 4.0000000000000001e-003  2.1832722227934174e-003
-3.5999999999999997e-002 -4.1999999999999996e-002 4.0000000000000001e-003  1.9999652387542670e-003
-3.5999999999999997e-002 -3.9000000000000000e-002 4.0000000000000001e-003  1.8609083189072247e-003
-3.5999999999999997e-002 -3.5999999999999997e-002 4.0000000000000001e-003  1.7894098769527685e-003
-3.5999999999999997e-002 -3.3000000000000002e-002 4.0000000000000001e-003  1.7426217558083781e-003
-3.5999999999999997e-002 -2.9999999999999999e-002 4.0000000000000001e-003  1.7133238406822964e-003
-3.5999999999999997e-002 -2.6999999999999996e-002 4.0000000000000001e-003  1.6914431488951824e-003
-3.5999999999999997e-002 -2.3999999999999997e-002 4.0000000000000001e-003  1.6729337673323747e-003
-3.5999999999999997e-002 -2.0999999999999998e-002 4.0000000000000001e-003  1.6542029426378792e-003
-3.5999999999999997e-002 -1.7999999999999999e-002 4.0000000000000001e-003  1.6340681906639315e-003
-3.5999999999999997e-002 -1.4999999999999999e-002 4.0000000000000001e-003  1.6132410127602137e-003
-3.5999999999999997e-002 -1.1999999999999997e-002 4.0000000000000001e-003  1.5916355184024266e-003
-3.5999999999999997e-002 -8.9999999999999941e-003 4.0000000000000001e-003  1.5691869708579834e-003
-3.5999999999999997e-002 -5.9999999999999984e-003 4.0000000000000001e-003  1.5563531476801339e-003
-3.5999999999999997e-002 -2.9999999999999957e-003 4.0000000000000001e-003  1.5653743880768311e-003
-3.5999999999999997e-002 0.0000000000000000e+000 4.0000000000000001e-003  1.5649326069459603e-003
-3.5999999999999997e-002 3.0000000000000027e-003 4.0000000000000001e-003  1.5622179198099188e-003
-3.5999999999999997e-002 6.0000000000000053e-003 4.0000000000000001e-003  1.5650561849695275e-003
-3.5999999999999997e-002 9.0000000000000011e-003 4.0000000000000001e-003  1.5731801446052761e-003
-3.5999999999999997e-002 1.2000000000000004e-002 4.0000000000000001e-003  1.5897335294851728e-003
-3.5999999999999997e-002 1.4999999999999999e-002 4.0000000000000001e-003  1.6131859585970859e-003
-3.5999999999999997e-002 1.8000000000000002e-002 4.0000000000000001e-003  1.6159363276357084e-003
-3.5999999999999997e-002 2.1000000000000005e-002 4.0000000000000001e-003  1.6214115220408870e-003
-3.5999999999999997e-002 2.4000000000000007e-002 4.0000000000000001e-003  1.6259073412280120e-003
-3.5999999999999997e-002 2.7000000000000010e-002 4.0000000000000001e-003  1.6350404404725421e-003
-3.5999999999999997e-002 2.9999999999999999e-002 4.0000000000000001e-003  1.6643559216286514e-003
-3.5999999999999997e-002 3.3000000000000002e-002 4.0000000000000001e-003  1.7092870840831990e-003
-3.5999999999999997e-002 3.6000000000000004e-002 4.0000000000000001e-003  1.7531215903286107e-003
-3.5999999999999997e-002 3.9000000000000007e-002 4.0000000000000001e-003  1.8003484863737726e-003
-3.5999999999999997e-002 4.2000000000000010e-002 4.0000000000000001e-003  1.8693755766191935e-003
-3.5999999999999997e-002 4.4999999999999998e-002 4.0000000000000001e-003  1.9455175323433991e-003
-3.3000000000000002e-002 -4.4999999999999998e-002 4.0000000000000001e-003  2.1003396866339321e-003
-3.3000000000000002e-002 -4.1999999999999996e-002 4.0000000000000001e-003  1.9183500532602999e-003
-3.3000000000000002e-002 -3.9000000000000000e-002 4.0000000000000001e-003  1.8169740455630161e-003
-3.3000000000000002e-002 -3.5999999999999997e-002 4.0000000000000001e-003  1.7512523830930866e-003
-3.3000000000000002e-002 -3.3000000000000002e-002 4.0000000000000001e-003  1.6868589474859233e-003
-3.3000000000000002e-002 -2.9999999999999999e-002 4.0000000000000001e-003  1.6637762322814918e-003
-3.3000000000000002e-002 -2.6999999999999996e-002 4.0000000000000001e-003  1.6342932625205777e-003
-3.3000000000000002e-002 -2.3999999999999997e-002 4.0000000000000001e-003  1.6181540909221211e-003
-3.3000000000000002e-002 -2.0999999999999998e-002 4.0000000000000001e-003  1.6015166394805285e-003
-3.3000000000000002e-002 -1.7999999999999999e-002 4.0000000000000001e-003  1.5842496474948700e-003
-3.3000000000000002e-002 -1.4999999999999999e-002 4.0000000000000001e-003  1.5662503082004070e-003
-3.3000000000000002e-002 -1.1999999999999997e-002 4.0000000000000001e-003  1.5474369686241092e-003
-3.3000000000000002e-002 -8.9999999999999941e-003 4.0000000000000001e-003  1.5277491295846621e-003
-3.3000000000000002e-002 -5.9999999999999984e-003 4.0000000000000001e-003  1.5192535209445424e-003
-3.3000000000000002e-002 -2.9999999999999957e-003 4.0000000000000001e-003  1.5137687846894631e-003
-3.3000000000000002e-002 0.0000000000000000e+000 4.0000000000000001e-003  1.5127245355222082e-003
-3.3000000000000002e-002 3.0000000000000027e-003 4.0000000000000001e-003  1.5090465654886559e-003
-3.3000000000000002e-002 6.0000000000000053e-003 4.0000000000000001e-003  1.5099975930184517e-003
-3.3000000000000002e-002 9.0000000000000011e-003 4.0000000000000001e-003  1.5173234501403572e-003
-3.3000000000000002e-002 1.2000000000000004e-002 4.0000000000000001e-003  1.5343618678386806e-003
-3.3000000000000002e-002 1.4999999999999999e-002 4.0000000000000001e-003  1.5443016290675698e-003
-3.3000000000000002e-002 1.8000000000000002e-002 4.0000000000000001e-003  1.5492616808180778e-003
-3.3000000000000002e-002 2.1000000000000005e-002 4.0000000000000001e-003  1.5567774519600422e-003
-3.3000000000000002e-002 2.4000000000000007e-002 4.0000000000000001e-003  1.5667077819212828e-003
-3.3000000000000002e-002 2.7000000000000010e-002 4.0000000000000001e-003  1.5808644621754318e-003
-3.3000000000000002e-002 2.9999999999999999e-002 4.0000000000000001e-003  1.6170444639039730e-003
-3.3000000000000002e-002 3.3000000000000002e-002 4.0000000000000001e-003  1.6636421165499126e-003
-3.3000000000000002e-002 3.6000000000000004e-002 4.0000000000000001e-003  1.7118922001244940e-003
-3.3000000000000002e-002 3.9000000000000007e-002 4.0000000000000001e-003  1.7628154372835248e-003
-3.3000000000000002e-002 4.2000000000000010e-002 4.0000000000000001e-003  1.8164504970287093e-003
-3.3000000000000002e-002 4.4999999999999998e-002 4.0000000000000001e-003  1.9083977530837939e-003
-2.9999999999999999e-002 -4.4999999999999998e-002 4.0000000000000001e-003  2.0002183577384407e-003
-2.9999999999999999e-002 -4.1999999999999996e-002 4.0000000000000001e-003  1.8677637419653643e-003
-2.9999999999999999e-002 -3.9000000000000000e-002 4.0000000000000001e-003  1.7757329782897796e-003
-2.9999999999999999e-002 -3.5999999999999997e-002 4.0000000000000001e-003  1.7112596689691658e-003
-2.9999999999999999e-002 -3.3000000000000002e-002 4.0000000000000001e-003  1.6388337680942806e-003
-2.9999999999999999e-002 -2.9999999999999999e-002 4.0000000000000001e-003  1.6080970261240519e-003
-2.9999999999999999e-002 -2.6999999999999996e-002 4.0000000000000001e-003  1.5890442442181953e-003
-2.9999999999999999e-002 -2.3999999999999997e-002 4.0000000000000001e-003  1.5613897002455641e-003
-2.9999999999999999e-002 -2.0999999999999998e-002 4.0000000000000001e-003  1.5474955591029563e-003
-2.9999999999999999e-002 -1.7999999999999999e-002 4.0000000000000001e-003  1.5330940717932257e-003
-2.9999999999999999e-002 -1.4999999999999999e-002 4.0000000000000001e-003  1.5179263627403670e-003
-2.9999999999999999e-002 -1.1999999999999997e-002 4.0000000000000001e-003  1.5019150165226191e-003
-2.9999999999999999e-002 -8.9999999999999941e-003 4.0000000000000001e-003  1.4869929950299663e-003
-2.9999999999999999e-002 -5.9999999999999984e-003 4.0000000000000001e-003  1.4840046787861897e-003
-2.9999999999999999e-002 -2.9999999999999957e-003 4.0000000000000001e-003  1.4804642727957798e-003
-2.9999999999999999e-002 0.0000000000000000e+000 4.0000000000000001e-003  1.4674203703080849e-003
-2.9999999999999999e-002 3.0000000000000027e-003 4.0000000000000001e-003  1.4615385747345645e-003
-2.9999999999999999e-002 6.0000000000000053e-003 4.0000000000000001e-003  1.4634992469398068e-003
-2.9999999999999999e-002 9.0000000000000011e-003 4.0000000000000001e-003  1.4704960473644103e-003
-2.9999999999999999e-002 1.2000000000000004e-002 4.0000000000000001e-003  1.4824252214458327e-003
-2.9999999999999999e-002 1.4999999999999999e-002 4.0000000000000001e-003  1.4868271717710089e-003
-2.9999999999999999e-002 1.8000000000000002e-002 4.0000000000000001e-003  1.4937010627868543e-003
-2.9999999999999999e-002 2.1000000000000005e-002 4.0000000000000001e-003  1.5030006947567094e-003
-2.9999999999999999e-002 2.4000000000000007e-002 4.0000000000000001e-003  1.5179401235546558e-003
-2.9999999999999999e-002 2.7000000000000010e-002 4.0000000000000001e-003  1.5391290721229283e-003
-2.9999999999999999e-002 2.9999999999999999e-002 4.0000000000000001e-003  1.5657259949005521e-003
-2.9999999999999999e-002 3.3000000000000002e-002 4.0000000000000001e-003  1.6068808861364121e-003
-2.9999999999999999e-002 3.6000000000000004e-002 4.0000000000000001e-003  1.6603458067154253e-003
-2.9999999999999999e-002 3.9000000000000007e-002 4.0000000000000001e-003  1.7246073908604997e-003
-2.9999999999999999e-002 4.2000000000000010e-002 4.0000000000000001e-003  1.7864413962791264e-003
-2.9999999999999999e-002 4.4999999999999998e-002 4.0000000000000001e-003  1.8734861099444513e-003
-2.6999999999999996e-002 -4.4999999999999998e-002 4.0000000000000001e-003  1.9422404981928841e-003
-2.6999999999999996e-002 -4.1999999999999996e-002 4.0000000000000001e-003  1.8215565046822879e-003
-2.6999999999999996e-002 -3.9000000000000000e-002 4.0000000000000001e-003  1.7364255761878368e-003
-2.6999999999999996e-002 -3.5999999999999997e-002 4.0000000000000001e-003  1.6706552239719428e-003
-2.6999999999999996e-002 -3.3000000000000002e-002 4.0000000000000001e-003  1.6002024328985349e-003
-2.6999999999999996e-002 -2.9999999999999999e-002 4.0000000000000001e-003  1.5700798966354482e-003
-2.6999999999999996e-002 -2.6999999999999996e-002 4.0000000000000001e-003  1.5419049190298158e-003
-2.6999999999999996e-002 -2.3999999999999997e-002 4.0000000000000001e-003  1.5180712698398329e-003
-2.6999999999999996e-002 -2.0999999999999998e-002 4.0000000000000001e-003  1.5023934553697888e-003
-2.6999999999999996e-002 -1.7999999999999999e-002 4.0000000000000001e-003  1.4806099794185579e-003
-2.6999999999999996e-002 -1.4999999999999999e-002 4.0000000000000001e-003  1.4682601057227492e-003
-2.6999999999999996e-002 -1.1999999999999997e-002 4.0000000000000001e-003  1.4550430049236980e-003
-2.6999999999999996e-002 -8.9999999999999941e-003 4.0000000000000001e-003  1.4478104421722629e-003
-2.6999999999999996e-002 -5.9999999999999984e-003 4.0000000000000001e-003  1.4468035685978220e-003
-2.6999999999999996e-002 -2.9999999999999957e-003 4.0000000000000001e-003  1.4439324624670265e-003
-2.6999999999999996e-002 0.0000000000000000e+000 4.0000000000000001e-003  1.4314494167457343e-003
-2.6999999999999996e-002 3.0000000000000027e-003 4.0000000000000001e-003  1.4217859427251294e-003
-2.6999999999999996e-002 6.0000000000000053e-003 4.0000000000000001e-003  1.4208446047775751e-003
-2.6999999999999996e-002 9.0000000000000011e-003 4.0000000000000001e-003  1.4277111812390885e-003
-2.6999999999999996e-002 1.2000000000000004e-002 4.0000000000000001e-003  1.4334749614984333e-003
-2.6999999999999996e-002 1.4999999999999999e-002 4.0000000000000001e-003  1.4396432970982143e-003
-2.6999999999999996e-002 1.8000000000000002e-002 4.0000000000000001e-003  1.4481691059587917e-003
-2.6999999999999996e-002 2.1000000000000005e-002 4.0000000000000001e-003  1.4618140739453413e-003
-2.6999999999999996e-002 2.4000000000000007e-002 4.0000000000000001e-003  1.4793708638913855e-003
-2.6999999999999996e-002 2.7000000000000010e-002 4.0000000000000001e-003  1.5014781794100436e-003
-2.6999999999999996e-002 2.9999999999999999e-002 4.0000000000000001e-003  1.5257386750826669e-003
-2.6999999999999996e-002 3.3000000000000002e-002 4.0000000000000001e-003  1.5710234826932731e-003
-2.6999999999999996e-002 3.6000000000000004e-002 4.0000000000000001e-003  1.6319356005455327e-003
-2.6999999999999996e-002 3.9000000000000007e-002 4.0000000000000001e-003  1.6955664617537354e-003
-2.6999999999999996e-002 4.2000000000000010e-002 4.0000000000000001e-003  1.7574365822823187e-003
-2.6999999999999996e-002 4.4999999999999998e-002 4.0000000000000001e-003  1.8494721078554201e-003
-2.3999999999999997e-002 -4.4999999999999998e-002 4.0000000000000001e-003  1.9093951650194009e-003
-2.3999999999999997e-002 -4.1999999999999996e-002 4.0000000000000001e-003  1.7903604288817692e-003
-2.3999999999999997e-002 -3.9000000000000000e-002 4.0000000000000001e-003  1.7042016835300492e-003
-2.3999999999999997e-002 -3.5999999999999997e-002 4.0000000000000001e-003  1.6394345652325645e-003
-2.3999999999999997e-002 -3.3000000000000002e-002 4.0000000000000001e-003  1.5709235741675335e-003
-2.3999999999999997e-002 -2.9999999999999999e-002 4.0000000000000001e-003  1.5414233633526831e-003
-2.3999999999999997e-002 -2.6999999999999996e-002 4.0000000000000001e-003  1.5143911881552554e-003
-2.3999999999999997e-002 -2.3999999999999997e-002 4.0000000000000001e-003  1.4863229967671471e-003
-2.3999999999999997e-002 -2.0999999999999998e-002 4.0000000000000001e-003  1.4572162754584079e-003
-2.3999999999999997e-002 -1.7999999999999999e-002 4.0000000000000001e-003  1.4454227826901462e-003
-2.3999999999999997e-002 -1.4999999999999999e-002 4.0000000000000001e-003  1.4231365529446352e-003
-2.3999999999999997e-002 -1.1999999999999997e-002 4.0000000000000001e-003  1.4068218101551467e-003
-2.3999999999999997e-002 -8.9999999999999941e-003 4.0000000000000001e-003  1.4066687873672888e-003
-2.3999999999999997e-002 -5.9999999999999984e-003 4.0000000000000001e-003  1.4076701657851358e-003
-2.3999999999999997e-002 -2.9999999999999957e-003 4.0000000000000001e-003  1.4030552233833525e-003
-2.3999999999999997e-002 0.0000000000000000e+000 4.0000000000000001e-003  1.3947052149396808e-003
-2.3999999999999997e-002 3.0000000000000027e-003 4.0000000000000001e-003  1.3891827332460892e-003
-2.3999999999999997e-002 6.0000000000000053e-003 4.0000000000000001e-003  1.3865216721390956e-003
-2.3999999999999997e-002 9.0000000000000011e-003 4.0000000000000001e-003  1.3886539227432114e-003
-2.3999999999999997e-002 1.2000000000000004e-002 4.0000000000000001e-003  1.3974773484184662e-003
-2.3999999999999997e-002 1.4999999999999999e-002 4.0000000000000001e-003  1.4102908044804538e-003
-2.3999999999999997e-002 1.8000000000000002e-002 4.0000000000000001e-003  1.4256465189898008e-003
-2.3999999999999997e-002 2.1000000000000005e-002 4.0000000000000001e-003  1.4435608079813554e-003
-2.3999999999999997e-002 2.4000000000000007e-002 4.0000000000000001e-003  1.4612874814075622e-003
-2.3999999999999997e-002 2.7000000000000010e-002 4.0000000000000001e-003  1.4791696318179862e-003
-2.3999999999999997e-002 2.9999999999999999e-002 4.0000000000000001e-003  1.5103304117938603e-003
-2.3999999999999997e-002 3.3000000000000002e-002 4.0000000000000001e-003  1.5540724076950887e-003
-2.3999999999999997e-002 3.6000000000000004e-002 4.0000000000000001e-003  1.6036946288038440e-003
-2.3999999999999997e-002 3.9000000000000007e-002 4.0000000000000001e-003  1.6666953388591954e-003
-2.3999999999999997e-002 4.2000000000000010e-002 4.0000000000000001e-003  1.7312963610738490e-003
-2.3999999999999997e-002 4.4999999999999998e-002 4.0000000000000001e-003  1.8257505506663050e-003
-2.0999999999999998e-002 -4.4999999999999998e-002 4.0000000000000001e-003  1.9285164618961946e-003
-2.0999999999999998e-002 -4.1999999999999996e-002 4.0000000000000001e-003  1.7700105016747727e-003
-2.0999999999999998e-002 -3.9000000000000000e-002 4.0000000000000001e-003  1.6814058667951085e-003
-2.0999999999999998e-002 -3.5999999999999997e-002 4.0000000000000001e-003  1.6175636401956463e-003
-2.0999999999999998e-002 -3.3000000000000002e-002 4.0000000000000001e-003  1.5509701871062992e-003
-2.0999999999999998e-002 -2.9999999999999999e-002 4.0000000000000001e-003  1.5221015516127471e-003
-2.0999999999999998e-002 -2.6999999999999996e-002 4.0000000000000001e-003  1.4962050505098390e-003
-2.0999999999999998e-002 -2.3999999999999997e-002 4.0000000000000001e-003  1.4692675212207916e-003
-2.0999999999999998e-002 -2.0999999999999998e-002 4.0000000000000001e-003  1.4412883273909611e-003
-2.0999999999999998e-002 -1.7999999999999999e-002 4.0000000000000001e-003  1.4122684975281944e-003
-2.0999999999999998e-002 -1.4999999999999999e-002 4.0000000000000001e-003  1.3901600248051290e-003
-2.0999999999999998e-002 -1.1999999999999997e-002 4.0000000000000001e-003  1.3784741263796615e-003
-2.0999999999999998e-002 -8.9999999999999941e-003 4.0000000000000001e-003  1.3716630435535767e-003
-2.0999999999999998e-002 -5.9999999999999984e-003 4.0000000000000001e-003  1.3666751410022562e-003
-2.0999999999999998e-002 -2.9999999999999957e-003 4.0000000000000001e-003  1.3635379494460150e-003
-2.0999999999999998e-002 0.0000000000000000e+000 4.0000000000000001e-003  1.3631291113696264e-003
-2.0999999999999998e-002 3.0000000000000027e-003 4.0000000000000001e-003  1.3636531033432455e-003
-2.0999999999999998e-002 6.0000000000000053e-003 4.0000000000000001e-003  1.3651293622828327e-003
-2.0999999999999998e-002 9.0000000000000011e-003 4.0000000000000001e-003  1.3684843600496230e-003
-2.0999999999999998e-002 1.2000000000000004e-002 4.0000000000000001e-003  1.3777136236718811e-003
-2.0999999999999998e-002 1.4999999999999999e-002 4.0000000000000001e-003  1.3910096645777699e-003
-2.0999999999999998e-002 1.8000000000000002e-002 4.0000000000000001e-003  1.4068523775038234e-003
-2.0999999999999998e-002 2.1000000000000005e-002 4.0000000000000001e-003  1.4249945063816009e-003
-2.0999999999999998e-002 2.4000000000000007e-002 4.0000000000000001e-003  1.4433382004176108e-003
-2.0999999999999998e-002 2.7000000000000010e-002 4.0000000000000001e-003  1.4618596041138245e-003
-2.0999999999999998e-002 2.9999999999999999e-002 4.0000000000000001e-003  1.4972728427663504e-003
-2.0999999999999998e-002 3.3000000000000002e-002 4.0000000000000001e-003  1.5372430550406602e-003
-2.0999999999999998e-002 3.6000000000000004e-002 4.0000000000000001e-003  1.5824094146860027e-003
-2.0999999999999998e-002 3.9000000000000007e-002 4.0000000000000001e-003  1.6379946626321556e-003
-2.0999999999999998e-002 4.2000000000000010e-002 4.0000000000000001e-003  1.7053369295824622e-003
-2.0999999999999998e-002 4.4999999999999998e-002 4.0000000000000001e-003  1.8023604775576805e-003
-1.7999999999999999e-002 -4.4999999999999998e-002 4.0000000000000001e-003  1.9408722507404665e-003
-1.7999999999999999e-002 -4.1999999999999996e-002 4.0000000000000001e-003  1.7777243790646760e-003
-1.7999999999999999e-002 -3.9000000000000000e-002 4.0000000000000001e-003  1.6697179398617531e-003
-1.7999999999999999e-002 -3.5999999999999997e-002 4.0000000000000001e-003  1.6024907904175110e-003
-1.7999999999999999e-002 -3.3000000000000002e-002 4.0000000000000001e-003  1.5374430249182308e-003
-1.7999999999999999e-002 -2.9999999999999999e-002 4.0000000000000001e-003  1.5023608051269678e-003
-1.7999999999999999e-002 -2.6999999999999996e-002 4.0000000000000001e-003  1.4755155346737870e-003
-1.7999999999999999e-002 -2.3999999999999997e-002 4.0000000000000001e-003  1.4478970728671991e-003
-1.7999999999999999e-002 -2.0999999999999998e-002 4.0000000000000001e-003  1.4195051563184429e-003
-1.7999999999999999e-002 -1.7999999999999999e-002 4.0000000000000001e-003  1.3919350620333352e-003
-1.7999999999999999e-002 -1.4999999999999999e-002 4.0000000000000001e-003  1.3751332295422502e-003
-1.7999999999999999e-002 -1.1999999999999997e-002 4.0000000000000001e-003  1.3598451446005238e-003
-1.7999999999999999e-002 -8.9999999999999941e-003 4.0000000000000001e-003  1.3536813746716186e-003
-1.7999999999999999e-002 -5.9999999999999984e-003 4.0000000000000001e-003  1.3501520621611448e-003
-1.7999999999999999e-002 -2.9999999999999957e-003 4.0000000000000001e-003  1.3478408027630183e-003
-1.7999999999999999e-002 0.0000000000000000e+000 4.0000000000000001e-003  1.3471283429378250e-003
-1.7999999999999999e-002 3.0000000000000027e-003 4.0000000000000001e-003  1.3473495214292720e-003
-1.7999999999999999e-002 6.0000000000000053e-003 4.0000000000000001e-003  1.3485181654944887e-003
-1.7999999999999999e-002 9.0000000000000011e-003 4.0000000000000001e-003  1.3522303187929801e-003
-1.7999999999999999e-002 1.2000000000000004e-002 4.0000000000000001e-003  1.3579200826808230e-003
-1.7999999999999999e-002 1.4999999999999999e-002 4.0000000000000001e-003  1.3716863907238704e-003
-1.7999999999999999e-002 1.8000000000000002e-002 4.0000000000000001e-003  1.3880047393619063e-003
-1.7999999999999999e-002 2.1000000000000005e-002 4.0000000000000001e-003  1.4065495176510164e-003
-1.7999999999999999e-002 2.4000000000000007e-002 4.0000000000000001e-003  1.4255242735874377e-003
-1.7999999999999999e-002 2.7000000000000010e-002 4.0000000000000001e-003  1.4460780602279265e-003
-1.7999999999999999e-002 2.9999999999999999e-002 4.0000000000000001e-003  1.4843101732823609e-003
-1.7999999999999999e-002 3.3000000000000002e-002 4.0000000000000001e-003  1.5208219568518637e-003
-1.7999999999999999e-002 3.6000000000000004e-002 4.0000000000000001e-003  1.5632917223570540e-003
-1.7999999999999999e-002 3.9000000000000007e-002 4.0000000000000001e-003  1.6098452302519847e-003
-1.7999999999999999e-002 4.2000000000000010e-002 4.0000000000000001e-003  1.6795985743222554e-003
-1.7999999999999999e-002 4.4999999999999998e-002 4.0000000000000001e-003  1.7793512448829939e-003
-1.4999999999999999e-002 -4.4999999999999998e-002 4.0000000000000001e-003  1.9202617030889060e-003
-1.4999999999999999e-002 -4.1999999999999996e-002 4.0000000000000001e-003  1.7534003273761115e-003
-1.4999999999999999e-002 -3.9000000000000000e-002 4.0000000000000001e-003  1.6554107796482869e-003
-1.4999999999999999e-002 -3.5999999999999997e-002 4.0000000000000001e-003  1.5881758855389070e-003
-1.4999999999999999e-002 -3.3000000000000002e-002 4.0000000000000001e-003  1.5254236672478598e-003
-1.4999999999999999e-002 -2.9999999999999999e-002 4.0000000000000001e-003  1.4847545032314444e-003
-1.4999999999999999e-002 -2.6999999999999996e-002 4.0000000000000001e-003  1.4563930915127521e-003
-1.4999999999999999e-002 -2.3999999999999997e-002 4.0000000000000001e-003  1.4272556074532367e-003
-1.4999999999999999e-002 -2.0999999999999998e-002 4.0000000000000001e-003  1.4033019136962385e-003
-1.4999999999999999e-002 -1.7999999999999999e-002 4.0000000000000001e-003  1.3846311237529800e-003
-1.4999999999999999e-002 -1.4999999999999999e-002 4.0000000000000001e-003  1.3666602019776208e-003
-1.4999999999999999e-002 -1.1999999999999997e-002 4.0000000000000001e-003  1.3491268092324430e-003
-1.4999999999999999e-002 -8.9999999999999941e-003 4.0000000000000001e-003  1.3424059212103895e-003
-1.4999999999999999e-002 -5.9999999999999984e-003 4.0000000000000001e-003  1.3368380557194869e-003
-1.4999999999999999e-002 -2.9999999999999957e-003 4.0000000000000001e-003  1.3339109351935728e-003
-1.4999999999999999e-002 0.0000000000000000e+000 4.0000000000000001e-003  1.3328118050468772e-003
-1.4999999999999999e-002 3.0000000000000027e-003 4.0000000000000001e-003  1.3327280629771175e-003
-1.4999999999999999e-002 6.0000000000000053e-003 4.0000000000000001e-003  1.3335894602573169e-003
-1.4999999999999999e-002 9.0000000000000011e-003 4.0000000000000001e-003  1.3377361263362036e-003
-1.4999999999999999e-002 1.2000000000000004e-002 4.0000000000000001e-003  1.3422528820606515e-003
-1.4999999999999999e-002 1.4999999999999999e-002 4.0000000000000001e-003  1.3523102575388100e-003
-1.4999999999999999e-002 1.8000000000000002e-002 4.0000000000000001e-003  1.3690972181464353e-003
-1.4999999999999999e-002 2.1000000000000005e-002 4.0000000000000001e-003  1.3882361451482317e-003
-1.4999999999999999e-002 2.4000000000000007e-002 4.0000000000000001e-003  1.4078474513247406e-003
-1.4999999999999999e-002 2.7000000000000010e-002 4.0000000000000001e-003  1.4333121558113364e-003
-1.4999999999999999e-002 2.9999999999999999e-002 4.0000000000000001e-003  1.4710849731309002e-003
-1.4999999999999999e-002 3.3000000000000002e-002 4.0000000000000001e-003  1.5071335931372155e-003
-1.4999999999999999e-002 3.6000000000000004e-002 4.0000000000000001e-003  1.5442848750421556e-003
-1.4999999999999999e-002 3.9000000000000007e-002 4.0000000000000001e-003  1.5884478107156602e-003
-1.4999999999999999e-002 4.2000000000000010e-002 4.0000000000000001e-003  1.6510949196470500e-003
-1.4999999999999999e-002 4.4999999999999998e-002 4.0000000000000001e-003  1.7445305694943011e-003
-1.1999999999999997e-002 -4.4999999999999998e-002 4.0000000000000001e-003  1.8681843569183748e-003
-1.1999999999999997e-002 -4.1999999999999996e-002 4.0000000000000001e-003  1.7395639312183370e-003
-1.1999999999999997e-002 -3.9000000000000000e-002 4.0000000000000001e-003  1.6427122774795592e-003
-1.1999999999999997e-002 -3.5999999999999997e-002 4.0000000000000001e-003  1.5753189943107325e-003
-1.1999999999999997e-002 -3.3000000000000002e-002 4.0000000000000001e-003  1.5148795696878475e-003
-1.1999999999999997e-002 -2.9999999999999999e-002 4.0000000000000001e-003  1.4695543495968561e-003
-1.1999999999999997e-002 -2.6999999999999996e-002 4.0000000000000001e-003  1.4399408938609703e-003
-1.1999999999999997e-002 -2.3999999999999997e-002 4.0000000000000001e-003  1.4178895961395965e-003
-1.1999999999999997e-002 -2.0999999999999998e-002 4.0000000000000001e-003  1.3973642863848012e-003
-1.1999999999999997e-002 -1.7999999999999999e-002 4.0000000000000001e-003  1.3772330483928044e-003
-1.1999999999999997e-002 -1.4999999999999999e-002 4.0000000000000001e-003  1.3578123317065606e-003
-1.1999999999999997e-002 -1.1999999999999997e-002 4.0000000000000001e-003  1.3414027519800093e-003
-1.1999999999999997e-002 -8.9999999999999941e-003 4.0000000000000001e-003  1.3340413826671584e-003
-1.1999999999999997e-002 -5.9999999999999984e-003 4.0000000000000001e-003  1.3250244583638579e-003
-1.1999999999999997e-002 -2.9999999999999957e-003 4.0000000000000001e-003  1.3220312289905682e-003
-1.1999999999999997e-002 0.0000000000000000e+000 4.0000000000000001e-003  1.3201822871575677e-003
-1.1999999999999997e-002 3.0000000000000027e-003 4.0000000000000001e-003  1.3197905314432611e-003
-1.1999999999999997e-002 6.0000000000000053e-003 4.0000000000000001e-003  1.3203440640235109e-003
-1.1999999999999997e-002 9.0000000000000011e-003 4.0000000000000001e-003  1.3249976839443958e-003
-1.1999999999999997e-002 1.2000000000000004e-002 4.0000000000000001e-003  1.3292151049611588e-003
-1.1999999999999997e-002 1.4999999999999999e-002 4.0000000000000001e-003  1.3329390088207675e-003
-1.1999999999999997e-002 1.8000000000000002e-002 4.0000000000000001e-003  1.3501273559395717e-003
-1.1999999999999997e-002 2.1000000000000005e-002 4.0000000000000001e-003  1.3700564422082500e-003
-1.1999999999999997e-002 2.4000000000000007e-002 4.0000000000000001e-003  1.3903099817790048e-003
-1.1999999999999997e-002 2.7000000000000010e-002 4.0000000000000001e-003  1.4202828019318123e-003
-1.1999999999999997e-002 2.9999999999999999e-002 4.0000000000000001e-003  1.4575969279834490e-003
-1.1999999999999997e-002 3.3000000000000002e-002 4.0000000000000001e-003  1.4931838218438893e-003
-1.1999999999999997e-002 3.6000000000000004e-002 4.0000000000000001e-003  1.5270510397289315e-003
-1.1999999999999997e-002 3.9000000000000007e-002 4.0000000000000001e-003  1.5696572821992105e-003
-1.1999999999999997e-002 4.2000000000000010e-002 4.0000000000000001e-003  1.6236345371112727e-003
-1.1999999999999997e-002 4.4999999999999998e-002 4.0000000000000001e-003  1.7085032936271127e-003
-8.9999999999999941e-003 -4.4999999999999998e-002 4.0000000000000001e-003  1.8589388056204574e-003
-8.9999999999999941e-003 -4.1999999999999996e-002 4.0000000000000001e-003  1.7292719093793261e-003
-8.9999999999999941e-003 -3.9000000000000000e-002 4.0000000000000001e-003  1.6316691939274877e-003
-8.9999999999999941e-003 -3.5999999999999997e-002 4.0000000000000001e-003  1.5639194330781642e-003
-8.9999999999999941e-003 -3.3000000000000002e-002 4.0000000000000001e-003  1.5058143211219394e-003
-8.9999999999999941e-003 -2.9999999999999999e-002 4.0000000000000001e-003  1.4596032493769829e-003
-8.9999999999999941e-003 -2.6999999999999996e-002 4.0000000000000001e-003  1.4357218007275407e-003
-8.9999999999999941e-003 -2.3999999999999997e-002 4.0000000000000001e-003  1.4132368391577667e-003
-8.9999999999999941e-003 -2.0999999999999998e-002 4.0000000000000001e-003  1.3915624549461743e-003
-8.9999999999999941e-003 -1.7999999999999999e-002 4.0000000000000001e-003  1.3706613611494719e-003
-8.9999999999999941e-003 -1.4999999999999999e-002 4.0000000000000001e-003  1.3505432722839415e-003
-8.9999999999999941e-003 -1.1999999999999997e-002 4.0000000000000001e-003  1.3353986119419275e-003
-8.9999999999999941e-003 -8.9999999999999941e-003 4.0000000000000001e-003  1.3266204993050703e-003
-8.9999999999999941e-003 -5.9999999999999984e-003 4.0000000000000001e-003  1.3162044813801966e-003
-8.9999999999999941e-003 -2.9999999999999957e-003 4.0000000000000001e-003  1.3116476935704717e-003
-8.9999999999999941e-003 0.0000000000000000e+000 4.0000000000000001e-003  1.3092941496793827e-003
-8.9999999999999941e-003 3.0000000000000027e-003 4.0000000000000001e-003  1.3085391063453345e-003
-8.9999999999999941e-003 6.0000000000000053e-003 4.0000000000000001e-003  1.3096006703303094e-003
-8.9999999999999941e-003 9.0000000000000011e-003 4.0000000000000001e-003  1.3140152029245090e-003
-8.9999999999999941e-003 1.2000000000000004e-002 4.0000000000000001e-003  1.3179322881635364e-003
-8.9999999999999941e-003 1.4999999999999999e-002 4.0000000000000001e-003  1.3213521933854093e-003
-8.9999999999999941e-003 1.8000000000000002e-002 4.0000000000000001e-003  1.3313271356615443e-003
-8.9999999999999941e-003 2.1000000000000005e-002 4.0000000000000001e-003  1.3520129599078623e-003
-8.9999999999999941e-003 2.4000000000000007e-002 4.0000000000000001e-003  1.3729146108415128e-003
-8.9999999999999941e-003 2.7000000000000010e-002 4.0000000000000001e-003  1.4069900970407338e-003
-8.9999999999999941e-003 2.9999999999999999e-002 4.0000000000000001e-003  1.4438458240717831e-003
-8.9999999999999941e-003 3.3000000000000002e-002 4.0000000000000001e-003  1.4789721169840666e-003
-8.9999999999999941e-003 3.6000000000000004e-002 4.0000000000000001e-003  1.5153671723774453e-003
-8.9999999999999941e-003 3.9000000000000007e-002 4.0000000000000001e-003  1.5559469677349808e-003
-8.9999999999999941e-003 4.2000000000000010e-002 4.0000000000000001e-003  1.5997036971728057e-003
-8.9999999999999941e-003 4.4999999999999998e-002 4.0000000000000001e-003  1.6944133221402119e-003
-5.9999999999999984e-003 -4.4999999999999998e-002 4.0000000000000001e-003  1.8745365497623801e-003
-5.9999999999999984e-003 -4.1999999999999996e-002 4.0000000000000001e-003  1.7351709154004983e-003
-5.9999999999999984e-003 -3.9000000000000000e-002 4.0000000000000001e-003  1.6297041675652499e-003
-5.9999999999999984e-003 -3.5999999999999997e-002 4.0000000000000001e-003  1.5537480799656272e-003
-5.9999999999999984e-003 -3.3000000000000002e-002 4.0000000000000001e-003  1.4958614087557964e-003
-5.9999999999999984e-003 -2.9999999999999999e-002 4.0000000000000001e-003  1.4555916666528191e-003
-5.9999999999999984e-003 -2.6999999999999996e-002 4.0000000000000001e-003  1.4328064755807443e-003
-5.9999999999999984e-003 -2.3999999999999997e-002 4.0000000000000001e-003  1.4096566825958119e-003
-5.9999999999999984e-003 -2.0999999999999998e-002 4.0000000000000001e-003  1.3872772961289138e-003
-5.9999999999999984e-003 -1.7999999999999999e-002 4.0000000000000001e-003  1.3656717886353369e-003
-5.9999999999999984e-003 -1.4999999999999999e-002 4.0000000000000001e-003  1.3448538455301323e-003
-5.9999999999999984e-003 -1.1999999999999997e-002 4.0000000000000001e-003  1.3311166681116743e-003
-5.9999999999999984e-003 -8.9999999999999941e-003 4.0000000000000001e-003  1.3205958565379585e-003
-5.9999999999999984e-003 -5.9999999999999984e-003 4.0000000000000001e-003  1.3092630888876485e-003
-5.9999999999999984e-003 -2.9999999999999957e-003 4.0000000000000001e-003  1.3027463159025149e-003
-5.9999999999999984e-003 0.0000000000000000e+000 4.0000000000000001e-003  1.3003537275696612e-003
-5.9999999999999984e-003 3.0000000000000027e-003 4.0000000000000001e-003  1.2989763432621022e-003
-5.9999999999999984e-003 6.0000000000000053e-003 4.0000000000000001e-003  1.3006756160115875e-003
-5.9999999999999984e-003 9.0000000000000011e-003 4.0000000000000001e-003  1.3047932046253408e-003
-5.9999999999999984e-003 1.2000000000000004e-002 4.0000000000000001e-003  1.3084117647906468e-003
-5.9999999999999984e-003 1.4999999999999999e-002 4.0000000000000001e-003  1.3122657010815385e-003
-5.9999999999999984e-003 1.8000000000000002e-002 4.0000000000000001e-003  1.3192692844791827e-003
-5.9999999999999984e-003 2.1000000000000005e-002 4.0000000000000001e-003  1.3342491544615074e-003
-5.9999999999999984e-003 2.4000000000000007e-002 4.0000000000000001e-003  1.3556645821453332e-003
-5.9999999999999984e-003 2.7000000000000010e-002 4.0000000000000001e-003  1.3939422478427747e-003
-5.9999999999999984e-003 2.9999999999999999e-002 4.0000000000000001e-003  1.4343000523022850e-003
-5.9999999999999984e-003 3.3000000000000002e-002 4.0000000000000001e-003  1.4722691174361387e-003
-5.9999999999999984e-003 3.6000000000000004e-002 4.0000000000000001e-003  1.5078879321667996e-003
-5.9999999999999984e-003 3.9000000000000007e-002 4.0000000000000001e-003  1.5518958786661498e-003
-5.9999999999999984e-003 4.2000000000000010e-002 4.0000000000000001e-003  1.6014834077826949e-003
-5.9999999999999984e-003 4.4999999999999998e-002 4.0000000000000001e-003  1.6870155294815684e-003
-2.9999999999999957e-003 -4.4999999999999998e-002 4.0000000000000001e-003  1.9045344296849220e-003
-2.9999999999999957e-003 -4.1999999999999996e-002 4.0000000000000001e-003  1.7502987351364671e-003
-2.9999999999999957e-003 -3.9000000000000000e-002 4.0000000000000001e-003  1.6323196579423509e-003
-2.9999999999999957e-003 -3.5999999999999997e-002 4.0000000000000001e-003  1.5468151100975814e-003
-2.9999999999999957e-003 -3.3000000000000002e-002 4.0000000000000001e-003  1.4862059192453873e-003
-2.9999999999999957e-003 -2.9999999999999999e-002 4.0000000000000001e-003  1.4527439956582354e-003
-2.9999999999999957e-003 -2.6999999999999996e-002 4.0000000000000001e-003  1.4305444901523217e-003
-2.9999999999999957e-003 -2.3999999999999997e-002 4.0000000000000001e-003  1.4076718151924382e-003
-2.9999999999999957e-003 -2.0999999999999998e-002 4.0000000000000001e-003  1.3845799256421022e-003
-2.9999999999999957e-003 -1.7999999999999999e-002 4.0000000000000001e-003  1.3622652568608402e-003
-2.9999999999999957e-003 -1.4999999999999999e-002 4.0000000000000001e-003  1.3407454651624870e-003
-2.9999999999999957e-003 -1.1999999999999997e-002 4.0000000000000001e-003  1.3285597028038455e-003
-2.9999999999999957e-003 -8.9999999999999941e-003 4.0000000000000001e-003  1.3159689701148982e-003
-2.9999999999999957e-003 -5.9999999999999984e-003 4.0000000000000001e-003  1.3037189347931358e-003
-2.9999999999999957e-003 -2.9999999999999957e-003 4.0000000000000001e-003  1.2960247770263111e-003
-2.9999999999999957e-003 0.0000000000000000e+000 4.0000000000000001e-003  1.2928917433998402e-003
-2.9999999999999957e-003 3.0000000000000027e-003 4.0000000000000001e-003  1.2911336070021984e-003
-2.9999999999999957e-003 6.0000000000000053e-003 4.0000000000000001e-003  1.2935160196771854e-003
-2.9999999999999957e-003 9.0000000000000011e-003 4.0000000000000001e-003  1.2979448705932777e-003
-2.9999999999999957e-003 1.2000000000000004e-002 4.0000000000000001e-003  1.3025041549704021e-003
-2.9999999999999957e-003 1.4999999999999999e-002 4.0000000000000001e-003  1.3070396519720138e-003
-2.9999999999999957e-003 1.8000000000000002e-002 4.0000000000000001e-003  1.3148805713831067e-003
-2.9999999999999957e-003 2.1000000000000005e-002 4.0000000000000001e-003  1.3300502917806909e-003
-2.9999999999999957e-003 2.4000000000000007e-002 4.0000000000000001e-003  1.3482379668292618e-003
-2.9999999999999957e-003 2.7000000000000010e-002 4.0000000000000001e-003  1.3899873269003834e-003
-2.9999999999999957e-003 2.9999999999999999e-002 4.0000000000000001e-003  1.4293393139005013e-003
-2.9999999999999957e-003 3.3000000000000002e-002 4.0000000000000001e-003  1.4658849335015209e-003
-2.9999999999999957e-003 3.6000000000000004e-002 4.0000000000000001e-003  1.5028655374247561e-003
-2.9999999999999957e-003 3.9000000000000007e-002 4.0000000000000001e-003  1.5633817102436768e-003
-2.9999999999999957e-003 4.2000000000000010e-002 4.0000000000000001e-003  1.6163571411353453e-003
-2.9999999999999957e-003 4.4999999999999998e-002 4.0000000000000001e-003  1.6788072513767623e-003
0.0000000000000000e+000 -4.4999999999999998e-002 4.0000000000000001e-003  1.9142927574670302e-003
0.0000000000000000e+000 -4.1999999999999996e-002 4.0000000000000001e-003  1.7514586756637886e-003
0.0000000000000000e+000 -3.9000000000000000e-002 4.0000000000000001e-003  1.6253489587770031e-003
0.0000000000000000e+000 -3.5999999999999997e-002 4.0000000000000001e-003  1.5331046101813997e-003
0.0000000000000000e+000 -3.3000000000000002e-002 4.0000000000000001e-003  1.4904154198196486e-003
0.0000000000000000e+000 -2.9999999999999999e-002 4.0000000000000001e-003  1.4563985706766613e-003
0.0000000000000000e+000 -2.6999999999999996e-002 4.0000000000000001e-003  1.4276654277504859e-003
0.0000000000000000e+000 -2.3999999999999997e-002 4.0000000000000001e-003  1.4072827794412515e-003
0.0000000000000000e+000 -2.0999999999999998e-002 4.0000000000000001e-003  1.3834713736862517e-003
0.0000000000000000e+000 -1.7999999999999999e-002 4.0000000000000001e-003  1.3604432837334103e-003
0.0000000000000000e+000 -1.4999999999999999e-002 4.0000000000000001e-003  1.3382201367953489e-003
0.0000000000000000e+000 -1.1999999999999997e-002 4.0000000000000001e-003  1.3277310016541284e-003
0.0000000000000000e+000 -8.9999999999999941e-003 4.0000000000000001e-003  1.3127418262833814e-003
0.0000000000000000e+000 -5.9999999999999984e-003 4.0000000000000001e-003  1.2995737495186490e-003
0.0000000000000000e+000 -2.9999999999999957e-003 4.0000000000000001e-003  1.2909619942861324e-003
0.0000000000000000e+000 0.0000000000000000e+000 4.0000000000000001e-003  1.2868953320897072e-003
0.0000000000000000e+000 3.0000000000000027e-003 4.0000000000000001e-003  1.2851220575132063e-003
0.0000000000000000e+000 6.0000000000000053e-003 4.0000000000000001e-003  1.2891829458504807e-003
0.0000000000000000e+000 9.0000000000000011e-003 4.0000000000000001e-003  1.2939746057706591e-003
0.0000000000000000e+000 1.2000000000000004e-002 4.0000000000000001e-003  1.2987497620643774e-003
0.0000000000000000e+000 1.4999999999999999e-002 4.0000000000000001e-003  1.3046509649901189e-003
0.0000000000000000e+000 1.8000000000000002e-002 4.0000000000000001e-003  1.3113183395665980e-003
0.0000000000000000e+000 2.1000000000000005e-002 4.0000000000000001e-003  1.3265196298179785e-003
0.0000000000000000e+000 2.4000000000000007e-002 4.0000000000000001e-003  1.3458887939869504e-003
0.0000000000000000e+000 2.7000000000000010e-002 4.0000000000000001e-003  1.3860154252885257e-003
0.0000000000000000e+000 2.9999999999999999e-002 4.0000000000000001e-003  1.4230731538586810e-003
0.0000000000000000e+000 3.3000000000000002e-002 4.0000000000000001e-003  1.4581080180568681e-003
0.0000000000000000e+000 3.6000000000000004e-002 4.0000000000000001e-003  1.4970871703561006e-003
0.0000000000000000e+000 3.9000000000000007e-002 4.0000000000000001e-003  1.5707361471761622e-003
0.0000000000000000e+000 4.2000000000000010e-002 4.0000000000000001e-003  1.6379508147876818e-003
0.0000000000000000e+000 4.4999999999999998e-002 4.0000000000000001e-003  1.6969515787371280e-003
3.0000000000000027e-003 -4.4999999999999998e-002 4.0000000000000001e-003  1.9037859423767347e-003
3.0000000000000027e-003 -4.1999999999999996e-002 4.0000000000000001e-003  1.7327490215588929e-003
3.0000000000000027e-003 -3.9000000000000000e-002 4.0000000000000001e-003  1.6138320855921407e-003
3.0000000000000027e-003 -3.5999999999999997e-002 4.0000000000000001e-003  1.5483937233785616e-003
3.0000000000000027e-003 -3.3000000000000002e-002 4.0000000000000001e-003  1.5027997131417980e-003
3.0000000000000027e-003 -2.9999999999999999e-002 4.0000000000000001e-003  1.4597721964331994e-003
3.0000000000000027e-003 -2.6999999999999996e-002 4.0000000000000001e-003  1.4284857298340083e-003
3.0000000000000027e-003 -2.3999999999999997e-002 4.0000000000000001e-003  1.4044218787236794e-003
3.0000000000000027e-003 -2.0999999999999998e-002 4.0000000000000001e-003  1.3839532623588662e-003
3.0000000000000027e-003 -1.7999999999999999e-002 4.0000000000000001e-003  1.3602079790574647e-003
3.0000000000000027e-003 -1.4999999999999999e-002 4.0000000000000001e-003  1.3380235006145659e-003
3.0000000000000027e-003 -1.1999999999999997e-002 4.0000000000000001e-003  1.3286343536193330e-003
3.0000000000000027e-003 -8.9999999999999941e-003 4.0000000000000001e-003  1.3109168817893194e-003
3.0000000000000027e-003 -5.9999999999999984e-003 4.0000000000000001e-003  1.2968297339845918e-003
3.0000000000000027e-003 -2.9999999999999957e-003 4.0000000000000001e-003  1.2872994320283677e-003
3.0000000000000027e-003 0.0000000000000000e+000 4.0000000000000001e-003  1.2823202267411779e-003
3.0000000000000027e-003 3.0000000000000027e-003 4.0000000000000001e-003  1.2816237031042083e-003
3.0000000000000027e-003 6.0000000000000053e-003 4.0000000000000001e-003  1.2866438056394365e-003
3.0000000000000027e-003 9.0000000000000011e-003 4.0000000000000001e-003  1.2922647886805850e-003
3.0000000000000027e-003 1.2000000000000004e-002 4.0000000000000001e-003  1.2984159580504962e-003
3.0000000000000027e-003 1.4999999999999999e-002 4.0000000000000001e-003  1.3050699452442339e-003
3.0000000000000027e-003 1.8000000000000002e-002 4.0000000000000001e-003  1.3123901797499578e-003
3.0000000000000027e-003 2.1000000000000005e-002 4.0000000000000001e-003  1.3281299735100423e-003
3.0000000000000027e-003 2.4000000000000007e-002 4.0000000000000001e-003  1.3490880323265382e-003
3.0000000000000027e-003 2.7000000000000010e-002 4.0000000000000001e-003  1.3818816486152238e-003
3.0000000000000027e-003 2.9999999999999999e-002 4.0000000000000001e-003  1.4190582362096249e-003
3.0000000000000027e-003 3.3000000000000002e-002 4.0000000000000001e-003  1.4542174841764811e-003
3.0000000000000027e-003 3.6000000000000004e-002 4.0000000000000001e-003  1.4950112401820139e-003
3.0000000000000027e-003 3.9000000000000007e-002 4.0000000000000001e-003  1.5675934511754947e-003
3.0000000000000027e-003 4.2000000000000010e-002 4.0000000000000001e-003  1.6530461187700940e-003
3.0000000000000027e-003 4.4999999999999998e-002 4.0000000000000001e-003  1.7290788484038921e-003
6.0000000000000053e-003 -4.4999999999999998e-002 4.0000000000000001e-003  1.8730118835085488e-003
6.0000000000000053e-003 -4.1999999999999996e-002 4.0000000000000001e-003  1.7294123903535670e-003
6.0000000000000053e-003 -3.9000000000000000e-002 4.0000000000000001e-003  1.6306565661374061e-003
6.0000000000000053e-003 -3.5999999999999997e-002 4.0000000000000001e-003  1.5606441795645435e-003
6.0000000000000053e-003 -3.3000000000000002e-002 4.0000000000000001e-003  1.5130684143932890e-003
6.0000000000000053e-003 -2.9999999999999999e-002 4.0000000000000001e-003  1.4689416286547236e-003
6.0000000000000053e-003 -2.6999999999999996e-002 4.0000000000000001e-003  1.4319544661638855e-003
6.0000000000000053e-003 -2.3999999999999997e-002 4.0000000000000001e-003  1.4024819338503823e-003
6.0000000000000053e-003 -2.0999999999999998e-002 4.0000000000000001e-003  1.3830371461739041e-003
6.0000000000000053e-003 -1.7999999999999999e-002 4.0000000000000001e-003  1.3615620445344050e-003
6.0000000000000053e-003 -1.4999999999999999e-002 4.0000000000000001e-003  1.3408945808480847e-003
6.0000000000000053e-003 -1.1999999999999997e-002 4.0000000000000001e-003  1.3300708547351828e-003
6.0000000000000053e-003 -8.9999999999999941e-003 4.0000000000000001e-003  1.3104970638770418e-003
6.0000000000000053e-003 -5.9999999999999984e-003 4.0000000000000001e-003  1.2954895596097935e-003
6.0000000000000053e-003 -2.9999999999999957e-003 4.0000000000000001e-003  1.2850395058463288e-003
6.0000000000000053e-003 0.0000000000000000e+000 4.0000000000000001e-003  1.2794373863840394e-003
6.0000000000000053e-003 3.0000000000000027e-003 4.0000000000000001e-003  1.2807758736480617e-003
6.0000000000000053e-003 6.0000000000000053e-003 4.0000000000000001e-003  1.2858745457874821e-003
6.0000000000000053e-003 9.0000000000000011e-003 4.0000000000000001e-003  1.2920276311295606e-003
6.0000000000000053e-003 1.2000000000000004e-002 4.0000000000000001e-003  1.2994494347492043e-003
6.0000000000000053e-003 1.4999999999999999e-002 4.0000000000000001e-003  1.3095904839783294e-003
6.0000000000000053e-003 1.8000000000000002e-002 4.0000000000000001e-003  1.3201312026041489e-003
6.0000000000000053e-003 2.1000000000000005e-002 4.0000000000000001e-003  1.3366746523243440e-003
6.0000000000000053e-003 2.4000000000000007e-002 4.0000000000000001e-003  1.3587109957090991e-003
6.0000000000000053e-003 2.7000000000000010e-002 4.0000000000000001e-003  1.3835336306082038e-003
6.0000000000000053e-003 2.9999999999999999e-002 4.0000000000000001e-003  1.4189432903220799e-003
6.0000000000000053e-003 3.3000000000000002e-002 4.0000000000000001e-003  1.4542145009693694e-003
6.0000000000000053e-003 3.6000000000000004e-002 4.0000000000000001e-003  1.4966462094910848e-003
6.0000000000000053e-003 3.9000000000000007e-002 4.0000000000000001e-003  1.5682214656830959e-003
6.0000000000000053e-003 4.2000000000000010e-002 4.0000000000000001e-003  1.6526192444668393e-003
6.0000000000000053e-003 4.4999999999999998e-002 4.0000000000000001e-003  1.7525602037454966e-003
9.0000000000000011e-003 -4.4999999999999998e-002 4.0000000000000001e-003  1.8836395250159395e-003
9.0000000000000011e-003 -4.1999999999999996e-002 4.0000000000000001e-003  1.7476414518683716e-003
9.0000000000000011e-003 -3.9000000000000000e-002 4.0000000000000001e-003  1.6446282762080319e-003
9.0000000000000011e-003 -3.5999999999999997e-002 4.0000000000000001e-003  1.5698151036446851e-003
9.0000000000000011e-003 -3.3000000000000002e-002 4.0000000000000001e-003  1.5212089774195947e-003
9.0000000000000011e-003 -2.9999999999999999e-002 4.0000000000000001e-003  1.4794717643354151e-003
9.0000000000000011e-003 -2.6999999999999996e-002 4.0000000000000001e-003  1.4370118566224828e-003
9.0000000000000011e-003 -2.3999999999999997e-002 4.0000000000000001e-003  1.4060319475798341e-003
9.0000000000000011e-003 -2.0999999999999998e-002 4.0000000000000001e-003  1.3805288256823016e-003
9.0000000000000011e-003 -1.7999999999999999e-002 4.0000000000000001e-003  1.3635596018277262e-003
9.0000000000000011e-003 -1.4999999999999999e-002 4.0000000000000001e-003  1.3455071984621997e-003
9.0000000000000011e-003 -1.1999999999999997e-002 4.0000000000000001e-003  1.3319825292107729e-003
9.0000000000000011e-003 -8.9999999999999941e-003 4.0000000000000001e-003  1.3114857702892890e-003
9.0000000000000011e-003 -5.9999999999999984e-003 4.0000000000000001e-003  1.2957600394077713e-003
9.0000000000000011e-003 -2.9999999999999957e-003 4.0000000000000001e-003  1.2882793081959742e-003
9.0000000000000011e-003 0.0000000000000000e+000 4.0000000000000001e-003  1.2851554783573733e-003
9.0000000000000011e-003 3.0000000000000027e-003 4.0000000000000001e-003  1.2860388334461489e-003
9.0000000000000011e-003 6.0000000000000053e-003 4.0000000000000001e-003  1.2883538394752219e-003
9.0000000000000011e-003 9.0000000000000011e-003 4.0000000000000001e-003  1.2971149489887281e-003
9.0000000000000011e-003 1.2000000000000004e-002 4.0000000000000001e-003  1.3076531798983408e-003
9.0000000000000011e-003 1.4999999999999999e-002 4.0000000000000001e-003  1.3185932294866923e-003
9.0000000000000011e-003 1.8000000000000002e-002 4.0000000000000001e-003  1.3299295470364778e-003
9.0000000000000011e-003 2.1000000000000005e-002 4.0000000000000001e-003  1.3465558918122674e-003
9.0000000000000011e-003 2.4000000000000007e-002 4.0000000000000001e-003  1.3676064514068222e-003
9.0000000000000011e-003 2.7000000000000010e-002 4.0000000000000001e-003  1.3937157618201985e-003
9.0000000000000011e-003 2.9999999999999999e-002 4.0000000000000001e-003  1.4227433082938340e-003
9.0000000000000011e-003 3.3000000000000002e-002 4.0000000000000001e-003  1.4581106033685867e-003
9.0000000000000011e-003 3.6000000000000004e-002 4.0000000000000001e-003  1.5020094218472571e-003
9.0000000000000011e-003 3.9000000000000007e-002 4.0000000000000001e-003  1.5726303943635928e-003
9.0000000000000011e-003 4.2000000000000010e-002 4.0000000000000001e-003  1.6560497882458169e-003
9.0000000000000011e-003 4.4999999999999998e-002 4.0000000000000001e-003  1.7549181212009439e-003
1.2000000000000004e-002 -4.4999999999999998e-002 4.0000000000000001e-003  1.8822046785770415e-003
1.2000000000000004e-002 -4.1999999999999996e-002 4.0000000000000001e-003  1.7549942869753588e-003
1.2000000000000004e-002 -3.9000000000000000e-002 4.0000000000000001e-003  1.6559379421985077e-003
1.2000000000000004e-002 -3.5999999999999997e-002 4.0000000000000001e-003  1.5810460574073944e-003
1.2000000000000004e-002 -3.3000000000000002e-002 4.0000000000000001e-003  1.5296252500876981e-003
1.2000000000000004e-002 -2.9999999999999999e-002 4.0000000000000001e-003  1.4878878770892903e-003
1.2000000000000004e-002 -2.6999999999999996e-002 4.0000000000000001e-003  1.4478023012892425e-003
1.2000000000000004e-002 -2.3999999999999997e-002 4.0000000000000001e-003  1.4085841949012592e-003
1.2000000000000004e-002 -2.0999999999999998e-002 4.0000000000000001e-003  1.3820730641764208e-003
1.2000000000000004e-002 -1.7999999999999999e-002 4.0000000000000001e-003  1.3621609012564816e-003
1.2000000000000004e-002 -1.4999999999999999e-002 4.0000000000000001e-003  1.3515290438966673e-003
1.2000000000000004e-002 -1.1999999999999997e-002 4.0000000000000001e-003  1.3354186719364840e-003
1.2000000000000004e-002 -8.9999999999999941e-003 4.0000000000000001e-003  1.3179266108617575e-003
1.2000000000000004e-002 -5.9999999999999984e-003 4.0000000000000001e-003  1.3047953676321444e-003
1.2000000000000004e-002 -2.9999999999999957e-003 4.0000000000000001e-003  1.2960167095389652e-003
1.2000000000000004e-002 0.0000000000000000e+000 4.0000000000000001e-003  1.2940183371849400e-003
1.2000000000000004e-002 3.0000000000000027e-003 4.0000000000000001e-003  1.2976299754307776e-003
1.2000000000000004e-002 6.0000000000000053e-003 4.0000000000000001e-003  1.3017853131802491e-003
1.2000000000000004e-002 9.0000000000000011e-003 4.0000000000000001e-003  1.3065739092778849e-003
1.2000000000000004e-002 1.2000000000000004e-002 4.0000000000000001e-003  1.3179126393473269e-003
1.2000000000000004e-002 1.4999999999999999e-002 4.0000000000000001e-003  1.3296498542587809e-003
1.2000000000000004e-002 1.8000000000000002e-002 4.0000000000000001e-003  1.3419393869424617e-003
1.2000000000000004e-002 2.1000000000000005e-002 4.0000000000000001e-003  1.3578887114047407e-003
1.2000000000000004e-002 2.4000000000000007e-002 4.0000000000000001e-003  1.3781545952837346e-003
1.2000000000000004e-002 2.7000000000000010e-002 4.0000000000000001e-003  1.4029657565154886e-003
1.2000000000000004e-002 2.9999999999999999e-002 4.0000000000000001e-003  1.4331091789955676e-003
1.2000000000000004e-002 3.3000000000000002e-002 4.0000000000000001e-003  1.4659276921312264e-003
1.2000000000000004e-002 3.6000000000000004e-002 4.0000000000000001e-003  1.5111271017898525e-003
1.2000000000000004e-002 3.9000000000000007e-002 4.0000000000000001e-003  1.5808393218569815e-003
1.2000000000000004e-002 4.2000000000000010e-002 4.0000000000000001e-003  1.6633496948476971e-003
1.2000000000000004e-002 4.4999999999999998e-002 4.0000000000000001e-003  1.7612385982728577e-003
1.4999999999999999e-002 -4.4999999999999998e-002 4.0000000000000001e-003  1.8830385339871137e-003
1.4999999999999999e-002 -4.1999999999999996e-002 4.0000000000000001e-003  1.7549443080114371e-003
1.4999999999999999e-002 -3.9000000000000000e-002 4.0000000000000001e-003  1.6626695927987754e-003
1.4999999999999999e-002 -3.5999999999999997e-002 4.0000000000000001e-003  1.5997527242748064e-003
1.4999999999999999e-002 -3.3000000000000002e-002 4.0000000000000001e-003  1.5446844006373405e-003
1.4999999999999999e-002 -2.9999999999999999e-002 4.0000000000000001e-003  1.5003144657366172e-003
1.4999999999999999e-002 -2.6999999999999996e-002 4.0000000000000001e-003  1.4579748976842701e-003
1.4999999999999999e-002 -2.3999999999999997e-002 4.0000000000000001e-003  1.4176778360027893e-003
1.4999999999999999e-002 -2.0999999999999998e-002 4.0000000000000001e-003  1.3874841089218843e-003
1.4999999999999999e-002 -1.7999999999999999e-002 4.0000000000000001e-003  1.3671503958855545e-003
1.4999999999999999e-002 -1.4999999999999999e-002 4.0000000000000001e-003  1.3595663658099316e-003
1.4999999999999999e-002 -1.1999999999999997e-002 4.0000000000000001e-003  1.3478243914669950e-003
1.4999999999999999e-002 -8.9999999999999941e-003 4.0000000000000001e-003  1.3290220713831225e-003
1.4999999999999999e-002 -5.9999999999999984e-003 4.0000000000000001e-003  1.3163984771011623e-003
1.4999999999999999e-002 -2.9999999999999957e-003 4.0000000000000001e-003  1.3116522524357118e-003
1.4999999999999999e-002 0.0000000000000000e+000 4.0000000000000001e-003  1.3125679750205473e-003
1.4999999999999999e-002 3.0000000000000027e-003 4.0000000000000001e-003  1.3137975381488471e-003
1.4999999999999999e-002 6.0000000000000053e-003 4.0000000000000001e-003  1.3182470716783727e-003
1.4999999999999999e-002 9.0000000000000011e-003 4.0000000000000001e-003  1.3224190868098870e-003
1.4999999999999999e-002 1.2000000000000004e-002 4.0000000000000001e-003  1.3302236236620412e-003
1.4999999999999999e-002 1.4999999999999999e-002 4.0000000000000001e-003  1.3427564604793691e-003
1.4999999999999999e-002 1.8000000000000002e-002 4.0000000000000001e-003  1.3554874113639339e-003
1.4999999999999999e-002 2.1000000000000005e-002 4.0000000000000001e-003  1.3706715601044853e-003
1.4999999999999999e-002 2.4000000000000007e-002 4.0000000000000001e-003  1.3901594323602118e-003
1.4999999999999999e-002 2.7000000000000010e-002 4.0000000000000001e-003  1.4139529145191540e-003
1.4999999999999999e-002 2.9999999999999999e-002 4.0000000000000001e-003  1.4429471235057889e-003
1.4999999999999999e-002 3.3000000000000002e-002 4.0000000000000001e-003  1.4768729014524092e-003
1.4999999999999999e-002 3.6000000000000004e-002 4.0000000000000001e-003  1.5220597524581091e-003
1.4999999999999999e-002 3.9000000000000007e-002 4.0000000000000001e-003  1.5808097344293475e-003
1.4999999999999999e-002 4.2000000000000010e-002 4.0000000000000001e-003  1.6469184449275527e-003
1.4999999999999999e-002 4.4999999999999998e-002 4.0000000000000001e-003  1.7247603078055702e-003
1.8000000000000002e-002 -4.4999999999999998e-002 4.0000000000000001e-003  1.8904004802247131e-003
1.8000000000000002e-002 -4.1999999999999996e-002 4.0000000000000001e-003  1.7715100744350874e-003
1.8000000000000002e-002 -3.9000000000000000e-002 4.0000000000000001e-003  1.6814572407125692e-003
1.8000000000000002e-002 -3.5999999999999997e-002 4.0000000000000001e-003  1.6170035070226102e-003
1.8000000000000002e-002 -3.3000000000000002e-002 4.0000000000000001e-003  1.5583350508859446e-003
1.8000000000000002e-002 -2.9999999999999999e-002 4.0000000000000001e-003  1.5120086161926564e-003
1.8000000000000002e-002 -2.6999999999999996e-002 4.0000000000000001e-003  1.4677181904975563e-003
1.8000000000000002e-002 -2.3999999999999997e-002 4.0000000000000001e-003  1.4368307934732986e-003
1.8000000000000002e-002 -2.0999999999999998e-002 4.0000000000000001e-003  1.4117846629083449e-003
1.8000000000000002e-002 -1.7999999999999999e-002 4.0000000000000001e-003  1.3820538818853673e-003
1.8000000000000002e-002 -1.4999999999999999e-002 4.0000000000000001e-003  1.3732460877466353e-003
1.8000000000000002e-002 -1.1999999999999997e-002 4.0000000000000001e-003  1.3626213788691499e-003
1.8000000000000002e-002 -8.9999999999999941e-003 4.0000000000000001e-003  1.3463568435093675e-003
1.8000000000000002e-002 -5.9999999999999984e-003 4.0000000000000001e-003  1.3366119541782561e-003
1.8000000000000002e-002 -2.9999999999999957e-003 4.0000000000000001e-003  1.3330001205349364e-003
1.8000000000000002e-002 0.0000000000000000e+000 4.0000000000000001e-003  1.3343539386639638e-003
1.8000000000000002e-002 3.0000000000000027e-003 4.0000000000000001e-003  1.3350892046432206e-003
1.8000000000000002e-002 6.0000000000000053e-003 4.0000000000000001e-003  1.3377182535441287e-003
1.8000000000000002e-002 9.0000000000000011e-003 4.0000000000000001e-003  1.3421817402634300e-003
1.8000000000000002e-002 1.2000000000000004e-002 4.0000000000000001e-003  1.3463657677616129e-003
1.8000000000000002e-002 1.4999999999999999e-002 4.0000000000000001e-003  1.3579101256643697e-003
1.8000000000000002e-002 1.8000000000000002e-002 4.0000000000000001e-003  1.3704806217068612e-003
1.8000000000000002e-002 2.1000000000000005e-002 4.0000000000000001e-003  1.3849030636082147e-003
1.8000000000000002e-002 2.4000000000000007e-002 4.0000000000000001e-003  1.4036192127116942e-003
1.8000000000000002e-002 2.7000000000000010e-002 4.0000000000000001e-003  1.4271795296771101e-003
1.8000000000000002e-002 2.9999999999999999e-002 4.0000000000000001e-003  1.4583212644498835e-003
1.8000000000000002e-002 3.3000000000000002e-002 4.0000000000000001e-003  1.4890458951109646e-003
1.8000000000000002e-002 3.6000000000000004e-002 4.0000000000000001e-003  1.5212768720646935e-003
1.8000000000000002e-002 3.9000000000000007e-002 4.0000000000000001e-003  1.5642867215344030e-003
1.8000000000000002e-002 4.2000000000000010e-002 4.0000000000000001e-003  1.6407648312788401e-003
1.8000000000000002e-002 4.4999999999999998e-002 4.0000000000000001e-003  1.7402402520479907e-003
2.1000000000000005e-002 -4.4999999999999998e-002 4.0000000000000001e-003  1.9196287682180378e-003
2.1000000000000005e-002 -4.1999999999999996e-002 4.0000000000000001e-003  1.7911400044107488e-003
2.1000000000000005e-002 -3.9000000000000000e-002 4.0000000000000001e-003  1.7092275319241584e-003
2.1000000000000005e-002 -3.5999999999999997e-002 4.0000000000000001e-003  1.6325950174081454e-003
2.1000000000000005e-002 -3.3000000000000002e-002 4.0000000000000001e-003  1.5710630792848759e-003
2.1000000000000005e-002 -2.9999999999999999e-002 4.0000000000000001e-003  1.5222946317112521e-003
2.1000000000000005e-002 -2.6999999999999996e-002 4.0000000000000001e-003  1.4849948954929525e-003
2.1000000000000005e-002 -2.3999999999999997e-002 4.0000000000000001e-003  1.4680091074868971e-003
2.1000000000000005e-002 -2.0999999999999998e-002 4.0000000000000001e-003  1.4391536360743339e-003
2.1000000000000005e-002 -1.7999999999999999e-002 4.0000000000000001e-003  1.4140899101057331e-003
2.1000000000000005e-002 -1.4999999999999999e-002 4.0000000000000001e-003  1.4042677739981883e-003
2.1000000000000005e-002 -1.1999999999999997e-002 4.0000000000000001e-003  1.3963656712581915e-003
2.1000000000000005e-002 -8.9999999999999941e-003 4.0000000000000001e-003  1.3689055548172034e-003
2.1000000000000005e-002 -5.9999999999999984e-003 4.0000000000000001e-003  1.3602977512463994e-003
2.1000000000000005e-002 -2.9999999999999957e-003 4.0000000000000001e-003  1.3578203481069743e-003
2.1000000000000005e-002 0.0000000000000000e+000 4.0000000000000001e-003  1.3593963122567735e-003
2.1000000000000005e-002 3.0000000000000027e-003 4.0000000000000001e-003  1.3600880085836943e-003
2.1000000000000005e-002 6.0000000000000053e-003 4.0000000000000001e-003  1.3609489184636479e-003
2.1000000000000005e-002 9.0000000000000011e-003 4.0000000000000001e-003  1.3649420851750589e-003
2.1000000000000005e-002 1.2000000000000004e-002 4.0000000000000001e-003  1.3694168110930185e-003
2.1000000000000005e-002 1.4999999999999999e-002 4.0000000000000001e-003  1.3751089026608396e-003
2.1000000000000005e-002 1.8000000000000002e-002 4.0000000000000001e-003  1.3869181959832004e-003
2.1000000000000005e-002 2.1000000000000005e-002 4.0000000000000001e-003  1.4020012778776312e-003
2.1000000000000005e-002 2.4000000000000007e-002 4.0000000000000001e-003  1.4240618567590885e-003
2.1000000000000005e-002 2.7000000000000010e-002 4.0000000000000001e-003  1.4496904954624001e-003
2.1000000000000005e-002 2.9999999999999999e-002 4.0000000000000001e-003  1.4788863945545080e-003
2.1000000000000005e-002 3.3000000000000002e-002 4.0000000000000001e-003  1.5020270123705934e-003
2.1000000000000005e-002 3.6000000000000004e-002 4.0000000000000001e-003  1.5454735050997677e-003
2.1000000000000005e-002 3.9000000000000007e-002 4.0000000000000001e-003  1.5953018594506002e-003
2.1000000000000005e-002 4.2000000000000010e-002 4.0000000000000001e-003  1.6591692868886984e-003
2.1000000000000005e-002 4.4999999999999998e-002 4.0000000000000001e-003  1.7572235324137949e-003
2.4000000000000007e-002 -4.4999999999999998e-002 4.0000000000000001e-003  1.9543578037492385e-003
2.4000000000000007e-002 -4.1999999999999996e-002 4.0000000000000001e-003  1.8224621601942289e-003
2.4000000000000007e-002 -3.9000000000000000e-002 4.0000000000000001e-003  1.7316613971166751e-003
2.4000000000000007e-002 -3.5999999999999997e-002 4.0000000000000001e-003  1.6549134545188918e-003
2.4000000000000007e-002 -3.3000000000000002e-002 4.0000000000000001e-003  1.5836451479345291e-003
2.4000000000000007e-002 -2.9999999999999999e-002 4.0000000000000001e-003  1.5379741361122373e-003
2.4000000000000007e-002 -2.6999999999999996e-002 4.0000000000000001e-003  1.5146485173523831e-003
2.4000000000000007e-002 -2.3999999999999997e-002 4.0000000000000001e-003  1.4968707691808295e-003
2.4000000000000007e-002 -2.0999999999999998e-002 4.0000000000000001e-003  1.4664708570151176e-003
2.4000000000000007e-002 -1.7999999999999999e-002 4.0000000000000001e-003  1.4454000937947642e-003
2.4000000000000007e-002 -1.4999999999999999e-002 4.0000000000000001e-003  1.4349482144146791e-003
2.4000000000000007e-002 -1.1999999999999997e-002 4.0000000000000001e-003  1.4269171412971476e-003
2.4000000000000007e-002 -8.9999999999999941e-003 4.0000000000000001e-003  1.4053978526124933e-003
2.4000000000000007e-002 -5.9999999999999984e-003 4.0000000000000001e-003  1.3874574620467378e-003
2.4000000000000007e-002 -2.9999999999999957e-003 4.0000000000000001e-003  1.3861154286553927e-003
2.4000000000000007e-002 0.0000000000000000e+000 4.0000000000000001e-003  1.3876939943482016e-003
2.4000000000000007e-002 3.0000000000000027e-003 4.0000000000000001e-003  1.3883366120816267e-003
2.4000000000000007e-002 6.0000000000000053e-003 4.0000000000000001e-003  1.3891463623668006e-003
2.4000000000000007e-002 9.0000000000000011e-003 4.0000000000000001e-003  1.3906836507659437e-003
2.4000000000000007e-002 1.2000000000000004e-002 4.0000000000000001e-003  1.3954561401272646e-003
2.4000000000000007e-002 1.4999999999999999e-002 4.0000000000000001e-003  1.3974130425189401e-003
2.4000000000000007e-002 1.8000000000000002e-002 4.0000000000000001e-003  1.4115569579959478e-003
2.4000000000000007e-002 2.1000000000000005e-002 4.0000000000000001e-003  1.4281297487421562e-003
2.4000000000000007e-002 2.4000000000000007e-002 4.0000000000000001e-003  1.4482927096728724e-003
2.4000000000000007e-002 2.7000000000000010e-002 4.0000000000000001e-003  1.4720459395703950e-003
2.4000000000000007e-002 2.9999999999999999e-002 4.0000000000000001e-003  1.5087003751358386e-003
2.4000000000000007e-002 3.3000000000000002e-002 4.0000000000000001e-003  1.5352726371940981e-003
2.4000000000000007e-002 3.6000000000000004e-002 4.0000000000000001e-003  1.5785568490431581e-003
2.4000000000000007e-002 3.9000000000000007e-002 4.0000000000000001e-003  1.6333645520885474e-003
2.4000000000000007e-002 4.2000000000000010e-002 4.0000000000000001e-003  1.7052417520675835e-003
2.4000000000000007e-002 4.4999999999999998e-002 4.0000000000000001e-003  1.7912277686576927e-003
2.7000000000000010e-002 -4.4999999999999998e-002 4.0000000000000001e-003  2.0084380945509599e-003
2.7000000000000010e-002 -4.1999999999999996e-002 4.0000000000000001e-003  1.8645706921604109e-003
2.7000000000000010e-002 -3.9000000000000000e-002 4.0000000000000001e-003  1.7526810167157920e-003
2.7000000000000010e-002 -3.5999999999999997e-002 4.0000000000000001e-003  1.6720188375980020e-003
2.7000000000000010e-002 -3.3000000000000002e-002 4.0000000000000001e-003  1.6099340668213025e-003
2.7000000000000010e-002 -2.9999999999999999e-002 4.0000000000000001e-003  1.5668261880834903e-003
2.7000000000000010e-002 -2.6999999999999996e-002 4.0000000000000001e-003  1.5440871166628766e-003
2.7000000000000010e-002 -2.3999999999999997e-002 4.0000000000000001e-003  1.5233885421582160e-003
2.7000000000000010e-002 -2.0999999999999998e-002 4.0000000000000001e-003  1.4955781020659293e-003
2.7000000000000010e-002 -1.7999999999999999e-002 4.0000000000000001e-003  1.4759878015659809e-003
2.7000000000000010e-002 -1.4999999999999999e-002 4.0000000000000001e-003  1.4652873764059422e-003
2.7000000000000010e-002 -1.1999999999999997e-002 4.0000000000000001e-003  1.4571299197739830e-003
2.7000000000000010e-002 -8.9999999999999941e-003 4.0000000000000001e-003  1.4426625549248354e-003
2.7000000000000010e-002 -5.9999999999999984e-003 4.0000000000000001e-003  1.4262503565896176e-003
2.7000000000000010e-002 -2.9999999999999957e-003 4.0000000000000001e-003  1.4178887205391717e-003
2.7000000000000010e-002 0.0000000000000000e+000 4.0000000000000001e-003  1.4192459730703987e-003
2.7000000000000010e-002 3.0000000000000027e-003 4.0000000000000001e-003  1.4198338626558915e-003
2.7000000000000010e-002 6.0000000000000053e-003 4.0000000000000001e-003  1.4190492936229095e-003
2.7000000000000010e-002 9.0000000000000011e-003 4.0000000000000001e-003  1.4181754999188785e-003
2.7000000000000010e-002 1.2000000000000004e-002 4.0000000000000001e-003  1.4176126261843918e-003
2.7000000000000010e-002 1.4999999999999999e-002 4.0000000000000001e-003  1.4212433916593388e-003
2.7000000000000010e-002 1.8000000000000002e-002 4.0000000000000001e-003  1.4393241436325551e-003
2.7000000000000010e-002 2.1000000000000005e-002 4.0000000000000001e-003  1.4553884290047937e-003
2.7000000000000010e-002 2.4000000000000007e-002 4.0000000000000001e-003  1.4832735673617780e-003
2.7000000000000010e-002 2.7000000000000010e-002 4.0000000000000001e-003  1.5151043255388357e-003
2.7000000000000010e-002 2.9999999999999999e-002 4.0000000000000001e-003  1.5474521205852015e-003
2.7000000000000010e-002 3.3000000000000002e-002 4.0000000000000001e-003  1.5738671602021773e-003
2.7000000000000010e-002 3.6000000000000004e-002 4.0000000000000001e-003  1.6128141294149800e-003
2.7000000000000010e-002 3.9000000000000007e-002 4.0000000000000001e-003  1.6734599031204965e-003
2.7000000000000010e-002 4.2000000000000010e-002 4.0000000000000001e-003  1.7533050113600829e-003
2.7000000000000010e-002 4.4999999999999998e-002 4.0000000000000001e-003  1.8473279689261619e-003
2.9999999999999999e-002 -4.4999999999999998e-002 4.0000000000000001e-003  2.0372097925120299e-003
2.9999999999999999e-002 -4.1999999999999996e-002 4.0000000000000001e-003  1.9020528009114229e-003
2.9999999999999999e-002 -3.9000000000000000e-002 4.0000000000000001e-003  1.7908573774552833e-003
2.9999999999999999e-002 -3.5999999999999997e-002 4.0000000000000001e-003  1.7107340028181253e-003
2.9999999999999999e-002 -3.3000000000000002e-002 4.0000000000000001e-003  1.6495037015167853e-003
2.9999999999999999e-002 -2.9999999999999999e-002 4.0000000000000001e-003  1.6092492147908985e-003
2.9999999999999999e-002 -2.6999999999999996e-002 4.0000000000000001e-003  1.5774317251679986e-003
2.9999999999999999e-002 -2.3999999999999997e-002 4.0000000000000001e-003  1.5495435373961285e-003
2.9999999999999999e-002 -2.0999999999999998e-002 4.0000000000000001e-003  1.5239952560198629e-003
2.9999999999999999e-002 -1.7999999999999999e-002 4.0000000000000001e-003  1.5058611282198122e-003
2.9999999999999999e-002 -1.4999999999999999e-002 4.0000000000000001e-003  1.4952894706746281e-003
2.9999999999999999e-002 -1.1999999999999997e-002 4.0000000000000001e-003  1.4880679434530501e-003
2.9999999999999999e-002 -8.9999999999999941e-003 4.0000000000000001e-003  1.4801780584663801e-003
2.9999999999999999e-002 -5.9999999999999984e-003 4.0000000000000001e-003  1.4695976023012050e-003
2.9999999999999999e-002 -2.9999999999999957e-003 4.0000000000000001e-003  1.4586318961708838e-003
2.9999999999999999e-002 0.0000000000000000e+000 4.0000000000000001e-003  1.4509298102688072e-003
2.9999999999999999e-002 3.0000000000000027e-003 4.0000000000000001e-003  1.4495956524858738e-003
2.9999999999999999e-002 6.0000000000000053e-003 4.0000000000000001e-003  1.4488281534920035e-003
2.9999999999999999e-002 9.0000000000000011e-003 4.0000000000000001e-003  1.4540148679390978e-003
2.9999999999999999e-002 1.2000000000000004e-002 4.0000000000000001e-003  1.4587047181655159e-003
2.9999999999999999e-002 1.4999999999999999e-002 4.0000000000000001e-003  1.4621982163552610e-003
2.9999999999999999e-002 1.8000000000000002e-002 4.0000000000000001e-003  1.4793371964602602e-003
2.9999999999999999e-002 2.1000000000000005e-002 4.0000000000000001e-003  1.5020468119043436e-003
2.9999999999999999e-002 2.4000000000000007e-002 4.0000000000000001e-003  1.5287016376782088e-003
2.9999999999999999e-002 2.7000000000000010e-002 4.0000000000000001e-003  1.5592967249486256e-003
2.9999999999999999e-002 2.9999999999999999e-002 4.0000000000000001e-003  1.5834019664816902e-003
2.9999999999999999e-002 3.3000000000000002e-002 4.0000000000000001e-003  1.6123478015968198e-003
2.9999999999999999e-002 3.6000000000000004e-002 4.0000000000000001e-003  1.6482881369586865e-003
2.9999999999999999e-002 3.9000000000000007e-002 4.0000000000000001e-003  1.6730991580250069e-003
2.9999999999999999e-002 4.2000000000000010e-002 4.0000000000000001e-003  1.7799882468482410e-003
2.9999999999999999e-002 4.4999999999999998e-002 4.0000000000000001e-003  1.8959985203745343e-003
3.3000000000000002e-002 -4.4999999999999998e-002 4.0000000000000001e-003  2.0688642054054454e-003
3.3000000000000002e-002 -4.1999999999999996e-002 4.0000000000000001e-003  1.9423289629303042e-003
3.3000000000000002e-002 -3.9000000000000000e-002 4.0000000000000001e-003  1.8474609252533238e-003
3.3000000000000002e-002 -3.5999999999999997e-002 4.0000000000000001e-003  1.7679861072756669e-003
3.3000000000000002e-002 -3.3000000000000002e-002 4.0000000000000001e-003  1.7033230265935384e-003
3.3000000000000002e-002 -2.9999999999999999e-002 4.0000000000000001e-003  1.6644170119396991e-003
3.3000000000000002e-002 -2.6999999999999996e-002 4.0000000000000001e-003  1.6344430305108093e-003
3.3000000000000002e-002 -2.3999999999999997e-002 4.0000000000000001e-003  1.5880627528936967e-003
3.3000000000000002e-002 -2.0999999999999998e-002 4.0000000000000001e-003  1.5661352038066876e-003
3.3000000000000002e-002 -1.7999999999999999e-002 4.0000000000000001e-003  1.5490488094571213e-003
3.3000000000000002e-002 -1.4999999999999999e-002 4.0000000000000001e-003  1.5353635029512335e-003
3.3000000000000002e-002 -1.1999999999999997e-002 4.0000000000000001e-003  1.5347703317586420e-003
3.3000000000000002e-002 -8.9999999999999941e-003 4.0000000000000001e-003  1.5266291727175458e-003
3.3000000000000002e-002 -5.9999999999999984e-003 4.0000000000000001e-003  1.5180464531242867e-003
3.3000000000000002e-002 -2.9999999999999957e-003 4.0000000000000001e-003  1.5062123132373849e-003
3.3000000000000002e-002 0.0000000000000000e+000 4.0000000000000001e-003  1.4925114315795681e-003
3.3000000000000002e-002 3.0000000000000027e-003 4.0000000000000001e-003  1.4932631054537216e-003
3.3000000000000002e-002 6.0000000000000053e-003 4.0000000000000001e-003  1.4978921612305734e-003
3.3000000000000002e-002 9.0000000000000011e-003 4.0000000000000001e-003  1.5037135341360998e-003
3.3000000000000002e-002 1.2000000000000004e-002 4.0000000000000001e-003  1.5087586069734895e-003
3.3000000000000002e-002 1.4999999999999999e-002 4.0000000000000001e-003  1.5137769168572124e-003
3.3000000000000002e-002 1.8000000000000002e-002 4.0000000000000001e-003  1.5249692444761825e-003
3.3000000000000002e-002 2.1000000000000005e-002 4.0000000000000001e-003  1.5503508375589478e-003
3.3000000000000002e-002 2.4000000000000007e-002 4.0000000000000001e-003  1.5749035201747627e-003
3.3000000000000002e-002 2.7000000000000010e-002 4.0000000000000001e-003  1.6042926099750850e-003
3.3000000000000002e-002 2.9999999999999999e-002 4.0000000000000001e-003  1.6206165170024748e-003
3.3000000000000002e-002 3.3000000000000002e-002 4.0000000000000001e-003  1.6507364243602445e-003
3.3000000000000002e-002 3.6000000000000004e-002 4.0000000000000001e-003  1.6940468876750490e-003
3.3000000000000002e-002 3.9000000000000007e-002 4.0000000000000001e-003  1.7377725922085336e-003
3.3000000000000002e-002 4.2000000000000010e-002 4.0000000000000001e-003  1.8222379924097631e-003
3.3000000000000002e-002 4.4999999999999998e-002 4.0000000000000001e-003  1.9386996670881754e-003
3.6000000000000004e-002 -4.4999999999999998e-002 4.0000000000000001e-003  2.1568894642415518e-003
3.6000000000000004e-002 -4.1999999999999996e-002 4.0000000000000001e-003  1.9947887889491221e-003
3.6000000000000004e-002 -3.9000000000000000e-002 4.0000000000000001e-003  1.9023506231342639e-003
3.6000000000000004e-002 -3.5999999999999997e-002 4.0000000000000001e-003  1.8328366539069169e-003
3.6000000000000004e-002 -3.3000000000000002e-002 4.0000000000000001e-003  1.7744718871915248e-003
3.6000000000000004e-002 -2.9999999999999999e-002 4.0000000000000001e-003  1.7370702887588348e-003
3.6000000000000004e-002 -2.6999999999999996e-002 4.0000000000000001e-003  1.7037420412505803e-003
3.6000000000000004e-002 -2.3999999999999997e-002 4.0000000000000001e-003  1.6614758589081715e-003
3.6000000000000004e-002 -2.0999999999999998e-002 4.0000000000000001e-003  1.6240128283569431e-003
3.6000000000000004e-002 -1.7999999999999999e-002 4.0000000000000001e-003  1.6186454721807907e-003
3.6000000000000004e-002 -1.4999999999999999e-002 4.0000000000000001e-003  1.6038588354552010e-003
3.6000000000000004e-002 -1.1999999999999997e-002 4.0000000000000001e-003  1.5844524511711713e-003
3.6000000000000004e-002 -8.9999999999999941e-003 4.0000000000000001e-003  1.5782287995685642e-003
3.6000000000000004e-002 -5.9999999999999984e-003 4.0000000000000001e-003  1.5715469905302870e-003
3.6000000000000004e-002 -2.9999999999999957e-003 4.0000000000000001e-003  1.5673970597008650e-003
3.6000000000000004e-002 0.0000000000000000e+000 4.0000000000000001e-003  1.5683002783664338e-003
3.6000000000000004e-002 3.0000000000000027e-003 4.0000000000000001e-003  1.5623995768044795e-003
3.6000000000000004e-002 6.0000000000000053e-003 4.0000000000000001e-003  1.5637753367111254e-003
3.6000000000000004e-002 9.0000000000000011e-003 4.0000000000000001e-003  1.5714413478483992e-003
3.6000000000000004e-002 1.2000000000000004e-002 4.0000000000000001e-003  1.5785524830281927e-003
3.6000000000000004e-002 1.4999999999999999e-002 4.0000000000000001e-003  1.5858404490335385e-003
3.6000000000000004e-002 1.8000000000000002e-002 4.0000000000000001e-003  1.5960602396685364e-003
3.6000000000000004e-002 2.1000000000000005e-002 4.0000000000000001e-003  1.6146762770922981e-003
3.6000000000000004e-002 2.4000000000000007e-002 4.0000000000000001e-003  1.6333311024822790e-003
3.6000000000000004e-002 2.7000000000000010e-002 4.0000000000000001e-003  1.6501448346310844e-003
3.6000000000000004e-002 2.9999999999999999e-002 4.0000000000000001e-003  1.6624789732156040e-003
3.6000000000000004e-002 3.3000000000000002e-002 4.0000000000000001e-003  1.7084359496351723e-003
3.6000000000000004e-002 3.6000000000000004e-002 4.0000000000000001e-003  1.7730360107482105e-003
3.6000000000000004e-002 3.9000000000000007e-002 4.0000000000000001e-003  1.8349398612165734e-003
3.6000000000000004e-002 4.2000000000000010e-002 4.0000000000000001e-003  1.8822353472436471e-003
3.6000000000000004e-002 4.4999999999999998e-002 4.0000000000000001e-003  1.9814341666315226e-003
3.9000000000000007e-002 -4.4999999999999998e-002 4.0000000000000001e-003  2.2549809898387710e-003
3.9000000000000007e-002 -4.1999999999999996e-002 4.0000000000000001e-003  2.0749385437207357e-003
3.9000000000000007e-002 -3.9000000000000000e-002 4.0000000000000001e-003  1.9704006217930391e-003
3.9000000000000007e-002 -3.5999999999999997e-002 4.0000000000000001e-003  1.9207498544734603e-003
3.9000000000000007e-002 -3.3000000000000002e-002 4.0000000000000001e-003  1.8618444769753864e-003
3.9000000000000007e-002 -2.9999999999999999e-002 4.0000000000000001e-003  1.8174781292589661e-003
3.9000000000000007e-002 -2.6999999999999996e-002 4.0000000000000001e-003  1.7890469879815565e-003
3.9000000000000007e-002 -2.3999999999999997e-002 4.0000000000000001e-003  1.7536052278172831e-003
3.9000000000000007e-002 -2.0999999999999998e-002 4.0000000000000001e-003  1.7187104096244518e-003
3.9000000000000007e-002 -1.7999999999999999e-002 4.0000000000000001e-003  1.6877325060414914e-003
3.9000000000000007e-002 -1.4999999999999999e-002 4.0000000000000001e-003  1.6787675279375826e-003
3.9000000000000007e-002 -1.1999999999999997e-002 4.0000000000000001e-003  1.6766232633554012e-003
3.9000000000000007e-002 -8.9999999999999941e-003 4.0000000000000001e-003  1.6657364567139450e-003
3.9000000000000007e-002 -5.9999999999999984e-003 4.0000000000000001e-003  1.6551465844017426e-003
3.9000000000000007e-002 -2.9999999999999957e-003 4.0000000000000001e-003  1.6627352489866193e-003
3.9000000000000007e-002 0.0000000000000000e+000 4.0000000000000001e-003  1.6668590029829187e-003
3.9000000000000007e-002 3.0000000000000027e-003 4.0000000000000001e-003  1.6581577865826078e-003
3.9000000000000007e-002 6.0000000000000053e-003 4.0000000000000001e-003  1.6516894632424752e-003
3.9000000000000007e-002 9.0000000000000011e-003 4.0000000000000001e-003  1.6620021935376103e-003
3.9000000000000007e-002 1.2000000000000004e-002 4.0000000000000001e-003  1.6720187094906990e-003
3.9000000000000007e-002 1.4999999999999999e-002 4.0000000000000001e-003  1.6791073785296176e-003
3.9000000000000007e-002 1.8000000000000002e-002 4.0000000000000001e-003  1.6884513295027748e-003
3.9000000000000007e-002 2.1000000000000005e-002 4.0000000000000001e-003  1.7011487737674945e-003
3.9000000000000007e-002 2.4000000000000007e-002 4.0000000000000001e-003  1.7202866948036798e-003
3.9000000000000007e-002 2.7000000000000010e-002 4.0000000000000001e-003  1.7320698808918273e-003
3.9000000000000007e-002 2.9999999999999999e-002 4.0000000000000001e-003  1.7447297741532382e-003
3.9000000000000007e-002 3.3000000000000002e-002 4.0000000000000001e-003  1.7744875772030366e-003
3.9000000000000007e-002 3.6000000000000004e-002 4.0000000000000001e-003  1.8478622193383975e-003
3.9000000000000007e-002 3.9000000000000007e-002 4.0000000000000001e-003  1.9496207759373513e-003
3.9000000000000007e-002 4.2000000000000010e-002 4.0000000000000001e-003  1.9519328469387316e-003
3.9000000000000007e-002 4.4999999999999998e-002 4.0000000000000001e-003  2.0314686578767737e-003
4.2000000000000010e-002 -4.4999999999999998e-002 4.0000000000000001e-003  2.3648893074790758e-003
4.2000000000000010e-002 -4.1999999999999996e-002 4.0000000000000001e-003  2.2484769790238265e-003
4.2000000000000010e-002 -3.9000000000000000e-002 4.0000000000000001e-003  2.0765285497535342e-003
4.2000000000000010e-002 -3.5999999999999997e-002 4.0000000000000001e-003  2.0267384924274531e-003
4.2000000000000010e-002 -3.3000000000000002e-002 4.0000000000000001e-003  1.9764989768700555e-003
4.2000000000000010e-002 -2.9999999999999999e-002 4.0000000000000001e-003  1.9215206898101744e-003
4.2000000000000010e-002 -2.6999999999999996e-002 4.0000000000000001e-003  1.8999293130845501e-003
4.2000000000000010e-002 -2.3999999999999997e-002 4.0000000000000001e-003  1.8667019329021771e-003
4.2000000000000010e-002 -2.0999999999999998e-002 4.0000000000000001e-003  1.8326313565681428e-003
4.2000000000000010e-002 -1.7999999999999999e-002 4.0000000000000001e-003  1.8290451212527787e-003
4.2000000000000010e-002 -1.4999999999999999e-002 4.0000000000000001e-003  1.7866165001339286e-003
4.2000000000000010e-002 -1.1999999999999997e-002 4.0000000000000001e-003  1.7719910557378248e-003
4.2000000000000010e-002 -8.9999999999999941e-003 4.0000000000000001e-003  1.7775530170089952e-003
4.2000000000000010e-002 -5.9999999999999984e-003 4.0000000000000001e-003  1.7704217448068602e-003
4.2000000000000010e-002 -2.9999999999999957e-003 4.0000000000000001e-003  1.7864900319298500e-003
4.2000000000000010e-002 0.0000000000000000e+000 4.0000000000000001e-003  1.7825625604960436e-003
4.2000000000000010e-002 3.0000000000000027e-003 4.0000000000000001e-003  1.7780542210636221e-003
4.2000000000000010e-002 6.0000000000000053e-003 4.0000000000000001e-003  1.7730136973967703e-003
4.2000000000000010e-002 9.0000000000000011e-003 4.0000000000000001e-003  1.7788075065540963e-003
4.2000000000000010e-002 1.2000000000000004e-002 4.0000000000000001e-003  1.7913140879302120e-003
4.2000000000000010e-002 1.4999999999999999e-002 4.0000000000000001e-003  1.7961187466993913e-003
4.2000000000000010e-002 1.8000000000000002e-002 4.0000000000000001e-003  1.8045265030030369e-003
4.2000000000000010e-002 2.1000000000000005e-002 4.0000000000000001e-003  1.8165317980112638e-003
4.2000000000000010e-002 2.4000000000000007e-002 4.0000000000000001e-003  1.8317249811299762e-003
4.2000000000000010e-002 2.7000000000000010e-002 4.0000000000000001e-003  1.8466470886910431e-003
4.2000000000000010e-002 2.9999999999999999e-002 4.0000000000000001e-003  1.8437741132400251e-003
4.2000000000000010e-002 3.3000000000000002e-002 4.0000000000000001e-003  1.8471743662920230e-003
4.2000000000000010e-002 3.6000000000000004e-002 4.0000000000000001e-003  1.9263432135169574e-003
4.2000000000000010e-002 3.9000000000000007e-002 4.0000000000000001e-003  2.0672330610535124e-003
4.2000000000000010e-002 4.2000000000000010e-002 4.0000000000000001e-003  2.0306844556857080e-003
4.2000000000000010e-002 4.4999999999999998e-002 4.0000000000000001e-003  2.1007487064054553e-003
4.4999999999999998e-002 -4.4999999999999998e-002 4.0000000000000001e-003  2.5666063419995792e-003
4.4999999999999998e-002 -4.1999999999999996e-002 4.0000000000000001e-003  2.4211521433862219e-003
4.4999999999999998e-002 -3.9000000000000000e-002 4.0000000000000001e-003  2.2969109700907275e-003
4.4999999999999998e-002 -3.5999999999999997e-002 4.0000000000000001e-003  2.2029834893193003e-003
4.4999999999999998e-002 -3.3000000000000002e-002 4.0000000000000001e-003  2.1199852549112800e-003
4.4999999999999998e-002 -2.9999999999999999e-002 4.0000000000000001e-003  2.0689414847635625e-003
4.4999999999999998e-002 -2.6999999999999996e-002 4.0000000000000001e-003  2.0403817659131792e-003
4.4999999999999998e-002 -2.3999999999999997e-002 4.0000000000000001e-003  2.0042417641575557e-003
4.4999999999999998e-002 -2.0999999999999998e-002 4.0000000000000001e-003  2.0677595151605333e-003
4.4999999999999998e-002 -1.7999999999999999e-002 4.0000000000000001e-003  2.0381682974568095e-003
4.4999999999999998e-002 -1.4999999999999999e-002 4.0000000000000001e-003  1.9687177020134197e-003
4.4999999999999998e-002 -1.1999999999999997e-002 4.0000000000000001e-003  1.9249957195866104e-003
4.4999999999999998e-002 -8.9999999999999941e-003 4.0000000000000001e-003  1.9176955480090573e-003
4.4999999999999998e-002 -5.9999999999999984e-003 4.0000000000000001e-003  1.9218861147411890e-003
4.4999999999999998e-002 -2.9999999999999957e-003 4.0000000000000001e-003  1.9269672235882830e-003
4.4999999999999998e-002 0.0000000000000000e+000 4.0000000000000001e-003  1.9275801307656844e-003
4.4999999999999998e-002 3.0000000000000027e-003 4.0000000000000001e-003  1.9273910828441546e-003
4.4999999999999998e-002 6.0000000000000053e-003 4.0000000000000001e-003  1.9264359134487353e-003
4.4999999999999998e-002 9.0000000000000011e-003 4.0000000000000001e-003  1.9254838006288863e-003
4.4999999999999998e-002 1.2000000000000004e-002 4.0000000000000001e-003  1.9360169208432465e-003
4.4999999999999998e-002 1.4999999999999999e-002 4.0000000000000001e-003  1.9395596025890071e-003
4.4999999999999998e-002 1.8000000000000002e-002 4.0000000000000001e-003  1.9469685517101982e-003
4.4999999999999998e-002 2.1000000000000005e-002 4.0000000000000001e-003  1.9582306712046856e-003
4.4999999999999998e-002 2.4000000000000007e-002 4.0000000000000001e-003  1.9733592141840668e-003
4.4999999999999998e-002 2.7000000000000010e-002 4.0000000000000001e-003  1.9807061519709311e-003
4.4999999999999998e-002 2.9999999999999999e-002 4.0000000000000001e-003  1.9581583740061336e-003
4.4999999999999998e-002 3.3000000000000002e-002 4.0000000000000001e-003  2.0196043377095699e-003
4.4999999999999998e-002 3.6000000000000004e-002 4.0000000000000001e-003  2.0703629450828389e-003
4.4999999999999998e-002 3.9000000000000007e-002 4.0000000000000001e-003  2.1704049517078392e-003
4.4999999999999998e-002 4.2000000000000010e-002 4.0000000000000001e-003  2.1577353243408797e-003
4.4999999999999998e-002 4.4999999999999998e-002 4.0000000000000001e-003  2.1823740050159802e-003
