Grid Output Min: [-45mm -45mm 4mm] Max: [45mm 45mm 4mm] Grid Size: [3mm 3mm 0mm]
X, Y, Z, Scalar data "Mag_B"
-4.4999999999999998e-02 -4.4999999999999998e-02 4.0000000000000001e-03  2.3277916890228571e-03
-4.4999999999999998e-02 -4.1999999999999996e-02 4.0000000000000001e-03  2.2024215920321854e-03
-4.4999999999999998e-02 -3.9000000000000000e-02 4.0000000000000001e-03  2.1374736007316558e-03
-4.4999999999999998e-02 -3.5999999999999997e-02 4.0000000000000001e-03  2.0855403364616900e-03
-4.4999999999999998e-02 -3.3000000000000002e-02 4.0000000000000001e-03  2.0351798427558766e-03
-4.4999999999999998e-02 -2.9999999999999999e-02 4.0000000000000001e-03  1.9861480077411789e-03
-4.4999999999999998e-02 -2.6999999999999996e-02 4.0000000000000001e-03  1.9382299199802132e-03
-4.4999999999999998e-02 -2.3999999999999997e-02 4.0000000000000001e-03  1.8927819720280128e-03
-4.4999999999999998e-02 -2.0999999999999998e-02 4.0000000000000001e-03  1.8703526791103132e-03
-4.4999999999999998e-02 -1.7999999999999999e-02 4.0000000000000001e-03  1.8183691032659785e-03
-4.4999999999999998e-02 -1.4999999999999999e-02 4.0000000000000001e-03  1.8289739452497314e-03
-4.4999999999999998e-02 -1.1999999999999997e-02 4.0000000000000001e-03  1.8338931083958399e-03
-4.4999999999999998e-02 -8.9999999999999941e-03 4.0000000000000001e-03  1.8562802073879719e-03
-4.4999999999999998e-02 -5.9999999999999984e-03 4.0000000000000001e-03  1.8827024915225754e-03
-4.4999999999999998e-02 -2.9999999999999957e-03 4.0000000000000001e-03  1.8942814061468011e-03
-4.4999999999999998e-02 0.0000000000000000e+00 4.0000000000000001e-03  1.8056199639185054e-03
-4.4999999999999998e-02 3.0000000000000027e-03 4.0000000000000001e-03  1.8168106034904140e-03
-4.4999999999999998e-02 6.0000000000000053e-03 4.0000000000000001e-03  1.8239683497436952e-03
-4.4999999999999998e-02 9.0000000000000011e-03 4.0000000000000001e-03  1.8265672950321759e-03
-4.4999999999999998e-02 1.2000000000000004e-02 4.0000000000000001e-03  1.8328220670413007e-03
-4.4999999999999998e-02 1.4999999999999999e-02 4.0000000000000001e-03  1.8321723589371493e-03
-4.4999999999999998e-02 1.8000000000000002e-02 4.0000000000000001e-03  1.8247805069662277e-03
-4.4999999999999998e-02 2.1000000000000005e-02 4.0000000000000001e-03  1.8108749772279035e-03
-4.4999999999999998e-02 2.4000000000000007e-02 4.0000000000000001e-03  1.7907503656744044e-03
-4.4999999999999998e-02 2.7000000000000010e-02 4.0000000000000001e-03  1.8091987684590097e-03
-4.4999999999999998e-02 2.9999999999999999e-02 4.0000000000000001e-03  1.8276610656943080e-03
-4.4999999999999998e-02 3.3000000000000002e-02 4.0000000000000001e-03  1.8337099471059739e-03
-4.4999999999999998e-02 3.6000000000000004e-02 4.0000000000000001e-03  1.8528588275627336e-03
-4.4999999999999998e-02 3.9000000000000007e-02 4.0000000000000001e-03  1.9552295198754536e-03
-4.4999999999999998e-02 4.2000000000000010e-02 4.0000000000000001e-03  2.0726262233017097e-03
-4.4999999999999998e-02 4.4999999999999998e-02 4.0000000000000001e-03  2.1825805537901916e-03
-4.1999999999999996e-02 -4.4999999999999998e-02 4.0000000000000001e-03  2.2567687806076603e-03
-4.1999999999999996e-02 -4.1999999999999996e-02 4.0000000000000001e-03  2.0168485249019838e-03
-4.1999999999999996e-02 -3.9000000000000000e-02 4.0000000000000001e-03  2.0119274605247075e-03
-4.1999999999999996e-02 -3.5999999999999997e-02 4.0000000000000001e-03  1.9618105982231304e-03
-4.1999999999999996e-02 -3.3000000000000002e-02 4.0000000000000001e-03  1.9133563500177680e-03
-4.1999999999999996e-02 -2.9999999999999999e-02 4.0000000000000001e-03  1.8663134226756489e-03
-4.1999999999999996e-02 -2.6999999999999996e-02 4.0000000000000001e-03  1.8204597233994289e-03
-4.1999999999999996e-02 -2.3999999999999997e-02 4.0000000000000001e-03  1.7907100788122452e-03
-4.1999999999999996e-02 -2.0999999999999998e-02 4.0000000000000001e-03  1.7688279739026349e-03
-4.1999999999999996e-02 -1.7999999999999999e-02 4.0000000000000001e-03  1.7229994896999323e-03
-4.1999999999999996e-02 -1.4999999999999999e-02 4.0000000000000001e-03  1.7057896687356234e-03
-4.1999999999999996e-02 -1.1999999999999997e-02 4.0000000000000001e-03  1.7124269616478371e-03
-4.1999999999999996e-02 -8.9999999999999941e-03 4.0000000000000001e-03  1.7085493924411800e-03
-4.1999999999999996e-02 -5.9999999999999984e-03 4.0000000000000001e-03  1.6930993963845578e-03
-4.1999999999999996e-02 -2.9999999999999957e-03 4.0000000000000001e-03  1.6760440271029347e-03
-4.1999999999999996e-02 0.0000000000000000e+00 4.0000000000000001e-03  1.6831833067434548e-03
-4.1999999999999996e-02 3.0000000000000027e-03 4.0000000000000001e-03  1.6894658742545496e-03
-4.1999999999999996e-02 6.0000000000000053e-03 4.0000000000000001e-03  1.6948584281369888e-03
-4.1999999999999996e-02 9.0000000000000011e-03 4.0000000000000001e-03  1.7008480252644995e-03
-4.1999999999999996e-02 1.2000000000000004e-02 4.0000000000000001e-03  1.7051816836837115e-03
-4.1999999999999996e-02 1.4999999999999999e-02 4.0000000000000001e-03  1.7077802530773684e-03
-4.1999999999999996e-02 1.8000000000000002e-02 4.0000000000000001e-03  1.7045289560602226e-03
-4.1999999999999996e-02 2.1000000000000005e-02 4.0000000000000001e-03  1.6944446954964664e-03
-4.1999999999999996e-02 2.4000000000000007e-02 4.0000000000000001e-03  1.6777714562183329e-03
-4.1999999999999996e-02 2.7000000000000010e-02 4.0000000000000001e-03  1.7044955161572418e-03
-4.1999999999999996e-02 2.9999999999999999e-02 4.0000000000000001e-03  1.7321147651710696e-03
-4.1999999999999996e-02 3.3000000000000002e-02 4.0000000000000001e-03  1.7432175783339613e-03
-4.1999999999999996e-02 3.6000000000000004e-02 4.0000000000000001e-03  1.7673243769131858e-03
-4.1999999999999996e-02 3.9000000000000007e-02 4.0000000000000001e-03  1.8044078681726742e-03
-4.1999999999999996e-02 4.2000000000000010e-02 4.0000000000000001e-03  1.8973459491894336e-03
-4.1999999999999996e-02 4.4999999999999998e-02 4.0000000000000001e-03  2.0246929452432884e-03
-3.9000000000000000e-02 -4.4999999999999998e-02 4.0000000000000001e-03  2.1501813108945039e-03
-3.9000000000000000e-02 -4.1999999999999996e-02 4.0000000000000001e-03  2.0383789332453230e-03
-3.9000000000000000e-02 -3.9000000000000000e-02 4.0000000000000001e-03  1.9133074807432847e-03
-3.9000000000000000e-02 -3.5999999999999997e-02 4.0000000000000001e-03  1.8552611597203166e-03
-3.9000000000000000e-02 -3.3000000000000002e-02 4.0000000000000001e-03  1.8087676918073327e-03
-3.9000000000000000e-02 -2.9999999999999999e-02 4.0000000000000001e-03  1.7637647952838107e-03
-3.9000000000000000e-02 -2.6999999999999996e-02 4.0000000000000001e-03  1.7200231959924686e-03
-3.9000000000000000e-02 -2.3999999999999997e-02 4.0000000000000001e-03  1.7019436287509643e-03
-3.9000000000000000e-02 -2.0999999999999998e-02 4.0000000000000001e-03  1.6794968871867142e-03
-3.9000000000000000e-02 -1.7999999999999999e-02 4.0000000000000001e-03  1.6395191923404776e-03
-3.9000000000000000e-02 -1.4999999999999999e-02 4.0000000000000001e-03  1.6023933068436600e-03
-3.9000000000000000e-02 -1.1999999999999997e-02 4.0000000000000001e-03  1.6088111159230595e-03
-3.9000000000000000e-02 -8.9999999999999941e-03 4.0000000000000001e-03  1.6060404787635089e-03
-3.9000000000000000e-02 -5.9999999999999984e-03 4.0000000000000001e-03  1.5913267352924499e-03
-3.9000000000000000e-02 -2.9999999999999957e-03 4.0000000000000001e-03  1.5803226120770012e-03
-3.9000000000000000e-02 0.0000000000000000e+00 4.0000000000000001e-03  1.5810798672248347e-03
-3.9000000000000000e-02 3.0000000000000027e-03 4.0000000000000001e-03  1.5825759081056325e-03
-3.9000000000000000e-02 6.0000000000000053e-03 4.0000000000000001e-03  1.5831673424644940e-03
-3.9000000000000000e-02 9.0000000000000011e-03 4.0000000000000001e-03  1.5881710537873081e-03
-3.9000000000000000e-02 1.2000000000000004e-02 4.0000000000000001e-03  1.5966086787791308e-03
-3.9000000000000000e-02 1.4999999999999999e-02 4.0000000000000001e-03  1.6033575097667882e-03
-3.9000000000000000e-02 1.8000000000000002e-02 4.0000000000000001e-03  1.6082492591999488e-03
-3.9000000000000000e-02 2.1000000000000005e-02 4.0000000000000001e-03  1.6023827904096668e-03
-3.9000000000000000e-02 2.4000000000000007e-02 4.0000000000000001e-03  1.5895921359165479e-03
-3.9000000000000000e-02 2.7000000000000010e-02 4.0000000000000001e-03  1.6199915830794956e-03
-3.9000000000000000e-02 2.9999999999999999e-02 4.0000000000000001e-03  1.6513612381111439e-03
-3.9000000000000000e-02 3.3000000000000002e-02 4.0000000000000001e-03  1.6669219918167347e-03
-3.9000000000000000e-02 3.6000000000000004e-02 4.0000000000000001e-03  1.6954252624359406e-03
-3.9000000000000000e-02 3.9000000000000007e-02 4.0000000000000001e-03  1.7368387099698857e-03
-3.9000000000000000e-02 4.2000000000000010e-02 4.0000000000000001e-03  1.8394456782044682e-03
-3.9000000000000000e-02 4.4999999999999998e-02 4.0000000000000001e-03  1.9564521004522325e-03
-3.5999999999999997e-02 -4.4999999999999998e-02 4.0000000000000001e-03  2.0351160862408990e-03
-3.5999999999999997e-02 -4.1999999999999996e-02 4.0000000000000001e-03  1.9403303106199274e-03
-3.5999999999999997e-02 -3.9000000000000000e-02 4.0000000000000001e-03  1.8555756929770836e-03
-3.5999999999999997e-02 -3.5999999999999997e-02 4.0000000000000001e-03  1.7647009850297116e-03
-3.5999999999999997e-02 -3.3000000000000002e-02 4.0000000000000001e-03  1.7201947166008550e-03
-3.5999999999999997e-02 -2.9999999999999999e-02 4.0000000000000001e-03  1.6772548584417990e-03
-3.5999999999999997e-02 -2.6999999999999996e-02 4.0000000000000001e-03  1.6453303369376717e-03
-3.5999999999999997e-02 -2.3999999999999997e-02 4.0000000000000001e-03  1.6258745130283683e-03
-3.5999999999999997e-02 -2.0999999999999998e-02 4.0000000000000001e-03  1.6018815064511370e-03
-3.5999999999999997e-02 -1.7999999999999999e-02 4.0000000000000001e-03  1.5674515379296753e-03
-3.5999999999999997e-02 -1.4999999999999999e-02 4.0000000000000001e-03  1.5357094654493881e-03
-3.5999999999999997e-02 -1.1999999999999997e-02 4.0000000000000001e-03  1.5229175868402749e-03
-3.5999999999999997e-02 -8.9999999999999941e-03 4.0000000000000001e-03  1.5210905918283785e-03
-3.5999999999999997e-02 -5.9999999999999984e-03 4.0000000000000001e-03  1.5080566631530789e-03
-3.5999999999999997e-02 -2.9999999999999957e-03 4.0000000000000001e-03  1.5039774322303243e-03
-3.5999999999999997e-02 0.0000000000000000e+00 4.0000000000000001e-03  1.4989595865199351e-03
-3.5999999999999997e-02 3.0000000000000027e-03 4.0000000000000001e-03  1.4957922663789561e-03
-3.5999999999999997e-02 6.0000000000000053e-03 4.0000000000000001e-03  1.4917037171602741e-03
-3.5999999999999997e-02 9.0000000000000011e-03 4.0000000000000001e-03  1.4876555330863765e-03
-3.5999999999999997e-02 1.2000000000000004e-02 4.0000000000000001e-03  1.5001728682934859e-03
-3.5999999999999997e-02 1.4999999999999999e-02 4.0000000000000001e-03  1.5110009914742436e-03
-3.5999999999999997e-02 1.8000000000000002e-02 4.0000000000000001e-03  1.5201375841613963e-03
-3.5999999999999997e-02 2.1000000000000005e-02 4.0000000000000001e-03  1.5275835273240552e-03
-3.5999999999999997e-02 2.4000000000000007e-02 4.0000000000000001e-03  1.5282021592989273e-03
-3.5999999999999997e-02 2.7000000000000010e-02 4.0000000000000001e-03  1.5547645875975591e-03
-3.5999999999999997e-02 2.9999999999999999e-02 4.0000000000000001e-03  1.5848911901258967e-03
-3.5999999999999997e-02 3.3000000000000002e-02 4.0000000000000001e-03  1.6043041334174496e-03
-3.5999999999999997e-02 3.6000000000000004e-02 4.0000000000000001e-03  1.6366326702459235e-03
-3.5999999999999997e-02 3.9000000000000007e-02 4.0000000000000001e-03  1.6911398168077852e-03
-3.5999999999999997e-02 4.2000000000000010e-02 4.0000000000000001e-03  1.7828120532883496e-03
-3.5999999999999997e-02 4.4999999999999998e-02 4.0000000000000001e-03  1.8914383695605795e-03
-3.3000000000000002e-02 -4.4999999999999998e-02 4.0000000000000001e-03  1.9683508653733999e-03
-3.3000000000000002e-02 -4.1999999999999996e-02 4.0000000000000001e-03  1.8589459947681145e-03
-3.3000000000000002e-02 -3.9000000000000000e-02 4.0000000000000001e-03  1.7721476342387481e-03
-3.3000000000000002e-02 -3.5999999999999997e-02 4.0000000000000001e-03  1.7074997224129094e-03
-3.3000000000000002e-02 -3.3000000000000002e-02 4.0000000000000001e-03  1.6463677240980315e-03
-3.3000000000000002e-02 -2.9999999999999999e-02 4.0000000000000001e-03  1.6054857962491370e-03
-3.3000000000000002e-02 -2.6999999999999996e-02 4.0000000000000001e-03  1.5840086989599897e-03
-3.3000000000000002e-02 -2.3999999999999997e-02 4.0000000000000001e-03  1.5618996427298601e-03
-3.3000000000000002e-02 -2.0999999999999998e-02 4.0000000000000001e-03  1.5354762650394713e-03
-3.3000000000000002e-02 -1.7999999999999999e-02 4.0000000000000001e-03  1.5063238899084906e-03
-3.3000000000000002e-02 -1.4999999999999999e-02 4.0000000000000001e-03  1.4796894006515631e-03
-3.3000000000000002e-02 -1.1999999999999997e-02 4.0000000000000001e-03  1.4555410223827156e-03
-3.3000000000000002e-02 -8.9999999999999941e-03 4.0000000000000001e-03  1.4535545145637177e-03
-3.3000000000000002e-02 -5.9999999999999984e-03 4.0000000000000001e-03  1.4469933276921956e-03
-3.3000000000000002e-02 -2.9999999999999957e-03 4.0000000000000001e-03  1.4431585178784670e-03
-3.3000000000000002e-02 0.0000000000000000e+00 4.0000000000000001e-03  1.4367306854863660e-03
-3.3000000000000002e-02 3.0000000000000027e-03 4.0000000000000001e-03  1.4363555778245391e-03
-3.3000000000000002e-02 6.0000000000000053e-03 4.0000000000000001e-03  1.4369232791140603e-03
-3.3000000000000002e-02 9.0000000000000011e-03 4.0000000000000001e-03  1.4391682708008835e-03
-3.3000000000000002e-02 1.2000000000000004e-02 4.0000000000000001e-03  1.4513159601164875e-03
-3.3000000000000002e-02 1.4999999999999999e-02 4.0000000000000001e-03  1.4652092749691686e-03
-3.3000000000000002e-02 1.8000000000000002e-02 4.0000000000000001e-03  1.4773878190600855e-03
-3.3000000000000002e-02 2.1000000000000005e-02 4.0000000000000001e-03  1.4878498079369305e-03
-3.3000000000000002e-02 2.4000000000000007e-02 4.0000000000000001e-03  1.4965966565837574e-03
-3.3000000000000002e-02 2.7000000000000010e-02 4.0000000000000001e-03  1.5077752315327357e-03
-3.3000000000000002e-02 2.9999999999999999e-02 4.0000000000000001e-03  1.5311956631064013e-03
-3.3000000000000002e-02 3.3000000000000002e-02 4.0000000000000001e-03  1.5547406803171886e-03
-3.3000000000000002e-02 3.6000000000000004e-02 4.0000000000000001e-03  1.5862737021107010e-03
-3.3000000000000002e-02 3.9000000000000007e-02 4.0000000000000001e-03  1.6489564630778487e-03
-3.3000000000000002e-02 4.2000000000000010e-02 4.0000000000000001e-03  1.7363004918308095e-03
-3.3000000000000002e-02 4.4999999999999998e-02 4.0000000000000001e-03  1.8534236331510926e-03
-2.9999999999999999e-02 -4.4999999999999998e-02 4.0000000000000001e-03  1.9496899274341704e-03
-2.9999999999999999e-02 -4.1999999999999996e-02 4.0000000000000001e-03  1.8262145474370747e-03
-2.9999999999999999e-02 -3.9000000000000000e-02 4.0000000000000001e-03  1.7248827988641700e-03
-2.9999999999999999e-02 -3.5999999999999997e-02 4.0000000000000001e-03  1.6445016206125705e-03
-2.9999999999999999e-02 -3.3000000000000002e-02 4.0000000000000001e-03  1.5884163859811327e-03
-2.9999999999999999e-02 -2.9999999999999999e-02 4.0000000000000001e-03  1.5534648114357338e-03
-2.9999999999999999e-02 -2.6999999999999996e-02 4.0000000000000001e-03  1.5338316368006949e-03
-2.9999999999999999e-02 -2.3999999999999997e-02 4.0000000000000001e-03  1.5094209488420625e-03
-2.9999999999999999e-02 -2.0999999999999998e-02 4.0000000000000001e-03  1.4803959950648580e-03
-2.9999999999999999e-02 -1.7999999999999999e-02 4.0000000000000001e-03  1.4556676484167989e-03
-2.9999999999999999e-02 -1.4999999999999999e-02 4.0000000000000001e-03  1.4338657518435127e-03
-2.9999999999999999e-02 -1.1999999999999997e-02 4.0000000000000001e-03  1.4144547434009171e-03
-2.9999999999999999e-02 -8.9999999999999941e-03 4.0000000000000001e-03  1.4032803783716309e-03
-2.9999999999999999e-02 -5.9999999999999984e-03 4.0000000000000001e-03  1.4013656579157524e-03
-2.9999999999999999e-02 -2.9999999999999957e-03 4.0000000000000001e-03  1.4029864557937297e-03
-2.9999999999999999e-02 0.0000000000000000e+00 4.0000000000000001e-03  1.4044493798481817e-03
-2.9999999999999999e-02 3.0000000000000027e-03 4.0000000000000001e-03  1.4052621298742114e-03
-2.9999999999999999e-02 6.0000000000000053e-03 4.0000000000000001e-03  1.4050403347218318e-03
-2.9999999999999999e-02 9.0000000000000011e-03 4.0000000000000001e-03  1.4071996143354758e-03
-2.9999999999999999e-02 1.2000000000000004e-02 4.0000000000000001e-03  1.4171115083522518e-03
-2.9999999999999999e-02 1.4999999999999999e-02 4.0000000000000001e-03  1.4336946496749550e-03
-2.9999999999999999e-02 1.8000000000000002e-02 4.0000000000000001e-03  1.4485332273016466e-03
-2.9999999999999999e-02 2.1000000000000005e-02 4.0000000000000001e-03  1.4616241992850667e-03
-2.9999999999999999e-02 2.4000000000000007e-02 4.0000000000000001e-03  1.4729677231143140e-03
-2.9999999999999999e-02 2.7000000000000010e-02 4.0000000000000001e-03  1.4825671557148604e-03
-2.9999999999999999e-02 2.9999999999999999e-02 4.0000000000000001e-03  1.4927723668527056e-03
-2.9999999999999999e-02 3.3000000000000002e-02 4.0000000000000001e-03  1.5176474639720752e-03
-2.9999999999999999e-02 3.6000000000000004e-02 4.0000000000000001e-03  1.5551511905622375e-03
-2.9999999999999999e-02 3.9000000000000007e-02 4.0000000000000001e-03  1.6153670646819869e-03
-2.9999999999999999e-02 4.2000000000000010e-02 4.0000000000000001e-03  1.7032053469340286e-03
-2.9999999999999999e-02 4.4999999999999998e-02 4.0000000000000001e-03  1.8208377703932774e-03
-2.6999999999999996e-02 -4.4999999999999998e-02 4.0000000000000001e-03  1.9871957016147543e-03
-2.6999999999999996e-02 -4.1999999999999996e-02 4.0000000000000001e-03  1.8431048282767774e-03
-2.6999999999999996e-02 -3.9000000000000000e-02 4.0000000000000001e-03  1.7226251671662170e-03
-2.6999999999999996e-02 -3.5999999999999997e-02 4.0000000000000001e-03  1.6247017314886393e-03
-2.6999999999999996e-02 -3.3000000000000002e-02 4.0000000000000001e-03  1.5480576493366281e-03
-2.6999999999999996e-02 -2.9999999999999999e-02 4.0000000000000001e-03  1.5154574826059396e-03
-2.6999999999999996e-02 -2.6999999999999996e-02 4.0000000000000001e-03  1.4942058011670632e-03
-2.6999999999999996e-02 -2.3999999999999997e-02 4.0000000000000001e-03  1.4678453822528172e-03
-2.6999999999999996e-02 -2.0999999999999998e-02 4.0000000000000001e-03  1.4365668571418640e-03
-2.6999999999999996e-02 -1.7999999999999999e-02 4.0000000000000001e-03  1.4150182502934139e-03
-2.6999999999999996e-02 -1.4999999999999999e-02 4.0000000000000001e-03  1.3977751951175026e-03
-2.6999999999999996e-02 -1.1999999999999997e-02 4.0000000000000001e-03  1.3828533991999646e-03
-2.6999999999999996e-02 -8.9999999999999941e-03 4.0000000000000001e-03  1.3722185760988851e-03
-2.6999999999999996e-02 -5.9999999999999984e-03 4.0000000000000001e-03  1.3740054554419205e-03
-2.6999999999999996e-02 -2.9999999999999957e-03 4.0000000000000001e-03  1.3751584069913196e-03
-2.6999999999999996e-02 0.0000000000000000e+00 4.0000000000000001e-03  1.3756929371767522e-03
-2.6999999999999996e-02 3.0000000000000027e-03 4.0000000000000001e-03  1.3756343432603571e-03
-2.6999999999999996e-02 6.0000000000000053e-03 4.0000000000000001e-03  1.3790100340809362e-03
-2.6999999999999996e-02 9.0000000000000011e-03 4.0000000000000001e-03  1.3836317685076412e-03
-2.6999999999999996e-02 1.2000000000000004e-02 4.0000000000000001e-03  1.3901662759777567e-03
-2.6999999999999996e-02 1.4999999999999999e-02 4.0000000000000001e-03  1.4091667895061335e-03
-2.6999999999999996e-02 1.8000000000000002e-02 4.0000000000000001e-03  1.4263974977367614e-03
-2.6999999999999996e-02 2.1000000000000005e-02 4.0000000000000001e-03  1.4418567617034872e-03
-2.6999999999999996e-02 2.4000000000000007e-02 4.0000000000000001e-03  1.4555461418765279e-03
-2.6999999999999996e-02 2.7000000000000010e-02 4.0000000000000001e-03  1.4674703981624663e-03
-2.6999999999999996e-02 2.9999999999999999e-02 4.0000000000000001e-03  1.4776374899042426e-03
-2.6999999999999996e-02 3.3000000000000002e-02 4.0000000000000001e-03  1.5060829851908650e-03
-2.6999999999999996e-02 3.6000000000000004e-02 4.0000000000000001e-03  1.5261133855131825e-03
-2.6999999999999996e-02 3.9000000000000007e-02 4.0000000000000001e-03  1.5869288716699064e-03
-2.6999999999999996e-02 4.2000000000000010e-02 4.0000000000000001e-03  1.6753769617119292e-03
-2.6999999999999996e-02 4.4999999999999998e-02 4.0000000000000001e-03  1.7936152816400367e-03
-2.3999999999999997e-02 -4.4999999999999998e-02 4.0000000000000001e-03  2.0197374649521035e-03
-2.3999999999999997e-02 -4.1999999999999996e-02 4.0000000000000001e-03  1.8576813395139288e-03
-2.3999999999999997e-02 -3.9000000000000000e-02 4.0000000000000001e-03  1.7188136707620742e-03
-2.3999999999999997e-02 -3.5999999999999997e-02 4.0000000000000001e-03  1.6021508048753418e-03
-2.3999999999999997e-02 -3.3000000000000002e-02 4.0000000000000001e-03  1.5210014782628691e-03
-2.3999999999999997e-02 -2.9999999999999999e-02 4.0000000000000001e-03  1.4897146168412424e-03
-2.3999999999999997e-02 -2.6999999999999996e-02 4.0000000000000001e-03  1.4640827914210264e-03
-2.3999999999999997e-02 -2.3999999999999997e-02 4.0000000000000001e-03  1.4365849137511850e-03
-2.3999999999999997e-02 -2.0999999999999998e-02 4.0000000000000001e-03  1.4034011222401207e-03
-2.3999999999999997e-02 -1.7999999999999999e-02 4.0000000000000001e-03  1.3839151690760460e-03
-2.3999999999999997e-02 -1.4999999999999999e-02 4.0000000000000001e-03  1.3709584432647023e-03
-2.3999999999999997e-02 -1.1999999999999997e-02 4.0000000000000001e-03  1.3561297665974927e-03
-2.3999999999999997e-02 -8.9999999999999941e-03 4.0000000000000001e-03  1.3496356266717270e-03
-2.3999999999999997e-02 -5.9999999999999984e-03 4.0000000000000001e-03  1.3504787351083626e-03
-2.3999999999999997e-02 -2.9999999999999957e-03 4.0000000000000001e-03  1.3507303639811181e-03
-2.3999999999999997e-02 0.0000000000000000e+00 4.0000000000000001e-03  1.3523220226994961e-03
-2.3999999999999997e-02 3.0000000000000027e-03 4.0000000000000001e-03  1.3570314520520883e-03
-2.3999999999999997e-02 6.0000000000000053e-03 4.0000000000000001e-03  1.3629650479521063e-03
-2.3999999999999997e-02 9.0000000000000011e-03 4.0000000000000001e-03  1.3688513642039590e-03
-2.3999999999999997e-02 1.2000000000000004e-02 4.0000000000000001e-03  1.3735876360807080e-03
-2.3999999999999997e-02 1.4999999999999999e-02 4.0000000000000001e-03  1.3908602128594103e-03
-2.3999999999999997e-02 1.8000000000000002e-02 4.0000000000000001e-03  1.4101962964136975e-03
-2.3999999999999997e-02 2.1000000000000005e-02 4.0000000000000001e-03  1.4277527235854843e-03
-2.3999999999999997e-02 2.4000000000000007e-02 4.0000000000000001e-03  1.4435359338284821e-03
-2.3999999999999997e-02 2.7000000000000010e-02 4.0000000000000001e-03  1.4575555660327633e-03
-2.3999999999999997e-02 2.9999999999999999e-02 4.0000000000000001e-03  1.4777180113403890e-03
-2.3999999999999997e-02 3.3000000000000002e-02 4.0000000000000001e-03  1.5046636759074104e-03
-2.3999999999999997e-02 3.6000000000000004e-02 4.0000000000000001e-03  1.5192276047279977e-03
-2.3999999999999997e-02 3.9000000000000007e-02 4.0000000000000001e-03  1.5635814785599886e-03
-2.3999999999999997e-02 4.2000000000000010e-02 4.0000000000000001e-03  1.6527546246044445e-03
-2.3999999999999997e-02 4.4999999999999998e-02 4.0000000000000001e-03  1.7716951492528596e-03
-2.0999999999999998e-02 -4.4999999999999998e-02 4.0000000000000001e-03  2.0419731922785350e-03
-2.0999999999999998e-02 -4.1999999999999996e-02 4.0000000000000001e-03  1.8617128662760270e-03
-2.0999999999999998e-02 -3.9000000000000000e-02 4.0000000000000001e-03  1.7042934069614419e-03
-2.0999999999999998e-02 -3.5999999999999997e-02 4.0000000000000001e-03  1.5688024934868150e-03
-2.0999999999999998e-02 -3.3000000000000002e-02 4.0000000000000001e-03  1.5082863316949289e-03
-2.0999999999999998e-02 -2.9999999999999999e-02 4.0000000000000001e-03  1.4699928220392650e-03
-2.0999999999999998e-02 -2.6999999999999996e-02 4.0000000000000001e-03  1.4372745892537889e-03
-2.0999999999999998e-02 -2.3999999999999997e-02 4.0000000000000001e-03  1.4100946327509530e-03
-2.0999999999999998e-02 -2.0999999999999998e-02 4.0000000000000001e-03  1.3803160812304676e-03
-2.0999999999999998e-02 -1.7999999999999999e-02 4.0000000000000001e-03  1.3619019150013392e-03
-2.0999999999999998e-02 -1.4999999999999999e-02 4.0000000000000001e-03  1.3470057529722148e-03
-2.0999999999999998e-02 -1.1999999999999997e-02 4.0000000000000001e-03  1.3320940068563484e-03
-2.0999999999999998e-02 -8.9999999999999941e-03 4.0000000000000001e-03  1.3302804951988568e-03
-2.0999999999999998e-02 -5.9999999999999984e-03 4.0000000000000001e-03  1.3307223258706229e-03
-2.0999999999999998e-02 -2.9999999999999957e-03 4.0000000000000001e-03  1.3327763817305664e-03
-2.0999999999999998e-02 0.0000000000000000e+00 4.0000000000000001e-03  1.3360570235397033e-03
-2.0999999999999998e-02 3.0000000000000027e-03 4.0000000000000001e-03  1.3405618695374643e-03
-2.0999999999999998e-02 6.0000000000000053e-03 4.0000000000000001e-03  1.3462890387432637e-03
-2.0999999999999998e-02 9.0000000000000011e-03 4.0000000000000001e-03  1.3530629201641932e-03
-2.0999999999999998e-02 1.2000000000000004e-02 4.0000000000000001e-03  1.3582710224159420e-03
-2.0999999999999998e-02 1.4999999999999999e-02 4.0000000000000001e-03  1.3705624072074172e-03
-2.0999999999999998e-02 1.8000000000000002e-02 4.0000000000000001e-03  1.3920083047908234e-03
-2.0999999999999998e-02 2.1000000000000005e-02 4.0000000000000001e-03  1.4116779949885788e-03
-2.0999999999999998e-02 2.4000000000000007e-02 4.0000000000000001e-03  1.4295827962378812e-03
-2.0999999999999998e-02 2.7000000000000010e-02 4.0000000000000001e-03  1.4485317614128343e-03
-2.0999999999999998e-02 2.9999999999999999e-02 4.0000000000000001e-03  1.4769993152552697e-03
-2.0999999999999998e-02 3.3000000000000002e-02 4.0000000000000001e-03  1.4994277292270698e-03
-2.0999999999999998e-02 3.6000000000000004e-02 4.0000000000000001e-03  1.5161684247736622e-03
-2.0999999999999998e-02 3.9000000000000007e-02 4.0000000000000001e-03  1.5573470382010104e-03
-2.0999999999999998e-02 4.2000000000000010e-02 4.0000000000000001e-03  1.6352821060600842e-03
-2.0999999999999998e-02 4.4999999999999998e-02 4.0000000000000001e-03  1.7550208376017954e-03
-1.7999999999999999e-02 -4.4999999999999998e-02 4.0000000000000001e-03  2.0537651861773452e-03
-1.7999999999999999e-02 -4.1999999999999996e-02 4.0000000000000001e-03  1.8550991353091959e-03
-1.7999999999999999e-02 -3.9000000000000000e-02 4.0000000000000001e-03  1.6790015266732725e-03
-1.7999999999999999e-02 -3.5999999999999997e-02 4.0000000000000001e-03  1.5517892050151904e-03
-1.7999999999999999e-02 -3.3000000000000002e-02 4.0000000000000001e-03  1.5008609184970370e-03
-1.7999999999999999e-02 -2.9999999999999999e-02 4.0000000000000001e-03  1.4554877192926366e-03
-1.7999999999999999e-02 -2.6999999999999996e-02 4.0000000000000001e-03  1.4156631619550203e-03
-1.7999999999999999e-02 -2.3999999999999997e-02 4.0000000000000001e-03  1.3813787577959156e-03
-1.7999999999999999e-02 -2.0999999999999998e-02 4.0000000000000001e-03  1.3602968755279017e-03
-1.7999999999999999e-02 -1.7999999999999999e-02 4.0000000000000001e-03  1.3420051522811025e-03
-1.7999999999999999e-02 -1.4999999999999999e-02 4.0000000000000001e-03  1.3269016376739554e-03
-1.7999999999999999e-02 -1.1999999999999997e-02 4.0000000000000001e-03  1.3141745750328885e-03
-1.7999999999999999e-02 -8.9999999999999941e-03 4.0000000000000001e-03  1.3135771379389042e-03
-1.7999999999999999e-02 -5.9999999999999984e-03 4.0000000000000001e-03  1.3142075541808728e-03
-1.7999999999999999e-02 -2.9999999999999957e-03 4.0000000000000001e-03  1.3160632340676400e-03
-1.7999999999999999e-02 0.0000000000000000e+00 4.0000000000000001e-03  1.3191420886880176e-03
-1.7999999999999999e-02 3.0000000000000027e-03 4.0000000000000001e-03  1.3234425299108075e-03
-1.7999999999999999e-02 6.0000000000000053e-03 4.0000000000000001e-03  1.3289634703847818e-03
-1.7999999999999999e-02 9.0000000000000011e-03 4.0000000000000001e-03  1.3357043235386987e-03
-1.7999999999999999e-02 1.2000000000000004e-02 4.0000000000000001e-03  1.3419405679030755e-03
-1.7999999999999999e-02 1.4999999999999999e-02 4.0000000000000001e-03  1.3482713733609941e-03
-1.7999999999999999e-02 1.8000000000000002e-02 4.0000000000000001e-03  1.3718303727937137e-03
-1.7999999999999999e-02 2.1000000000000005e-02 4.0000000000000001e-03  1.3936282749530662e-03
-1.7999999999999999e-02 2.4000000000000007e-02 4.0000000000000001e-03  1.4136812772597475e-03
-1.7999999999999999e-02 2.7000000000000010e-02 4.0000000000000001e-03  1.4431981575168617e-03
-1.7999999999999999e-02 2.9999999999999999e-02 4.0000000000000001e-03  1.4741840570714438e-03
-1.7999999999999999e-02 3.3000000000000002e-02 4.0000000000000001e-03  1.4869052859630787e-03
-1.7999999999999999e-02 3.6000000000000004e-02 4.0000000000000001e-03  1.5135209764709670e-03
-1.7999999999999999e-02 3.9000000000000007e-02 4.0000000000000001e-03  1.5572108889421576e-03
-1.7999999999999999e-02 4.2000000000000010e-02 4.0000000000000001e-03  1.6306318083960641e-03
-1.7999999999999999e-02 4.4999999999999998e-02 4.0000000000000001e-03  1.7435402930654690e-03
-1.4999999999999999e-02 -4.4999999999999998e-02 4.0000000000000001e-03  2.0550075448474109e-03
-1.4999999999999999e-02 -4.1999999999999996e-02 4.0000000000000001e-03  1.8377716689751350e-03
-1.4999999999999999e-02 -3.9000000000000000e-02 4.0000000000000001e-03  1.6429069764220807e-03
-1.4999999999999999e-02 -3.5999999999999997e-02 4.0000000000000001e-03  1.5567127672641780e-03
-1.4999999999999999e-02 -3.3000000000000002e-02 4.0000000000000001e-03  1.4986632529693812e-03
-1.4999999999999999e-02 -2.9999999999999999e-02 4.0000000000000001e-03  1.4461668032134903e-03
-1.4999999999999999e-02 -2.6999999999999996e-02 4.0000000000000001e-03  1.3992638885791545e-03
-1.4999999999999999e-02 -2.3999999999999997e-02 4.0000000000000001e-03  1.3710683223806606e-03
-1.4999999999999999e-02 -2.0999999999999998e-02 4.0000000000000001e-03  1.3599548339572128e-03
-1.4999999999999999e-02 -1.7999999999999999e-02 4.0000000000000001e-03  1.3323517106377536e-03
-1.4999999999999999e-02 -1.4999999999999999e-02 4.0000000000000001e-03  1.3135879126403669e-03
-1.4999999999999999e-02 -1.1999999999999997e-02 4.0000000000000001e-03  1.3058930972685166e-03
-1.4999999999999999e-02 -8.9999999999999941e-03 4.0000000000000001e-03  1.3028836607958305e-03
-1.4999999999999999e-02 -5.9999999999999984e-03 4.0000000000000001e-03  1.3008298002200795e-03
-1.4999999999999999e-02 -2.9999999999999957e-03 4.0000000000000001e-03  1.2997205882111032e-03
-1.4999999999999999e-02 0.0000000000000000e+00 4.0000000000000001e-03  1.3015774645527213e-03
-1.4999999999999999e-02 3.0000000000000027e-03 4.0000000000000001e-03  1.3056708545776845e-03
-1.4999999999999999e-02 6.0000000000000053e-03 4.0000000000000001e-03  1.3109829392795259e-03
-1.4999999999999999e-02 9.0000000000000011e-03 4.0000000000000001e-03  1.3175139257163675e-03
-1.4999999999999999e-02 1.2000000000000004e-02 4.0000000000000001e-03  1.3246033103516013e-03
-1.4999999999999999e-02 1.4999999999999999e-02 4.0000000000000001e-03  1.3308127776673823e-03
-1.4999999999999999e-02 1.8000000000000002e-02 4.0000000000000001e-03  1.3496594477072860e-03
-1.4999999999999999e-02 2.1000000000000005e-02 4.0000000000000001e-03  1.3735993598785953e-03
-1.4999999999999999e-02 2.4000000000000007e-02 4.0000000000000001e-03  1.4020507481521656e-03
-1.4999999999999999e-02 2.7000000000000010e-02 4.0000000000000001e-03  1.4357485247273414e-03
-1.4999999999999999e-02 2.9999999999999999e-02 4.0000000000000001e-03  1.4542927692063029e-03
-1.4999999999999999e-02 3.3000000000000002e-02 4.0000000000000001e-03  1.4744138133935757e-03
-1.4999999999999999e-02 3.6000000000000004e-02 4.0000000000000001e-03  1.5106864037168887e-03
-1.4999999999999999e-02 3.9000000000000007e-02 4.0000000000000001e-03  1.5640208954917488e-03
-1.4999999999999999e-02 4.2000000000000010e-02 4.0000000000000001e-03  1.6353601746961629e-03
-1.4999999999999999e-02 4.4999999999999998e-02 4.0000000000000001e-03  1.7415063585973604e-03
-1.1999999999999997e-02 -4.4999999999999998e-02 4.0000000000000001e-03  2.0458025196949587e-03
-1.1999999999999997e-02 -4.1999999999999996e-02 4.0000000000000001e-03  1.8096937852510864e-03
-1.1999999999999997e-02 -3.9000000000000000e-02 4.0000000000000001e-03  1.6376710237617042e-03
-1.1999999999999997e-02 -3.5999999999999997e-02 4.0000000000000001e-03  1.5668815325726331e-03
-1.1999999999999997e-02 -3.3000000000000002e-02 4.0000000000000001e-03  1.5016435856825602e-03
-1.1999999999999997e-02 -2.9999999999999999e-02 4.0000000000000001e-03  1.4363493545329685e-03
-1.1999999999999997e-02 -2.6999999999999996e-02 4.0000000000000001e-03  1.3915987977603814e-03
-1.1999999999999997e-02 -2.3999999999999997e-02 4.0000000000000001e-03  1.3729124485892593e-03
-1.1999999999999997e-02 -2.0999999999999998e-02 4.0000000000000001e-03  1.3566769942008987e-03
-1.1999999999999997e-02 -1.7999999999999999e-02 4.0000000000000001e-03  1.3306034503922377e-03
-1.1999999999999997e-02 -1.4999999999999999e-02 4.0000000000000001e-03  1.3086975086804898e-03
-1.1999999999999997e-02 -1.1999999999999997e-02 4.0000000000000001e-03  1.2991334026720099e-03
-1.1999999999999997e-02 -8.9999999999999941e-03 4.0000000000000001e-03  1.2957296596572106e-03
-1.1999999999999997e-02 -5.9999999999999984e-03 4.0000000000000001e-03  1.2936842936156685e-03
-1.1999999999999997e-02 -2.9999999999999957e-03 4.0000000000000001e-03  1.2925882507971976e-03
-1.1999999999999997e-02 0.0000000000000000e+00 4.0000000000000001e-03  1.2924317532984979e-03
-1.1999999999999997e-02 3.0000000000000027e-03 4.0000000000000001e-03  1.2932059989581872e-03
-1.1999999999999997e-02 6.0000000000000053e-03 4.0000000000000001e-03  1.2949031613567932e-03
-1.1999999999999997e-02 9.0000000000000011e-03 4.0000000000000001e-03  1.2986708613621333e-03
-1.1999999999999997e-02 1.2000000000000004e-02 4.0000000000000001e-03  1.3062059600614947e-03
-1.1999999999999997e-02 1.4999999999999999e-02 4.0000000000000001e-03  1.3129188645651210e-03
-1.1999999999999997e-02 1.8000000000000002e-02 4.0000000000000001e-03  1.3254925741758088e-03
-1.1999999999999997e-02 2.1000000000000005e-02 4.0000000000000001e-03  1.3534840419614975e-03
-1.1999999999999997e-02 2.4000000000000007e-02 4.0000000000000001e-03  1.3899495498977473e-03
-1.1999999999999997e-02 2.7000000000000010e-02 4.0000000000000001e-03  1.4186691475008579e-03
-1.1999999999999997e-02 2.9999999999999999e-02 4.0000000000000001e-03  1.4325042464001423e-03
-1.1999999999999997e-02 3.3000000000000002e-02 4.0000000000000001e-03  1.4620847964372417e-03
-1.1999999999999997e-02 3.6000000000000004e-02 4.0000000000000001e-03  1.5082722908730209e-03
-1.1999999999999997e-02 3.9000000000000007e-02 4.0000000000000001e-03  1.5719607536308598e-03
-1.1999999999999997e-02 4.2000000000000010e-02 4.0000000000000001e-03  1.6540767392966601e-03
-1.1999999999999997e-02 4.4999999999999998e-02 4.0000000000000001e-03  1.7555793331188387e-03
-8.9999999999999941e-03 -4.4999999999999998e-02 4.0000000000000001e-03  2.0329168713782274e-03
-8.9999999999999941e-03 -4.1999999999999996e-02 4.0000000000000001e-03  1.7708605977298578e-03
-8.9999999999999941e-03 -3.9000000000000000e-02 4.0000000000000001e-03  1.6603198693421692e-03
-8.9999999999999941e-03 -3.5999999999999997e-02 4.0000000000000001e-03  1.5709522319977064e-03
-8.9999999999999941e-03 -3.3000000000000002e-02 4.0000000000000001e-03  1.4832682327181742e-03
-8.9999999999999941e-03 -2.9999999999999999e-02 4.0000000000000001e-03  1.4219033243029395e-03
-8.9999999999999941e-03 -2.6999999999999996e-02 4.0000000000000001e-03  1.3866983905997218e-03
-8.9999999999999941e-03 -2.3999999999999997e-02 4.0000000000000001e-03  1.3746446573835711e-03
-8.9999999999999941e-03 -2.0999999999999998e-02 4.0000000000000001e-03  1.3551140742370637e-03
-8.9999999999999941e-03 -1.7999999999999999e-02 4.0000000000000001e-03  1.3312944096750625e-03
-8.9999999999999941e-03 -1.4999999999999999e-02 4.0000000000000001e-03  1.3080200537771841e-03
-8.9999999999999941e-03 -1.1999999999999997e-02 4.0000000000000001e-03  1.2975757728434408e-03
-8.9999999999999941e-03 -8.9999999999999941e-03 4.0000000000000001e-03  1.2911016777083866e-03
-8.9999999999999941e-03 -5.9999999999999984e-03 4.0000000000000001e-03  1.2878322757075655e-03
-8.9999999999999941e-03 -2.9999999999999957e-03 4.0000000000000001e-03  1.2865620821873552e-03
-8.9999999999999941e-03 0.0000000000000000e+00 4.0000000000000001e-03  1.2864247034606517e-03
-8.9999999999999941e-03 3.0000000000000027e-03 4.0000000000000001e-03  1.2872232519539561e-03
-8.9999999999999941e-03 6.0000000000000053e-03 4.0000000000000001e-03  1.2889500749327428e-03
-8.9999999999999941e-03 9.0000000000000011e-03 4.0000000000000001e-03  1.2915984954044073e-03
-8.9999999999999941e-03 1.2000000000000004e-02 4.0000000000000001e-03  1.2951628121182529e-03
-8.9999999999999941e-03 1.4999999999999999e-02 4.0000000000000001e-03  1.2971104538597499e-03
-8.9999999999999941e-03 1.8000000000000002e-02 4.0000000000000001e-03  1.3011898112007733e-03
-8.9999999999999941e-03 2.1000000000000005e-02 4.0000000000000001e-03  1.3367408237105597e-03
-8.9999999999999941e-03 2.4000000000000007e-02 4.0000000000000001e-03  1.3757885284159139e-03
-8.9999999999999941e-03 2.7000000000000010e-02 4.0000000000000001e-03  1.3876729863120853e-03
-8.9999999999999941e-03 2.9999999999999999e-02 4.0000000000000001e-03  1.4107813718356726e-03
-8.9999999999999941e-03 3.3000000000000002e-02 4.0000000000000001e-03  1.4500958026317256e-03
-8.9999999999999941e-03 3.6000000000000004e-02 4.0000000000000001e-03  1.5064614405689960e-03
-8.9999999999999941e-03 3.9000000000000007e-02 4.0000000000000001e-03  1.5807559781787501e-03
-8.9999999999999941e-03 4.2000000000000010e-02 4.0000000000000001e-03  1.6738896386547745e-03
-8.9999999999999941e-03 4.4999999999999998e-02 4.0000000000000001e-03  1.7868051758533733e-03
-5.9999999999999984e-03 -4.4999999999999998e-02 4.0000000000000001e-03  2.0185962050887026e-03
-5.9999999999999984e-03 -4.1999999999999996e-02 4.0000000000000001e-03  1.7757366755567618e-03
-5.9999999999999984e-03 -3.9000000000000000e-02 4.0000000000000001e-03  1.6445843291593354e-03
-5.9999999999999984e-03 -3.5999999999999997e-02 4.0000000000000001e-03  1.5400712724884138e-03
-5.9999999999999984e-03 -3.3000000000000002e-02 4.0000000000000001e-03  1.4620134560020975e-03
-5.9999999999999984e-03 -2.9999999999999999e-02 4.0000000000000001e-03  1.4102329947110962e-03
-5.9999999999999984e-03 -2.6999999999999996e-02 4.0000000000000001e-03  1.3845581681787165e-03
-5.9999999999999984e-03 -2.3999999999999997e-02 4.0000000000000001e-03  1.3732594383052646e-03
-5.9999999999999984e-03 -2.0999999999999998e-02 4.0000000000000001e-03  1.3552819167532391e-03
-5.9999999999999984e-03 -1.7999999999999999e-02 4.0000000000000001e-03  1.3338317620988686e-03
-5.9999999999999984e-03 -1.4999999999999999e-02 4.0000000000000001e-03  1.3109517171760105e-03
-5.9999999999999984e-03 -1.1999999999999997e-02 4.0000000000000001e-03  1.2974622287439924e-03
-5.9999999999999984e-03 -8.9999999999999941e-03 4.0000000000000001e-03  1.2897385144514655e-03
-5.9999999999999984e-03 -5.9999999999999984e-03 4.0000000000000001e-03  1.2855544573074885e-03
-5.9999999999999984e-03 -2.9999999999999957e-03 4.0000000000000001e-03  1.2829195614823606e-03
-5.9999999999999984e-03 0.0000000000000000e+00 4.0000000000000001e-03  1.2818308756153546e-03
-5.9999999999999984e-03 3.0000000000000027e-03 4.0000000000000001e-03  1.2822858722813695e-03
-5.9999999999999984e-03 6.0000000000000053e-03 4.0000000000000001e-03  1.2841046104443573e-03
-5.9999999999999984e-03 9.0000000000000011e-03 4.0000000000000001e-03  1.2867898280523645e-03
-5.9999999999999984e-03 1.2000000000000004e-02 4.0000000000000001e-03  1.2903968090544463e-03
-5.9999999999999984e-03 1.4999999999999999e-02 4.0000000000000001e-03  1.2925165260109831e-03
-5.9999999999999984e-03 1.8000000000000002e-02 4.0000000000000001e-03  1.3054770348751245e-03
-5.9999999999999984e-03 2.1000000000000005e-02 4.0000000000000001e-03  1.3213078441592261e-03
-5.9999999999999984e-03 2.4000000000000007e-02 4.0000000000000001e-03  1.3398569293121966e-03
-5.9999999999999984e-03 2.7000000000000010e-02 4.0000000000000001e-03  1.3566701429083990e-03
-5.9999999999999984e-03 2.9999999999999999e-02 4.0000000000000001e-03  1.3893425605775020e-03
-5.9999999999999984e-03 3.3000000000000002e-02 4.0000000000000001e-03  1.4385706069464266e-03
-5.9999999999999984e-03 3.6000000000000004e-02 4.0000000000000001e-03  1.5027747080182702e-03
-5.9999999999999984e-03 3.9000000000000007e-02 4.0000000000000001e-03  1.5825078837235513e-03
-5.9999999999999984e-03 4.2000000000000010e-02 4.0000000000000001e-03  1.6784891683634430e-03
-5.9999999999999984e-03 4.4999999999999998e-02 4.0000000000000001e-03  1.7914711996226121e-03
-2.9999999999999957e-03 -4.4999999999999998e-02 4.0000000000000001e-03  2.0030235850639054e-03
-2.9999999999999957e-03 -4.1999999999999996e-02 4.0000000000000001e-03  1.7967699152583933e-03
-2.9999999999999957e-03 -3.9000000000000000e-02 4.0000000000000001e-03  1.6328612848033398e-03
-2.9999999999999957e-03 -3.5999999999999997e-02 4.0000000000000001e-03  1.5119772782094926e-03
-2.9999999999999957e-03 -3.3000000000000002e-02 4.0000000000000001e-03  1.4435451509151455e-03
-2.9999999999999957e-03 -2.9999999999999999e-02 4.0000000000000001e-03  1.4013388833984473e-03
-2.9999999999999957e-03 -2.6999999999999996e-02 4.0000000000000001e-03  1.3850279933355955e-03
-2.9999999999999957e-03 -2.3999999999999997e-02 4.0000000000000001e-03  1.3736067367314136e-03
-2.9999999999999957e-03 -2.0999999999999998e-02 4.0000000000000001e-03  1.3571670069675117e-03
-2.9999999999999957e-03 -1.7999999999999999e-02 4.0000000000000001e-03  1.3364944122087480e-03
-2.9999999999999957e-03 -1.4999999999999999e-02 4.0000000000000001e-03  1.3140009514846370e-03
-2.9999999999999957e-03 -1.1999999999999997e-02 4.0000000000000001e-03  1.2968967231015802e-03
-2.9999999999999957e-03 -8.9999999999999941e-03 4.0000000000000001e-03  1.2889800199341298e-03
-2.9999999999999957e-03 -5.9999999999999984e-03 4.0000000000000001e-03  1.2838848915346808e-03
-2.9999999999999957e-03 -2.9999999999999957e-03 4.0000000000000001e-03  1.2803387067096665e-03
-2.9999999999999957e-03 0.0000000000000000e+00 4.0000000000000001e-03  1.2783379718226788e-03
-2.9999999999999957e-03 3.0000000000000027e-03 4.0000000000000001e-03  1.2778796171729282e-03
-2.9999999999999957e-03 6.0000000000000053e-03 4.0000000000000001e-03  1.2789609969952617e-03
-2.9999999999999957e-03 9.0000000000000011e-03 4.0000000000000001e-03  1.2815798894601407e-03
-2.9999999999999957e-03 1.2000000000000004e-02 4.0000000000000001e-03  1.2852970713164787e-03
-2.9999999999999957e-03 1.4999999999999999e-02 4.0000000000000001e-03  1.2927056487344825e-03
-2.9999999999999957e-03 1.8000000000000002e-02 4.0000000000000001e-03  1.2997466041517458e-03
-2.9999999999999957e-03 2.1000000000000005e-02 4.0000000000000001e-03  1.3186035727087257e-03
-2.9999999999999957e-03 2.4000000000000007e-02 4.0000000000000001e-03  1.3426099453167175e-03
-2.9999999999999957e-03 2.7000000000000010e-02 4.0000000000000001e-03  1.3578301109211234e-03
-2.9999999999999957e-03 2.9999999999999999e-02 4.0000000000000001e-03  1.3862553060764215e-03
-2.9999999999999957e-03 3.3000000000000002e-02 4.0000000000000001e-03  1.4284927491700482e-03
-2.9999999999999957e-03 3.6000000000000004e-02 4.0000000000000001e-03  1.4851832619729426e-03
-2.9999999999999957e-03 3.9000000000000007e-02 4.0000000000000001e-03  1.5570012696395341e-03
-2.9999999999999957e-03 4.2000000000000010e-02 4.0000000000000001e-03  1.6446548007077412e-03
-2.9999999999999957e-03 4.4999999999999998e-02 4.0000000000000001e-03  1.7488854870989826e-03
0.0000000000000000e+00 -4.4999999999999998e-02 4.0000000000000001e-03  1.9813294210977873e-03
0.0000000000000000e+00 -4.1999999999999996e-02 4.0000000000000001e-03  1.8035329503608480e-03
0.0000000000000000e+00 -3.9000000000000000e-02 4.0000000000000001e-03  1.6571400344872454e-03
0.0000000000000000e+00 -3.5999999999999997e-02 4.0000000000000001e-03  1.5418721111621037e-03
0.0000000000000000e+00 -3.3000000000000002e-02 4.0000000000000001e-03  1.4573583387991135e-03
0.0000000000000000e+00 -2.9999999999999999e-02 4.0000000000000001e-03  1.4031355965405568e-03
0.0000000000000000e+00 -2.6999999999999996e-02 4.0000000000000001e-03  1.3855486703135723e-03
0.0000000000000000e+00 -2.3999999999999997e-02 4.0000000000000001e-03  1.3757058001699607e-03
0.0000000000000000e+00 -2.0999999999999998e-02 4.0000000000000001e-03  1.3595597382686964e-03
0.0000000000000000e+00 -1.7999999999999999e-02 4.0000000000000001e-03  1.3392790966274049e-03
0.0000000000000000e+00 -1.4999999999999999e-02 4.0000000000000001e-03  1.3171680438945981e-03
0.0000000000000000e+00 -1.1999999999999997e-02 4.0000000000000001e-03  1.2958597840875162e-03
0.0000000000000000e+00 -8.9999999999999941e-03 4.0000000000000001e-03  1.2889134871864362e-03
0.0000000000000000e+00 -5.9999999999999984e-03 4.0000000000000001e-03  1.2828257286923773e-03
0.0000000000000000e+00 -2.9999999999999957e-03 4.0000000000000001e-03  1.2783775520017119e-03
0.0000000000000000e+00 0.0000000000000000e+00 4.0000000000000001e-03  1.2754760029979621e-03
0.0000000000000000e+00 3.0000000000000027e-03 4.0000000000000001e-03  1.2741174697046595e-03
0.0000000000000000e+00 6.0000000000000053e-03 4.0000000000000001e-03  1.2742064754715948e-03
0.0000000000000000e+00 9.0000000000000011e-03 4.0000000000000001e-03  1.2747750082174407e-03
0.0000000000000000e+00 1.2000000000000004e-02 4.0000000000000001e-03  1.2789533548749771e-03
0.0000000000000000e+00 1.4999999999999999e-02 4.0000000000000001e-03  1.2889357344454590e-03
0.0000000000000000e+00 1.8000000000000002e-02 4.0000000000000001e-03  1.2998262102845903e-03
0.0000000000000000e+00 2.1000000000000005e-02 4.0000000000000001e-03  1.3183554138949199e-03
0.0000000000000000e+00 2.4000000000000007e-02 4.0000000000000001e-03  1.3446076223698133e-03
0.0000000000000000e+00 2.7000000000000010e-02 4.0000000000000001e-03  1.3659442744026269e-03
0.0000000000000000e+00 2.9999999999999999e-02 4.0000000000000001e-03  1.3878378677143447e-03
0.0000000000000000e+00 3.3000000000000002e-02 4.0000000000000001e-03  1.4231679041247145e-03
0.0000000000000000e+00 3.6000000000000004e-02 4.0000000000000001e-03  1.4725641996414208e-03
0.0000000000000000e+00 3.9000000000000007e-02 4.0000000000000001e-03  1.5366901736556372e-03
0.0000000000000000e+00 4.2000000000000010e-02 4.0000000000000001e-03  1.6162428489420375e-03
0.0000000000000000e+00 4.4999999999999998e-02 4.0000000000000001e-03  1.7119528516587816e-03
3.0000000000000027e-03 -4.4999999999999998e-02 4.0000000000000001e-03  1.9022357634521270e-03
3.0000000000000027e-03 -4.1999999999999996e-02 4.0000000000000001e-03  1.7396473065005419e-03
3.0000000000000027e-03 -3.9000000000000000e-02 4.0000000000000001e-03  1.6090137929795662e-03
3.0000000000000027e-03 -3.5999999999999997e-02 4.0000000000000001e-03  1.5299140932842708e-03
3.0000000000000027e-03 -3.3000000000000002e-02 4.0000000000000001e-03  1.4667471069923184e-03
3.0000000000000027e-03 -2.9999999999999999e-02 4.0000000000000001e-03  1.4179665583868733e-03
3.0000000000000027e-03 -2.6999999999999996e-02 4.0000000000000001e-03  1.3878265145596291e-03
3.0000000000000027e-03 -2.3999999999999997e-02 4.0000000000000001e-03  1.3795776073035827e-03
3.0000000000000027e-03 -2.0999999999999998e-02 4.0000000000000001e-03  1.3620805237678111e-03
3.0000000000000027e-03 -1.7999999999999999e-02 4.0000000000000001e-03  1.3421875878652765e-03
3.0000000000000027e-03 -1.4999999999999999e-02 4.0000000000000001e-03  1.3204583174851576e-03
3.0000000000000027e-03 -1.1999999999999997e-02 4.0000000000000001e-03  1.2968777316320944e-03
3.0000000000000027e-03 -8.9999999999999941e-03 4.0000000000000001e-03  1.2886907515886504e-03
3.0000000000000027e-03 -5.9999999999999984e-03 4.0000000000000001e-03  1.2823854234073912e-03
3.0000000000000027e-03 -2.9999999999999957e-03 4.0000000000000001e-03  1.2770483274628657e-03
3.0000000000000027e-03 0.0000000000000000e+00 4.0000000000000001e-03  1.2738463317375148e-03
3.0000000000000027e-03 3.0000000000000027e-03 4.0000000000000001e-03  1.2723717360028591e-03
3.0000000000000027e-03 6.0000000000000053e-03 4.0000000000000001e-03  1.2711558281999940e-03
3.0000000000000027e-03 9.0000000000000011e-03 4.0000000000000001e-03  1.2702003938759865e-03
3.0000000000000027e-03 1.2000000000000004e-02 4.0000000000000001e-03  1.2776340485410053e-03
3.0000000000000027e-03 1.4999999999999999e-02 4.0000000000000001e-03  1.2866446848158945e-03
3.0000000000000027e-03 1.8000000000000002e-02 4.0000000000000001e-03  1.2968234413930299e-03
3.0000000000000027e-03 2.1000000000000005e-02 4.0000000000000001e-03  1.3190706668218129e-03
3.0000000000000027e-03 2.4000000000000007e-02 4.0000000000000001e-03  1.3453751671837547e-03
3.0000000000000027e-03 2.7000000000000010e-02 4.0000000000000001e-03  1.3731747572199393e-03
3.0000000000000027e-03 2.9999999999999999e-02 4.0000000000000001e-03  1.3938328475571462e-03
3.0000000000000027e-03 3.3000000000000002e-02 4.0000000000000001e-03  1.4224760640494329e-03
3.0000000000000027e-03 3.6000000000000004e-02 4.0000000000000001e-03  1.4648024924486822e-03
3.0000000000000027e-03 3.9000000000000007e-02 4.0000000000000001e-03  1.5214645463828167e-03
3.0000000000000027e-03 4.2000000000000010e-02 4.0000000000000001e-03  1.5931482428632497e-03
3.0000000000000027e-03 4.4999999999999998e-02 4.0000000000000001e-03  1.6924993562544787e-03
6.0000000000000053e-03 -4.4999999999999998e-02 4.0000000000000001e-03  1.8440131704046817e-03
6.0000000000000053e-03 -4.1999999999999996e-02 4.0000000000000001e-03  1.7263787296681438e-03
6.0000000000000053e-03 -3.9000000000000000e-02 4.0000000000000001e-03  1.6276235390220580e-03
6.0000000000000053e-03 -3.5999999999999997e-02 4.0000000000000001e-03  1.5463538766816913e-03
6.0000000000000053e-03 -3.3000000000000002e-02 4.0000000000000001e-03  1.4811573035987133e-03
6.0000000000000053e-03 -2.9999999999999999e-02 4.0000000000000001e-03  1.4306026634611842e-03
6.0000000000000053e-03 -2.6999999999999996e-02 4.0000000000000001e-03  1.3932400826935664e-03
6.0000000000000053e-03 -2.3999999999999997e-02 4.0000000000000001e-03  1.3824299027261522e-03
6.0000000000000053e-03 -2.0999999999999998e-02 4.0000000000000001e-03  1.3647326212941988e-03
6.0000000000000053e-03 -1.7999999999999999e-02 4.0000000000000001e-03  1.3453829521637318e-03
6.0000000000000053e-03 -1.4999999999999999e-02 4.0000000000000001e-03  1.3250082800606204e-03
6.0000000000000053e-03 -1.1999999999999997e-02 4.0000000000000001e-03  1.3023297089012748e-03
6.0000000000000053e-03 -8.9999999999999941e-03 4.0000000000000001e-03  1.2897890377185550e-03
6.0000000000000053e-03 -5.9999999999999984e-03 4.0000000000000001e-03  1.2841770019205519e-03
6.0000000000000053e-03 -2.9999999999999957e-03 4.0000000000000001e-03  1.2806628278501000e-03
6.0000000000000053e-03 0.0000000000000000e+00 4.0000000000000001e-03  1.2774096467360026e-03
6.0000000000000053e-03 3.0000000000000027e-03 4.0000000000000001e-03  1.2744158651882178e-03
6.0000000000000053e-03 6.0000000000000053e-03 4.0000000000000001e-03  1.2716818826975333e-03
6.0000000000000053e-03 9.0000000000000011e-03 4.0000000000000001e-03  1.2731715847829361e-03
6.0000000000000053e-03 1.2000000000000004e-02 4.0000000000000001e-03  1.2802833670051356e-03
6.0000000000000053e-03 1.4999999999999999e-02 4.0000000000000001e-03  1.2883181039532474e-03
6.0000000000000053e-03 1.8000000000000002e-02 4.0000000000000001e-03  1.3031757088506019e-03
6.0000000000000053e-03 2.1000000000000005e-02 4.0000000000000001e-03  1.3239100249374126e-03
6.0000000000000053e-03 2.4000000000000007e-02 4.0000000000000001e-03  1.3470273704077941e-03
6.0000000000000053e-03 2.7000000000000010e-02 4.0000000000000001e-03  1.3749324260601324e-03
6.0000000000000053e-03 2.9999999999999999e-02 4.0000000000000001e-03  1.4041070297454526e-03
6.0000000000000053e-03 3.3000000000000002e-02 4.0000000000000001e-03  1.4262889922708019e-03
6.0000000000000053e-03 3.6000000000000004e-02 4.0000000000000001e-03  1.4617748829072951e-03
6.0000000000000053e-03 3.9000000000000007e-02 4.0000000000000001e-03  1.5112061095195982e-03
6.0000000000000053e-03 4.2000000000000010e-02 4.0000000000000001e-03  1.5815160161926486e-03
6.0000000000000053e-03 4.4999999999999998e-02 4.0000000000000001e-03  1.6850355857332576e-03
9.0000000000000011e-03 -4.4999999999999998e-02 4.0000000000000001e-03  1.8298872570785879e-03
9.0000000000000011e-03 -4.1999999999999996e-02 4.0000000000000001e-03  1.7078135782920164e-03
9.0000000000000011e-03 -3.9000000000000000e-02 4.0000000000000001e-03  1.6173900146669467e-03
9.0000000000000011e-03 -3.5999999999999997e-02 4.0000000000000001e-03  1.5456878194624339e-03
9.0000000000000011e-03 -3.3000000000000002e-02 4.0000000000000001e-03  1.4873371063569441e-03
9.0000000000000011e-03 -2.9999999999999999e-02 4.0000000000000001e-03  1.4411228460730987e-03
9.0000000000000011e-03 -2.6999999999999996e-02 4.0000000000000001e-03  1.4058032369094798e-03
9.0000000000000011e-03 -2.3999999999999997e-02 4.0000000000000001e-03  1.3867012074869568e-03
9.0000000000000011e-03 -2.0999999999999998e-02 4.0000000000000001e-03  1.3705549292451417e-03
9.0000000000000011e-03 -1.7999999999999999e-02 4.0000000000000001e-03  1.3521420654556372e-03
9.0000000000000011e-03 -1.4999999999999999e-02 4.0000000000000001e-03  1.3314463400876211e-03
9.0000000000000011e-03 -1.1999999999999997e-02 4.0000000000000001e-03  1.3088248579920169e-03
9.0000000000000011e-03 -8.9999999999999941e-03 4.0000000000000001e-03  1.3039204715420273e-03
9.0000000000000011e-03 -5.9999999999999984e-03 4.0000000000000001e-03  1.3019721122004384e-03
9.0000000000000011e-03 -2.9999999999999957e-03 4.0000000000000001e-03  1.2931225353916330e-03
9.0000000000000011e-03 0.0000000000000000e+00 4.0000000000000001e-03  1.2857820865143960e-03
9.0000000000000011e-03 3.0000000000000027e-03 4.0000000000000001e-03  1.2800314507799774e-03
9.0000000000000011e-03 6.0000000000000053e-03 4.0000000000000001e-03  1.2757856408475686e-03
9.0000000000000011e-03 9.0000000000000011e-03 4.0000000000000001e-03  1.2807499612293195e-03
9.0000000000000011e-03 1.2000000000000004e-02 4.0000000000000001e-03  1.2868834824230106e-03
9.0000000000000011e-03 1.4999999999999999e-02 4.0000000000000001e-03  1.2946955857744678e-03
9.0000000000000011e-03 1.8000000000000002e-02 4.0000000000000001e-03  1.3128698374149832e-03
9.0000000000000011e-03 2.1000000000000005e-02 4.0000000000000001e-03  1.3320883620474195e-03
9.0000000000000011e-03 2.4000000000000007e-02 4.0000000000000001e-03  1.3523501312110561e-03
9.0000000000000011e-03 2.7000000000000010e-02 4.0000000000000001e-03  1.3775662646049196e-03
9.0000000000000011e-03 2.9999999999999999e-02 4.0000000000000001e-03  1.4070180162193480e-03
9.0000000000000011e-03 3.3000000000000002e-02 4.0000000000000001e-03  1.4344702232030018e-03
9.0000000000000011e-03 3.6000000000000004e-02 4.0000000000000001e-03  1.4633498846174063e-03
9.0000000000000011e-03 3.9000000000000007e-02 4.0000000000000001e-03  1.5074550637129438e-03
9.0000000000000011e-03 4.2000000000000010e-02 4.0000000000000001e-03  1.5857688156612889e-03
9.0000000000000011e-03 4.4999999999999998e-02 4.0000000000000001e-03  1.6812955967197148e-03
1.2000000000000004e-02 -4.4999999999999998e-02 4.0000000000000001e-03  1.8400521371395257e-03
1.2000000000000004e-02 -4.1999999999999996e-02 4.0000000000000001e-03  1.7193199159427079e-03
1.2000000000000004e-02 -3.9000000000000000e-02 4.0000000000000001e-03  1.6212330525219017e-03
1.2000000000000004e-02 -3.5999999999999997e-02 4.0000000000000001e-03  1.5441155265924066e-03
1.2000000000000004e-02 -3.3000000000000002e-02 4.0000000000000001e-03  1.4862838868970277e-03
1.2000000000000004e-02 -2.9999999999999999e-02 4.0000000000000001e-03  1.4461680708237154e-03
1.2000000000000004e-02 -2.6999999999999996e-02 4.0000000000000001e-03  1.4142824687612124e-03
1.2000000000000004e-02 -2.3999999999999997e-02 4.0000000000000001e-03  1.3939942996735784e-03
1.2000000000000004e-02 -2.0999999999999998e-02 4.0000000000000001e-03  1.3779698435016675e-03
1.2000000000000004e-02 -1.7999999999999999e-02 4.0000000000000001e-03  1.3641910715700631e-03
1.2000000000000004e-02 -1.4999999999999999e-02 4.0000000000000001e-03  1.3478708719823396e-03
1.2000000000000004e-02 -1.1999999999999997e-02 4.0000000000000001e-03  1.3290085962523420e-03
1.2000000000000004e-02 -8.9999999999999941e-03 4.0000000000000001e-03  1.3254083494375272e-03
1.2000000000000004e-02 -5.9999999999999984e-03 4.0000000000000001e-03  1.3194235220382090e-03
1.2000000000000004e-02 -2.9999999999999957e-03 4.0000000000000001e-03  1.3079150343578228e-03
1.2000000000000004e-02 0.0000000000000000e+00 4.0000000000000001e-03  1.2979202761400728e-03
1.2000000000000004e-02 3.0000000000000027e-03 4.0000000000000001e-03  1.2894308834634179e-03
1.2000000000000004e-02 6.0000000000000053e-03 4.0000000000000001e-03  1.2871495062737404e-03
1.2000000000000004e-02 9.0000000000000011e-03 4.0000000000000001e-03  1.2914894762527779e-03
1.2000000000000004e-02 1.2000000000000004e-02 4.0000000000000001e-03  1.2974225054679701e-03
1.2000000000000004e-02 1.4999999999999999e-02 4.0000000000000001e-03  1.3092381985889306e-03
1.2000000000000004e-02 1.8000000000000002e-02 4.0000000000000001e-03  1.3258960770424987e-03
1.2000000000000004e-02 2.1000000000000005e-02 4.0000000000000001e-03  1.3435972449376507e-03
1.2000000000000004e-02 2.4000000000000007e-02 4.0000000000000001e-03  1.3623408151578805e-03
1.2000000000000004e-02 2.7000000000000010e-02 4.0000000000000001e-03  1.3821315651115253e-03
1.2000000000000004e-02 2.9999999999999999e-02 4.0000000000000001e-03  1.4106211138275159e-03
1.2000000000000004e-02 3.3000000000000002e-02 4.0000000000000001e-03  1.4416425632143215e-03
1.2000000000000004e-02 3.6000000000000004e-02 4.0000000000000001e-03  1.4693877822667628e-03
1.2000000000000004e-02 3.9000000000000007e-02 4.0000000000000001e-03  1.5233757814675476e-03
1.2000000000000004e-02 4.2000000000000010e-02 4.0000000000000001e-03  1.5938197954126637e-03
1.2000000000000004e-02 4.4999999999999998e-02 4.0000000000000001e-03  1.6952062123789672e-03
1.4999999999999999e-02 -4.4999999999999998e-02 4.0000000000000001e-03  1.8533396882617890e-03
1.4999999999999999e-02 -4.1999999999999996e-02 4.0000000000000001e-03  1.7339220419232112e-03
1.4999999999999999e-02 -3.9000000000000000e-02 4.0000000000000001e-03  1.6371434747591211e-03
1.4999999999999999e-02 -3.5999999999999997e-02 4.0000000000000001e-03  1.5613077264225812e-03
1.4999999999999999e-02 -3.3000000000000002e-02 4.0000000000000001e-03  1.5047111055941423e-03
1.4999999999999999e-02 -2.9999999999999999e-02 4.0000000000000001e-03  1.4646333583657020e-03
1.4999999999999999e-02 -2.6999999999999996e-02 4.0000000000000001e-03  1.4280762940720062e-03
1.4999999999999999e-02 -2.3999999999999997e-02 4.0000000000000001e-03  1.4120986781532589e-03
1.4999999999999999e-02 -2.0999999999999998e-02 4.0000000000000001e-03  1.4000805154797300e-03
1.4999999999999999e-02 -1.7999999999999999e-02 4.0000000000000001e-03  1.3855415457662658e-03
1.4999999999999999e-02 -1.4999999999999999e-02 4.0000000000000001e-03  1.3684769162442270e-03
1.4999999999999999e-02 -1.1999999999999997e-02 4.0000000000000001e-03  1.3488842770559540e-03
1.4999999999999999e-02 -8.9999999999999941e-03 4.0000000000000001e-03  1.3462875824647375e-03
1.4999999999999999e-02 -5.9999999999999984e-03 4.0000000000000001e-03  1.3361243717449039e-03
1.4999999999999999e-02 -2.9999999999999957e-03 4.0000000000000001e-03  1.3219724896214240e-03
1.4999999999999999e-02 0.0000000000000000e+00 4.0000000000000001e-03  1.3104433585811501e-03
1.4999999999999999e-02 3.0000000000000027e-03 4.0000000000000001e-03  1.3093159593122966e-03
1.4999999999999999e-02 6.0000000000000053e-03 4.0000000000000001e-03  1.3065371376139419e-03
1.4999999999999999e-02 9.0000000000000011e-03 4.0000000000000001e-03  1.3064170283955138e-03
1.4999999999999999e-02 1.2000000000000004e-02 4.0000000000000001e-03  1.3101815155460938e-03
1.4999999999999999e-02 1.4999999999999999e-02 4.0000000000000001e-03  1.3214266793538727e-03
1.4999999999999999e-02 1.8000000000000002e-02 4.0000000000000001e-03  1.3396658586053698e-03
1.4999999999999999e-02 2.1000000000000005e-02 4.0000000000000001e-03  1.3579530996548222e-03
1.4999999999999999e-02 2.4000000000000007e-02 4.0000000000000001e-03  1.3756581410036476e-03
1.4999999999999999e-02 2.7000000000000010e-02 4.0000000000000001e-03  1.3939294679579284e-03
1.4999999999999999e-02 2.9999999999999999e-02 4.0000000000000001e-03  1.4150993600957941e-03
1.4999999999999999e-02 3.3000000000000002e-02 4.0000000000000001e-03  1.4462113538510971e-03
1.4999999999999999e-02 3.6000000000000004e-02 4.0000000000000001e-03  1.4938553700048493e-03
1.4999999999999999e-02 3.9000000000000007e-02 4.0000000000000001e-03  1.5431585576991293e-03
1.4999999999999999e-02 4.2000000000000010e-02 4.0000000000000001e-03  1.6056544813701245e-03
1.4999999999999999e-02 4.4999999999999998e-02 4.0000000000000001e-03  1.7232202972621690e-03
1.8000000000000002e-02 -4.4999999999999998e-02 4.0000000000000001e-03  1.8697856056535769e-03
1.8000000000000002e-02 -4.1999999999999996e-02 4.0000000000000001e-03  1.7516601586722701e-03
1.8000000000000002e-02 -3.9000000000000000e-02 4.0000000000000001e-03  1.6561578318736254e-03
1.8000000000000002e-02 -3.5999999999999997e-02 4.0000000000000001e-03  1.5815621248484654e-03
1.8000000000000002e-02 -3.3000000000000002e-02 4.0000000000000001e-03  1.5261491062151114e-03
1.8000000000000002e-02 -2.9999999999999999e-02 4.0000000000000001e-03  1.4875703610412884e-03
1.8000000000000002e-02 -2.6999999999999996e-02 4.0000000000000001e-03  1.4599953163577678e-03
1.8000000000000002e-02 -2.3999999999999997e-02 4.0000000000000001e-03  1.4388135115759187e-03
1.8000000000000002e-02 -2.0999999999999998e-02 4.0000000000000001e-03  1.4219509353560319e-03
1.8000000000000002e-02 -1.7999999999999999e-02 4.0000000000000001e-03  1.4066137054098450e-03
1.8000000000000002e-02 -1.4999999999999999e-02 4.0000000000000001e-03  1.3887773971523790e-03
1.8000000000000002e-02 -1.1999999999999997e-02 4.0000000000000001e-03  1.3684379593544658e-03
1.8000000000000002e-02 -8.9999999999999941e-03 4.0000000000000001e-03  1.3665468092501384e-03
1.8000000000000002e-02 -5.9999999999999984e-03 4.0000000000000001e-03  1.3520526391802535e-03
1.8000000000000002e-02 -2.9999999999999957e-03 4.0000000000000001e-03  1.3396132558848065e-03
1.8000000000000002e-02 0.0000000000000000e+00 4.0000000000000001e-03  1.3392038459482680e-03
1.8000000000000002e-02 3.0000000000000027e-03 4.0000000000000001e-03  1.3371316033275770e-03
1.8000000000000002e-02 6.0000000000000053e-03 4.0000000000000001e-03  1.3333888308991375e-03
1.8000000000000002e-02 9.0000000000000011e-03 4.0000000000000001e-03  1.3295716670836339e-03
1.8000000000000002e-02 1.2000000000000004e-02 4.0000000000000001e-03  1.3305869037678413e-03
1.8000000000000002e-02 1.4999999999999999e-02 4.0000000000000001e-03  1.3353614712398479e-03
1.8000000000000002e-02 1.8000000000000002e-02 4.0000000000000001e-03  1.3536778589683597e-03
1.8000000000000002e-02 2.1000000000000005e-02 4.0000000000000001e-03  1.3720450108884103e-03
1.8000000000000002e-02 2.4000000000000007e-02 4.0000000000000001e-03  1.3904601649190229e-03
1.8000000000000002e-02 2.7000000000000010e-02 4.0000000000000001e-03  1.4089271834272559e-03
1.8000000000000002e-02 2.9999999999999999e-02 4.0000000000000001e-03  1.4273529991930907e-03
1.8000000000000002e-02 3.3000000000000002e-02 4.0000000000000001e-03  1.4692960407877629e-03
1.8000000000000002e-02 3.6000000000000004e-02 4.0000000000000001e-03  1.5189295077262940e-03
1.8000000000000002e-02 3.9000000000000007e-02 4.0000000000000001e-03  1.5667903642519391e-03
1.8000000000000002e-02 4.2000000000000010e-02 4.0000000000000001e-03  1.6233379482637662e-03
1.8000000000000002e-02 4.4999999999999998e-02 4.0000000000000001e-03  1.7466278836955158e-03
2.1000000000000005e-02 -4.4999999999999998e-02 4.0000000000000001e-03  1.8894486145440963e-03
2.1000000000000005e-02 -4.1999999999999996e-02 4.0000000000000001e-03  1.7725974986496143e-03
2.1000000000000005e-02 -3.9000000000000000e-02 4.0000000000000001e-03  1.6783438635556813e-03
2.1000000000000005e-02 -3.5999999999999997e-02 4.0000000000000001e-03  1.6049509687908717e-03
2.1000000000000005e-02 -3.3000000000000002e-02 4.0000000000000001e-03  1.5572525115914737e-03
2.1000000000000005e-02 -2.9999999999999999e-02 4.0000000000000001e-03  1.5210173511157048e-03
2.1000000000000005e-02 -2.6999999999999996e-02 4.0000000000000001e-03  1.4916356524325575e-03
2.1000000000000005e-02 -2.3999999999999997e-02 4.0000000000000001e-03  1.4664112865933122e-03
2.1000000000000005e-02 -2.0999999999999998e-02 4.0000000000000001e-03  1.4451586328159917e-03
2.1000000000000005e-02 -1.7999999999999999e-02 4.0000000000000001e-03  1.4274528459036918e-03
2.1000000000000005e-02 -1.4999999999999999e-02 4.0000000000000001e-03  1.4087994293795465e-03
2.1000000000000005e-02 -1.1999999999999997e-02 4.0000000000000001e-03  1.3889169000967070e-03
2.1000000000000005e-02 -8.9999999999999941e-03 4.0000000000000001e-03  1.3862032428446586e-03
2.1000000000000005e-02 -5.9999999999999984e-03 4.0000000000000001e-03  1.3764659633805113e-03
2.1000000000000005e-02 -2.9999999999999957e-03 4.0000000000000001e-03  1.3767784921308941e-03
2.1000000000000005e-02 0.0000000000000000e+00 4.0000000000000001e-03  1.3754323783380638e-03
2.1000000000000005e-02 3.0000000000000027e-03 4.0000000000000001e-03  1.3724084952509985e-03
2.1000000000000005e-02 6.0000000000000053e-03 4.0000000000000001e-03  1.3676980453943576e-03
2.1000000000000005e-02 9.0000000000000011e-03 4.0000000000000001e-03  1.3613025605684617e-03
2.1000000000000005e-02 1.2000000000000004e-02 4.0000000000000001e-03  1.3592178378704072e-03
2.1000000000000005e-02 1.4999999999999999e-02 4.0000000000000001e-03  1.3590409771863565e-03
2.1000000000000005e-02 1.8000000000000002e-02 4.0000000000000001e-03  1.3741737643961217e-03
2.1000000000000005e-02 2.1000000000000005e-02 4.0000000000000001e-03  1.3926158436482644e-03
2.1000000000000005e-02 2.4000000000000007e-02 4.0000000000000001e-03  1.4111112531363817e-03
2.1000000000000005e-02 2.7000000000000010e-02 4.0000000000000001e-03  1.4225859698728889e-03
2.1000000000000005e-02 2.9999999999999999e-02 4.0000000000000001e-03  1.4452718880555305e-03
2.1000000000000005e-02 3.3000000000000002e-02 4.0000000000000001e-03  1.4796415332710496e-03
2.1000000000000005e-02 3.6000000000000004e-02 4.0000000000000001e-03  1.5377444912706027e-03
2.1000000000000005e-02 3.9000000000000007e-02 4.0000000000000001e-03  1.5921968306835791e-03
2.1000000000000005e-02 4.2000000000000010e-02 4.0000000000000001e-03  1.6502444935081861e-03
2.1000000000000005e-02 4.4999999999999998e-02 4.0000000000000001e-03  1.7654229633915701e-03
2.4000000000000007e-02 -4.4999999999999998e-02 4.0000000000000001e-03  1.9124104701835197e-03
2.4000000000000007e-02 -4.1999999999999996e-02 4.0000000000000001e-03  1.7968203243359608e-03
2.4000000000000007e-02 -3.9000000000000000e-02 4.0000000000000001e-03  1.7037923395165383e-03
2.4000000000000007e-02 -3.5999999999999997e-02 4.0000000000000001e-03  1.6372287507429833e-03
2.4000000000000007e-02 -3.3000000000000002e-02 4.0000000000000001e-03  1.5949499922762993e-03
2.4000000000000007e-02 -2.9999999999999999e-02 4.0000000000000001e-03  1.5567759796680427e-03
2.4000000000000007e-02 -2.6999999999999996e-02 4.0000000000000001e-03  1.5230969778367550e-03
2.4000000000000007e-02 -2.3999999999999997e-02 4.0000000000000001e-03  1.4937134232252741e-03
2.4000000000000007e-02 -2.0999999999999998e-02 4.0000000000000001e-03  1.4684378264145548e-03
2.4000000000000007e-02 -1.7999999999999999e-02 4.0000000000000001e-03  1.4470947721236696e-03
2.4000000000000007e-02 -1.4999999999999999e-02 4.0000000000000001e-03  1.4285930025895054e-03
2.4000000000000007e-02 -1.1999999999999997e-02 4.0000000000000001e-03  1.4100637657417363e-03
2.4000000000000007e-02 -8.9999999999999941e-03 4.0000000000000001e-03  1.4044424152098941e-03
2.4000000000000007e-02 -5.9999999999999984e-03 4.0000000000000001e-03  1.4083528392311695e-03
2.4000000000000007e-02 -2.9999999999999957e-03 4.0000000000000001e-03  1.4104908732155311e-03
2.4000000000000007e-02 0.0000000000000000e+00 4.0000000000000001e-03  1.4108311887534326e-03
2.4000000000000007e-02 3.0000000000000027e-03 4.0000000000000001e-03  1.4093582637618991e-03
2.4000000000000007e-02 6.0000000000000053e-03 4.0000000000000001e-03  1.4060663824845268e-03
2.4000000000000007e-02 9.0000000000000011e-03 4.0000000000000001e-03  1.4009596354914737e-03
2.4000000000000007e-02 1.2000000000000004e-02 4.0000000000000001e-03  1.3961239095061488e-03
2.4000000000000007e-02 1.4999999999999999e-02 4.0000000000000001e-03  1.3931275081635797e-03
2.4000000000000007e-02 1.8000000000000002e-02 4.0000000000000001e-03  1.4011868080310737e-03
2.4000000000000007e-02 2.1000000000000005e-02 4.0000000000000001e-03  1.4068758802915089e-03
2.4000000000000007e-02 2.4000000000000007e-02 4.0000000000000001e-03  1.4133589692137591e-03
2.4000000000000007e-02 2.7000000000000010e-02 4.0000000000000001e-03  1.4339892992924136e-03
2.4000000000000007e-02 2.9999999999999999e-02 4.0000000000000001e-03  1.4675302921942619e-03
2.4000000000000007e-02 3.3000000000000002e-02 4.0000000000000001e-03  1.5058699737332982e-03
2.4000000000000007e-02 3.6000000000000004e-02 4.0000000000000001e-03  1.5610266471996774e-03
2.4000000000000007e-02 3.9000000000000007e-02 4.0000000000000001e-03  1.6138321712835665e-03
2.4000000000000007e-02 4.2000000000000010e-02 4.0000000000000001e-03  1.6715730370727075e-03
2.4000000000000007e-02 4.4999999999999998e-02 4.0000000000000001e-03  1.7796034493867813e-03
2.7000000000000010e-02 -4.4999999999999998e-02 4.0000000000000001e-03  1.9387759578430126e-03
2.7000000000000010e-02 -4.1999999999999996e-02 4.0000000000000001e-03  1.8244379282330119e-03
2.7000000000000010e-02 -3.9000000000000000e-02 4.0000000000000001e-03  1.7326170594884314e-03
2.7000000000000010e-02 -3.5999999999999997e-02 4.0000000000000001e-03  1.6828745882053575e-03
2.7000000000000010e-02 -3.3000000000000002e-02 4.0000000000000001e-03  1.6353027729485369e-03
2.7000000000000010e-02 -2.9999999999999999e-02 4.0000000000000001e-03  1.5925783043195471e-03
2.7000000000000010e-02 -2.6999999999999996e-02 4.0000000000000001e-03  1.5544876759860172e-03
2.7000000000000010e-02 -2.3999999999999997e-02 4.0000000000000001e-03  1.5208294557536980e-03
2.7000000000000010e-02 -2.0999999999999998e-02 4.0000000000000001e-03  1.4914142855664762e-03
2.7000000000000010e-02 -1.7999999999999999e-02 4.0000000000000001e-03  1.4660648815063486e-03
2.7000000000000010e-02 -1.4999999999999999e-02 4.0000000000000001e-03  1.4446160337934447e-03
2.7000000000000010e-02 -1.1999999999999997e-02 4.0000000000000001e-03  1.4293911407640099e-03
2.7000000000000010e-02 -8.9999999999999941e-03 4.0000000000000001e-03  1.4231534387972931e-03
2.7000000000000010e-02 -5.9999999999999984e-03 4.0000000000000001e-03  1.4271722585962176e-03
2.7000000000000010e-02 -2.9999999999999957e-03 4.0000000000000001e-03  1.4293948915639189e-03
2.7000000000000010e-02 0.0000000000000000e+00 4.0000000000000001e-03  1.4297964088243922e-03
2.7000000000000010e-02 3.0000000000000027e-03 4.0000000000000001e-03  1.4283616878282023e-03
2.7000000000000010e-02 6.0000000000000053e-03 4.0000000000000001e-03  1.4250854123524777e-03
2.7000000000000010e-02 9.0000000000000011e-03 4.0000000000000001e-03  1.4199720725009168e-03
2.7000000000000010e-02 1.2000000000000004e-02 4.0000000000000001e-03  1.4139456760624220e-03
2.7000000000000010e-02 1.4999999999999999e-02 4.0000000000000001e-03  1.4140870216887819e-03
2.7000000000000010e-02 1.8000000000000002e-02 4.0000000000000001e-03  1.4314967022815144e-03
2.7000000000000010e-02 2.1000000000000005e-02 4.0000000000000001e-03  1.4114308926253243e-03
2.7000000000000010e-02 2.4000000000000007e-02 4.0000000000000001e-03  1.4181901472348475e-03
2.7000000000000010e-02 2.7000000000000010e-02 4.0000000000000001e-03  1.4508370615153514e-03
2.7000000000000010e-02 2.9999999999999999e-02 4.0000000000000001e-03  1.4959853082943627e-03
2.7000000000000010e-02 3.3000000000000002e-02 4.0000000000000001e-03  1.5462571632362798e-03
2.7000000000000010e-02 3.6000000000000004e-02 4.0000000000000001e-03  1.6001325789827604e-03
2.7000000000000010e-02 3.9000000000000007e-02 4.0000000000000001e-03  1.6513598075413613e-03
2.7000000000000010e-02 4.2000000000000010e-02 4.0000000000000001e-03  1.6993598041919037e-03
2.7000000000000010e-02 4.4999999999999998e-02 4.0000000000000001e-03  1.8007575337138325e-03
2.9999999999999999e-02 -4.4999999999999998e-02 4.0000000000000001e-03  1.9686728928147157e-03
2.9999999999999999e-02 -4.1999999999999996e-02 4.0000000000000001e-03  1.8555826328634424e-03
2.9999999999999999e-02 -3.9000000000000000e-02 4.0000000000000001e-03  1.7838830741168372e-03
2.9999999999999999e-02 -3.5999999999999997e-02 4.0000000000000001e-03  1.7283010440700187e-03
2.9999999999999999e-02 -3.3000000000000002e-02 4.0000000000000001e-03  1.6759272091380294e-03
2.9999999999999999e-02 -2.9999999999999999e-02 4.0000000000000001e-03  1.6285402654949311e-03
2.9999999999999999e-02 -2.6999999999999996e-02 4.0000000000000001e-03  1.5859248381712798e-03
2.9999999999999999e-02 -2.3999999999999997e-02 4.0000000000000001e-03  1.5478776263357493e-03
2.9999999999999999e-02 -2.0999999999999998e-02 4.0000000000000001e-03  1.5142074032951532e-03
2.9999999999999999e-02 -1.7999999999999999e-02 4.0000000000000001e-03  1.4811325704646031e-03
2.9999999999999999e-02 -1.4999999999999999e-02 4.0000000000000001e-03  1.4721695549343465e-03
2.9999999999999999e-02 -1.1999999999999997e-02 4.0000000000000001e-03  1.4620561055533664e-03
2.9999999999999999e-02 -8.9999999999999941e-03 4.0000000000000001e-03  1.4470507758455205e-03
2.9999999999999999e-02 -5.9999999999999984e-03 4.0000000000000001e-03  1.4507372386415927e-03
2.9999999999999999e-02 -2.9999999999999957e-03 4.0000000000000001e-03  1.4523853860970925e-03
2.9999999999999999e-02 0.0000000000000000e+00 4.0000000000000001e-03  1.4519812340293831e-03
2.9999999999999999e-02 3.0000000000000027e-03 4.0000000000000001e-03  1.4495174539080351e-03
2.9999999999999999e-02 6.0000000000000053e-03 4.0000000000000001e-03  1.4449933728548396e-03
2.9999999999999999e-02 9.0000000000000011e-03 4.0000000000000001e-03  1.4393071651029187e-03
2.9999999999999999e-02 1.2000000000000004e-02 4.0000000000000001e-03  1.4325251801376206e-03
2.9999999999999999e-02 1.4999999999999999e-02 4.0000000000000001e-03  1.4534605178231439e-03
2.9999999999999999e-02 1.8000000000000002e-02 4.0000000000000001e-03  1.4777048673785612e-03
2.9999999999999999e-02 2.1000000000000005e-02 4.0000000000000001e-03  1.4829530561634747e-03
2.9999999999999999e-02 2.4000000000000007e-02 4.0000000000000001e-03  1.4884616198584583e-03
2.9999999999999999e-02 2.7000000000000010e-02 4.0000000000000001e-03  1.5104099106945305e-03
2.9999999999999999e-02 2.9999999999999999e-02 4.0000000000000001e-03  1.5385403951459038e-03
2.9999999999999999e-02 3.3000000000000002e-02 4.0000000000000001e-03  1.5912870237537063e-03
2.9999999999999999e-02 3.6000000000000004e-02 4.0000000000000001e-03  1.6313985022757310e-03
2.9999999999999999e-02 3.9000000000000007e-02 4.0000000000000001e-03  1.6866604464081778e-03
2.9999999999999999e-02 4.2000000000000010e-02 4.0000000000000001e-03  1.7453387760057338e-03
2.9999999999999999e-02 4.4999999999999998e-02 4.0000000000000001e-03  1.8363760393834633e-03
3.3000000000000002e-02 -4.4999999999999998e-02 4.0000000000000001e-03  2.0022521204117738e-03
3.3000000000000002e-02 -4.1999999999999996e-02 4.0000000000000001e-03  1.8975844077436135e-03
3.3000000000000002e-02 -3.9000000000000000e-02 4.0000000000000001e-03  1.8368725369582674e-03
3.3000000000000002e-02 -3.5999999999999997e-02 4.0000000000000001e-03  1.7742323675183464e-03
3.3000000000000002e-02 -3.3000000000000002e-02 4.0000000000000001e-03  1.7169467982785312e-03
3.3000000000000002e-02 -2.9999999999999999e-02 4.0000000000000001e-03  1.6647865114941731e-03
3.3000000000000002e-02 -2.6999999999999996e-02 4.0000000000000001e-03  1.6175342635587518e-03
3.3000000000000002e-02 -2.3999999999999997e-02 4.0000000000000001e-03  1.5928205970816708e-03
3.3000000000000002e-02 -2.0999999999999998e-02 4.0000000000000001e-03  1.5492379021171149e-03
3.3000000000000002e-02 -1.7999999999999999e-02 4.0000000000000001e-03  1.5368339515951642e-03
3.3000000000000002e-02 -1.4999999999999999e-02 4.0000000000000001e-03  1.5249002993423639e-03
3.3000000000000002e-02 -1.1999999999999997e-02 4.0000000000000001e-03  1.5133447672876714e-03
3.3000000000000002e-02 -8.9999999999999941e-03 4.0000000000000001e-03  1.4901371341658372e-03
3.3000000000000002e-02 -5.9999999999999984e-03 4.0000000000000001e-03  1.4942983924733336e-03
3.3000000000000002e-02 -2.9999999999999957e-03 4.0000000000000001e-03  1.4963724426724941e-03
3.3000000000000002e-02 0.0000000000000000e+00 4.0000000000000001e-03  1.4963562954107073e-03
3.3000000000000002e-02 3.0000000000000027e-03 4.0000000000000001e-03  1.4942536169875753e-03
3.3000000000000002e-02 6.0000000000000053e-03 4.0000000000000001e-03  1.4900747293549164e-03
3.3000000000000002e-02 9.0000000000000011e-03 4.0000000000000001e-03  1.4843720548557188e-03
3.3000000000000002e-02 1.2000000000000004e-02 4.0000000000000001e-03  1.4846896731337792e-03
3.3000000000000002e-02 1.4999999999999999e-02 4.0000000000000001e-03  1.4960144343179015e-03
3.3000000000000002e-02 1.8000000000000002e-02 4.0000000000000001e-03  1.5286050962915055e-03
3.3000000000000002e-02 2.1000000000000005e-02 4.0000000000000001e-03  1.5553708285807799e-03
3.3000000000000002e-02 2.4000000000000007e-02 4.0000000000000001e-03  1.5696193291757591e-03
3.3000000000000002e-02 2.7000000000000010e-02 4.0000000000000001e-03  1.6006111124120112e-03
3.3000000000000002e-02 2.9999999999999999e-02 4.0000000000000001e-03  1.5951429529091274e-03
3.3000000000000002e-02 3.3000000000000002e-02 4.0000000000000001e-03  1.6381283171455359e-03
3.3000000000000002e-02 3.6000000000000004e-02 4.0000000000000001e-03  1.6862134469217442e-03
3.3000000000000002e-02 3.9000000000000007e-02 4.0000000000000001e-03  1.6994952806157939e-03
3.3000000000000002e-02 4.2000000000000010e-02 4.0000000000000001e-03  1.7893955984403668e-03
3.3000000000000002e-02 4.4999999999999998e-02 4.0000000000000001e-03  1.8776113310831129e-03
3.6000000000000004e-02 -4.4999999999999998e-02 4.0000000000000001e-03  2.0396875159682955e-03
3.6000000000000004e-02 -4.1999999999999996e-02 4.0000000000000001e-03  1.9621357276688651e-03
3.6000000000000004e-02 -3.9000000000000000e-02 4.0000000000000001e-03  1.8885991868164531e-03
3.6000000000000004e-02 -3.5999999999999997e-02 4.0000000000000001e-03  1.8207996129931394e-03
3.6000000000000004e-02 -3.3000000000000002e-02 4.0000000000000001e-03  1.7584937456790735e-03
3.6000000000000004e-02 -2.9999999999999999e-02 4.0000000000000001e-03  1.7396321281148461e-03
3.6000000000000004e-02 -2.6999999999999996e-02 4.0000000000000001e-03  1.6596679544629803e-03
3.6000000000000004e-02 -2.3999999999999997e-02 4.0000000000000001e-03  1.6429494679042218e-03
3.6000000000000004e-02 -2.0999999999999998e-02 4.0000000000000001e-03  1.6268703772337890e-03
3.6000000000000004e-02 -1.7999999999999999e-02 4.0000000000000001e-03  1.6113145034111350e-03
3.6000000000000004e-02 -1.4999999999999999e-02 4.0000000000000001e-03  1.5961819981575812e-03
3.6000000000000004e-02 -1.1999999999999997e-02 4.0000000000000001e-03  1.5813893439563323e-03
3.6000000000000004e-02 -8.9999999999999941e-03 4.0000000000000001e-03  1.5532447299177747e-03
3.6000000000000004e-02 -5.9999999999999984e-03 4.0000000000000001e-03  1.5576584995741227e-03
3.6000000000000004e-02 -2.9999999999999957e-03 4.0000000000000001e-03  1.5599329246370464e-03
3.6000000000000004e-02 0.0000000000000000e+00 4.0000000000000001e-03  1.5600760105839726e-03
3.6000000000000004e-02 3.0000000000000027e-03 4.0000000000000001e-03  1.5581024185445296e-03
3.6000000000000004e-02 6.0000000000000053e-03 4.0000000000000001e-03  1.5545060371410842e-03
3.6000000000000004e-02 9.0000000000000011e-03 4.0000000000000001e-03  1.5533188994948323e-03
3.6000000000000004e-02 1.2000000000000004e-02 4.0000000000000001e-03  1.5554010551179468e-03
3.6000000000000004e-02 1.4999999999999999e-02 4.0000000000000001e-03  1.5607422623061448e-03
3.6000000000000004e-02 1.8000000000000002e-02 4.0000000000000001e-03  1.5852809594656115e-03
3.6000000000000004e-02 2.1000000000000005e-02 4.0000000000000001e-03  1.6239165035750835e-03
3.6000000000000004e-02 2.4000000000000007e-02 4.0000000000000001e-03  1.6527516809360892e-03
3.6000000000000004e-02 2.7000000000000010e-02 4.0000000000000001e-03  1.6923596822940340e-03
3.6000000000000004e-02 2.9999999999999999e-02 4.0000000000000001e-03  1.6812098632732883e-03
3.6000000000000004e-02 3.3000000000000002e-02 4.0000000000000001e-03  1.6874559934539938e-03
3.6000000000000004e-02 3.6000000000000004e-02 4.0000000000000001e-03  1.7311284344315866e-03
3.6000000000000004e-02 3.9000000000000007e-02 4.0000000000000001e-03  1.7586310657322580e-03
3.6000000000000004e-02 4.2000000000000010e-02 4.0000000000000001e-03  1.8450209492878317e-03
3.6000000000000004e-02 4.4999999999999998e-02 4.0000000000000001e-03  1.9344245407228995e-03
3.9000000000000007e-02 -4.4999999999999998e-02 4.0000000000000001e-03  2.1052258243872001e-03
3.9000000000000007e-02 -4.1999999999999996e-02 4.0000000000000001e-03  2.0201498065181085e-03
3.9000000000000007e-02 -3.9000000000000000e-02 4.0000000000000001e-03  1.9400886800681491e-03
3.9000000000000007e-02 -3.5999999999999997e-02 4.0000000000000001e-03  1.9250349970307507e-03
3.9000000000000007e-02 -3.3000000000000002e-02 4.0000000000000001e-03  1.8459728716289231e-03
3.9000000000000007e-02 -2.9999999999999999e-02 4.0000000000000001e-03  1.7839854066639418e-03
3.9000000000000007e-02 -2.6999999999999996e-02 4.0000000000000001e-03  1.7635431381301738e-03
3.9000000000000007e-02 -2.3999999999999997e-02 4.0000000000000001e-03  1.7438031219816608e-03
3.9000000000000007e-02 -2.0999999999999998e-02 4.0000000000000001e-03  1.7246415089702163e-03
3.9000000000000007e-02 -1.7999999999999999e-02 4.0000000000000001e-03  1.7059507806095383e-03
3.9000000000000007e-02 -1.4999999999999999e-02 4.0000000000000001e-03  1.6876397491751901e-03
3.9000000000000007e-02 -1.1999999999999997e-02 4.0000000000000001e-03  1.6696335577046199e-03
3.9000000000000007e-02 -8.9999999999999941e-03 4.0000000000000001e-03  1.6382387343380743e-03
3.9000000000000007e-02 -5.9999999999999984e-03 4.0000000000000001e-03  1.6426164916369024e-03
3.9000000000000007e-02 -2.9999999999999957e-03 4.0000000000000001e-03  1.6447995241399092e-03
3.9000000000000007e-02 0.0000000000000000e+00 4.0000000000000001e-03  1.6448068321545436e-03
3.9000000000000007e-02 3.0000000000000027e-03 4.0000000000000001e-03  1.6409385130551745e-03
3.9000000000000007e-02 6.0000000000000053e-03 4.0000000000000001e-03  1.6381906204241065e-03
3.9000000000000007e-02 9.0000000000000011e-03 4.0000000000000001e-03  1.6386673280071281e-03
3.9000000000000007e-02 1.2000000000000004e-02 4.0000000000000001e-03  1.6423606265007053e-03
3.9000000000000007e-02 1.4999999999999999e-02 4.0000000000000001e-03  1.6492651860251580e-03
3.9000000000000007e-02 1.8000000000000002e-02 4.0000000000000001e-03  1.6593783561246699e-03
3.9000000000000007e-02 2.1000000000000005e-02 4.0000000000000001e-03  1.6983239100895118e-03
3.9000000000000007e-02 2.4000000000000007e-02 4.0000000000000001e-03  1.7393998380811095e-03
3.9000000000000007e-02 2.7000000000000010e-02 4.0000000000000001e-03  1.7870850604896214e-03
3.9000000000000007e-02 2.9999999999999999e-02 4.0000000000000001e-03  1.7687602168170269e-03
3.9000000000000007e-02 3.3000000000000002e-02 4.0000000000000001e-03  1.7509117096156559e-03
3.9000000000000007e-02 3.6000000000000004e-02 4.0000000000000001e-03  1.7793881438782596e-03
3.9000000000000007e-02 3.9000000000000007e-02 4.0000000000000001e-03  1.8177075821559528e-03
3.9000000000000007e-02 4.2000000000000010e-02 4.0000000000000001e-03  1.9235301270251778e-03
3.9000000000000007e-02 4.4999999999999998e-02 4.0000000000000001e-03  1.9996868154346409e-03
4.2000000000000010e-02 -4.4999999999999998e-02 4.0000000000000001e-03  2.1648854146601201e-03
4.2000000000000010e-02 -4.1999999999999996e-02 4.0000000000000001e-03  2.1525397309805979e-03
4.2000000000000010e-02 -3.9000000000000000e-02 4.0000000000000001e-03  2.1019500934677578e-03
4.2000000000000010e-02 -3.5999999999999997e-02 4.0000000000000001e-03  1.9614782830920854e-03
4.2000000000000010e-02 -3.3000000000000002e-02 4.0000000000000001e-03  1.9364376306922441e-03
4.2000000000000010e-02 -2.9999999999999999e-02 4.0000000000000001e-03  1.9123122051029448e-03
4.2000000000000010e-02 -2.6999999999999996e-02 4.0000000000000001e-03  1.8889541561064962e-03
4.2000000000000010e-02 -2.3999999999999997e-02 4.0000000000000001e-03  1.8662319642470805e-03
4.2000000000000010e-02 -2.0999999999999998e-02 4.0000000000000001e-03  1.8440304408307566e-03
4.2000000000000010e-02 -1.7999999999999999e-02 4.0000000000000001e-03  1.8222507279254609e-03
4.2000000000000010e-02 -1.4999999999999999e-02 4.0000000000000001e-03  1.8008102983610107e-03
4.2000000000000010e-02 -1.1999999999999997e-02 4.0000000000000001e-03  1.7796429557290926e-03
4.2000000000000010e-02 -8.9999999999999941e-03 4.0000000000000001e-03  1.7469256965162070e-03
4.2000000000000010e-02 -5.9999999999999984e-03 4.0000000000000001e-03  1.7509126782073614e-03
4.2000000000000010e-02 -2.9999999999999957e-03 4.0000000000000001e-03  1.7526463111829703e-03
4.2000000000000010e-02 0.0000000000000000e+00 4.0000000000000001e-03  1.7462615238192486e-03
4.2000000000000010e-02 3.0000000000000027e-03 4.0000000000000001e-03  1.7418782723957022e-03
4.2000000000000010e-02 6.0000000000000053e-03 4.0000000000000001e-03  1.7406629654676332e-03
4.2000000000000010e-02 9.0000000000000011e-03 4.0000000000000001e-03  1.7426098261322678e-03
4.2000000000000010e-02 1.2000000000000004e-02 4.0000000000000001e-03  1.7477157569106786e-03
4.2000000000000010e-02 1.4999999999999999e-02 4.0000000000000001e-03  1.7559803397477929e-03
4.2000000000000010e-02 1.8000000000000002e-02 4.0000000000000001e-03  1.7674058360124005e-03
4.2000000000000010e-02 2.1000000000000005e-02 4.0000000000000001e-03  1.7819971864971493e-03
4.2000000000000010e-02 2.4000000000000007e-02 4.0000000000000001e-03  1.8307449783933020e-03
4.2000000000000010e-02 2.7000000000000010e-02 4.0000000000000001e-03  1.8827965241544396e-03
4.2000000000000010e-02 2.9999999999999999e-02 4.0000000000000001e-03  1.8594549370695634e-03
4.2000000000000010e-02 3.3000000000000002e-02 4.0000000000000001e-03  1.8542069251849022e-03
4.2000000000000010e-02 3.6000000000000004e-02 4.0000000000000001e-03  1.8889128202949261e-03
4.2000000000000010e-02 3.9000000000000007e-02 4.0000000000000001e-03  1.9321448795934174e-03
4.2000000000000010e-02 4.2000000000000010e-02 4.0000000000000001e-03  2.0353409071126117e-03
4.2000000000000010e-02 4.4999999999999998e-02 4.0000000000000001e-03  2.0766443017903105e-03
4.4999999999999998e-02 -4.4999999999999998e-02 4.0000000000000001e-03  2.3985145607449145e-03
4.4999999999999998e-02 -4.1999999999999996e-02 4.0000000000000001e-03  2.1895454822384169e-03
4.4999999999999998e-02 -3.9000000000000000e-02 4.0000000000000001e-03  2.1468164897344311e-03
4.4999999999999998e-02 -3.5999999999999997e-02 4.0000000000000001e-03  2.1180869210323900e-03
4.4999999999999998e-02 -3.3000000000000002e-02 4.0000000000000001e-03  2.0903476412667847e-03
4.4999999999999998e-02 -2.9999999999999999e-02 4.0000000000000001e-03  2.0634431300122972e-03
4.4999999999999998e-02 -2.6999999999999996e-02 4.0000000000000001e-03  2.0372341976054691e-03
4.4999999999999998e-02 -2.3999999999999997e-02 4.0000000000000001e-03  2.0115979851447301e-03
4.4999999999999998e-02 -2.0999999999999998e-02 4.0000000000000001e-03  1.9864279644903871e-03
4.4999999999999998e-02 -1.7999999999999999e-02 4.0000000000000001e-03  1.9616339382646252e-03
4.4999999999999998e-02 -1.4999999999999999e-02 4.0000000000000001e-03  1.9371420398514941e-03
4.4999999999999998e-02 -1.1999999999999997e-02 4.0000000000000001e-03  1.9128947333969316e-03
4.4999999999999998e-02 -8.9999999999999941e-03 4.0000000000000001e-03  1.8810535433943815e-03
4.4999999999999998e-02 -5.9999999999999984e-03 4.0000000000000001e-03  1.8824432621919619e-03
4.4999999999999998e-02 -2.9999999999999957e-03 4.0000000000000001e-03  1.8732258933816508e-03
4.4999999999999998e-02 0.0000000000000000e+00 4.0000000000000001e-03  1.8671140746107857e-03
4.4999999999999998e-02 3.0000000000000027e-03 4.0000000000000001e-03  1.8641015819534743e-03
4.4999999999999998e-02 6.0000000000000053e-03 4.0000000000000001e-03  1.8641848709076874e-03
4.4999999999999998e-02 9.0000000000000011e-03 4.0000000000000001e-03  1.8673630763952434e-03
4.4999999999999998e-02 1.2000000000000004e-02 4.0000000000000001e-03  1.8736380127618256e-03
4.4999999999999998e-02 1.4999999999999999e-02 4.0000000000000001e-03  1.8830141737769730e-03
4.4999999999999998e-02 1.8000000000000002e-02 4.0000000000000001e-03  1.8954987326340845e-03
4.4999999999999998e-02 2.1000000000000005e-02 4.0000000000000001e-03  1.9111015419504102e-03
4.4999999999999998e-02 2.4000000000000007e-02 4.0000000000000001e-03  1.9298351337670636e-03
4.4999999999999998e-02 2.7000000000000010e-02 4.0000000000000001e-03  1.9810391456007012e-03
4.4999999999999998e-02 2.9999999999999999e-02 4.0000000000000001e-03  1.9669821067287031e-03
4.4999999999999998e-02 3.3000000000000002e-02 4.0000000000000001e-03  2.0261435483244286e-03
4.4999999999999998e-02 3.6000000000000004e-02 4.0000000000000001e-03  2.0649453994256526e-03
4.4999999999999998e-02 3.9000000000000007e-02 4.0000000000000001e-03  2.0923647037920396e-03
4.4999999999999998e-02 4.2000000000000010e-02 4.0000000000000001e-03  2.1568713764249267e-03
4.4999999999999998e-02 4.4999999999999998e-02 4.0000000000000001e-03  2.1648981874664817e-03
