Grid Output Min: [-45mm -45mm 4mm] Max: [45mm 45mm 4mm] Grid Size: [3mm 3mm 0mm]
X, Y, Z, Scalar data "Mag_B"
-4.4999999999999998e-02 -4.4999999999999998e-02 4.0000000000000001e-03  2.3657200334566432e-03
-4.4999999999999998e-02 -4.1999999999999996e-02 4.0000000000000001e-03  2.2588966220071448e-03
-4.4999999999999998e-02 -3.9000000000000000e-02 4.0000000000000001e-03  2.1751458207937180e-03
-4.4999999999999998e-02 -3.5999999999999997e-02 4.0000000000000001e-03  2.1269136112592193e-03
-4.4999999999999998e-02 -3.3000000000000002e-02 4.0000000000000001e-03  2.0543871638066956e-03
-4.4999999999999998e-02 -2.9999999999999999e-02 4.0000000000000001e-03  1.9990098362800742e-03
-4.4999999999999998e-02 -2.6999999999999996e-02 4.0000000000000001e-03  1.9621541746888040e-03
-4.4999999999999998e-02 -2.3999999999999997e-02 4.0000000000000001e-03  1.9300478098209283e-03
-4.4999999999999998e-02 -2.0999999999999998e-02 4.0000000000000001e-03  1.9025888563890621e-03
-4.4999999999999998e-02 -1.7999999999999999e-02 4.0000000000000001e-03  1.8796973993785997e-03
-4.4999999999999998e-02 -1.4999999999999999e-02 4.0000000000000001e-03  1.8649774753813407e-03
-4.4999999999999998e-02 -1.1999999999999997e-02 4.0000000000000001e-03  1.8724089254487470e-03
-4.4999999999999998e-02 -8.9999999999999941e-03 4.0000000000000001e-03  1.9055920874985054e-03
-4.4999999999999998e-02 -5.9999999999999984e-03 4.0000000000000001e-03  1.9439339192918383e-03
-4.4999999999999998e-02 -2.9999999999999957e-03 4.0000000000000001e-03  1.9820277819414971e-03
-4.4999999999999998e-02 0.0000000000000000e+00 4.0000000000000001e-03  1.9684467733587217e-03
-4.4999999999999998e-02 3.0000000000000027e-03 4.0000000000000001e-03  1.8552806667288884e-03
-4.4999999999999998e-02 6.0000000000000053e-03 4.0000000000000001e-03  1.8437942726031592e-03
-4.4999999999999998e-02 9.0000000000000011e-03 4.0000000000000001e-03  1.8305695517188403e-03
-4.4999999999999998e-02 1.2000000000000004e-02 4.0000000000000001e-03  1.8221948089507344e-03
-4.4999999999999998e-02 1.4999999999999999e-02 4.0000000000000001e-03  1.8225380021419228e-03
-4.4999999999999998e-02 1.8000000000000002e-02 4.0000000000000001e-03  1.8316536396757409e-03
-4.4999999999999998e-02 2.1000000000000005e-02 4.0000000000000001e-03  1.8201481124826069e-03
-4.4999999999999998e-02 2.4000000000000007e-02 4.0000000000000001e-03  1.8561632529637418e-03
-4.4999999999999998e-02 2.7000000000000010e-02 4.0000000000000001e-03  1.9088974100530329e-03
-4.4999999999999998e-02 2.9999999999999999e-02 4.0000000000000001e-03  1.9635246809319054e-03
-4.4999999999999998e-02 3.3000000000000002e-02 4.0000000000000001e-03  2.0136991373989215e-03
-4.4999999999999998e-02 3.6000000000000004e-02 4.0000000000000001e-03  2.0581667005111011e-03
-4.4999999999999998e-02 3.9000000000000007e-02 4.0000000000000001e-03  2.0960965917994948e-03
-4.4999999999999998e-02 4.2000000000000010e-02 4.0000000000000001e-03  2.1941747181421245e-03
-4.4999999999999998e-02 4.4999999999999998e-02 4.0000000000000001e-03  2.3230662657475498e-03
-4.1999999999999996e-02 -4.4999999999999998e-02 4.0000000000000001e-03  2.2476731481597119e-03
-4.1999999999999996e-02 -4.1999999999999996e-02 4.0000000000000001e-03  2.0700145359468084e-03
-4.1999999999999996e-02 -3.9000000000000000e-02 4.0000000000000001e-03  1.9962305578340709e-03
-4.1999999999999996e-02 -3.5999999999999997e-02 4.0000000000000001e-03  1.9317569656675648e-03
-4.1999999999999996e-02 -3.3000000000000002e-02 4.0000000000000001e-03  1.8779399813317074e-03
-4.1999999999999996e-02 -2.9999999999999999e-02 4.0000000000000001e-03  1.8314562111100656e-03
-4.1999999999999996e-02 -2.6999999999999996e-02 4.0000000000000001e-03  1.8011544975854736e-03
-4.1999999999999996e-02 -2.3999999999999997e-02 4.0000000000000001e-03  1.7702193310163517e-03
-4.1999999999999996e-02 -2.0999999999999998e-02 4.0000000000000001e-03  1.7467919563747636e-03
-4.1999999999999996e-02 -1.7999999999999999e-02 4.0000000000000001e-03  1.7537533079831635e-03
-4.1999999999999996e-02 -1.4999999999999999e-02 4.0000000000000001e-03  1.7517723612426844e-03
-4.1999999999999996e-02 -1.1999999999999997e-02 4.0000000000000001e-03  1.7495180051779863e-03
-4.1999999999999996e-02 -8.9999999999999941e-03 4.0000000000000001e-03  1.7466928474092161e-03
-4.1999999999999996e-02 -5.9999999999999984e-03 4.0000000000000001e-03  1.7431631040766870e-03
-4.1999999999999996e-02 -2.9999999999999957e-03 4.0000000000000001e-03  1.7388799683509205e-03
-4.1999999999999996e-02 0.0000000000000000e+00 4.0000000000000001e-03  1.7421913490706961e-03
-4.1999999999999996e-02 3.0000000000000027e-03 4.0000000000000001e-03  1.7348880177673312e-03
-4.1999999999999996e-02 6.0000000000000053e-03 4.0000000000000001e-03  1.7258463924895414e-03
-4.1999999999999996e-02 9.0000000000000011e-03 4.0000000000000001e-03  1.7150421247644932e-03
-4.1999999999999996e-02 1.2000000000000004e-02 4.0000000000000001e-03  1.7031779076517334e-03
-4.1999999999999996e-02 1.4999999999999999e-02 4.0000000000000001e-03  1.6980207475430541e-03
-4.1999999999999996e-02 1.8000000000000002e-02 4.0000000000000001e-03  1.7015724689913288e-03
-4.1999999999999996e-02 2.1000000000000005e-02 4.0000000000000001e-03  1.6980795760962349e-03
-4.1999999999999996e-02 2.4000000000000007e-02 4.0000000000000001e-03  1.7294372173788644e-03
-4.1999999999999996e-02 2.7000000000000010e-02 4.0000000000000001e-03  1.7730060507200483e-03
-4.1999999999999996e-02 2.9999999999999999e-02 4.0000000000000001e-03  1.8238316182278866e-03
-4.1999999999999996e-02 3.3000000000000002e-02 4.0000000000000001e-03  1.8693550366690223e-03
-4.1999999999999996e-02 3.6000000000000004e-02 4.0000000000000001e-03  1.9085191486332242e-03
-4.1999999999999996e-02 3.9000000000000007e-02 4.0000000000000001e-03  1.9406900971842827e-03
-4.1999999999999996e-02 4.2000000000000010e-02 4.0000000000000001e-03  1.9584491935258717e-03
-4.1999999999999996e-02 4.4999999999999998e-02 4.0000000000000001e-03  2.0139858588065274e-03
-3.9000000000000000e-02 -4.4999999999999998e-02 4.0000000000000001e-03  2.1443841060620494e-03
-3.9000000000000000e-02 -4.1999999999999996e-02 4.0000000000000001e-03  2.0206823180176593e-03
-3.9000000000000000e-02 -3.9000000000000000e-02 4.0000000000000001e-03  1.9212427904789695e-03
-3.9000000000000000e-02 -3.5999999999999997e-02 4.0000000000000001e-03  1.8531318303296937e-03
-3.9000000000000000e-02 -3.3000000000000002e-02 4.0000000000000001e-03  1.7935704346233726e-03
-3.9000000000000000e-02 -2.9999999999999999e-02 4.0000000000000001e-03  1.7421182388189832e-03
-3.9000000000000000e-02 -2.6999999999999996e-02 4.0000000000000001e-03  1.6983667296500166e-03
-3.9000000000000000e-02 -2.3999999999999997e-02 4.0000000000000001e-03  1.6619392451245011e-03
-3.9000000000000000e-02 -2.0999999999999998e-02 4.0000000000000001e-03  1.6535880401953853e-03
-3.9000000000000000e-02 -1.7999999999999999e-02 4.0000000000000001e-03  1.6373879243420640e-03
-3.9000000000000000e-02 -1.4999999999999999e-02 4.0000000000000001e-03  1.6264982080368834e-03
-3.9000000000000000e-02 -1.1999999999999997e-02 4.0000000000000001e-03  1.6208824108131902e-03
-3.9000000000000000e-02 -8.9999999999999941e-03 4.0000000000000001e-03  1.6204851818321165e-03
-3.9000000000000000e-02 -5.9999999999999984e-03 4.0000000000000001e-03  1.6253112634982973e-03
-3.9000000000000000e-02 -2.9999999999999957e-03 4.0000000000000001e-03  1.6354254914598546e-03
-3.9000000000000000e-02 0.0000000000000000e+00 4.0000000000000001e-03  1.6373046878786197e-03
-3.9000000000000000e-02 3.0000000000000027e-03 4.0000000000000001e-03  1.6322810477997218e-03
-3.9000000000000000e-02 6.0000000000000053e-03 4.0000000000000001e-03  1.6257454515005599e-03
-3.9000000000000000e-02 9.0000000000000011e-03 4.0000000000000001e-03  1.6174441674449461e-03
-3.9000000000000000e-02 1.2000000000000004e-02 4.0000000000000001e-03  1.6073710427717981e-03
-3.9000000000000000e-02 1.4999999999999999e-02 4.0000000000000001e-03  1.5974310428760478e-03
-3.9000000000000000e-02 1.8000000000000002e-02 4.0000000000000001e-03  1.5954123162404328e-03
-3.9000000000000000e-02 2.1000000000000005e-02 4.0000000000000001e-03  1.6003151259807947e-03
-3.9000000000000000e-02 2.4000000000000007e-02 4.0000000000000001e-03  1.6271367228213372e-03
-3.9000000000000000e-02 2.7000000000000010e-02 4.0000000000000001e-03  1.6604825630675024e-03
-3.9000000000000000e-02 2.9999999999999999e-02 4.0000000000000001e-03  1.7069076043296411e-03
-3.9000000000000000e-02 3.3000000000000002e-02 4.0000000000000001e-03  1.7472707985238484e-03
-3.9000000000000000e-02 3.6000000000000004e-02 4.0000000000000001e-03  1.7807119097726387e-03
-3.9000000000000000e-02 3.9000000000000007e-02 4.0000000000000001e-03  1.8057945201079032e-03
-3.9000000000000000e-02 4.2000000000000010e-02 4.0000000000000001e-03  1.8677528806002280e-03
-3.9000000000000000e-02 4.4999999999999998e-02 4.0000000000000001e-03  1.9979196748106443e-03
-3.5999999999999997e-02 -4.4999999999999998e-02 4.0000000000000001e-03  2.0381050402708580e-03
-3.5999999999999997e-02 -4.1999999999999996e-02 4.0000000000000001e-03  1.9390611724799847e-03
-3.5999999999999997e-02 -3.9000000000000000e-02 4.0000000000000001e-03  1.8414946522647610e-03
-3.5999999999999997e-02 -3.5999999999999997e-02 4.0000000000000001e-03  1.7920936883660820e-03
-3.5999999999999997e-02 -3.3000000000000002e-02 4.0000000000000001e-03  1.7345847974816013e-03
-3.5999999999999997e-02 -2.9999999999999999e-02 4.0000000000000001e-03  1.6787465600831540e-03
-3.5999999999999997e-02 -2.6999999999999996e-02 4.0000000000000001e-03  1.6303498031600048e-03
-3.5999999999999997e-02 -2.3999999999999997e-02 4.0000000000000001e-03  1.6027044492381670e-03
-3.5999999999999997e-02 -2.0999999999999998e-02 4.0000000000000001e-03  1.5954316935147656e-03
-3.5999999999999997e-02 -1.7999999999999999e-02 4.0000000000000001e-03  1.5801911131840161e-03
-3.5999999999999997e-02 -1.4999999999999999e-02 4.0000000000000001e-03  1.5647400278338717e-03
-3.5999999999999997e-02 -1.1999999999999997e-02 4.0000000000000001e-03  1.5545286500469632e-03
-3.5999999999999997e-02 -8.9999999999999941e-03 4.0000000000000001e-03  1.5494935305906878e-03
-3.5999999999999997e-02 -5.9999999999999984e-03 4.0000000000000001e-03  1.5496313134759274e-03
-3.5999999999999997e-02 -2.9999999999999957e-03 4.0000000000000001e-03  1.5546301601273077e-03
-3.5999999999999997e-02 0.0000000000000000e+00 4.0000000000000001e-03  1.5497389440832935e-03
-3.5999999999999997e-02 3.0000000000000027e-03 4.0000000000000001e-03  1.5464725266610699e-03
-3.5999999999999997e-02 6.0000000000000053e-03 4.0000000000000001e-03  1.5431056034167826e-03
-3.5999999999999997e-02 9.0000000000000011e-03 4.0000000000000001e-03  1.5373753759352403e-03
-3.5999999999999997e-02 1.2000000000000004e-02 4.0000000000000001e-03  1.5298740296126614e-03
-3.5999999999999997e-02 1.4999999999999999e-02 4.0000000000000001e-03  1.5206136071996949e-03
-3.5999999999999997e-02 1.8000000000000002e-02 4.0000000000000001e-03  1.5131082044245732e-03
-3.5999999999999997e-02 2.1000000000000005e-02 4.0000000000000001e-03  1.5254694742470245e-03
-3.5999999999999997e-02 2.4000000000000007e-02 4.0000000000000001e-03  1.5478836626070553e-03
-3.5999999999999997e-02 2.7000000000000010e-02 4.0000000000000001e-03  1.5706781196901973e-03
-3.5999999999999997e-02 2.9999999999999999e-02 4.0000000000000001e-03  1.6121303128663745e-03
-3.5999999999999997e-02 3.3000000000000002e-02 4.0000000000000001e-03  1.6468505976270011e-03
-3.5999999999999997e-02 3.6000000000000004e-02 4.0000000000000001e-03  1.6747451040329845e-03
-3.5999999999999997e-02 3.9000000000000007e-02 4.0000000000000001e-03  1.7430093900408367e-03
-3.5999999999999997e-02 4.2000000000000010e-02 4.0000000000000001e-03  1.8792388763842489e-03
-3.5999999999999997e-02 4.4999999999999998e-02 4.0000000000000001e-03  1.9796021232112910e-03
-3.3000000000000002e-02 -4.4999999999999998e-02 4.0000000000000001e-03  1.9724144264817540e-03
-3.3000000000000002e-02 -4.1999999999999996e-02 4.0000000000000001e-03  1.8604335880001899e-03
-3.3000000000000002e-02 -3.9000000000000000e-02 4.0000000000000001e-03  1.7821931015163845e-03
-3.3000000000000002e-02 -3.5999999999999997e-02 4.0000000000000001e-03  1.7187046983017100e-03
-3.3000000000000002e-02 -3.3000000000000002e-02 4.0000000000000001e-03  1.6867779442488373e-03
-3.3000000000000002e-02 -2.9999999999999999e-02 4.0000000000000001e-03  1.6385424945614562e-03
-3.3000000000000002e-02 -2.6999999999999996e-02 4.0000000000000001e-03  1.5874261056003855e-03
-3.3000000000000002e-02 -2.3999999999999997e-02 4.0000000000000001e-03  1.5567231179489025e-03
-3.3000000000000002e-02 -2.0999999999999998e-02 4.0000000000000001e-03  1.5414328102573518e-03
-3.3000000000000002e-02 -1.7999999999999999e-02 4.0000000000000001e-03  1.5292478384073599e-03
-3.3000000000000002e-02 -1.4999999999999999e-02 4.0000000000000001e-03  1.5142292884891989e-03
-3.3000000000000002e-02 -1.1999999999999997e-02 4.0000000000000001e-03  1.4994378928262009e-03
-3.3000000000000002e-02 -8.9999999999999941e-03 4.0000000000000001e-03  1.4897865014364936e-03
-3.3000000000000002e-02 -5.9999999999999984e-03 4.0000000000000001e-03  1.4852636599372204e-03
-3.3000000000000002e-02 -2.9999999999999957e-03 4.0000000000000001e-03  1.4828432672138532e-03
-3.3000000000000002e-02 0.0000000000000000e+00 4.0000000000000001e-03  1.4792310132634497e-03
-3.3000000000000002e-02 3.0000000000000027e-03 4.0000000000000001e-03  1.4772367633695065e-03
-3.3000000000000002e-02 6.0000000000000053e-03 4.0000000000000001e-03  1.4768558625849124e-03
-3.3000000000000002e-02 9.0000000000000011e-03 4.0000000000000001e-03  1.4744536971357399e-03
-3.3000000000000002e-02 1.2000000000000004e-02 4.0000000000000001e-03  1.4695990148423156e-03
-3.3000000000000002e-02 1.4999999999999999e-02 4.0000000000000001e-03  1.4629897453206850e-03
-3.3000000000000002e-02 1.8000000000000002e-02 4.0000000000000001e-03  1.4546277368444136e-03
-3.3000000000000002e-02 2.1000000000000005e-02 4.0000000000000001e-03  1.4722134054178273e-03
-3.3000000000000002e-02 2.4000000000000007e-02 4.0000000000000001e-03  1.4903560024640799e-03
-3.3000000000000002e-02 2.7000000000000010e-02 4.0000000000000001e-03  1.5046155712147133e-03
-3.3000000000000002e-02 2.9999999999999999e-02 4.0000000000000001e-03  1.5388809248666330e-03
-3.3000000000000002e-02 3.3000000000000002e-02 4.0000000000000001e-03  1.5675021160414244e-03
-3.3000000000000002e-02 3.6000000000000004e-02 4.0000000000000001e-03  1.6396291028164800e-03
-3.3000000000000002e-02 3.9000000000000007e-02 4.0000000000000001e-03  1.7420289293238436e-03
-3.3000000000000002e-02 4.2000000000000010e-02 4.0000000000000001e-03  1.8285635034224125e-03
-3.3000000000000002e-02 4.4999999999999998e-02 4.0000000000000001e-03  1.9264853778655194e-03
-2.9999999999999999e-02 -4.4999999999999998e-02 4.0000000000000001e-03  1.9477489873792843e-03
-2.9999999999999999e-02 -4.1999999999999996e-02 4.0000000000000001e-03  1.8227362497418834e-03
-2.9999999999999999e-02 -3.9000000000000000e-02 4.0000000000000001e-03  1.7312805218380974e-03
-2.9999999999999999e-02 -3.5999999999999997e-02 4.0000000000000001e-03  1.6696055724869578e-03
-2.9999999999999999e-02 -3.3000000000000002e-02 4.0000000000000001e-03  1.6327000388252884e-03
-2.9999999999999999e-02 -2.9999999999999999e-02 4.0000000000000001e-03  1.6080227257610148e-03
-2.9999999999999999e-02 -2.6999999999999996e-02 4.0000000000000001e-03  1.5645157675092860e-03
-2.9999999999999999e-02 -2.3999999999999997e-02 4.0000000000000001e-03  1.5228238075948983e-03
-2.9999999999999999e-02 -2.0999999999999998e-02 4.0000000000000001e-03  1.4965888390107616e-03
-2.9999999999999999e-02 -1.7999999999999999e-02 4.0000000000000001e-03  1.4830096904435099e-03
-2.9999999999999999e-02 -1.4999999999999999e-02 4.0000000000000001e-03  1.4710622418454878e-03
-2.9999999999999999e-02 -1.1999999999999997e-02 4.0000000000000001e-03  1.4555429348239955e-03
-2.9999999999999999e-02 -8.9999999999999941e-03 4.0000000000000001e-03  1.4412971998364714e-03
-2.9999999999999999e-02 -5.9999999999999984e-03 4.0000000000000001e-03  1.4321417181429564e-03
-2.9999999999999999e-02 -2.9999999999999957e-03 4.0000000000000001e-03  1.4279617488678318e-03
-2.9999999999999999e-02 0.0000000000000000e+00 4.0000000000000001e-03  1.4256108039188040e-03
-2.9999999999999999e-02 3.0000000000000027e-03 4.0000000000000001e-03  1.4248717664480720e-03
-2.9999999999999999e-02 6.0000000000000053e-03 4.0000000000000001e-03  1.4257409011368602e-03
-2.9999999999999999e-02 9.0000000000000011e-03 4.0000000000000001e-03  1.4282151047104149e-03
-2.9999999999999999e-02 1.2000000000000004e-02 4.0000000000000001e-03  1.4261677384809150e-03
-2.9999999999999999e-02 1.4999999999999999e-02 4.0000000000000001e-03  1.4222913203031581e-03
-2.9999999999999999e-02 1.8000000000000002e-02 4.0000000000000001e-03  1.4221505919446004e-03
-2.9999999999999999e-02 2.1000000000000005e-02 4.0000000000000001e-03  1.4373770613006543e-03
-2.9999999999999999e-02 2.4000000000000007e-02 4.0000000000000001e-03  1.4532877805326304e-03
-2.9999999999999999e-02 2.7000000000000010e-02 4.0000000000000001e-03  1.4635670094680418e-03
-2.9999999999999999e-02 2.9999999999999999e-02 4.0000000000000001e-03  1.4865441287583118e-03
-2.9999999999999999e-02 3.3000000000000002e-02 4.0000000000000001e-03  1.5571271144173824e-03
-2.9999999999999999e-02 3.6000000000000004e-02 4.0000000000000001e-03  1.6210505896994689e-03
-2.9999999999999999e-02 3.9000000000000007e-02 4.0000000000000001e-03  1.6962045253138586e-03
-2.9999999999999999e-02 4.2000000000000010e-02 4.0000000000000001e-03  1.7826587847663857e-03
-2.9999999999999999e-02 4.4999999999999998e-02 4.0000000000000001e-03  1.8805034505771994e-03
-2.6999999999999996e-02 -4.4999999999999998e-02 4.0000000000000001e-03  1.9300675391178230e-03
-2.6999999999999996e-02 -4.1999999999999996e-02 4.0000000000000001e-03  1.8035918665573983e-03
-2.6999999999999996e-02 -3.9000000000000000e-02 4.0000000000000001e-03  1.7099705539855229e-03
-2.6999999999999996e-02 -3.5999999999999997e-02 4.0000000000000001e-03  1.6452347521044375e-03
-2.6999999999999996e-02 -3.3000000000000002e-02 4.0000000000000001e-03  1.6165764603959982e-03
-2.6999999999999996e-02 -2.9999999999999999e-02 4.0000000000000001e-03  1.5915001274429386e-03
-2.6999999999999996e-02 -2.6999999999999996e-02 4.0000000000000001e-03  1.5447084955532578e-03
-2.6999999999999996e-02 -2.3999999999999997e-02 4.0000000000000001e-03  1.5009109592578355e-03
-2.6999999999999996e-02 -2.0999999999999998e-02 4.0000000000000001e-03  1.4637568891646433e-03
-2.6999999999999996e-02 -1.7999999999999999e-02 4.0000000000000001e-03  1.4423139262939100e-03
-2.6999999999999996e-02 -1.4999999999999999e-02 4.0000000000000001e-03  1.4310433203514109e-03
-2.6999999999999996e-02 -1.1999999999999997e-02 4.0000000000000001e-03  1.4206784619309053e-03
-2.6999999999999996e-02 -8.9999999999999941e-03 4.0000000000000001e-03  1.4039717359435697e-03
-2.6999999999999996e-02 -5.9999999999999984e-03 4.0000000000000001e-03  1.3925551302218454e-03
-2.6999999999999996e-02 -2.9999999999999957e-03 4.0000000000000001e-03  1.3898387664505359e-03
-2.6999999999999996e-02 0.0000000000000000e+00 4.0000000000000001e-03  1.3887323593009973e-03
-2.6999999999999996e-02 3.0000000000000027e-03 4.0000000000000001e-03  1.3892324610387638e-03
-2.6999999999999996e-02 6.0000000000000053e-03 4.0000000000000001e-03  1.3913362559733859e-03
-2.6999999999999996e-02 9.0000000000000011e-03 4.0000000000000001e-03  1.3950415604584497e-03
-2.6999999999999996e-02 1.2000000000000004e-02 4.0000000000000001e-03  1.3993702982660560e-03
-2.6999999999999996e-02 1.4999999999999999e-02 4.0000000000000001e-03  1.4011697246284979e-03
-2.6999999999999996e-02 1.8000000000000002e-02 4.0000000000000001e-03  1.4021855983313647e-03
-2.6999999999999996e-02 2.1000000000000005e-02 4.0000000000000001e-03  1.4118185462029438e-03
-2.6999999999999996e-02 2.4000000000000007e-02 4.0000000000000001e-03  1.4243858191154042e-03
-2.6999999999999996e-02 2.7000000000000010e-02 4.0000000000000001e-03  1.4371324404949585e-03
-2.6999999999999996e-02 2.9999999999999999e-02 4.0000000000000001e-03  1.4658521952957972e-03
-2.6999999999999996e-02 3.3000000000000002e-02 4.0000000000000001e-03  1.5185334840606673e-03
-2.6999999999999996e-02 3.6000000000000004e-02 4.0000000000000001e-03  1.5823903352460652e-03
-2.6999999999999996e-02 3.9000000000000007e-02 4.0000000000000001e-03  1.6574754983604304e-03
-2.6999999999999996e-02 4.2000000000000010e-02 4.0000000000000001e-03  1.7438619419265422e-03
-2.6999999999999996e-02 4.4999999999999998e-02 4.0000000000000001e-03  1.8416428534814792e-03
-2.3999999999999997e-02 -4.4999999999999998e-02 4.0000000000000001e-03  1.9122452753856085e-03
-2.3999999999999997e-02 -4.1999999999999996e-02 4.0000000000000001e-03  1.7843283104608779e-03
-2.3999999999999997e-02 -3.9000000000000000e-02 4.0000000000000001e-03  1.6895888447858692e-03
-2.3999999999999997e-02 -3.5999999999999997e-02 4.0000000000000001e-03  1.6318944626062145e-03
-2.3999999999999997e-02 -3.3000000000000002e-02 4.0000000000000001e-03  1.6043713720760753e-03
-2.3999999999999997e-02 -2.9999999999999999e-02 4.0000000000000001e-03  1.5688092277717012e-03
-2.3999999999999997e-02 -2.6999999999999996e-02 4.0000000000000001e-03  1.5226175151305480e-03
-2.3999999999999997e-02 -2.3999999999999997e-02 4.0000000000000001e-03  1.4806997689510272e-03
-2.3999999999999997e-02 -2.0999999999999998e-02 4.0000000000000001e-03  1.4428539500811004e-03
-2.3999999999999997e-02 -1.7999999999999999e-02 4.0000000000000001e-03  1.4102349487770227e-03
-2.3999999999999997e-02 -1.4999999999999999e-02 4.0000000000000001e-03  1.3965326671866356e-03
-2.3999999999999997e-02 -1.1999999999999997e-02 4.0000000000000001e-03  1.3868078300086381e-03
-2.3999999999999997e-02 -8.9999999999999941e-03 4.0000000000000001e-03  1.3777692245967386e-03
-2.3999999999999997e-02 -5.9999999999999984e-03 4.0000000000000001e-03  1.3698337111263991e-03
-2.3999999999999997e-02 -2.9999999999999957e-03 4.0000000000000001e-03  1.3675023101982356e-03
-2.3999999999999997e-02 0.0000000000000000e+00 4.0000000000000001e-03  1.3662342684296646e-03
-2.3999999999999997e-02 3.0000000000000027e-03 4.0000000000000001e-03  1.3667148292290862e-03
-2.3999999999999997e-02 6.0000000000000053e-03 4.0000000000000001e-03  1.3689437993285715e-03
-2.3999999999999997e-02 9.0000000000000011e-03 4.0000000000000001e-03  1.3729209487365291e-03
-2.3999999999999997e-02 1.2000000000000004e-02 4.0000000000000001e-03  1.3786460107377105e-03
-2.3999999999999997e-02 1.4999999999999999e-02 4.0000000000000001e-03  1.3783717877910891e-03
-2.3999999999999997e-02 1.8000000000000002e-02 4.0000000000000001e-03  1.3789189032677224e-03
-2.3999999999999997e-02 2.1000000000000005e-02 4.0000000000000001e-03  1.3855291017568988e-03
-2.3999999999999997e-02 2.4000000000000007e-02 4.0000000000000001e-03  1.3979186201097237e-03
-2.3999999999999997e-02 2.7000000000000010e-02 4.0000000000000001e-03  1.4189464786168997e-03
-2.3999999999999997e-02 2.9999999999999999e-02 4.0000000000000001e-03  1.4396952116622450e-03
-2.3999999999999997e-02 3.3000000000000002e-02 4.0000000000000001e-03  1.4891719064434354e-03
-2.3999999999999997e-02 3.6000000000000004e-02 4.0000000000000001e-03  1.5509888998987895e-03
-2.3999999999999997e-02 3.9000000000000007e-02 4.0000000000000001e-03  1.6252094333880074e-03
-2.3999999999999997e-02 4.2000000000000010e-02 4.0000000000000001e-03  1.7119200202225127e-03
-2.3999999999999997e-02 4.4999999999999998e-02 4.0000000000000001e-03  1.8098916641037697e-03
-2.0999999999999998e-02 -4.4999999999999998e-02 4.0000000000000001e-03  1.8942764157777159e-03
-2.0999999999999998e-02 -4.1999999999999996e-02 4.0000000000000001e-03  1.7651060551539418e-03
-2.0999999999999998e-02 -3.9000000000000000e-02 4.0000000000000001e-03  1.6694443984018341e-03
-2.0999999999999998e-02 -3.5999999999999997e-02 4.0000000000000001e-03  1.6255457385147335e-03
-2.0999999999999998e-02 -3.3000000000000002e-02 4.0000000000000001e-03  1.5895888600879085e-03
-2.0999999999999998e-02 -2.9999999999999999e-02 4.0000000000000001e-03  1.5434868832934802e-03
-2.0999999999999998e-02 -2.6999999999999996e-02 4.0000000000000001e-03  1.5009742123084275e-03
-2.0999999999999998e-02 -2.3999999999999997e-02 4.0000000000000001e-03  1.4596782696465285e-03
-2.0999999999999998e-02 -2.0999999999999998e-02 4.0000000000000001e-03  1.4225967330563410e-03
-2.0999999999999998e-02 -1.7999999999999999e-02 4.0000000000000001e-03  1.3896921420773814e-03
-2.0999999999999998e-02 -1.4999999999999999e-02 4.0000000000000001e-03  1.3675170590997569e-03
-2.0999999999999998e-02 -1.1999999999999997e-02 4.0000000000000001e-03  1.3589376226327615e-03
-2.0999999999999998e-02 -8.9999999999999941e-03 4.0000000000000001e-03  1.3540764148141033e-03
-2.0999999999999998e-02 -5.9999999999999984e-03 4.0000000000000001e-03  1.3491773242977725e-03
-2.0999999999999998e-02 -2.9999999999999957e-03 4.0000000000000001e-03  1.3460284489283311e-03
-2.0999999999999998e-02 0.0000000000000000e+00 4.0000000000000001e-03  1.3446294737920550e-03
-2.0999999999999998e-02 3.0000000000000027e-03 4.0000000000000001e-03  1.3449800472515590e-03
-2.0999999999999998e-02 6.0000000000000053e-03 4.0000000000000001e-03  1.3470797809457880e-03
-2.0999999999999998e-02 9.0000000000000011e-03 4.0000000000000001e-03  1.3509282497900345e-03
-2.0999999999999998e-02 1.2000000000000004e-02 4.0000000000000001e-03  1.3565249919759181e-03
-2.0999999999999998e-02 1.4999999999999999e-02 4.0000000000000001e-03  1.3588861940213659e-03
-2.0999999999999998e-02 1.8000000000000002e-02 4.0000000000000001e-03  1.3588651414784764e-03
-2.0999999999999998e-02 2.1000000000000005e-02 4.0000000000000001e-03  1.3686089765311505e-03
-2.0999999999999998e-02 2.4000000000000007e-02 4.0000000000000001e-03  1.3875479656270874e-03
-2.0999999999999998e-02 2.7000000000000010e-02 4.0000000000000001e-03  1.4044225260646563e-03
-2.0999999999999998e-02 2.9999999999999999e-02 4.0000000000000001e-03  1.4224675445088427e-03
-2.0999999999999998e-02 3.3000000000000002e-02 4.0000000000000001e-03  1.4625149541469410e-03
-2.0999999999999998e-02 3.6000000000000004e-02 4.0000000000000001e-03  1.5222047028906787e-03
-2.0999999999999998e-02 3.9000000000000007e-02 4.0000000000000001e-03  1.5942797616005334e-03
-2.0999999999999998e-02 4.2000000000000010e-02 4.0000000000000001e-03  1.6788267803091322e-03
-2.0999999999999998e-02 4.4999999999999998e-02 4.0000000000000001e-03  1.7759556810008177e-03
-1.7999999999999999e-02 -4.4999999999999998e-02 4.0000000000000001e-03  1.8761774601297990e-03
-1.7999999999999999e-02 -4.1999999999999996e-02 4.0000000000000001e-03  1.7459662523272100e-03
-1.7999999999999999e-02 -3.9000000000000000e-02 4.0000000000000001e-03  1.6648944667898664e-03
-1.7999999999999999e-02 -3.5999999999999997e-02 4.0000000000000001e-03  1.6216906550542138e-03
-1.7999999999999999e-02 -3.3000000000000002e-02 4.0000000000000001e-03  1.5668116066642780e-03
-1.7999999999999999e-02 -2.9999999999999999e-02 4.0000000000000001e-03  1.5183872795788676e-03
-1.7999999999999999e-02 -2.6999999999999996e-02 4.0000000000000001e-03  1.4763252871634008e-03
-1.7999999999999999e-02 -2.3999999999999997e-02 4.0000000000000001e-03  1.4391282677877516e-03
-1.7999999999999999e-02 -2.0999999999999998e-02 4.0000000000000001e-03  1.4026917199610103e-03
-1.7999999999999999e-02 -1.7999999999999999e-02 4.0000000000000001e-03  1.3704155318358911e-03
-1.7999999999999999e-02 -1.4999999999999999e-02 4.0000000000000001e-03  1.3459741613767978e-03
-1.7999999999999999e-02 -1.1999999999999997e-02 4.0000000000000001e-03  1.3382715184522681e-03
-1.7999999999999999e-02 -8.9999999999999941e-03 4.0000000000000001e-03  1.3328494536884582e-03
-1.7999999999999999e-02 -5.9999999999999984e-03 4.0000000000000001e-03  1.3278178746927156e-03
-1.7999999999999999e-02 -2.9999999999999957e-03 4.0000000000000001e-03  1.3245376277969060e-03
-1.7999999999999999e-02 0.0000000000000000e+00 4.0000000000000001e-03  1.3230082029941784e-03
-1.7999999999999999e-02 3.0000000000000027e-03 4.0000000000000001e-03  1.3232290535540269e-03
-1.7999999999999999e-02 6.0000000000000053e-03 4.0000000000000001e-03  1.3251995960222769e-03
-1.7999999999999999e-02 9.0000000000000011e-03 4.0000000000000001e-03  1.3289192102210979e-03
-1.7999999999999999e-02 1.2000000000000004e-02 4.0000000000000001e-03  1.3353785328182690e-03
-1.7999999999999999e-02 1.4999999999999999e-02 4.0000000000000001e-03  1.3443359286491421e-03
-1.7999999999999999e-02 1.8000000000000002e-02 4.0000000000000001e-03  1.3508867563054396e-03
-1.7999999999999999e-02 2.1000000000000005e-02 4.0000000000000001e-03  1.3592381623641148e-03
-1.7999999999999999e-02 2.4000000000000007e-02 4.0000000000000001e-03  1.3745210500497014e-03
-1.7999999999999999e-02 2.7000000000000010e-02 4.0000000000000001e-03  1.3910464436356969e-03
-1.7999999999999999e-02 2.9999999999999999e-02 4.0000000000000001e-03  1.4087416085723243e-03
-1.7999999999999999e-02 3.3000000000000002e-02 4.0000000000000001e-03  1.4366181099216154e-03
-1.7999999999999999e-02 3.6000000000000004e-02 4.0000000000000001e-03  1.4941879572138331e-03
-1.7999999999999999e-02 3.9000000000000007e-02 4.0000000000000001e-03  1.5641234432238181e-03
-1.7999999999999999e-02 4.2000000000000010e-02 4.0000000000000001e-03  1.6465113547054129e-03
-1.7999999999999999e-02 4.4999999999999998e-02 4.0000000000000001e-03  1.7782486926679864e-03
-1.4999999999999999e-02 -4.4999999999999998e-02 4.0000000000000001e-03  1.8579871885180883e-03
-1.4999999999999999e-02 -4.1999999999999996e-02 4.0000000000000001e-03  1.7269723339118689e-03
-1.4999999999999999e-02 -3.9000000000000000e-02 4.0000000000000001e-03  1.6673429515084751e-03
-1.4999999999999999e-02 -3.5999999999999997e-02 4.0000000000000001e-03  1.6065635950125948e-03
-1.4999999999999999e-02 -3.3000000000000002e-02 4.0000000000000001e-03  1.5487835759952981e-03
-1.4999999999999999e-02 -2.9999999999999999e-02 4.0000000000000001e-03  1.4979060337312379e-03
-1.4999999999999999e-02 -2.6999999999999996e-02 4.0000000000000001e-03  1.4535864552892427e-03
-1.4999999999999999e-02 -2.3999999999999997e-02 4.0000000000000001e-03  1.4155245368621412e-03
-1.4999999999999999e-02 -2.0999999999999998e-02 4.0000000000000001e-03  1.3832960249853007e-03
-1.4999999999999999e-02 -1.7999999999999999e-02 4.0000000000000001e-03  1.3516893118461801e-03
-1.4999999999999999e-02 -1.4999999999999999e-02 4.0000000000000001e-03  1.3318733322226248e-03
-1.4999999999999999e-02 -1.1999999999999997e-02 4.0000000000000001e-03  1.3177365338400548e-03
-1.4999999999999999e-02 -8.9999999999999941e-03 4.0000000000000001e-03  1.3116024232742907e-03
-1.4999999999999999e-02 -5.9999999999999984e-03 4.0000000000000001e-03  1.3064393959915958e-03
-1.4999999999999999e-02 -2.9999999999999957e-03 4.0000000000000001e-03  1.3038997851587473e-03
-1.4999999999999999e-02 0.0000000000000000e+00 4.0000000000000001e-03  1.3044258829094666e-03
-1.4999999999999999e-02 3.0000000000000027e-03 4.0000000000000001e-03  1.3065871113294174e-03
-1.4999999999999999e-02 6.0000000000000053e-03 4.0000000000000001e-03  1.3103829272407485e-03
-1.4999999999999999e-02 9.0000000000000011e-03 4.0000000000000001e-03  1.3158128069440855e-03
-1.4999999999999999e-02 1.2000000000000004e-02 4.0000000000000001e-03  1.3233351962253586e-03
-1.4999999999999999e-02 1.4999999999999999e-02 4.0000000000000001e-03  1.3353425881662386e-03
-1.4999999999999999e-02 1.8000000000000002e-02 4.0000000000000001e-03  1.3425034808854585e-03
-1.4999999999999999e-02 2.1000000000000005e-02 4.0000000000000001e-03  1.3498915370292748e-03
-1.4999999999999999e-02 2.4000000000000007e-02 4.0000000000000001e-03  1.3626476443637427e-03
-1.4999999999999999e-02 2.7000000000000010e-02 4.0000000000000001e-03  1.3788240372231398e-03
-1.4999999999999999e-02 2.9999999999999999e-02 4.0000000000000001e-03  1.3961693695097692e-03
-1.4999999999999999e-02 3.3000000000000002e-02 4.0000000000000001e-03  1.4146191906672732e-03
-1.4999999999999999e-02 3.6000000000000004e-02 4.0000000000000001e-03  1.4669381933596968e-03
-1.4999999999999999e-02 3.9000000000000007e-02 4.0000000000000001e-03  1.5347412102935530e-03
-1.4999999999999999e-02 4.2000000000000010e-02 4.0000000000000001e-03  1.6405880381244122e-03
-1.4999999999999999e-02 4.4999999999999998e-02 4.0000000000000001e-03  1.7905142524301991e-03
-1.1999999999999997e-02 -4.4999999999999998e-02 4.0000000000000001e-03  1.8397666612593997e-03
-1.1999999999999997e-02 -4.1999999999999996e-02 4.0000000000000001e-03  1.7338168665194289e-03
-1.1999999999999997e-02 -3.9000000000000000e-02 4.0000000000000001e-03  1.6644171044924406e-03
-1.1999999999999997e-02 -3.5999999999999997e-02 4.0000000000000001e-03  1.5962529841194284e-03
-1.1999999999999997e-02 -3.3000000000000002e-02 4.0000000000000001e-03  1.5356434015824291e-03
-1.1999999999999997e-02 -2.9999999999999999e-02 4.0000000000000001e-03  1.4821738402329360e-03
-1.1999999999999997e-02 -2.6999999999999996e-02 4.0000000000000001e-03  1.4354739925464344e-03
-1.1999999999999997e-02 -2.3999999999999997e-02 4.0000000000000001e-03  1.3952177601224171e-03
-1.1999999999999997e-02 -2.0999999999999998e-02 4.0000000000000001e-03  1.3611232536843679e-03
-1.1999999999999997e-02 -1.7999999999999999e-02 4.0000000000000001e-03  1.3359513750944895e-03
-1.1999999999999997e-02 -1.4999999999999999e-02 4.0000000000000001e-03  1.3218543711116428e-03
-1.1999999999999997e-02 -1.1999999999999997e-02 4.0000000000000001e-03  1.3082088000157209e-03
-1.1999999999999997e-02 -8.9999999999999941e-03 4.0000000000000001e-03  1.2983976568247601e-03
-1.1999999999999997e-02 -5.9999999999999984e-03 4.0000000000000001e-03  1.2953476811022862e-03
-1.1999999999999997e-02 -2.9999999999999957e-03 4.0000000000000001e-03  1.2939346642624264e-03
-1.1999999999999997e-02 0.0000000000000000e+00 4.0000000000000001e-03  1.2941579900005151e-03
-1.1999999999999997e-02 3.0000000000000027e-03 4.0000000000000001e-03  1.2960170614903601e-03
-1.1999999999999997e-02 6.0000000000000053e-03 4.0000000000000001e-03  1.2995113013842526e-03
-1.1999999999999997e-02 9.0000000000000011e-03 4.0000000000000001e-03  1.3046401518129478e-03
-1.1999999999999997e-02 1.2000000000000004e-02 4.0000000000000001e-03  1.3142915818709494e-03
-1.1999999999999997e-02 1.4999999999999999e-02 4.0000000000000001e-03  1.3259487783890669e-03
-1.1999999999999997e-02 1.8000000000000002e-02 4.0000000000000001e-03  1.3355343328226848e-03
-1.1999999999999997e-02 2.1000000000000005e-02 4.0000000000000001e-03  1.3421980131364765e-03
-1.1999999999999997e-02 2.4000000000000007e-02 4.0000000000000001e-03  1.3519328421467737e-03
-1.1999999999999997e-02 2.7000000000000010e-02 4.0000000000000001e-03  1.3677612220738069e-03
-1.1999999999999997e-02 2.9999999999999999e-02 4.0000000000000001e-03  1.3847575642372530e-03
-1.1999999999999997e-02 3.3000000000000002e-02 4.0000000000000001e-03  1.4028566228873169e-03
-1.1999999999999997e-02 3.6000000000000004e-02 4.0000000000000001e-03  1.4404550854240675e-03
-1.1999999999999997e-02 3.9000000000000007e-02 4.0000000000000001e-03  1.5225477964416437e-03
-1.1999999999999997e-02 4.2000000000000010e-02 4.0000000000000001e-03  1.6445925954608777e-03
-1.1999999999999997e-02 4.4999999999999998e-02 4.0000000000000001e-03  1.7831598151525122e-03
-8.9999999999999941e-03 -4.4999999999999998e-02 4.0000000000000001e-03  1.8237711325663594e-03
-8.9999999999999941e-03 -4.1999999999999996e-02 4.0000000000000001e-03  1.7423370825185619e-03
-8.9999999999999941e-03 -3.9000000000000000e-02 4.0000000000000001e-03  1.6625825573764622e-03
-8.9999999999999941e-03 -3.5999999999999997e-02 4.0000000000000001e-03  1.5911465501526356e-03
-8.9999999999999941e-03 -3.3000000000000002e-02 4.0000000000000001e-03  1.5275445404812394e-03
-8.9999999999999941e-03 -2.9999999999999999e-02 4.0000000000000001e-03  1.4713362171204193e-03
-8.9999999999999941e-03 -2.6999999999999996e-02 4.0000000000000001e-03  1.4224866787137611e-03
-8.9999999999999941e-03 -2.3999999999999997e-02 4.0000000000000001e-03  1.3837197177005995e-03
-8.9999999999999941e-03 -2.0999999999999998e-02 4.0000000000000001e-03  1.3543938230413566e-03
-8.9999999999999941e-03 -1.7999999999999999e-02 4.0000000000000001e-03  1.3340865570246716e-03
-8.9999999999999941e-03 -1.4999999999999999e-02 4.0000000000000001e-03  1.3195078629600178e-03
-8.9999999999999941e-03 -1.1999999999999997e-02 4.0000000000000001e-03  1.3066696374967126e-03
-8.9999999999999941e-03 -8.9999999999999941e-03 4.0000000000000001e-03  1.2942531501999317e-03
-8.9999999999999941e-03 -5.9999999999999984e-03 4.0000000000000001e-03  1.2867148906909982e-03
-8.9999999999999941e-03 -2.9999999999999957e-03 4.0000000000000001e-03  1.2849981356497829e-03
-8.9999999999999941e-03 0.0000000000000000e+00 4.0000000000000001e-03  1.2849184402784321e-03
-8.9999999999999941e-03 3.0000000000000027e-03 4.0000000000000001e-03  1.2864751735808938e-03
-8.9999999999999941e-03 6.0000000000000053e-03 4.0000000000000001e-03  1.2896677240395883e-03
-8.9999999999999941e-03 9.0000000000000011e-03 4.0000000000000001e-03  1.2962214812599210e-03
-8.9999999999999941e-03 1.2000000000000004e-02 4.0000000000000001e-03  1.3064382197665047e-03
-8.9999999999999941e-03 1.4999999999999999e-02 4.0000000000000001e-03  1.3177453218701049e-03
-8.9999999999999941e-03 1.8000000000000002e-02 4.0000000000000001e-03  1.3299785164236030e-03
-8.9999999999999941e-03 2.1000000000000005e-02 4.0000000000000001e-03  1.3359193146190648e-03
-8.9999999999999941e-03 2.4000000000000007e-02 4.0000000000000001e-03  1.3434249765976367e-03
-8.9999999999999941e-03 2.7000000000000010e-02 4.0000000000000001e-03  1.3578640227882095e-03
-8.9999999999999941e-03 2.9999999999999999e-02 4.0000000000000001e-03  1.3745130390245442e-03
-8.9999999999999941e-03 3.3000000000000002e-02 4.0000000000000001e-03  1.3922628540958284e-03
-8.9999999999999941e-03 3.6000000000000004e-02 4.0000000000000001e-03  1.4258972917949131e-03
-8.9999999999999941e-03 3.9000000000000007e-02 4.0000000000000001e-03  1.5183478077545494e-03
-8.9999999999999941e-03 4.2000000000000010e-02 4.0000000000000001e-03  1.6289972402367475e-03
-8.9999999999999941e-03 4.4999999999999998e-02 4.0000000000000001e-03  1.7565501993632297e-03
-5.9999999999999984e-03 -4.4999999999999998e-02 4.0000000000000001e-03  1.8425791677664574e-03
-5.9999999999999984e-03 -4.1999999999999996e-02 4.0000000000000001e-03  1.7498500404523473e-03
-5.9999999999999984e-03 -3.9000000000000000e-02 4.0000000000000001e-03  1.6663153301382618e-03
-5.9999999999999984e-03 -3.5999999999999997e-02 4.0000000000000001e-03  1.5914205127410097e-03
-5.9999999999999984e-03 -3.3000000000000002e-02 4.0000000000000001e-03  1.5222763415836233e-03
-5.9999999999999984e-03 -2.9999999999999999e-02 4.0000000000000001e-03  1.4645570055153471e-03
-5.9999999999999984e-03 -2.6999999999999996e-02 4.0000000000000001e-03  1.4175585186587591e-03
-5.9999999999999984e-03 -2.3999999999999997e-02 4.0000000000000001e-03  1.3805726104147700e-03
-5.9999999999999984e-03 -2.0999999999999998e-02 4.0000000000000001e-03  1.3529754480738527e-03
-5.9999999999999984e-03 -1.7999999999999999e-02 4.0000000000000001e-03  1.3341217390557699e-03
-5.9999999999999984e-03 -1.4999999999999999e-02 4.0000000000000001e-03  1.3189613764609883e-03
-5.9999999999999984e-03 -1.1999999999999997e-02 4.0000000000000001e-03  1.3051484718614162e-03
-5.9999999999999984e-03 -8.9999999999999941e-03 4.0000000000000001e-03  1.2935393743929691e-03
-5.9999999999999984e-03 -5.9999999999999984e-03 4.0000000000000001e-03  1.2823492013128593e-03
-5.9999999999999984e-03 -2.9999999999999957e-03 4.0000000000000001e-03  1.2770908573505612e-03
-5.9999999999999984e-03 0.0000000000000000e+00 4.0000000000000001e-03  1.2767080251609455e-03
-5.9999999999999984e-03 3.0000000000000027e-03 4.0000000000000001e-03  1.2779623724067221e-03
-5.9999999999999984e-03 6.0000000000000053e-03 4.0000000000000001e-03  1.2811348082144242e-03
-5.9999999999999984e-03 9.0000000000000011e-03 4.0000000000000001e-03  1.2899092361709733e-03
-5.9999999999999984e-03 1.2000000000000004e-02 4.0000000000000001e-03  1.2997759704290474e-03
-5.9999999999999984e-03 1.4999999999999999e-02 4.0000000000000001e-03  1.3107329862567267e-03
-5.9999999999999984e-03 1.8000000000000002e-02 4.0000000000000001e-03  1.3227791180766574e-03
-5.9999999999999984e-03 2.1000000000000005e-02 4.0000000000000001e-03  1.3310555160117893e-03
-5.9999999999999984e-03 2.4000000000000007e-02 4.0000000000000001e-03  1.3378386543156601e-03
-5.9999999999999984e-03 2.7000000000000010e-02 4.0000000000000001e-03  1.3491385733205605e-03
-5.9999999999999984e-03 2.9999999999999999e-02 4.0000000000000001e-03  1.3654427494951122e-03
-5.9999999999999984e-03 3.3000000000000002e-02 4.0000000000000001e-03  1.3828456615855239e-03
-5.9999999999999984e-03 3.6000000000000004e-02 4.0000000000000001e-03  1.4442823548194309e-03
-5.9999999999999984e-03 3.9000000000000007e-02 4.0000000000000001e-03  1.5264463387151582e-03
-5.9999999999999984e-03 4.2000000000000010e-02 4.0000000000000001e-03  1.6127615002386431e-03
-5.9999999999999984e-03 4.4999999999999998e-02 4.0000000000000001e-03  1.7112394328223461e-03
-2.9999999999999957e-03 -4.4999999999999998e-02 4.0000000000000001e-03  1.8604238692937706e-03
-2.9999999999999957e-03 -4.1999999999999996e-02 4.0000000000000001e-03  1.7559448158259395e-03
-2.9999999999999957e-03 -3.9000000000000000e-02 4.0000000000000001e-03  1.6628992627611586e-03
-2.9999999999999957e-03 -3.5999999999999997e-02 4.0000000000000001e-03  1.5831850456630371e-03
-2.9999999999999957e-03 -3.3000000000000002e-02 4.0000000000000001e-03  1.5158352450923439e-03
-2.9999999999999957e-03 -2.9999999999999999e-02 4.0000000000000001e-03  1.4599673794993924e-03
-2.9999999999999957e-03 -2.6999999999999996e-02 4.0000000000000001e-03  1.4147834052240624e-03
-2.9999999999999957e-03 -2.3999999999999997e-02 4.0000000000000001e-03  1.3795697164957930e-03
-2.9999999999999957e-03 -2.0999999999999998e-02 4.0000000000000001e-03  1.3536971454335823e-03
-2.9999999999999957e-03 -1.7999999999999999e-02 4.0000000000000001e-03  1.3360548550045343e-03
-2.9999999999999957e-03 -1.4999999999999999e-02 4.0000000000000001e-03  1.3203188414918361e-03
-2.9999999999999957e-03 -1.1999999999999997e-02 4.0000000000000001e-03  1.3057331469870780e-03
-2.9999999999999957e-03 -8.9999999999999941e-03 4.0000000000000001e-03  1.2928509923226562e-03
-2.9999999999999957e-03 -5.9999999999999984e-03 4.0000000000000001e-03  1.2824680759844045e-03
-2.9999999999999957e-03 -2.9999999999999957e-03 4.0000000000000001e-03  1.2725000499440966e-03
-2.9999999999999957e-03 0.0000000000000000e+00 4.0000000000000001e-03  1.2695299506074319e-03
-2.9999999999999957e-03 3.0000000000000027e-03 4.0000000000000001e-03  1.2704819973152119e-03
-2.9999999999999957e-03 6.0000000000000053e-03 4.0000000000000001e-03  1.2763666562250343e-03
-2.9999999999999957e-03 9.0000000000000011e-03 4.0000000000000001e-03  1.2847905060419653e-03
-2.9999999999999957e-03 1.2000000000000004e-02 4.0000000000000001e-03  1.2943068765742980e-03
-2.9999999999999957e-03 1.4999999999999999e-02 4.0000000000000001e-03  1.3049137213950182e-03
-2.9999999999999957e-03 1.8000000000000002e-02 4.0000000000000001e-03  1.3166098532316733e-03
-2.9999999999999957e-03 2.1000000000000005e-02 4.0000000000000001e-03  1.3276074096848494e-03
-2.9999999999999957e-03 2.4000000000000007e-02 4.0000000000000001e-03  1.3336699314020547e-03
-2.9999999999999957e-03 2.7000000000000010e-02 4.0000000000000001e-03  1.3415911169787713e-03
-2.9999999999999957e-03 2.9999999999999999e-02 4.0000000000000001e-03  1.3575537606261184e-03
-2.9999999999999957e-03 3.3000000000000002e-02 4.0000000000000001e-03  1.3847529019631421e-03
-2.9999999999999957e-03 3.6000000000000004e-02 4.0000000000000001e-03  1.4636820636976160e-03
-2.9999999999999957e-03 3.9000000000000007e-02 4.0000000000000001e-03  1.5459077526278344e-03
-2.9999999999999957e-03 4.2000000000000010e-02 4.0000000000000001e-03  1.6325598773582770e-03
-2.9999999999999957e-03 4.4999999999999998e-02 4.0000000000000001e-03  1.7247973723591992e-03
0.0000000000000000e+00 -4.4999999999999998e-02 4.0000000000000001e-03  1.8515576703018516e-03
0.0000000000000000e+00 -4.1999999999999996e-02 4.0000000000000001e-03  1.7460394938491701e-03
0.0000000000000000e+00 -3.9000000000000000e-02 4.0000000000000001e-03  1.6548930856976111e-03
0.0000000000000000e+00 -3.5999999999999997e-02 4.0000000000000001e-03  1.5770617533469007e-03
0.0000000000000000e+00 -3.3000000000000002e-02 4.0000000000000001e-03  1.5115732421863274e-03
0.0000000000000000e+00 -2.9999999999999999e-02 4.0000000000000001e-03  1.4575397354947407e-03
0.0000000000000000e+00 -2.6999999999999996e-02 4.0000000000000001e-03  1.4141578544405434e-03
0.0000000000000000e+00 -2.3999999999999997e-02 4.0000000000000001e-03  1.3807086580817037e-03
0.0000000000000000e+00 -2.0999999999999998e-02 4.0000000000000001e-03  1.3565576433657430e-03
0.0000000000000000e+00 -1.7999999999999999e-02 4.0000000000000001e-03  1.3398846815390031e-03
0.0000000000000000e+00 -1.4999999999999999e-02 4.0000000000000001e-03  1.3235741455972254e-03
0.0000000000000000e+00 -1.1999999999999997e-02 4.0000000000000001e-03  1.3084162748816948e-03
0.0000000000000000e+00 -8.9999999999999941e-03 4.0000000000000001e-03  1.2944112558666593e-03
0.0000000000000000e+00 -5.9999999999999984e-03 4.0000000000000001e-03  1.2826238925025409e-03
0.0000000000000000e+00 -2.9999999999999957e-03 4.0000000000000001e-03  1.2734628128354235e-03
0.0000000000000000e+00 0.0000000000000000e+00 4.0000000000000001e-03  1.2647113690636503e-03
0.0000000000000000e+00 3.0000000000000027e-03 4.0000000000000001e-03  1.2658194566406099e-03
0.0000000000000000e+00 6.0000000000000053e-03 4.0000000000000001e-03  1.2727960640727086e-03
0.0000000000000000e+00 9.0000000000000011e-03 4.0000000000000001e-03  1.2808686086569557e-03
0.0000000000000000e+00 1.2000000000000004e-02 4.0000000000000001e-03  1.2900341631166751e-03
0.0000000000000000e+00 1.4999999999999999e-02 4.0000000000000001e-03  1.3002906593297542e-03
0.0000000000000000e+00 1.8000000000000002e-02 4.0000000000000001e-03  1.3116368883286421e-03
0.0000000000000000e+00 2.1000000000000005e-02 4.0000000000000001e-03  1.3240725003003594e-03
0.0000000000000000e+00 2.4000000000000007e-02 4.0000000000000001e-03  1.3309204704552782e-03
0.0000000000000000e+00 2.7000000000000010e-02 4.0000000000000001e-03  1.3378399891831717e-03
0.0000000000000000e+00 2.9999999999999999e-02 4.0000000000000001e-03  1.3508532467484300e-03
0.0000000000000000e+00 3.3000000000000002e-02 4.0000000000000001e-03  1.4053172718019840e-03
0.0000000000000000e+00 3.6000000000000004e-02 4.0000000000000001e-03  1.4840521744298508e-03
0.0000000000000000e+00 3.9000000000000007e-02 4.0000000000000001e-03  1.5663459464697945e-03
0.0000000000000000e+00 4.2000000000000010e-02 4.0000000000000001e-03  1.6533505453689662e-03
0.0000000000000000e+00 4.4999999999999998e-02 4.0000000000000001e-03  1.7462469544402962e-03
3.0000000000000027e-03 -4.4999999999999998e-02 4.0000000000000001e-03  1.8521671949104021e-03
3.0000000000000027e-03 -4.1999999999999996e-02 4.0000000000000001e-03  1.7383847961733830e-03
3.0000000000000027e-03 -3.9000000000000000e-02 4.0000000000000001e-03  1.6491074508267450e-03
3.0000000000000027e-03 -3.5999999999999997e-02 4.0000000000000001e-03  1.5731336133289785e-03
3.0000000000000027e-03 -3.3000000000000002e-02 4.0000000000000001e-03  1.5094856938978993e-03
3.0000000000000027e-03 -2.9999999999999999e-02 4.0000000000000001e-03  1.4572705406408859e-03
3.0000000000000027e-03 -2.6999999999999996e-02 4.0000000000000001e-03  1.4156794395548658e-03
3.0000000000000027e-03 -2.3999999999999997e-02 4.0000000000000001e-03  1.3839881145263321e-03
3.0000000000000027e-03 -2.0999999999999998e-02 4.0000000000000001e-03  1.3615567273313398e-03
3.0000000000000027e-03 -1.7999999999999999e-02 4.0000000000000001e-03  1.3456108381784831e-03
3.0000000000000027e-03 -1.4999999999999999e-02 4.0000000000000001e-03  1.3287266913735900e-03
3.0000000000000027e-03 -1.1999999999999997e-02 4.0000000000000001e-03  1.3129977189685542e-03
3.0000000000000027e-03 -8.9999999999999941e-03 4.0000000000000001e-03  1.2984244677714811e-03
3.0000000000000027e-03 -5.9999999999999984e-03 4.0000000000000001e-03  1.2850095790159944e-03
3.0000000000000027e-03 -2.9999999999999957e-03 4.0000000000000001e-03  1.2744782169402901e-03
3.0000000000000027e-03 0.0000000000000000e+00 4.0000000000000001e-03  1.2676147701130220e-03
3.0000000000000027e-03 3.0000000000000027e-03 4.0000000000000001e-03  1.2667960011165085e-03
3.0000000000000027e-03 6.0000000000000053e-03 4.0000000000000001e-03  1.2740072876603369e-03
3.0000000000000027e-03 9.0000000000000011e-03 4.0000000000000001e-03  1.2823566081033892e-03
3.0000000000000027e-03 1.2000000000000004e-02 4.0000000000000001e-03  1.2918043583425888e-03
3.0000000000000027e-03 1.4999999999999999e-02 4.0000000000000001e-03  1.3023475349931443e-03
3.0000000000000027e-03 1.8000000000000002e-02 4.0000000000000001e-03  1.3139839878463368e-03
3.0000000000000027e-03 2.1000000000000005e-02 4.0000000000000001e-03  1.3267124198695301e-03
3.0000000000000027e-03 2.4000000000000007e-02 4.0000000000000001e-03  1.3349329455733935e-03
3.0000000000000027e-03 2.7000000000000010e-02 4.0000000000000001e-03  1.3373347312553767e-03
3.0000000000000027e-03 2.9999999999999999e-02 4.0000000000000001e-03  1.3509520612256256e-03
3.0000000000000027e-03 3.3000000000000002e-02 4.0000000000000001e-03  1.4242572429226952e-03
3.0000000000000027e-03 3.6000000000000004e-02 4.0000000000000001e-03  1.4973206945664620e-03
3.0000000000000027e-03 3.9000000000000007e-02 4.0000000000000001e-03  1.5746895268302064e-03
3.0000000000000027e-03 4.2000000000000010e-02 4.0000000000000001e-03  1.6557820915782092e-03
3.0000000000000027e-03 4.4999999999999998e-02 4.0000000000000001e-03  1.7391114926454691e-03
6.0000000000000053e-03 -4.4999999999999998e-02 4.0000000000000001e-03  1.8689202874197070e-03
6.0000000000000053e-03 -4.1999999999999996e-02 4.0000000000000001e-03  1.7442848405094366e-03
6.0000000000000053e-03 -3.9000000000000000e-02 4.0000000000000001e-03  1.6455365641823469e-03
6.0000000000000053e-03 -3.5999999999999997e-02 4.0000000000000001e-03  1.5713959377502262e-03
6.0000000000000053e-03 -3.3000000000000002e-02 4.0000000000000001e-03  1.5095690184751800e-03
6.0000000000000053e-03 -2.9999999999999999e-02 4.0000000000000001e-03  1.4591573192931145e-03
6.0000000000000053e-03 -2.6999999999999996e-02 4.0000000000000001e-03  1.4193467910294816e-03
6.0000000000000053e-03 -2.3999999999999997e-02 4.0000000000000001e-03  1.3894078223993050e-03
6.0000000000000053e-03 -2.0999999999999998e-02 4.0000000000000001e-03  1.3686952400071633e-03
6.0000000000000053e-03 -1.7999999999999999e-02 4.0000000000000001e-03  1.3532337872935736e-03
6.0000000000000053e-03 -1.4999999999999999e-02 4.0000000000000001e-03  1.3357767242686482e-03
6.0000000000000053e-03 -1.1999999999999997e-02 4.0000000000000001e-03  1.3194775077724934e-03
6.0000000000000053e-03 -8.9999999999999941e-03 4.0000000000000001e-03  1.3043370449470715e-03
6.0000000000000053e-03 -5.9999999999999984e-03 4.0000000000000001e-03  1.2903583373598698e-03
6.0000000000000053e-03 -2.9999999999999957e-03 4.0000000000000001e-03  1.2801316721604184e-03
6.0000000000000053e-03 0.0000000000000000e+00 4.0000000000000001e-03  1.2730235576760794e-03
6.0000000000000053e-03 3.0000000000000027e-03 4.0000000000000001e-03  1.2715788825617932e-03
6.0000000000000053e-03 6.0000000000000053e-03 4.0000000000000001e-03  1.2775001243979054e-03
6.0000000000000053e-03 9.0000000000000011e-03 4.0000000000000001e-03  1.2863918389688844e-03
6.0000000000000053e-03 1.2000000000000004e-02 4.0000000000000001e-03  1.2963889775956324e-03
6.0000000000000053e-03 1.4999999999999999e-02 4.0000000000000001e-03  1.3074871640271360e-03
6.0000000000000053e-03 1.8000000000000002e-02 4.0000000000000001e-03  1.3196828751884516e-03
6.0000000000000053e-03 2.1000000000000005e-02 4.0000000000000001e-03  1.3329734411807147e-03
6.0000000000000053e-03 2.4000000000000007e-02 4.0000000000000001e-03  1.3457686582967717e-03
6.0000000000000053e-03 2.7000000000000010e-02 4.0000000000000001e-03  1.3496218998436853e-03
6.0000000000000053e-03 2.9999999999999999e-02 4.0000000000000001e-03  1.3481508954862776e-03
6.0000000000000053e-03 3.3000000000000002e-02 4.0000000000000001e-03  1.4192256803064400e-03
6.0000000000000053e-03 3.6000000000000004e-02 4.0000000000000001e-03  1.4884128104192052e-03
6.0000000000000053e-03 3.9000000000000007e-02 4.0000000000000001e-03  1.5615573752093862e-03
6.0000000000000053e-03 4.2000000000000010e-02 4.0000000000000001e-03  1.6405759504227733e-03
6.0000000000000053e-03 4.4999999999999998e-02 4.0000000000000001e-03  1.7260227434667522e-03
9.0000000000000011e-03 -4.4999999999999998e-02 4.0000000000000001e-03  1.8844531316316636e-03
9.0000000000000011e-03 -4.1999999999999996e-02 4.0000000000000001e-03  1.7629751664015060e-03
9.0000000000000011e-03 -3.9000000000000000e-02 4.0000000000000001e-03  1.6562703833617840e-03
9.0000000000000011e-03 -3.5999999999999997e-02 4.0000000000000001e-03  1.5718450959673980e-03
9.0000000000000011e-03 -3.3000000000000002e-02 4.0000000000000001e-03  1.5118206913820908e-03
9.0000000000000011e-03 -2.9999999999999999e-02 4.0000000000000001e-03  1.4631986530225136e-03
9.0000000000000011e-03 -2.6999999999999996e-02 4.0000000000000001e-03  1.4251595965426482e-03
9.0000000000000011e-03 -2.3999999999999997e-02 4.0000000000000001e-03  1.3969685754860433e-03
9.0000000000000011e-03 -2.0999999999999998e-02 4.0000000000000001e-03  1.3779750812858045e-03
9.0000000000000011e-03 -1.7999999999999999e-02 4.0000000000000001e-03  1.3627548341061512e-03
9.0000000000000011e-03 -1.4999999999999999e-02 4.0000000000000001e-03  1.3447253325813955e-03
9.0000000000000011e-03 -1.1999999999999997e-02 4.0000000000000001e-03  1.3278565126696273e-03
9.0000000000000011e-03 -8.9999999999999941e-03 4.0000000000000001e-03  1.3121496418466686e-03
9.0000000000000011e-03 -5.9999999999999984e-03 4.0000000000000001e-03  1.2992318015555529e-03
9.0000000000000011e-03 -2.9999999999999957e-03 4.0000000000000001e-03  1.2898350422708912e-03
9.0000000000000011e-03 0.0000000000000000e+00 4.0000000000000001e-03  1.2826957938283550e-03
9.0000000000000011e-03 3.0000000000000027e-03 4.0000000000000001e-03  1.2861366048978068e-03
9.0000000000000011e-03 6.0000000000000053e-03 4.0000000000000001e-03  1.2879500333321694e-03
9.0000000000000011e-03 9.0000000000000011e-03 4.0000000000000001e-03  1.2927384122196699e-03
9.0000000000000011e-03 1.2000000000000004e-02 4.0000000000000001e-03  1.3030377185208985e-03
9.0000000000000011e-03 1.4999999999999999e-02 4.0000000000000001e-03  1.3144419476267680e-03
9.0000000000000011e-03 1.8000000000000002e-02 4.0000000000000001e-03  1.3269463037442789e-03
9.0000000000000011e-03 2.1000000000000005e-02 4.0000000000000001e-03  1.3405468479800744e-03
9.0000000000000011e-03 2.4000000000000007e-02 4.0000000000000001e-03  1.3552404983404505e-03
9.0000000000000011e-03 2.7000000000000010e-02 4.0000000000000001e-03  1.3652549967236799e-03
9.0000000000000011e-03 2.9999999999999999e-02 4.0000000000000001e-03  1.3714867496171562e-03
9.0000000000000011e-03 3.3000000000000002e-02 4.0000000000000001e-03  1.3975499002646173e-03
9.0000000000000011e-03 3.6000000000000004e-02 4.0000000000000001e-03  1.4686683564921147e-03
9.0000000000000011e-03 3.9000000000000007e-02 4.0000000000000001e-03  1.5447707461407171e-03
9.0000000000000011e-03 4.2000000000000010e-02 4.0000000000000001e-03  1.6264269270522484e-03
9.0000000000000011e-03 4.4999999999999998e-02 4.0000000000000001e-03  1.7141774182189223e-03
1.2000000000000004e-02 -4.4999999999999998e-02 4.0000000000000001e-03  1.8987311407205902e-03
1.2000000000000004e-02 -4.1999999999999996e-02 4.0000000000000001e-03  1.7803802033212303e-03
1.2000000000000004e-02 -3.9000000000000000e-02 4.0000000000000001e-03  1.6767020986863895e-03
1.2000000000000004e-02 -3.5999999999999997e-02 4.0000000000000001e-03  1.5869492597596138e-03
1.2000000000000004e-02 -3.3000000000000002e-02 4.0000000000000001e-03  1.5162392452983398e-03
1.2000000000000004e-02 -2.9999999999999999e-02 4.0000000000000001e-03  1.4693941806159609e-03
1.2000000000000004e-02 -2.6999999999999996e-02 4.0000000000000001e-03  1.4331186009884115e-03
1.2000000000000004e-02 -2.3999999999999997e-02 4.0000000000000001e-03  1.4066722247877610e-03
1.2000000000000004e-02 -2.0999999999999998e-02 4.0000000000000001e-03  1.3893992082756467e-03
1.2000000000000004e-02 -1.7999999999999999e-02 4.0000000000000001e-03  1.3741761266893677e-03
1.2000000000000004e-02 -1.4999999999999999e-02 4.0000000000000001e-03  1.3555744474621069e-03
1.2000000000000004e-02 -1.1999999999999997e-02 4.0000000000000001e-03  1.3381364478873585e-03
1.2000000000000004e-02 -8.9999999999999941e-03 4.0000000000000001e-03  1.3227032663298572e-03
1.2000000000000004e-02 -5.9999999999999984e-03 4.0000000000000001e-03  1.3110222030033067e-03
1.2000000000000004e-02 -2.9999999999999957e-03 4.0000000000000001e-03  1.3003944653583277e-03
1.2000000000000004e-02 0.0000000000000000e+00 4.0000000000000001e-03  1.2973332907907295e-03
1.2000000000000004e-02 3.0000000000000027e-03 4.0000000000000001e-03  1.3004463613376690e-03
1.2000000000000004e-02 6.0000000000000053e-03 4.0000000000000001e-03  1.3063505237200638e-03
1.2000000000000004e-02 9.0000000000000011e-03 4.0000000000000001e-03  1.3117348115437768e-03
1.2000000000000004e-02 1.2000000000000004e-02 4.0000000000000001e-03  1.3204491517820418e-03
1.2000000000000004e-02 1.4999999999999999e-02 4.0000000000000001e-03  1.3305741140322521e-03
1.2000000000000004e-02 1.8000000000000002e-02 4.0000000000000001e-03  1.3418043831921089e-03
1.2000000000000004e-02 2.1000000000000005e-02 4.0000000000000001e-03  1.3541354878043954e-03
1.2000000000000004e-02 2.4000000000000007e-02 4.0000000000000001e-03  1.3677585988133149e-03
1.2000000000000004e-02 2.7000000000000010e-02 4.0000000000000001e-03  1.3850430955303977e-03
1.2000000000000004e-02 2.9999999999999999e-02 4.0000000000000001e-03  1.4061715119376016e-03
1.2000000000000004e-02 3.3000000000000002e-02 4.0000000000000001e-03  1.4219041813713187e-03
1.2000000000000004e-02 3.6000000000000004e-02 4.0000000000000001e-03  1.4497575264955449e-03
1.2000000000000004e-02 3.9000000000000007e-02 4.0000000000000001e-03  1.5288945577609577e-03
1.2000000000000004e-02 4.2000000000000010e-02 4.0000000000000001e-03  1.6132977529963919e-03
1.2000000000000004e-02 4.4999999999999998e-02 4.0000000000000001e-03  1.7214173129902683e-03
1.4999999999999999e-02 -4.4999999999999998e-02 4.0000000000000001e-03  1.9117282015440457e-03
1.4999999999999999e-02 -4.1999999999999996e-02 4.0000000000000001e-03  1.7964685658257472e-03
1.4999999999999999e-02 -3.9000000000000000e-02 4.0000000000000001e-03  1.6957948639127344e-03
1.4999999999999999e-02 -3.5999999999999997e-02 4.0000000000000001e-03  1.6089598987647404e-03
1.4999999999999999e-02 -3.3000000000000002e-02 4.0000000000000001e-03  1.5352499300090600e-03
1.4999999999999999e-02 -2.9999999999999999e-02 4.0000000000000001e-03  1.4777445980761325e-03
1.4999999999999999e-02 -2.6999999999999996e-02 4.0000000000000001e-03  1.4432256064766094e-03
1.4999999999999999e-02 -2.3999999999999997e-02 4.0000000000000001e-03  1.4185216785214693e-03
1.4999999999999999e-02 -2.0999999999999998e-02 4.0000000000000001e-03  1.4029716353008647e-03
1.4999999999999999e-02 -1.7999999999999999e-02 4.0000000000000001e-03  1.3875006559676633e-03
1.4999999999999999e-02 -1.4999999999999999e-02 4.0000000000000001e-03  1.3683268429123473e-03
1.4999999999999999e-02 -1.1999999999999997e-02 4.0000000000000001e-03  1.3505524016468825e-03
1.4999999999999999e-02 -8.9999999999999941e-03 4.0000000000000001e-03  1.3365893906087812e-03
1.4999999999999999e-02 -5.9999999999999984e-03 4.0000000000000001e-03  1.3236642269154615e-03
1.4999999999999999e-02 -2.9999999999999957e-03 4.0000000000000001e-03  1.3139661636155627e-03
1.4999999999999999e-02 0.0000000000000000e+00 4.0000000000000001e-03  1.3104103024775349e-03
1.4999999999999999e-02 3.0000000000000027e-03 4.0000000000000001e-03  1.3129726775234136e-03
1.4999999999999999e-02 6.0000000000000053e-03 4.0000000000000001e-03  1.3211585000336161e-03
1.4999999999999999e-02 9.0000000000000011e-03 4.0000000000000001e-03  1.3294893420479439e-03
1.4999999999999999e-02 1.2000000000000004e-02 4.0000000000000001e-03  1.3379602802842832e-03
1.4999999999999999e-02 1.4999999999999999e-02 4.0000000000000001e-03  1.3468075875488522e-03
1.4999999999999999e-02 1.8000000000000002e-02 4.0000000000000001e-03  1.3567658526812355e-03
1.4999999999999999e-02 2.1000000000000005e-02 4.0000000000000001e-03  1.3679513492767827e-03
1.4999999999999999e-02 2.4000000000000007e-02 4.0000000000000001e-03  1.3826515872753594e-03
1.4999999999999999e-02 2.7000000000000010e-02 4.0000000000000001e-03  1.4011320821646560e-03
1.4999999999999999e-02 2.9999999999999999e-02 4.0000000000000001e-03  1.4234806105930748e-03
1.4999999999999999e-02 3.3000000000000002e-02 4.0000000000000001e-03  1.4497910601472220e-03
1.4999999999999999e-02 3.6000000000000004e-02 4.0000000000000001e-03  1.4801634293519061e-03
1.4999999999999999e-02 3.9000000000000007e-02 4.0000000000000001e-03  1.5139822791449332e-03
1.4999999999999999e-02 4.2000000000000010e-02 4.0000000000000001e-03  1.6026948772488374e-03
1.4999999999999999e-02 4.4999999999999998e-02 4.0000000000000001e-03  1.7382201896748847e-03
1.8000000000000002e-02 -4.4999999999999998e-02 4.0000000000000001e-03  1.9234266746428045e-03
1.8000000000000002e-02 -4.1999999999999996e-02 4.0000000000000001e-03  1.8112173421554255e-03
1.8000000000000002e-02 -3.9000000000000000e-02 4.0000000000000001e-03  1.7135204949807769e-03
1.8000000000000002e-02 -3.5999999999999997e-02 4.0000000000000001e-03  1.6295893060947837e-03
1.8000000000000002e-02 -3.3000000000000002e-02 4.0000000000000001e-03  1.5587104051409297e-03
1.8000000000000002e-02 -2.9999999999999999e-02 4.0000000000000001e-03  1.5002038784302401e-03
1.8000000000000002e-02 -2.6999999999999996e-02 4.0000000000000001e-03  1.4554834723328868e-03
1.8000000000000002e-02 -2.3999999999999997e-02 4.0000000000000001e-03  1.4325209021199712e-03
1.8000000000000002e-02 -2.0999999999999998e-02 4.0000000000000001e-03  1.4186974339014339e-03
1.8000000000000002e-02 -1.7999999999999999e-02 4.0000000000000001e-03  1.4027322557167545e-03
1.8000000000000002e-02 -1.4999999999999999e-02 4.0000000000000001e-03  1.3829861357849485e-03
1.8000000000000002e-02 -1.1999999999999997e-02 4.0000000000000001e-03  1.3665441664695575e-03
1.8000000000000002e-02 -8.9999999999999941e-03 4.0000000000000001e-03  1.3513253209063089e-03
1.8000000000000002e-02 -5.9999999999999984e-03 4.0000000000000001e-03  1.3362614407248310e-03
1.8000000000000002e-02 -2.9999999999999957e-03 4.0000000000000001e-03  1.3260370825788979e-03
1.8000000000000002e-02 0.0000000000000000e+00 4.0000000000000001e-03  1.3219364228874513e-03
1.8000000000000002e-02 3.0000000000000027e-03 4.0000000000000001e-03  1.3239507694205830e-03
1.8000000000000002e-02 6.0000000000000053e-03 4.0000000000000001e-03  1.3320798976015577e-03
1.8000000000000002e-02 9.0000000000000011e-03 4.0000000000000001e-03  1.3436529218218269e-03
1.8000000000000002e-02 1.2000000000000004e-02 4.0000000000000001e-03  1.3555521705347069e-03
1.8000000000000002e-02 1.4999999999999999e-02 4.0000000000000001e-03  1.3631334376095977e-03
1.8000000000000002e-02 1.8000000000000002e-02 4.0000000000000001e-03  1.3719022859557868e-03
1.8000000000000002e-02 2.1000000000000005e-02 4.0000000000000001e-03  1.3840454552759361e-03
1.8000000000000002e-02 2.4000000000000007e-02 4.0000000000000001e-03  1.3999111095928754e-03
1.8000000000000002e-02 2.7000000000000010e-02 4.0000000000000001e-03  1.4195820446711829e-03
1.8000000000000002e-02 2.9999999999999999e-02 4.0000000000000001e-03  1.4431471672136347e-03
1.8000000000000002e-02 3.3000000000000002e-02 4.0000000000000001e-03  1.4707014948612067e-03
1.8000000000000002e-02 3.6000000000000004e-02 4.0000000000000001e-03  1.5023461561930766e-03
1.8000000000000002e-02 3.9000000000000007e-02 4.0000000000000001e-03  1.5381883907266245e-03
1.8000000000000002e-02 4.2000000000000010e-02 4.0000000000000001e-03  1.6064958952216517e-03
1.8000000000000002e-02 4.4999999999999998e-02 4.0000000000000001e-03  1.7367608963276553e-03
2.1000000000000005e-02 -4.4999999999999998e-02 4.0000000000000001e-03  1.9338173942408841e-03
2.1000000000000005e-02 -4.1999999999999996e-02 4.0000000000000001e-03  1.8246120942338633e-03
2.1000000000000005e-02 -3.9000000000000000e-02 4.0000000000000001e-03  1.7298592815137013e-03
2.1000000000000005e-02 -3.5999999999999997e-02 4.0000000000000001e-03  1.6488124990725137e-03
2.1000000000000005e-02 -3.3000000000000002e-02 4.0000000000000001e-03  1.5807587465699741e-03
2.1000000000000005e-02 -2.9999999999999999e-02 4.0000000000000001e-03  1.5250184803333035e-03
2.1000000000000005e-02 -2.6999999999999996e-02 4.0000000000000001e-03  1.4809456133572632e-03
2.1000000000000005e-02 -2.3999999999999997e-02 4.0000000000000001e-03  1.4486749182318684e-03
2.1000000000000005e-02 -2.0999999999999998e-02 4.0000000000000001e-03  1.4365827328331219e-03
2.1000000000000005e-02 -1.7999999999999999e-02 4.0000000000000001e-03  1.4198756025636419e-03
2.1000000000000005e-02 -1.4999999999999999e-02 4.0000000000000001e-03  1.4008973026146576e-03
2.1000000000000005e-02 -1.1999999999999997e-02 4.0000000000000001e-03  1.3833865349318041e-03
2.1000000000000005e-02 -8.9999999999999941e-03 4.0000000000000001e-03  1.3642294023893439e-03
2.1000000000000005e-02 -5.9999999999999984e-03 4.0000000000000001e-03  1.3473267696606146e-03
2.1000000000000005e-02 -2.9999999999999957e-03 4.0000000000000001e-03  1.3365660266439101e-03
2.1000000000000005e-02 0.0000000000000000e+00 4.0000000000000001e-03  1.3319271523250275e-03
2.1000000000000005e-02 3.0000000000000027e-03 4.0000000000000001e-03  1.3333985933429303e-03
2.1000000000000005e-02 6.0000000000000053e-03 4.0000000000000001e-03  1.3409772639897640e-03
2.1000000000000005e-02 9.0000000000000011e-03 4.0000000000000001e-03  1.3542619789604538e-03
2.1000000000000005e-02 1.2000000000000004e-02 4.0000000000000001e-03  1.3690725610217640e-03
2.1000000000000005e-02 1.4999999999999999e-02 4.0000000000000001e-03  1.3796059523097592e-03
2.1000000000000005e-02 1.8000000000000002e-02 4.0000000000000001e-03  1.3892149538584392e-03
2.1000000000000005e-02 2.1000000000000005e-02 4.0000000000000001e-03  1.4024945594154604e-03
2.1000000000000005e-02 2.4000000000000007e-02 4.0000000000000001e-03  1.4195225838615699e-03
2.1000000000000005e-02 2.7000000000000010e-02 4.0000000000000001e-03  1.4403829530157120e-03
2.1000000000000005e-02 2.9999999999999999e-02 4.0000000000000001e-03  1.4651657036350363e-03
2.1000000000000005e-02 3.3000000000000002e-02 4.0000000000000001e-03  1.4939669834148890e-03
2.1000000000000005e-02 3.6000000000000004e-02 4.0000000000000001e-03  1.5268890509888197e-03
2.1000000000000005e-02 3.9000000000000007e-02 4.0000000000000001e-03  1.5676181783488522e-03
2.1000000000000005e-02 4.2000000000000010e-02 4.0000000000000001e-03  1.6226506135937704e-03
2.1000000000000005e-02 4.4999999999999998e-02 4.0000000000000001e-03  1.7412822113044555e-03
2.4000000000000007e-02 -4.4999999999999998e-02 4.0000000000000001e-03  1.9428996682455265e-03
2.4000000000000007e-02 -4.1999999999999996e-02 4.0000000000000001e-03  1.8366468576678945e-03
2.4000000000000007e-02 -3.9000000000000000e-02 4.0000000000000001e-03  1.7447999868179282e-03
2.4000000000000007e-02 -3.5999999999999997e-02 4.0000000000000001e-03  1.6666129687039385e-03
2.4000000000000007e-02 -3.3000000000000002e-02 4.0000000000000001e-03  1.6013731730017881e-03
2.4000000000000007e-02 -2.9999999999999999e-02 4.0000000000000001e-03  1.5484014260548848e-03
2.4000000000000007e-02 -2.6999999999999996e-02 4.0000000000000001e-03  1.5070520108741929e-03
2.4000000000000007e-02 -2.3999999999999997e-02 4.0000000000000001e-03  1.4767126671382045e-03
2.4000000000000007e-02 -2.0999999999999998e-02 4.0000000000000001e-03  1.4568045911929827e-03
2.4000000000000007e-02 -1.7999999999999999e-02 4.0000000000000001e-03  1.4396627817199004e-03
2.4000000000000007e-02 -1.4999999999999999e-02 4.0000000000000001e-03  1.4198598672396545e-03
2.4000000000000007e-02 -1.1999999999999997e-02 4.0000000000000001e-03  1.3978875577558829e-03
2.4000000000000007e-02 -8.9999999999999941e-03 4.0000000000000001e-03  1.3742866606175016e-03
2.4000000000000007e-02 -5.9999999999999984e-03 4.0000000000000001e-03  1.3568585734356428e-03
2.4000000000000007e-02 -2.9999999999999957e-03 4.0000000000000001e-03  1.3455719464118083e-03
2.4000000000000007e-02 0.0000000000000000e+00 4.0000000000000001e-03  1.3404038974006646e-03
2.4000000000000007e-02 3.0000000000000027e-03 4.0000000000000001e-03  1.3413400119100618e-03
2.4000000000000007e-02 6.0000000000000053e-03 4.0000000000000001e-03  1.3483743431010166e-03
2.4000000000000007e-02 9.0000000000000011e-03 4.0000000000000001e-03  1.3615094117877227e-03
2.4000000000000007e-02 1.2000000000000004e-02 4.0000000000000001e-03  1.3736867608354667e-03
2.4000000000000007e-02 1.4999999999999999e-02 4.0000000000000001e-03  1.3829869109641799e-03
2.4000000000000007e-02 1.8000000000000002e-02 4.0000000000000001e-03  1.3950666140095740e-03
2.4000000000000007e-02 2.1000000000000005e-02 4.0000000000000001e-03  1.4114603498240493e-03
2.4000000000000007e-02 2.4000000000000007e-02 4.0000000000000001e-03  1.4322559804589518e-03
2.4000000000000007e-02 2.7000000000000010e-02 4.0000000000000001e-03  1.4575457806161928e-03
2.4000000000000007e-02 2.9999999999999999e-02 4.0000000000000001e-03  1.4874264376482480e-03
2.4000000000000007e-02 3.3000000000000002e-02 4.0000000000000001e-03  1.5195936142455863e-03
2.4000000000000007e-02 3.6000000000000004e-02 4.0000000000000001e-03  1.5575063711470672e-03
2.4000000000000007e-02 3.9000000000000007e-02 4.0000000000000001e-03  1.6025147157481988e-03
2.4000000000000007e-02 4.2000000000000010e-02 4.0000000000000001e-03  1.6532206085624840e-03
2.4000000000000007e-02 4.4999999999999998e-02 4.0000000000000001e-03  1.7597272931450401e-03
2.7000000000000010e-02 -4.4999999999999998e-02 4.0000000000000001e-03  1.9475438740395865e-03
2.7000000000000010e-02 -4.1999999999999996e-02 4.0000000000000001e-03  1.8430875574751420e-03
2.7000000000000010e-02 -3.9000000000000000e-02 4.0000000000000001e-03  1.7530774615481528e-03
2.7000000000000010e-02 -3.5999999999999997e-02 4.0000000000000001e-03  1.6767554908596559e-03
2.7000000000000010e-02 -3.3000000000000002e-02 4.0000000000000001e-03  1.6133996585867652e-03
2.7000000000000010e-02 -2.9999999999999999e-02 4.0000000000000001e-03  1.5623240864826883e-03
2.7000000000000010e-02 -2.6999999999999996e-02 4.0000000000000001e-03  1.5228790048767229e-03
2.7000000000000010e-02 -2.3999999999999997e-02 4.0000000000000001e-03  1.4944507526742400e-03
2.7000000000000010e-02 -2.0999999999999998e-02 4.0000000000000001e-03  1.4764617773566986e-03
2.7000000000000010e-02 -1.7999999999999999e-02 4.0000000000000001e-03  1.4547038927497512e-03
2.7000000000000010e-02 -1.4999999999999999e-02 4.0000000000000001e-03  1.4375801007749866e-03
2.7000000000000010e-02 -1.1999999999999997e-02 4.0000000000000001e-03  1.4134236965943642e-03
2.7000000000000010e-02 -8.9999999999999941e-03 4.0000000000000001e-03  1.3951795076372624e-03
2.7000000000000010e-02 -5.9999999999999984e-03 4.0000000000000001e-03  1.3828173289674936e-03
2.7000000000000010e-02 -2.9999999999999957e-03 4.0000000000000001e-03  1.3763218209043721e-03
2.7000000000000010e-02 0.0000000000000000e+00 4.0000000000000001e-03  1.3756925090227302e-03
2.7000000000000010e-02 3.0000000000000027e-03 4.0000000000000001e-03  1.3809437841529101e-03
2.7000000000000010e-02 6.0000000000000053e-03 4.0000000000000001e-03  1.3921049023807564e-03
2.7000000000000010e-02 9.0000000000000011e-03 4.0000000000000001e-03  1.3924474967094388e-03
2.7000000000000010e-02 1.2000000000000004e-02 4.0000000000000001e-03  1.3869859129826420e-03
2.7000000000000010e-02 1.4999999999999999e-02 4.0000000000000001e-03  1.3947130600036979e-03
2.7000000000000010e-02 1.8000000000000002e-02 4.0000000000000001e-03  1.4096913772475442e-03
2.7000000000000010e-02 2.1000000000000005e-02 4.0000000000000001e-03  1.4291184427551017e-03
2.7000000000000010e-02 2.4000000000000007e-02 4.0000000000000001e-03  1.4530712194122028e-03
2.7000000000000010e-02 2.7000000000000010e-02 4.0000000000000001e-03  1.4816311769117732e-03
2.7000000000000010e-02 2.9999999999999999e-02 4.0000000000000001e-03  1.5148842917538311e-03
2.7000000000000010e-02 3.3000000000000002e-02 4.0000000000000001e-03  1.5529977763612064e-03
2.7000000000000010e-02 3.6000000000000004e-02 4.0000000000000001e-03  1.5984876387402128e-03
2.7000000000000010e-02 3.9000000000000007e-02 4.0000000000000001e-03  1.6424022200605599e-03
2.7000000000000010e-02 4.2000000000000010e-02 4.0000000000000001e-03  1.6964687701019152e-03
2.7000000000000010e-02 4.4999999999999998e-02 4.0000000000000001e-03  1.7868580361319691e-03
2.9999999999999999e-02 -4.4999999999999998e-02 4.0000000000000001e-03  2.0275208267155412e-03
2.9999999999999999e-02 -4.1999999999999996e-02 4.0000000000000001e-03  1.8876821339676596e-03
2.9999999999999999e-02 -3.9000000000000000e-02 4.0000000000000001e-03  1.7807700807118830e-03
2.9999999999999999e-02 -3.5999999999999997e-02 4.0000000000000001e-03  1.7017675201473521e-03
2.9999999999999999e-02 -3.3000000000000002e-02 4.0000000000000001e-03  1.6361474222472822e-03
2.9999999999999999e-02 -2.9999999999999999e-02 4.0000000000000001e-03  1.5833101671359230e-03
2.9999999999999999e-02 -2.6999999999999996e-02 4.0000000000000001e-03  1.5426864009107479e-03
2.9999999999999999e-02 -2.3999999999999997e-02 4.0000000000000001e-03  1.5137370356424380e-03
2.9999999999999999e-02 -2.0999999999999998e-02 4.0000000000000001e-03  1.4903572208413581e-03
2.9999999999999999e-02 -1.7999999999999999e-02 4.0000000000000001e-03  1.4702724772212171e-03
2.9999999999999999e-02 -1.4999999999999999e-02 4.0000000000000001e-03  1.4971830843107765e-03
2.9999999999999999e-02 -1.1999999999999997e-02 4.0000000000000001e-03  1.4779197181806725e-03
2.9999999999999999e-02 -8.9999999999999941e-03 4.0000000000000001e-03  1.4585188838838572e-03
2.9999999999999999e-02 -5.9999999999999984e-03 4.0000000000000001e-03  1.4450571759503153e-03
2.9999999999999999e-02 -2.9999999999999957e-03 4.0000000000000001e-03  1.4375328698935969e-03
2.9999999999999999e-02 0.0000000000000000e+00 4.0000000000000001e-03  1.4359591064827693e-03
2.9999999999999999e-02 3.0000000000000027e-03 4.0000000000000001e-03  1.4403638917424033e-03
2.9999999999999999e-02 6.0000000000000053e-03 4.0000000000000001e-03  1.4381051627891926e-03
2.9999999999999999e-02 9.0000000000000011e-03 4.0000000000000001e-03  1.4276439166647174e-03
2.9999999999999999e-02 1.2000000000000004e-02 4.0000000000000001e-03  1.4340985420474585e-03
2.9999999999999999e-02 1.4999999999999999e-02 4.0000000000000001e-03  1.4357861937030001e-03
2.9999999999999999e-02 1.8000000000000002e-02 4.0000000000000001e-03  1.4496339485961275e-03
2.9999999999999999e-02 2.1000000000000005e-02 4.0000000000000001e-03  1.4705144209043578e-03
2.9999999999999999e-02 2.4000000000000007e-02 4.0000000000000001e-03  1.4958762806972000e-03
2.9999999999999999e-02 2.7000000000000010e-02 4.0000000000000001e-03  1.5258026146466584e-03
2.9999999999999999e-02 2.9999999999999999e-02 4.0000000000000001e-03  1.5603810162318377e-03
2.9999999999999999e-02 3.3000000000000002e-02 4.0000000000000001e-03  1.6045840628946659e-03
2.9999999999999999e-02 3.6000000000000004e-02 4.0000000000000001e-03  1.6610861431954481e-03
2.9999999999999999e-02 3.9000000000000007e-02 4.0000000000000001e-03  1.7079829506486037e-03
2.9999999999999999e-02 4.2000000000000010e-02 4.0000000000000001e-03  1.7452140827602703e-03
2.9999999999999999e-02 4.4999999999999998e-02 4.0000000000000001e-03  1.8254781081254647e-03
3.3000000000000002e-02 -4.4999999999999998e-02 4.0000000000000001e-03  2.1383659361627490e-03
3.3000000000000002e-02 -4.1999999999999996e-02 4.0000000000000001e-03  2.0076573626117466e-03
3.3000000000000002e-02 -3.9000000000000000e-02 4.0000000000000001e-03  1.8918894943895101e-03
3.3000000000000002e-02 -3.5999999999999997e-02 4.0000000000000001e-03  1.7907761625043049e-03
3.3000000000000002e-02 -3.3000000000000002e-02 4.0000000000000001e-03  1.7040573976024700e-03
3.3000000000000002e-02 -2.9999999999999999e-02 4.0000000000000001e-03  1.6314994299683780e-03
3.3000000000000002e-02 -2.6999999999999996e-02 4.0000000000000001e-03  1.5879765991781097e-03
3.3000000000000002e-02 -2.3999999999999997e-02 4.0000000000000001e-03  1.5585039752615184e-03
3.3000000000000002e-02 -2.0999999999999998e-02 4.0000000000000001e-03  1.5342227689592498e-03
3.3000000000000002e-02 -1.7999999999999999e-02 4.0000000000000001e-03  1.5289878574350556e-03
3.3000000000000002e-02 -1.4999999999999999e-02 4.0000000000000001e-03  1.5530614243319109e-03
3.3000000000000002e-02 -1.1999999999999997e-02 4.0000000000000001e-03  1.5510401100333590e-03
3.3000000000000002e-02 -8.9999999999999941e-03 4.0000000000000001e-03  1.5306744801806935e-03
3.3000000000000002e-02 -5.9999999999999984e-03 4.0000000000000001e-03  1.5163238824232165e-03
3.3000000000000002e-02 -2.9999999999999957e-03 4.0000000000000001e-03  1.5080002074687078e-03
3.3000000000000002e-02 0.0000000000000000e+00 4.0000000000000001e-03  1.5057302112804680e-03
3.3000000000000002e-02 3.0000000000000027e-03 4.0000000000000001e-03  1.5008963879808166e-03
3.3000000000000002e-02 6.0000000000000053e-03 4.0000000000000001e-03  1.4863307965266082e-03
3.3000000000000002e-02 9.0000000000000011e-03 4.0000000000000001e-03  1.4963930864132413e-03
3.3000000000000002e-02 1.2000000000000004e-02 4.0000000000000001e-03  1.5016398948339295e-03
3.3000000000000002e-02 1.4999999999999999e-02 4.0000000000000001e-03  1.5020736641182641e-03
3.3000000000000002e-02 1.8000000000000002e-02 4.0000000000000001e-03  1.5025404889016593e-03
3.3000000000000002e-02 2.1000000000000005e-02 4.0000000000000001e-03  1.5248355717658309e-03
3.3000000000000002e-02 2.4000000000000007e-02 4.0000000000000001e-03  1.5515636647621678e-03
3.3000000000000002e-02 2.7000000000000010e-02 4.0000000000000001e-03  1.5828094715417489e-03
3.3000000000000002e-02 2.9999999999999999e-02 4.0000000000000001e-03  1.6186622025627581e-03
3.3000000000000002e-02 3.3000000000000002e-02 4.0000000000000001e-03  1.6736759765251640e-03
3.3000000000000002e-02 3.6000000000000004e-02 4.0000000000000001e-03  1.7407663425114725e-03
3.3000000000000002e-02 3.9000000000000007e-02 4.0000000000000001e-03  1.7984872087813070e-03
3.3000000000000002e-02 4.2000000000000010e-02 4.0000000000000001e-03  1.8466938639064012e-03
3.3000000000000002e-02 4.4999999999999998e-02 4.0000000000000001e-03  1.8873571660771350e-03
3.6000000000000004e-02 -4.4999999999999998e-02 4.0000000000000001e-03  2.1629852450709554e-03
3.6000000000000004e-02 -4.1999999999999996e-02 4.0000000000000001e-03  2.0407449675241681e-03
3.6000000000000004e-02 -3.9000000000000000e-02 4.0000000000000001e-03  1.9333419405935396e-03
3.6000000000000004e-02 -3.5999999999999997e-02 4.0000000000000001e-03  1.8404466375969574e-03
3.6000000000000004e-02 -3.3000000000000002e-02 4.0000000000000001e-03  1.7633757527951530e-03
3.6000000000000004e-02 -2.9999999999999999e-02 4.0000000000000001e-03  1.6976447837568935e-03
3.6000000000000004e-02 -2.6999999999999996e-02 4.0000000000000001e-03  1.6412008311592929e-03
3.6000000000000004e-02 -2.3999999999999997e-02 4.0000000000000001e-03  1.6097400140677785e-03
3.6000000000000004e-02 -2.0999999999999998e-02 4.0000000000000001e-03  1.5989781122832598e-03
3.6000000000000004e-02 -1.7999999999999999e-02 4.0000000000000001e-03  1.6005957084660792e-03
3.6000000000000004e-02 -1.4999999999999999e-02 4.0000000000000001e-03  1.6165399864131087e-03
3.6000000000000004e-02 -1.1999999999999997e-02 4.0000000000000001e-03  1.6340022789535502e-03
3.6000000000000004e-02 -8.9999999999999941e-03 4.0000000000000001e-03  1.6129034331873377e-03
3.6000000000000004e-02 -5.9999999999999984e-03 4.0000000000000001e-03  1.5979143149041941e-03
3.6000000000000004e-02 -2.9999999999999957e-03 4.0000000000000001e-03  1.5890604300061370e-03
3.6000000000000004e-02 0.0000000000000000e+00 4.0000000000000001e-03  1.5818789005684827e-03
3.6000000000000004e-02 3.0000000000000027e-03 4.0000000000000001e-03  1.5642075881833670e-03
3.6000000000000004e-02 6.0000000000000053e-03 4.0000000000000001e-03  1.5779047949131787e-03
3.6000000000000004e-02 9.0000000000000011e-03 4.0000000000000001e-03  1.5867488139584449e-03
3.6000000000000004e-02 1.2000000000000004e-02 4.0000000000000001e-03  1.5907409697609762e-03
3.6000000000000004e-02 1.4999999999999999e-02 4.0000000000000001e-03  1.5898836724651168e-03
3.6000000000000004e-02 1.8000000000000002e-02 4.0000000000000001e-03  1.5841804179177426e-03
3.6000000000000004e-02 2.1000000000000005e-02 4.0000000000000001e-03  1.5931967858376611e-03
3.6000000000000004e-02 2.4000000000000007e-02 4.0000000000000001e-03  1.6212119646647066e-03
3.6000000000000004e-02 2.7000000000000010e-02 4.0000000000000001e-03  1.6536940432141070e-03
3.6000000000000004e-02 2.9999999999999999e-02 4.0000000000000001e-03  1.6907338489231180e-03
3.6000000000000004e-02 3.3000000000000002e-02 4.0000000000000001e-03  1.7608860548737181e-03
3.6000000000000004e-02 3.6000000000000004e-02 4.0000000000000001e-03  1.8381032906669760e-03
3.6000000000000004e-02 3.9000000000000007e-02 4.0000000000000001e-03  1.9055665740151531e-03
3.6000000000000004e-02 4.2000000000000010e-02 4.0000000000000001e-03  1.9333503357163446e-03
3.6000000000000004e-02 4.4999999999999998e-02 4.0000000000000001e-03  1.9589619428033492e-03
3.9000000000000007e-02 -4.4999999999999998e-02 4.0000000000000001e-03  2.2002118947524103e-03
3.9000000000000007e-02 -4.1999999999999996e-02 4.0000000000000001e-03  2.0928175440731401e-03
3.9000000000000007e-02 -3.9000000000000000e-02 4.0000000000000001e-03  1.9956515664733693e-03
3.9000000000000007e-02 -3.5999999999999997e-02 4.0000000000000001e-03  1.9084156322252766e-03
3.9000000000000007e-02 -3.3000000000000002e-02 4.0000000000000001e-03  1.8308608885391857e-03
3.9000000000000007e-02 -2.9999999999999999e-02 4.0000000000000001e-03  1.7695113590187072e-03
3.9000000000000007e-02 -2.6999999999999996e-02 4.0000000000000001e-03  1.7313232770744308e-03
3.9000000000000007e-02 -2.3999999999999997e-02 4.0000000000000001e-03  1.7015990841497206e-03
3.9000000000000007e-02 -2.0999999999999998e-02 4.0000000000000001e-03  1.6799826901345064e-03
3.9000000000000007e-02 -1.7999999999999999e-02 4.0000000000000001e-03  1.6739152890558381e-03
3.9000000000000007e-02 -1.4999999999999999e-02 4.0000000000000001e-03  1.6917410763345590e-03
3.9000000000000007e-02 -1.1999999999999997e-02 4.0000000000000001e-03  1.7251915277867826e-03
3.9000000000000007e-02 -8.9999999999999941e-03 4.0000000000000001e-03  1.7064369358536656e-03
3.9000000000000007e-02 -5.9999999999999984e-03 4.0000000000000001e-03  1.6910993962015598e-03
3.9000000000000007e-02 -2.9999999999999957e-03 4.0000000000000001e-03  1.6819736218350327e-03
3.9000000000000007e-02 0.0000000000000000e+00 4.0000000000000001e-03  1.6622797035308399e-03
3.9000000000000007e-02 3.0000000000000027e-03 4.0000000000000001e-03  1.6796143808306592e-03
3.9000000000000007e-02 6.0000000000000053e-03 4.0000000000000001e-03  1.6920689657474773e-03
3.9000000000000007e-02 9.0000000000000011e-03 4.0000000000000001e-03  1.6996436648353238e-03
3.9000000000000007e-02 1.2000000000000004e-02 4.0000000000000001e-03  1.7023397703507641e-03
3.9000000000000007e-02 1.4999999999999999e-02 4.0000000000000001e-03  1.7001596602528907e-03
3.9000000000000007e-02 1.8000000000000002e-02 4.0000000000000001e-03  1.6931067982033387e-03
3.9000000000000007e-02 2.1000000000000005e-02 4.0000000000000001e-03  1.6811857335662815e-03
3.9000000000000007e-02 2.4000000000000007e-02 4.0000000000000001e-03  1.7058468428797385e-03
3.9000000000000007e-02 2.7000000000000010e-02 4.0000000000000001e-03  1.7394456946981146e-03
3.9000000000000007e-02 2.9999999999999999e-02 4.0000000000000001e-03  1.7775490229067646e-03
3.9000000000000007e-02 3.3000000000000002e-02 4.0000000000000001e-03  1.8667419860263954e-03
3.9000000000000007e-02 3.6000000000000004e-02 4.0000000000000001e-03  1.9478871991139349e-03
3.9000000000000007e-02 3.9000000000000007e-02 4.0000000000000001e-03  1.9942582697486267e-03
3.9000000000000007e-02 4.2000000000000010e-02 4.0000000000000001e-03  2.0175915829838261e-03
3.9000000000000007e-02 4.4999999999999998e-02 4.0000000000000001e-03  2.0350542542719912e-03
4.2000000000000010e-02 -4.4999999999999998e-02 4.0000000000000001e-03  2.3409205237279415e-03
4.2000000000000010e-02 -4.1999999999999996e-02 4.0000000000000001e-03  2.2307483609788161e-03
4.2000000000000010e-02 -3.9000000000000000e-02 4.0000000000000001e-03  2.1308142331224670e-03
4.2000000000000010e-02 -3.5999999999999997e-02 4.0000000000000001e-03  2.0413670314142181e-03
4.2000000000000010e-02 -3.3000000000000002e-02 4.0000000000000001e-03  1.9749037993567029e-03
4.2000000000000010e-02 -2.9999999999999999e-02 4.0000000000000001e-03  1.9183089063569902e-03
4.2000000000000010e-02 -2.6999999999999996e-02 4.0000000000000001e-03  1.8708846827092673e-03
4.2000000000000010e-02 -2.3999999999999997e-02 4.0000000000000001e-03  1.8320583993184387e-03
4.2000000000000010e-02 -2.0999999999999998e-02 4.0000000000000001e-03  1.8013822677001151e-03
4.2000000000000010e-02 -1.7999999999999999e-02 4.0000000000000001e-03  1.7785334399805989e-03
4.2000000000000010e-02 -1.4999999999999999e-02 4.0000000000000001e-03  1.7758048195987382e-03
4.2000000000000010e-02 -1.1999999999999997e-02 4.0000000000000001e-03  1.8105195387707277e-03
4.2000000000000010e-02 -8.9999999999999941e-03 4.0000000000000001e-03  1.8124802374198592e-03
4.2000000000000010e-02 -5.9999999999999984e-03 4.0000000000000001e-03  1.7971241054139341e-03
4.2000000000000010e-02 -2.9999999999999957e-03 4.0000000000000001e-03  1.7813969307456982e-03
4.2000000000000010e-02 0.0000000000000000e+00 4.0000000000000001e-03  1.8023469337298888e-03
4.2000000000000010e-02 3.0000000000000027e-03 4.0000000000000001e-03  1.8184007411527763e-03
4.2000000000000010e-02 6.0000000000000053e-03 4.0000000000000001e-03  1.8295574416805995e-03
4.2000000000000010e-02 9.0000000000000011e-03 4.0000000000000001e-03  1.8358172096821410e-03
4.2000000000000010e-02 1.2000000000000004e-02 4.0000000000000001e-03  1.8371813052287212e-03
4.2000000000000010e-02 1.4999999999999999e-02 4.0000000000000001e-03  1.8336520740941879e-03
4.2000000000000010e-02 1.8000000000000002e-02 4.0000000000000001e-03  1.8252329477549290e-03
4.2000000000000010e-02 2.1000000000000005e-02 4.0000000000000001e-03  1.8119284433898691e-03
4.2000000000000010e-02 2.4000000000000007e-02 4.0000000000000001e-03  1.8064410312994899e-03
4.2000000000000010e-02 2.7000000000000010e-02 4.0000000000000001e-03  1.8410008604454642e-03
4.2000000000000010e-02 2.9999999999999999e-02 4.0000000000000001e-03  1.8880723672269747e-03
4.2000000000000010e-02 3.3000000000000002e-02 4.0000000000000001e-03  1.9838421874788224e-03
4.2000000000000010e-02 3.6000000000000004e-02 4.0000000000000001e-03  2.0500000738660597e-03
4.2000000000000010e-02 3.9000000000000007e-02 4.0000000000000001e-03  2.0905773162099824e-03
4.2000000000000010e-02 4.2000000000000010e-02 4.0000000000000001e-03  2.1029909632562789e-03
4.2000000000000010e-02 4.4999999999999998e-02 4.0000000000000001e-03  2.1134033212820117e-03
4.4999999999999998e-02 -4.4999999999999998e-02 4.0000000000000001e-03  2.5555105313302836e-03
4.4999999999999998e-02 -4.1999999999999996e-02 4.0000000000000001e-03  2.4417628521953062e-03
4.4999999999999998e-02 -3.9000000000000000e-02 4.0000000000000001e-03  2.3410774756116490e-03
4.4999999999999998e-02 -3.5999999999999997e-02 4.0000000000000001e-03  2.2531544087989199e-03
4.4999999999999998e-02 -3.3000000000000002e-02 4.0000000000000001e-03  2.1763854754026516e-03
4.4999999999999998e-02 -2.9999999999999999e-02 4.0000000000000001e-03  2.1098563667320204e-03
4.4999999999999998e-02 -2.6999999999999996e-02 4.0000000000000001e-03  2.0527777147069056e-03
4.4999999999999998e-02 -2.3999999999999997e-02 4.0000000000000001e-03  2.0044850918578905e-03
4.4999999999999998e-02 -2.0999999999999998e-02 4.0000000000000001e-03  1.9644390113262604e-03
4.4999999999999998e-02 -1.7999999999999999e-02 4.0000000000000001e-03  1.9322249268640035e-03
4.4999999999999998e-02 -1.4999999999999999e-02 4.0000000000000001e-03  1.9075532328338154e-03
4.4999999999999998e-02 -1.1999999999999997e-02 4.0000000000000001e-03  1.9067159262317309e-03
4.4999999999999998e-02 -8.9999999999999941e-03 4.0000000000000001e-03  1.9322126434164091e-03
4.4999999999999998e-02 -5.9999999999999984e-03 4.0000000000000001e-03  1.9222534342853968e-03
4.4999999999999998e-02 -2.9999999999999957e-03 4.0000000000000001e-03  1.9467719194558733e-03
4.4999999999999998e-02 0.0000000000000000e+00 4.0000000000000001e-03  1.9663889074068826e-03
4.4999999999999998e-02 3.0000000000000027e-03 4.0000000000000001e-03  1.9811023689168834e-03
4.4999999999999998e-02 6.0000000000000053e-03 4.0000000000000001e-03  1.9909113604668735e-03
4.4999999999999998e-02 9.0000000000000011e-03 4.0000000000000001e-03  1.9958160242403984e-03
4.4999999999999998e-02 1.2000000000000004e-02 4.0000000000000001e-03  1.9958175881235208e-03
4.4999999999999998e-02 1.4999999999999999e-02 4.0000000000000001e-03  1.9909183657048492e-03
4.4999999999999998e-02 1.8000000000000002e-02 4.0000000000000001e-03  1.9811217562755233e-03
4.4999999999999998e-02 2.1000000000000005e-02 4.0000000000000001e-03  1.9664322448292152e-03
4.4999999999999998e-02 2.4000000000000007e-02 4.0000000000000001e-03  1.9468554020621392e-03
4.4999999999999998e-02 2.7000000000000010e-02 4.0000000000000001e-03  1.9592430443251697e-03
4.4999999999999998e-02 2.9999999999999999e-02 4.0000000000000001e-03  2.0275178637892757e-03
4.4999999999999998e-02 3.3000000000000002e-02 4.0000000000000001e-03  2.1141193679265822e-03
4.4999999999999998e-02 3.6000000000000004e-02 4.0000000000000001e-03  2.1727518944546376e-03
4.4999999999999998e-02 3.9000000000000007e-02 4.0000000000000001e-03  2.2041782012316518e-03
4.4999999999999998e-02 4.2000000000000010e-02 4.0000000000000001e-03  2.1960848715125245e-03
4.4999999999999998e-02 4.4999999999999998e-02 4.0000000000000001e-03  2.1977298943107906e-03
