Grid Output Min: [-45mm -45mm 4mm] Max: [45mm 45mm 4mm] Grid Size: [3mm 3mm 0mm]
X, Y, Z, Scalar data "Mag_B"
-4.4999999999999998e-02 -4.4999999999999998e-02 4.0000000000000001e-03  2.5245530674304780e-03
-4.4999999999999998e-02 -4.1999999999999996e-02 4.0000000000000001e-03  2.2818801987760907e-03
-4.4999999999999998e-02 -3.9000000000000000e-02 4.0000000000000001e-03  2.1185231063501394e-03
-4.4999999999999998e-02 -3.5999999999999997e-02 4.0000000000000001e-03  2.0836699607481354e-03
-4.4999999999999998e-02 -3.3000000000000002e-02 4.0000000000000001e-03  2.0472049715004252e-03
-4.4999999999999998e-02 -2.9999999999999999e-02 4.0000000000000001e-03  2.0092117294882618e-03
-4.4999999999999998e-02 -2.6999999999999996e-02 4.0000000000000001e-03  2.0231789907059752e-03
-4.4999999999999998e-02 -2.3999999999999997e-02 4.0000000000000001e-03  2.0444977580344184e-03
-4.4999999999999998e-02 -2.0999999999999998e-02 4.0000000000000001e-03  2.0236700247437344e-03
-4.4999999999999998e-02 -1.7999999999999999e-02 4.0000000000000001e-03  1.9809664959372290e-03
-4.4999999999999998e-02 -1.4999999999999999e-02 4.0000000000000001e-03  1.9163428559227480e-03
-4.4999999999999998e-02 -1.1999999999999997e-02 4.0000000000000001e-03  1.8300232038161578e-03
-4.4999999999999998e-02 -8.9999999999999941e-03 4.0000000000000001e-03  1.8380571365435464e-03
-4.4999999999999998e-02 -5.9999999999999984e-03 4.0000000000000001e-03  1.8746850909018926e-03
-4.4999999999999998e-02 -2.9999999999999957e-03 4.0000000000000001e-03  1.9174459452275987e-03
-4.4999999999999998e-02 0.0000000000000000e+00 4.0000000000000001e-03  1.8934328726455671e-03
-4.4999999999999998e-02 3.0000000000000027e-03 4.0000000000000001e-03  1.8465906835974483e-03
-4.4999999999999998e-02 6.0000000000000053e-03 4.0000000000000001e-03  1.8022491034182923e-03
-4.4999999999999998e-02 9.0000000000000011e-03 4.0000000000000001e-03  1.8378002803297027e-03
-4.4999999999999998e-02 1.2000000000000004e-02 4.0000000000000001e-03  1.8047984437917341e-03
-4.4999999999999998e-02 1.4999999999999999e-02 4.0000000000000001e-03  1.8199827678240840e-03
-4.4999999999999998e-02 1.8000000000000002e-02 4.0000000000000001e-03  1.8117163697522623e-03
-4.4999999999999998e-02 2.1000000000000005e-02 4.0000000000000001e-03  1.8039845507359926e-03
-4.4999999999999998e-02 2.4000000000000007e-02 4.0000000000000001e-03  1.8125161549396830e-03
-4.4999999999999998e-02 2.7000000000000010e-02 4.0000000000000001e-03  1.8357233956265259e-03
-4.4999999999999998e-02 2.9999999999999999e-02 4.0000000000000001e-03  1.8680618933482247e-03
-4.4999999999999998e-02 3.3000000000000002e-02 4.0000000000000001e-03  1.9095357860136571e-03
-4.4999999999999998e-02 3.6000000000000004e-02 4.0000000000000001e-03  1.9804510646612540e-03
-4.4999999999999998e-02 3.9000000000000007e-02 4.0000000000000001e-03  2.0385380384936262e-03
-4.4999999999999998e-02 4.2000000000000010e-02 4.0000000000000001e-03  2.0657252619688976e-03
-4.4999999999999998e-02 4.4999999999999998e-02 4.0000000000000001e-03  2.1154480965432962e-03
-4.1999999999999996e-02 -4.4999999999999998e-02 4.0000000000000001e-03  2.3606178376541585e-03
-4.1999999999999996e-02 -4.1999999999999996e-02 4.0000000000000001e-03  2.1887158996275725e-03
-4.1999999999999996e-02 -3.9000000000000000e-02 4.0000000000000001e-03  2.0107647626515460e-03
-4.1999999999999996e-02 -3.5999999999999997e-02 4.0000000000000001e-03  1.9389242929767185e-03
-4.1999999999999996e-02 -3.3000000000000002e-02 4.0000000000000001e-03  1.8915887004568790e-03
-4.1999999999999996e-02 -2.9999999999999999e-02 4.0000000000000001e-03  1.8560688583844701e-03
-4.1999999999999996e-02 -2.6999999999999996e-02 4.0000000000000001e-03  1.8652003810685220e-03
-4.1999999999999996e-02 -2.3999999999999997e-02 4.0000000000000001e-03  1.8765606183517387e-03
-4.1999999999999996e-02 -2.0999999999999998e-02 4.0000000000000001e-03  1.8536651504562913e-03
-4.1999999999999996e-02 -1.7999999999999999e-02 4.0000000000000001e-03  1.8090449689246431e-03
-4.1999999999999996e-02 -1.4999999999999999e-02 4.0000000000000001e-03  1.7426641288572227e-03
-4.1999999999999996e-02 -1.1999999999999997e-02 4.0000000000000001e-03  1.7169446789394183e-03
-4.1999999999999996e-02 -8.9999999999999941e-03 4.0000000000000001e-03  1.7212836584971298e-03
-4.1999999999999996e-02 -5.9999999999999984e-03 4.0000000000000001e-03  1.7581075868675548e-03
-4.1999999999999996e-02 -2.9999999999999957e-03 4.0000000000000001e-03  1.8015617181125186e-03
-4.1999999999999996e-02 0.0000000000000000e+00 4.0000000000000001e-03  1.7895948061332407e-03
-4.1999999999999996e-02 3.0000000000000027e-03 4.0000000000000001e-03  1.7321205477672655e-03
-4.1999999999999996e-02 6.0000000000000053e-03 4.0000000000000001e-03  1.6915304689554753e-03
-4.1999999999999996e-02 9.0000000000000011e-03 4.0000000000000001e-03  1.7052500863554935e-03
-4.1999999999999996e-02 1.2000000000000004e-02 4.0000000000000001e-03  1.6930419284707640e-03
-4.1999999999999996e-02 1.4999999999999999e-02 4.0000000000000001e-03  1.7084391057440077e-03
-4.1999999999999996e-02 1.8000000000000002e-02 4.0000000000000001e-03  1.7216320813713568e-03
-4.1999999999999996e-02 2.1000000000000005e-02 4.0000000000000001e-03  1.7199531667764409e-03
-4.1999999999999996e-02 2.4000000000000007e-02 4.0000000000000001e-03  1.7199969202097048e-03
-4.1999999999999996e-02 2.7000000000000010e-02 4.0000000000000001e-03  1.7246287658022037e-03
-4.1999999999999996e-02 2.9999999999999999e-02 4.0000000000000001e-03  1.7533901666675592e-03
-4.1999999999999996e-02 3.3000000000000002e-02 4.0000000000000001e-03  1.7914790030549859e-03
-4.1999999999999996e-02 3.6000000000000004e-02 4.0000000000000001e-03  1.8564174562238941e-03
-4.1999999999999996e-02 3.9000000000000007e-02 4.0000000000000001e-03  1.9204175087872196e-03
-4.1999999999999996e-02 4.2000000000000010e-02 4.0000000000000001e-03  1.9441594676521913e-03
-4.1999999999999996e-02 4.4999999999999998e-02 4.0000000000000001e-03  2.0969094256320002e-03
-3.9000000000000000e-02 -4.4999999999999998e-02 4.0000000000000001e-03  2.1732223995325258e-03
-3.9000000000000000e-02 -4.1999999999999996e-02 4.0000000000000001e-03  2.0786314781357411e-03
-3.9000000000000000e-02 -3.9000000000000000e-02 4.0000000000000001e-03  1.9440944555664834e-03
-3.9000000000000000e-02 -3.5999999999999997e-02 4.0000000000000001e-03  1.8461740303554817e-03
-3.9000000000000000e-02 -3.3000000000000002e-02 4.0000000000000001e-03  1.7887288811985465e-03
-3.9000000000000000e-02 -2.9999999999999999e-02 4.0000000000000001e-03  1.7518064078313811e-03
-3.9000000000000000e-02 -2.6999999999999996e-02 4.0000000000000001e-03  1.7398279287172639e-03
-3.9000000000000000e-02 -2.3999999999999997e-02 4.0000000000000001e-03  1.7397688890318373e-03
-3.9000000000000000e-02 -2.0999999999999998e-02 4.0000000000000001e-03  1.7146424919402207e-03
-3.9000000000000000e-02 -1.7999999999999999e-02 4.0000000000000001e-03  1.6679815715192755e-03
-3.9000000000000000e-02 -1.4999999999999999e-02 4.0000000000000001e-03  1.6234559388639178e-03
-3.9000000000000000e-02 -1.1999999999999997e-02 4.0000000000000001e-03  1.6206228200822881e-03
-3.9000000000000000e-02 -8.9999999999999941e-03 4.0000000000000001e-03  1.6212769555920626e-03
-3.9000000000000000e-02 -5.9999999999999984e-03 4.0000000000000001e-03  1.6555254196117188e-03
-3.9000000000000000e-02 -2.9999999999999957e-03 4.0000000000000001e-03  1.6824095383722098e-03
-3.9000000000000000e-02 0.0000000000000000e+00 4.0000000000000001e-03  1.6760438171144947e-03
-3.9000000000000000e-02 3.0000000000000027e-03 4.0000000000000001e-03  1.6331029176490776e-03
-3.9000000000000000e-02 6.0000000000000053e-03 4.0000000000000001e-03  1.6023049400042697e-03
-3.9000000000000000e-02 9.0000000000000011e-03 4.0000000000000001e-03  1.5997703828655784e-03
-3.9000000000000000e-02 1.2000000000000004e-02 4.0000000000000001e-03  1.6042752859507011e-03
-3.9000000000000000e-02 1.4999999999999999e-02 4.0000000000000001e-03  1.6197950313610202e-03
-3.9000000000000000e-02 1.8000000000000002e-02 4.0000000000000001e-03  1.6399816890696394e-03
-3.9000000000000000e-02 2.1000000000000005e-02 4.0000000000000001e-03  1.6519614457572228e-03
-3.9000000000000000e-02 2.4000000000000007e-02 4.0000000000000001e-03  1.6578695885064814e-03
-3.9000000000000000e-02 2.7000000000000010e-02 4.0000000000000001e-03  1.6654874227031240e-03
-3.9000000000000000e-02 2.9999999999999999e-02 4.0000000000000001e-03  1.6749000049140722e-03
-3.9000000000000000e-02 3.3000000000000002e-02 4.0000000000000001e-03  1.7005585111081111e-03
-3.9000000000000000e-02 3.6000000000000004e-02 4.0000000000000001e-03  1.7550743081825491e-03
-3.9000000000000000e-02 3.9000000000000007e-02 4.0000000000000001e-03  1.7970671830378150e-03
-3.9000000000000000e-02 4.2000000000000010e-02 4.0000000000000001e-03  1.9093552783370981e-03
-3.9000000000000000e-02 4.4999999999999998e-02 4.0000000000000001e-03  2.0091565596225634e-03
-3.5999999999999997e-02 -4.4999999999999998e-02 4.0000000000000001e-03  2.1030866796035732e-03
-3.5999999999999997e-02 -4.1999999999999996e-02 4.0000000000000001e-03  1.9996275685079880e-03
-3.5999999999999997e-02 -3.9000000000000000e-02 4.0000000000000001e-03  1.9082840477926801e-03
-3.5999999999999997e-02 -3.5999999999999997e-02 4.0000000000000001e-03  1.8184149530226931e-03
-3.5999999999999997e-02 -3.3000000000000002e-02 4.0000000000000001e-03  1.7326561735424198e-03
-3.5999999999999997e-02 -2.9999999999999999e-02 4.0000000000000001e-03  1.6776529221452631e-03
-3.5999999999999997e-02 -2.6999999999999996e-02 4.0000000000000001e-03  1.6457671963741975e-03
-3.5999999999999997e-02 -2.3999999999999997e-02 4.0000000000000001e-03  1.6330423451405729e-03
-3.5999999999999997e-02 -2.0999999999999998e-02 4.0000000000000001e-03  1.6055686492953308e-03
-3.5999999999999997e-02 -1.7999999999999999e-02 4.0000000000000001e-03  1.5570531918918911e-03
-3.5999999999999997e-02 -1.4999999999999999e-02 4.0000000000000001e-03  1.5469747402315445e-03
-3.5999999999999997e-02 -1.1999999999999997e-02 4.0000000000000001e-03  1.5404367318117538e-03
-3.5999999999999997e-02 -8.9999999999999941e-03 4.0000000000000001e-03  1.5374211995519927e-03
-3.5999999999999997e-02 -5.9999999999999984e-03 4.0000000000000001e-03  1.5658735578074434e-03
-3.5999999999999997e-02 -2.9999999999999957e-03 4.0000000000000001e-03  1.5748869046510313e-03
-3.5999999999999997e-02 0.0000000000000000e+00 4.0000000000000001e-03  1.5609611354259331e-03
-3.5999999999999997e-02 3.0000000000000027e-03 4.0000000000000001e-03  1.5478435493322246e-03
-3.5999999999999997e-02 6.0000000000000053e-03 4.0000000000000001e-03  1.5268098105912630e-03
-3.5999999999999997e-02 9.0000000000000011e-03 4.0000000000000001e-03  1.5250118953475057e-03
-3.5999999999999997e-02 1.2000000000000004e-02 4.0000000000000001e-03  1.5367625769613226e-03
-3.5999999999999997e-02 1.4999999999999999e-02 4.0000000000000001e-03  1.5523025623557592e-03
-3.5999999999999997e-02 1.8000000000000002e-02 4.0000000000000001e-03  1.5724957835781929e-03
-3.5999999999999997e-02 2.1000000000000005e-02 4.0000000000000001e-03  1.5972797302007786e-03
-3.5999999999999997e-02 2.4000000000000007e-02 4.0000000000000001e-03  1.6100298904504324e-03
-3.5999999999999997e-02 2.7000000000000010e-02 4.0000000000000001e-03  1.6233040994222479e-03
-3.5999999999999997e-02 2.9999999999999999e-02 4.0000000000000001e-03  1.6382760382498151e-03
-3.5999999999999997e-02 3.3000000000000002e-02 4.0000000000000001e-03  1.6550294183972566e-03
-3.5999999999999997e-02 3.6000000000000004e-02 4.0000000000000001e-03  1.6749496972371563e-03
-3.5999999999999997e-02 3.9000000000000007e-02 4.0000000000000001e-03  1.7611461578327845e-03
-3.5999999999999997e-02 4.2000000000000010e-02 4.0000000000000001e-03  1.8533033235430092e-03
-3.5999999999999997e-02 4.4999999999999998e-02 4.0000000000000001e-03  1.9541150846985895e-03
-3.3000000000000002e-02 -4.4999999999999998e-02 4.0000000000000001e-03  2.0463229355205345e-03
-3.3000000000000002e-02 -4.1999999999999996e-02 4.0000000000000001e-03  1.9211417117218292e-03
-3.3000000000000002e-02 -3.9000000000000000e-02 4.0000000000000001e-03  1.8256950558368827e-03
-3.3000000000000002e-02 -3.5999999999999997e-02 4.0000000000000001e-03  1.7467233114977505e-03
-3.3000000000000002e-02 -3.3000000000000002e-02 4.0000000000000001e-03  1.6981423116542377e-03
-3.3000000000000002e-02 -2.9999999999999999e-02 4.0000000000000001e-03  1.6323551104533555e-03
-3.3000000000000002e-02 -2.6999999999999996e-02 4.0000000000000001e-03  1.5817110208377065e-03
-3.3000000000000002e-02 -2.3999999999999997e-02 4.0000000000000001e-03  1.5552668970320908e-03
-3.3000000000000002e-02 -2.0999999999999998e-02 4.0000000000000001e-03  1.5253763579096910e-03
-3.3000000000000002e-02 -1.7999999999999999e-02 4.0000000000000001e-03  1.4997485014264331e-03
-3.3000000000000002e-02 -1.4999999999999999e-02 4.0000000000000001e-03  1.4859581459323390e-03
-3.3000000000000002e-02 -1.1999999999999997e-02 4.0000000000000001e-03  1.4757406362546958e-03
-3.3000000000000002e-02 -8.9999999999999941e-03 4.0000000000000001e-03  1.4690756796604512e-03
-3.3000000000000002e-02 -5.9999999999999984e-03 4.0000000000000001e-03  1.4881104436255323e-03
-3.3000000000000002e-02 -2.9999999999999957e-03 4.0000000000000001e-03  1.4781266311687767e-03
-3.3000000000000002e-02 0.0000000000000000e+00 4.0000000000000001e-03  1.4763383152938715e-03
-3.3000000000000002e-02 3.0000000000000027e-03 4.0000000000000001e-03  1.4746308963517619e-03
-3.3000000000000002e-02 6.0000000000000053e-03 4.0000000000000001e-03  1.4650028907840069e-03
-3.3000000000000002e-02 9.0000000000000011e-03 4.0000000000000001e-03  1.4724695973088791e-03
-3.3000000000000002e-02 1.2000000000000004e-02 4.0000000000000001e-03  1.4818764712819096e-03
-3.3000000000000002e-02 1.4999999999999999e-02 4.0000000000000001e-03  1.4959127666881542e-03
-3.3000000000000002e-02 1.8000000000000002e-02 4.0000000000000001e-03  1.5145156162921297e-03
-3.3000000000000002e-02 2.1000000000000005e-02 4.0000000000000001e-03  1.5360547900452044e-03
-3.3000000000000002e-02 2.4000000000000007e-02 4.0000000000000001e-03  1.5483817726425215e-03
-3.3000000000000002e-02 2.7000000000000010e-02 4.0000000000000001e-03  1.5618551132513428e-03
-3.3000000000000002e-02 2.9999999999999999e-02 4.0000000000000001e-03  1.5768263932537348e-03
-3.3000000000000002e-02 3.3000000000000002e-02 4.0000000000000001e-03  1.5962500396829206e-03
-3.3000000000000002e-02 3.6000000000000004e-02 4.0000000000000001e-03  1.6380920804742859e-03
-3.3000000000000002e-02 3.9000000000000007e-02 4.0000000000000001e-03  1.7136767147475809e-03
-3.3000000000000002e-02 4.2000000000000010e-02 4.0000000000000001e-03  1.8046819357832983e-03
-3.3000000000000002e-02 4.4999999999999998e-02 4.0000000000000001e-03  1.9042238308076551e-03
-2.9999999999999999e-02 -4.4999999999999998e-02 4.0000000000000001e-03  1.9964158891873436e-03
-2.9999999999999999e-02 -4.1999999999999996e-02 4.0000000000000001e-03  1.8655109510824473e-03
-2.9999999999999999e-02 -3.9000000000000000e-02 4.0000000000000001e-03  1.7399038725097035e-03
-2.9999999999999999e-02 -3.5999999999999997e-02 4.0000000000000001e-03  1.7014440234687513e-03
-2.9999999999999999e-02 -3.3000000000000002e-02 4.0000000000000001e-03  1.6586486916837229e-03
-2.9999999999999999e-02 -2.9999999999999999e-02 4.0000000000000001e-03  1.6044469358123721e-03
-2.9999999999999999e-02 -2.6999999999999996e-02 4.0000000000000001e-03  1.5463395129825617e-03
-2.9999999999999999e-02 -2.3999999999999997e-02 4.0000000000000001e-03  1.5052945903487678e-03
-2.9999999999999999e-02 -2.0999999999999998e-02 4.0000000000000001e-03  1.4782915107491158e-03
-2.9999999999999999e-02 -1.7999999999999999e-02 4.0000000000000001e-03  1.4571970873420166e-03
-2.9999999999999999e-02 -1.4999999999999999e-02 4.0000000000000001e-03  1.4397304284963872e-03
-2.9999999999999999e-02 -1.1999999999999997e-02 4.0000000000000001e-03  1.4258638730978515e-03
-2.9999999999999999e-02 -8.9999999999999941e-03 4.0000000000000001e-03  1.4155748027608395e-03
-2.9999999999999999e-02 -5.9999999999999984e-03 4.0000000000000001e-03  1.4212179927345402e-03
-2.9999999999999999e-02 -2.9999999999999957e-03 4.0000000000000001e-03  1.4144928818567569e-03
-2.9999999999999999e-02 0.0000000000000000e+00 4.0000000000000001e-03  1.4152391678063914e-03
-2.9999999999999999e-02 3.0000000000000027e-03 4.0000000000000001e-03  1.4153773089445947e-03
-2.9999999999999999e-02 6.0000000000000053e-03 4.0000000000000001e-03  1.4168220164569917e-03
-2.9999999999999999e-02 9.0000000000000011e-03 4.0000000000000001e-03  1.4231265248113652e-03
-2.9999999999999999e-02 1.2000000000000004e-02 4.0000000000000001e-03  1.4301670096018208e-03
-2.9999999999999999e-02 1.4999999999999999e-02 4.0000000000000001e-03  1.4417019470772995e-03
-2.9999999999999999e-02 1.8000000000000002e-02 4.0000000000000001e-03  1.4577004229390734e-03
-2.9999999999999999e-02 2.1000000000000005e-02 4.0000000000000001e-03  1.4724340141358387e-03
-2.9999999999999999e-02 2.4000000000000007e-02 4.0000000000000001e-03  1.4875491501367218e-03
-2.9999999999999999e-02 2.7000000000000010e-02 4.0000000000000001e-03  1.5070230164479970e-03
-2.9999999999999999e-02 2.9999999999999999e-02 4.0000000000000001e-03  1.5314266962244446e-03
-2.9999999999999999e-02 3.3000000000000002e-02 4.0000000000000001e-03  1.5614433881691243e-03
-2.9999999999999999e-02 3.6000000000000004e-02 4.0000000000000001e-03  1.6077692550713501e-03
-2.9999999999999999e-02 3.9000000000000007e-02 4.0000000000000001e-03  1.6721299354752837e-03
-2.9999999999999999e-02 4.2000000000000010e-02 4.0000000000000001e-03  1.7611392657283687e-03
-2.9999999999999999e-02 4.4999999999999998e-02 4.0000000000000001e-03  1.8594050036179377e-03
-2.6999999999999996e-02 -4.4999999999999998e-02 4.0000000000000001e-03  1.9533307656528949e-03
-2.6999999999999996e-02 -4.1999999999999996e-02 4.0000000000000001e-03  1.8166831325760946e-03
-2.6999999999999996e-02 -3.9000000000000000e-02 4.0000000000000001e-03  1.7524066445502614e-03
-2.6999999999999996e-02 -3.5999999999999997e-02 4.0000000000000001e-03  1.7012845937300403e-03
-2.6999999999999996e-02 -3.3000000000000002e-02 4.0000000000000001e-03  1.6232971683637519e-03
-2.6999999999999996e-02 -2.9999999999999999e-02 4.0000000000000001e-03  1.5689819689125055e-03
-2.6999999999999996e-02 -2.6999999999999996e-02 4.0000000000000001e-03  1.5244652331518466e-03
-2.6999999999999996e-02 -2.3999999999999997e-02 4.0000000000000001e-03  1.4818894998823899e-03
-2.6999999999999996e-02 -2.0999999999999998e-02 4.0000000000000001e-03  1.4534477700296259e-03
-2.6999999999999996e-02 -1.7999999999999999e-02 4.0000000000000001e-03  1.4286932725719444e-03
-2.6999999999999996e-02 -1.4999999999999999e-02 4.0000000000000001e-03  1.4075909780136460e-03
-2.6999999999999996e-02 -1.1999999999999997e-02 4.0000000000000001e-03  1.3901108995878373e-03
-2.6999999999999996e-02 -8.9999999999999941e-03 4.0000000000000001e-03  1.3783892385602198e-03
-2.6999999999999996e-02 -5.9999999999999984e-03 4.0000000000000001e-03  1.3717896905395446e-03
-2.6999999999999996e-02 -2.9999999999999957e-03 4.0000000000000001e-03  1.3749505670709063e-03
-2.6999999999999996e-02 0.0000000000000000e+00 4.0000000000000001e-03  1.3775215980734179e-03
-2.6999999999999996e-02 3.0000000000000027e-03 4.0000000000000001e-03  1.3795132041313015e-03
-2.6999999999999996e-02 6.0000000000000053e-03 4.0000000000000001e-03  1.3807535043022497e-03
-2.6999999999999996e-02 9.0000000000000011e-03 4.0000000000000001e-03  1.3800273355708752e-03
-2.6999999999999996e-02 1.2000000000000004e-02 4.0000000000000001e-03  1.3837376333601082e-03
-2.6999999999999996e-02 1.4999999999999999e-02 4.0000000000000001e-03  1.3918649752695141e-03
-2.6999999999999996e-02 1.8000000000000002e-02 4.0000000000000001e-03  1.4056286334928967e-03
-2.6999999999999996e-02 2.1000000000000005e-02 4.0000000000000001e-03  1.4255045159622403e-03
-2.6999999999999996e-02 2.4000000000000007e-02 4.0000000000000001e-03  1.4501352060734894e-03
-2.6999999999999996e-02 2.7000000000000010e-02 4.0000000000000001e-03  1.4795996457253092e-03
-2.6999999999999996e-02 2.9999999999999999e-02 4.0000000000000001e-03  1.5139834938939032e-03
-2.6999999999999996e-02 3.3000000000000002e-02 4.0000000000000001e-03  1.5432350104328766e-03
-2.6999999999999996e-02 3.6000000000000004e-02 4.0000000000000001e-03  1.5837475523151783e-03
-2.6999999999999996e-02 3.9000000000000007e-02 4.0000000000000001e-03  1.6423974846143832e-03
-2.6999999999999996e-02 4.2000000000000010e-02 4.0000000000000001e-03  1.7225990588556536e-03
-2.6999999999999996e-02 4.4999999999999998e-02 4.0000000000000001e-03  1.8195862138577143e-03
-2.3999999999999997e-02 -4.4999999999999998e-02 4.0000000000000001e-03  1.9170299230620487e-03
-2.3999999999999997e-02 -4.1999999999999996e-02 4.0000000000000001e-03  1.8403148504806386e-03
-2.3999999999999997e-02 -3.9000000000000000e-02 4.0000000000000001e-03  1.7645437919816594e-03
-2.3999999999999997e-02 -3.5999999999999997e-02 4.0000000000000001e-03  1.6787954275793808e-03
-2.3999999999999997e-02 -3.3000000000000002e-02 4.0000000000000001e-03  1.6036113182069983e-03
-2.3999999999999997e-02 -2.9999999999999999e-02 4.0000000000000001e-03  1.5381033183439262e-03
-2.3999999999999997e-02 -2.6999999999999996e-02 4.0000000000000001e-03  1.4930982470516660e-03
-2.3999999999999997e-02 -2.3999999999999997e-02 4.0000000000000001e-03  1.4587810693656499e-03
-2.3999999999999997e-02 -2.0999999999999998e-02 4.0000000000000001e-03  1.4345594458611377e-03
-2.3999999999999997e-02 -1.7999999999999999e-02 4.0000000000000001e-03  1.4123648385043113e-03
-2.3999999999999997e-02 -1.4999999999999999e-02 4.0000000000000001e-03  1.3888143021339491e-03
-2.3999999999999997e-02 -1.1999999999999997e-02 4.0000000000000001e-03  1.3677612905311440e-03
-2.3999999999999997e-02 -8.9999999999999941e-03 4.0000000000000001e-03  1.3512667803519977e-03
-2.3999999999999997e-02 -5.9999999999999984e-03 4.0000000000000001e-03  1.3536831422293458e-03
-2.3999999999999997e-02 -2.9999999999999957e-03 4.0000000000000001e-03  1.3568646250380467e-03
-2.3999999999999997e-02 0.0000000000000000e+00 4.0000000000000001e-03  1.3580631320075469e-03
-2.3999999999999997e-02 3.0000000000000027e-03 4.0000000000000001e-03  1.3618452751911207e-03
-2.3999999999999997e-02 6.0000000000000053e-03 4.0000000000000001e-03  1.3612943749228361e-03
-2.3999999999999997e-02 9.0000000000000011e-03 4.0000000000000001e-03  1.3546222617675558e-03
-2.3999999999999997e-02 1.2000000000000004e-02 4.0000000000000001e-03  1.3505692347636437e-03
-2.3999999999999997e-02 1.4999999999999999e-02 4.0000000000000001e-03  1.3511000662391368e-03
-2.3999999999999997e-02 1.8000000000000002e-02 4.0000000000000001e-03  1.3762838977777483e-03
-2.3999999999999997e-02 2.1000000000000005e-02 4.0000000000000001e-03  1.4061409221441793e-03
-2.3999999999999997e-02 2.4000000000000007e-02 4.0000000000000001e-03  1.4407505198963278e-03
-2.3999999999999997e-02 2.7000000000000010e-02 4.0000000000000001e-03  1.4801987886696477e-03
-2.3999999999999997e-02 2.9999999999999999e-02 4.0000000000000001e-03  1.5146109827948908e-03
-2.3999999999999997e-02 3.3000000000000002e-02 4.0000000000000001e-03  1.5313393747037678e-03
-2.3999999999999997e-02 3.6000000000000004e-02 4.0000000000000001e-03  1.5660483312535639e-03
-2.3999999999999997e-02 3.9000000000000007e-02 4.0000000000000001e-03  1.6190144751564897e-03
-2.3999999999999997e-02 4.2000000000000010e-02 4.0000000000000001e-03  1.6904908935615765e-03
-2.3999999999999997e-02 4.4999999999999998e-02 4.0000000000000001e-03  1.7847004773153688e-03
-2.0999999999999998e-02 -4.4999999999999998e-02 4.0000000000000001e-03  1.9466779698776319e-03
-2.0999999999999998e-02 -4.1999999999999996e-02 4.0000000000000001e-03  1.8360755896428811e-03
-2.0999999999999998e-02 -3.9000000000000000e-02 4.0000000000000001e-03  1.7392231154423367e-03
-2.0999999999999998e-02 -3.5999999999999997e-02 4.0000000000000001e-03  1.6549109691943028e-03
-2.0999999999999998e-02 -3.3000000000000002e-02 4.0000000000000001e-03  1.5820226207208595e-03
-2.0999999999999998e-02 -2.9999999999999999e-02 4.0000000000000001e-03  1.5195345877478683e-03
-2.0999999999999998e-02 -2.6999999999999996e-02 4.0000000000000001e-03  1.4665164359049575e-03
-2.0999999999999998e-02 -2.3999999999999997e-02 4.0000000000000001e-03  1.4311076430792500e-03
-2.0999999999999998e-02 -2.0999999999999998e-02 4.0000000000000001e-03  1.4074598220432703e-03
-2.0999999999999998e-02 -1.7999999999999999e-02 4.0000000000000001e-03  1.3862094911950352e-03
-2.0999999999999998e-02 -1.4999999999999999e-02 4.0000000000000001e-03  1.3669541523919377e-03
-2.0999999999999998e-02 -1.1999999999999997e-02 4.0000000000000001e-03  1.3512861062471746e-03
-2.0999999999999998e-02 -8.9999999999999941e-03 4.0000000000000001e-03  1.3407315930874587e-03
-2.0999999999999998e-02 -5.9999999999999984e-03 4.0000000000000001e-03  1.3362503692897403e-03
-2.0999999999999998e-02 -2.9999999999999957e-03 4.0000000000000001e-03  1.3374244790731239e-03
-2.0999999999999998e-02 0.0000000000000000e+00 4.0000000000000001e-03  1.3411852332591084e-03
-2.0999999999999998e-02 3.0000000000000027e-03 4.0000000000000001e-03  1.3455525378759737e-03
-2.0999999999999998e-02 6.0000000000000053e-03 4.0000000000000001e-03  1.3446424685014616e-03
-2.0999999999999998e-02 9.0000000000000011e-03 4.0000000000000001e-03  1.3375570596904475e-03
-2.0999999999999998e-02 1.2000000000000004e-02 4.0000000000000001e-03  1.3257396698327913e-03
-2.0999999999999998e-02 1.4999999999999999e-02 4.0000000000000001e-03  1.3398564396500381e-03
-2.0999999999999998e-02 1.8000000000000002e-02 4.0000000000000001e-03  1.3750129804237076e-03
-2.0999999999999998e-02 2.1000000000000005e-02 4.0000000000000001e-03  1.4148558061980088e-03
-2.0999999999999998e-02 2.4000000000000007e-02 4.0000000000000001e-03  1.4511984388903582e-03
-2.0999999999999998e-02 2.7000000000000010e-02 4.0000000000000001e-03  1.4716544515619723e-03
-2.0999999999999998e-02 2.9999999999999999e-02 4.0000000000000001e-03  1.4956182020683050e-03
-2.0999999999999998e-02 3.3000000000000002e-02 4.0000000000000001e-03  1.5257747184587139e-03
-2.0999999999999998e-02 3.6000000000000004e-02 4.0000000000000001e-03  1.5547015997786613e-03
-2.0999999999999998e-02 3.9000000000000007e-02 4.0000000000000001e-03  1.6020226854089852e-03
-2.0999999999999998e-02 4.2000000000000010e-02 4.0000000000000001e-03  1.6679811451806043e-03
-2.0999999999999998e-02 4.4999999999999998e-02 4.0000000000000001e-03  1.7546862148393864e-03
-1.7999999999999999e-02 -4.4999999999999998e-02 4.0000000000000001e-03  1.9248204071053792e-03
-1.7999999999999999e-02 -4.1999999999999996e-02 4.0000000000000001e-03  1.8128721452437351e-03
-1.7999999999999999e-02 -3.9000000000000000e-02 4.0000000000000001e-03  1.7156138419551707e-03
-1.7999999999999999e-02 -3.5999999999999997e-02 4.0000000000000001e-03  1.6317861074996135e-03
-1.7999999999999999e-02 -3.3000000000000002e-02 4.0000000000000001e-03  1.5602144941740594e-03
-1.7999999999999999e-02 -2.9999999999999999e-02 4.0000000000000001e-03  1.4998094963125576e-03
-1.7999999999999999e-02 -2.6999999999999996e-02 4.0000000000000001e-03  1.4495665502862226e-03
-1.7999999999999999e-02 -2.3999999999999997e-02 4.0000000000000001e-03  1.4085660345032210e-03
-1.7999999999999999e-02 -2.0999999999999998e-02 4.0000000000000001e-03  1.3842876887807697e-03
-1.7999999999999999e-02 -1.7999999999999999e-02 4.0000000000000001e-03  1.3673951419107115e-03
-1.7999999999999999e-02 -1.4999999999999999e-02 4.0000000000000001e-03  1.3534917707124037e-03
-1.7999999999999999e-02 -1.1999999999999997e-02 4.0000000000000001e-03  1.3425724622082578e-03
-1.7999999999999999e-02 -8.9999999999999941e-03 4.0000000000000001e-03  1.3346321039706750e-03
-1.7999999999999999e-02 -5.9999999999999984e-03 4.0000000000000001e-03  1.3296655841220344e-03
-1.7999999999999999e-02 -2.9999999999999957e-03 4.0000000000000001e-03  1.3276677913347053e-03
-1.7999999999999999e-02 0.0000000000000000e+00 4.0000000000000001e-03  1.3286336148310408e-03
-1.7999999999999999e-02 3.0000000000000027e-03 4.0000000000000001e-03  1.3304398611327310e-03
-1.7999999999999999e-02 6.0000000000000053e-03 4.0000000000000001e-03  1.3306885571208655e-03
-1.7999999999999999e-02 9.0000000000000011e-03 4.0000000000000001e-03  1.3282623750321561e-03
-1.7999999999999999e-02 1.2000000000000004e-02 4.0000000000000001e-03  1.3161861413955962e-03
-1.7999999999999999e-02 1.4999999999999999e-02 4.0000000000000001e-03  1.3567190524254242e-03
-1.7999999999999999e-02 1.8000000000000002e-02 4.0000000000000001e-03  1.3849998185243772e-03
-1.7999999999999999e-02 2.1000000000000005e-02 4.0000000000000001e-03  1.4029450236532736e-03
-1.7999999999999999e-02 2.4000000000000007e-02 4.0000000000000001e-03  1.4223053305007320e-03
-1.7999999999999999e-02 2.7000000000000010e-02 4.0000000000000001e-03  1.4428064176367358e-03
-1.7999999999999999e-02 2.9999999999999999e-02 4.0000000000000001e-03  1.4694358143424332e-03
-1.7999999999999999e-02 3.3000000000000002e-02 4.0000000000000001e-03  1.5037101488224686e-03
-1.7999999999999999e-02 3.6000000000000004e-02 4.0000000000000001e-03  1.5460360382362841e-03
-1.7999999999999999e-02 3.9000000000000007e-02 4.0000000000000001e-03  1.5914725425236419e-03
-1.7999999999999999e-02 4.2000000000000010e-02 4.0000000000000001e-03  1.6519807642217446e-03
-1.7999999999999999e-02 4.4999999999999998e-02 4.0000000000000001e-03  1.7314803966709191e-03
-1.4999999999999999e-02 -4.4999999999999998e-02 4.0000000000000001e-03  1.8941586321590360e-03
-1.4999999999999999e-02 -4.1999999999999996e-02 4.0000000000000001e-03  1.7897656378526537e-03
-1.4999999999999999e-02 -3.9000000000000000e-02 4.0000000000000001e-03  1.6975422295512519e-03
-1.4999999999999999e-02 -3.5999999999999997e-02 4.0000000000000001e-03  1.6165428599070057e-03
-1.4999999999999999e-02 -3.3000000000000002e-02 4.0000000000000001e-03  1.5451092639566111e-03
-1.4999999999999999e-02 -2.9999999999999999e-02 4.0000000000000001e-03  1.4847141517228910e-03
-1.4999999999999999e-02 -2.6999999999999996e-02 4.0000000000000001e-03  1.4344149133860636e-03
-1.4999999999999999e-02 -2.3999999999999997e-02 4.0000000000000001e-03  1.3933051042705213e-03
-1.4999999999999999e-02 -2.0999999999999998e-02 4.0000000000000001e-03  1.3706597482889750e-03
-1.4999999999999999e-02 -1.7999999999999999e-02 4.0000000000000001e-03  1.3539715039376813e-03
-1.4999999999999999e-02 -1.4999999999999999e-02 4.0000000000000001e-03  1.3416278172297556e-03
-1.4999999999999999e-02 -1.1999999999999997e-02 4.0000000000000001e-03  1.3332536637717081e-03
-1.4999999999999999e-02 -8.9999999999999941e-03 4.0000000000000001e-03  1.3278923676006073e-03
-1.4999999999999999e-02 -5.9999999999999984e-03 4.0000000000000001e-03  1.3255271989052293e-03
-1.4999999999999999e-02 -2.9999999999999957e-03 4.0000000000000001e-03  1.3163885098180462e-03
-1.4999999999999999e-02 0.0000000000000000e+00 4.0000000000000001e-03  1.3092303651015907e-03
-1.4999999999999999e-02 3.0000000000000027e-03 4.0000000000000001e-03  1.3159632818149451e-03
-1.4999999999999999e-02 6.0000000000000053e-03 4.0000000000000001e-03  1.3184891365233277e-03
-1.4999999999999999e-02 9.0000000000000011e-03 4.0000000000000001e-03  1.3179115197442253e-03
-1.4999999999999999e-02 1.2000000000000004e-02 4.0000000000000001e-03  1.3242778003373628e-03
-1.4999999999999999e-02 1.4999999999999999e-02 4.0000000000000001e-03  1.3399066061035340e-03
-1.4999999999999999e-02 1.8000000000000002e-02 4.0000000000000001e-03  1.3568956818800970e-03
-1.4999999999999999e-02 2.1000000000000005e-02 4.0000000000000001e-03  1.3752605764422417e-03
-1.4999999999999999e-02 2.4000000000000007e-02 4.0000000000000001e-03  1.3947078522390261e-03
-1.4999999999999999e-02 2.7000000000000010e-02 4.0000000000000001e-03  1.4162476099940549e-03
-1.4999999999999999e-02 2.9999999999999999e-02 4.0000000000000001e-03  1.4454250672717563e-03
-1.4999999999999999e-02 3.3000000000000002e-02 4.0000000000000001e-03  1.4823699905315100e-03
-1.4999999999999999e-02 3.6000000000000004e-02 4.0000000000000001e-03  1.5274903590158256e-03
-1.4999999999999999e-02 3.9000000000000007e-02 4.0000000000000001e-03  1.5811990147607128e-03
-1.4999999999999999e-02 4.2000000000000010e-02 4.0000000000000001e-03  1.6425605970963619e-03
-1.4999999999999999e-02 4.4999999999999998e-02 4.0000000000000001e-03  1.7168411048102757e-03
-1.1999999999999997e-02 -4.4999999999999998e-02 4.0000000000000001e-03  1.8681858581019505e-03
-1.1999999999999997e-02 -4.1999999999999996e-02 4.0000000000000001e-03  1.7602360019194961e-03
-1.1999999999999997e-02 -3.9000000000000000e-02 4.0000000000000001e-03  1.6723807768790301e-03
-1.1999999999999997e-02 -3.5999999999999997e-02 4.0000000000000001e-03  1.5953044152655206e-03
-1.1999999999999997e-02 -3.3000000000000002e-02 4.0000000000000001e-03  1.5281560647734400e-03
-1.1999999999999997e-02 -2.9999999999999999e-02 4.0000000000000001e-03  1.4701599927038182e-03
-1.1999999999999997e-02 -2.6999999999999996e-02 4.0000000000000001e-03  1.4206155859642505e-03
-1.1999999999999997e-02 -2.3999999999999997e-02 4.0000000000000001e-03  1.3796781202604599e-03
-1.1999999999999997e-02 -2.0999999999999998e-02 4.0000000000000001e-03  1.3582742484817413e-03
-1.1999999999999997e-02 -1.7999999999999999e-02 4.0000000000000001e-03  1.3419687666840533e-03
-1.1999999999999997e-02 -1.4999999999999999e-02 4.0000000000000001e-03  1.3300180031310179e-03
-1.1999999999999997e-02 -1.1999999999999997e-02 4.0000000000000001e-03  1.3224027863981006e-03
-1.1999999999999997e-02 -8.9999999999999941e-03 4.0000000000000001e-03  1.3191400574979603e-03
-1.1999999999999997e-02 -5.9999999999999984e-03 4.0000000000000001e-03  1.3068436518202447e-03
-1.1999999999999997e-02 -2.9999999999999957e-03 4.0000000000000001e-03  1.2924596108158191e-03
-1.1999999999999997e-02 0.0000000000000000e+00 4.0000000000000001e-03  1.2930495573128032e-03
-1.1999999999999997e-02 3.0000000000000027e-03 4.0000000000000001e-03  1.3016053516579868e-03
-1.1999999999999997e-02 6.0000000000000053e-03 4.0000000000000001e-03  1.3063232252256902e-03
-1.1999999999999997e-02 9.0000000000000011e-03 4.0000000000000001e-03  1.3079224412163467e-03
-1.1999999999999997e-02 1.2000000000000004e-02 4.0000000000000001e-03  1.3065316716380567e-03
-1.1999999999999997e-02 1.4999999999999999e-02 4.0000000000000001e-03  1.3128393836059308e-03
-1.1999999999999997e-02 1.8000000000000002e-02 4.0000000000000001e-03  1.3302986463899873e-03
-1.1999999999999997e-02 2.1000000000000005e-02 4.0000000000000001e-03  1.3490554626028044e-03
-1.1999999999999997e-02 2.4000000000000007e-02 4.0000000000000001e-03  1.3674479841799194e-03
-1.1999999999999997e-02 2.7000000000000010e-02 4.0000000000000001e-03  1.3917222797314784e-03
-1.1999999999999997e-02 2.9999999999999999e-02 4.0000000000000001e-03  1.4234824495153943e-03
-1.1999999999999997e-02 3.3000000000000002e-02 4.0000000000000001e-03  1.4631329720637702e-03
-1.1999999999999997e-02 3.6000000000000004e-02 4.0000000000000001e-03  1.5110831887021963e-03
-1.1999999999999997e-02 3.9000000000000007e-02 4.0000000000000001e-03  1.5677473035497504e-03
-1.1999999999999997e-02 4.2000000000000010e-02 4.0000000000000001e-03  1.6335443835190017e-03
-1.1999999999999997e-02 4.4999999999999998e-02 4.0000000000000001e-03  1.7088983583160024e-03
-8.9999999999999941e-03 -4.4999999999999998e-02 4.0000000000000001e-03  1.8603222929956945e-03
-8.9999999999999941e-03 -4.1999999999999996e-02 4.0000000000000001e-03  1.7330189779051941e-03
-8.9999999999999941e-03 -3.9000000000000000e-02 4.0000000000000001e-03  1.6488609800449638e-03
-8.9999999999999941e-03 -3.5999999999999997e-02 4.0000000000000001e-03  1.5754687763799337e-03
-8.9999999999999941e-03 -3.3000000000000002e-02 4.0000000000000001e-03  1.5115874348795623e-03
-8.9999999999999941e-03 -2.9999999999999999e-02 4.0000000000000001e-03  1.4564607982806123e-03
-8.9999999999999941e-03 -2.6999999999999996e-02 4.0000000000000001e-03  1.4094078289264146e-03
-8.9999999999999941e-03 -2.3999999999999997e-02 4.0000000000000001e-03  1.3803599101097803e-03
-8.9999999999999941e-03 -2.0999999999999998e-02 4.0000000000000001e-03  1.3539821218146704e-03
-8.9999999999999941e-03 -1.7999999999999999e-02 4.0000000000000001e-03  1.3337691791693452e-03
-8.9999999999999941e-03 -1.4999999999999999e-02 4.0000000000000001e-03  1.3191999455863244e-03
-8.9999999999999941e-03 -1.1999999999999997e-02 4.0000000000000001e-03  1.3119935974560937e-03
-8.9999999999999941e-03 -8.9999999999999941e-03 4.0000000000000001e-03  1.3091466537242951e-03
-8.9999999999999941e-03 -5.9999999999999984e-03 4.0000000000000001e-03  1.2973285051581663e-03
-8.9999999999999941e-03 -2.9999999999999957e-03 4.0000000000000001e-03  1.2895333454858758e-03
-8.9999999999999941e-03 0.0000000000000000e+00 4.0000000000000001e-03  1.2837806742578596e-03
-8.9999999999999941e-03 3.0000000000000027e-03 4.0000000000000001e-03  1.2876558769728264e-03
-8.9999999999999941e-03 6.0000000000000053e-03 4.0000000000000001e-03  1.2945571435667709e-03
-8.9999999999999941e-03 9.0000000000000011e-03 4.0000000000000001e-03  1.2983324178225497e-03
-8.9999999999999941e-03 1.2000000000000004e-02 4.0000000000000001e-03  1.2990052477887882e-03
-8.9999999999999941e-03 1.4999999999999999e-02 4.0000000000000001e-03  1.2989857901124940e-03
-8.9999999999999941e-03 1.8000000000000002e-02 4.0000000000000001e-03  1.3051864375983459e-03
-8.9999999999999941e-03 2.1000000000000005e-02 4.0000000000000001e-03  1.3232028928891104e-03
-8.9999999999999941e-03 2.4000000000000007e-02 4.0000000000000001e-03  1.3423769660079337e-03
-8.9999999999999941e-03 2.7000000000000010e-02 4.0000000000000001e-03  1.3691498576221227e-03
-8.9999999999999941e-03 2.9999999999999999e-02 4.0000000000000001e-03  1.4035305067427069e-03
-8.9999999999999941e-03 3.3000000000000002e-02 4.0000000000000001e-03  1.4459247539848638e-03
-8.9999999999999941e-03 3.6000000000000004e-02 4.0000000000000001e-03  1.4967433027572544e-03
-8.9999999999999941e-03 3.9000000000000007e-02 4.0000000000000001e-03  1.5564017192620315e-03
-8.9999999999999941e-03 4.2000000000000010e-02 4.0000000000000001e-03  1.6253204324948359e-03
-8.9999999999999941e-03 4.4999999999999998e-02 4.0000000000000001e-03  1.7039247342447977e-03
-5.9999999999999984e-03 -4.4999999999999998e-02 4.0000000000000001e-03  1.8579423155842727e-03
-5.9999999999999984e-03 -4.1999999999999996e-02 4.0000000000000001e-03  1.7205136145849241e-03
-5.9999999999999984e-03 -3.9000000000000000e-02 4.0000000000000001e-03  1.6268454961343827e-03
-5.9999999999999984e-03 -3.5999999999999997e-02 4.0000000000000001e-03  1.5569051586773587e-03
-5.9999999999999984e-03 -3.3000000000000002e-02 4.0000000000000001e-03  1.4960669852659232e-03
-5.9999999999999984e-03 -2.9999999999999999e-02 4.0000000000000001e-03  1.4435943940725726e-03
-5.9999999999999984e-03 -2.6999999999999996e-02 4.0000000000000001e-03  1.4111160287163253e-03
-5.9999999999999984e-03 -2.3999999999999997e-02 4.0000000000000001e-03  1.3826195508347336e-03
-5.9999999999999984e-03 -2.0999999999999998e-02 4.0000000000000001e-03  1.3534259377626955e-03
-5.9999999999999984e-03 -1.7999999999999999e-02 4.0000000000000001e-03  1.3318335217122152e-03
-5.9999999999999984e-03 -1.4999999999999999e-02 4.0000000000000001e-03  1.3158699531580212e-03
-5.9999999999999984e-03 -1.1999999999999997e-02 4.0000000000000001e-03  1.3055362017753984e-03
-5.9999999999999984e-03 -8.9999999999999941e-03 4.0000000000000001e-03  1.3008536121432658e-03
-5.9999999999999984e-03 -5.9999999999999984e-03 4.0000000000000001e-03  1.2935866848338238e-03
-5.9999999999999984e-03 -2.9999999999999957e-03 4.0000000000000001e-03  1.2856632276402958e-03
-5.9999999999999984e-03 0.0000000000000000e+00 4.0000000000000001e-03  1.2784629411632380e-03
-5.9999999999999984e-03 3.0000000000000027e-03 4.0000000000000001e-03  1.2793936386899663e-03
-5.9999999999999984e-03 6.0000000000000053e-03 4.0000000000000001e-03  1.2853567826471362e-03
-5.9999999999999984e-03 9.0000000000000011e-03 4.0000000000000001e-03  1.2892313312982294e-03
-5.9999999999999984e-03 1.2000000000000004e-02 4.0000000000000001e-03  1.2919822634264440e-03
-5.9999999999999984e-03 1.4999999999999999e-02 4.0000000000000001e-03  1.2917730226697660e-03
-5.9999999999999984e-03 1.8000000000000002e-02 4.0000000000000001e-03  1.2995389909524410e-03
-5.9999999999999984e-03 2.1000000000000005e-02 4.0000000000000001e-03  1.3173702440632219e-03
-5.9999999999999984e-03 2.4000000000000007e-02 4.0000000000000001e-03  1.3396519342070445e-03
-5.9999999999999984e-03 2.7000000000000010e-02 4.0000000000000001e-03  1.3683233366096766e-03
-5.9999999999999984e-03 2.9999999999999999e-02 4.0000000000000001e-03  1.4037785985390456e-03
-5.9999999999999984e-03 3.3000000000000002e-02 4.0000000000000001e-03  1.4464105395737680e-03
-5.9999999999999984e-03 3.6000000000000004e-02 4.0000000000000001e-03  1.4966106516031425e-03
-5.9999999999999984e-03 3.9000000000000007e-02 4.0000000000000001e-03  1.5547690988271484e-03
-5.9999999999999984e-03 4.2000000000000010e-02 4.0000000000000001e-03  1.6212747177564485e-03
-5.9999999999999984e-03 4.4999999999999998e-02 4.0000000000000001e-03  1.7011001750908963e-03
-2.9999999999999957e-03 -4.4999999999999998e-02 4.0000000000000001e-03  1.8608417967579027e-03
-2.9999999999999957e-03 -4.1999999999999996e-02 4.0000000000000001e-03  1.7140479873538818e-03
-2.9999999999999957e-03 -3.9000000000000000e-02 4.0000000000000001e-03  1.6092073624138269e-03
-2.9999999999999957e-03 -3.5999999999999997e-02 4.0000000000000001e-03  1.5394885096975495e-03
-2.9999999999999957e-03 -3.3000000000000002e-02 4.0000000000000001e-03  1.4814762218140819e-03
-2.9999999999999957e-03 -2.9999999999999999e-02 4.0000000000000001e-03  1.4439719152820208e-03
-2.9999999999999957e-03 -2.6999999999999996e-02 4.0000000000000001e-03  1.4158156435420501e-03
-2.9999999999999957e-03 -2.3999999999999997e-02 4.0000000000000001e-03  1.3864573487031228e-03
-2.9999999999999957e-03 -2.0999999999999998e-02 4.0000000000000001e-03  1.3558935567842152e-03
-2.9999999999999957e-03 -1.7999999999999999e-02 4.0000000000000001e-03  1.3305341050566845e-03
-2.9999999999999957e-03 -1.4999999999999999e-02 4.0000000000000001e-03  1.3131896848890504e-03
-2.9999999999999957e-03 -1.1999999999999997e-02 4.0000000000000001e-03  1.3014810995052482e-03
-2.9999999999999957e-03 -8.9999999999999941e-03 4.0000000000000001e-03  1.2950553956749204e-03
-2.9999999999999957e-03 -5.9999999999999984e-03 4.0000000000000001e-03  1.2863326006576537e-03
-2.9999999999999957e-03 -2.9999999999999957e-03 4.0000000000000001e-03  1.2783687562489361e-03
-2.9999999999999957e-03 0.0000000000000000e+00 4.0000000000000001e-03  1.2711339664892988e-03
-2.9999999999999957e-03 3.0000000000000027e-03 4.0000000000000001e-03  1.2759844137778145e-03
-2.9999999999999957e-03 6.0000000000000053e-03 4.0000000000000001e-03  1.2821576450439149e-03
-2.9999999999999957e-03 9.0000000000000011e-03 4.0000000000000001e-03  1.2862457489854733e-03
-2.9999999999999957e-03 1.2000000000000004e-02 4.0000000000000001e-03  1.2882822024339253e-03
-2.9999999999999957e-03 1.4999999999999999e-02 4.0000000000000001e-03  1.2883127438761872e-03
-2.9999999999999957e-03 1.8000000000000002e-02 4.0000000000000001e-03  1.2954467671903859e-03
-2.9999999999999957e-03 2.1000000000000005e-02 4.0000000000000001e-03  1.3156076041998233e-03
-2.9999999999999957e-03 2.4000000000000007e-02 4.0000000000000001e-03  1.3416443703477951e-03
-2.9999999999999957e-03 2.7000000000000010e-02 4.0000000000000001e-03  1.3739445746077119e-03
-2.9999999999999957e-03 2.9999999999999999e-02 4.0000000000000001e-03  1.4128936257346632e-03
-2.9999999999999957e-03 3.3000000000000002e-02 4.0000000000000001e-03  1.4588748322654306e-03
-2.9999999999999957e-03 3.6000000000000004e-02 4.0000000000000001e-03  1.5122694025184874e-03
-2.9999999999999957e-03 3.9000000000000007e-02 4.0000000000000001e-03  1.5734564445939938e-03
-2.9999999999999957e-03 4.2000000000000010e-02 4.0000000000000001e-03  1.6428129663738002e-03
-2.9999999999999957e-03 4.4999999999999998e-02 4.0000000000000001e-03  1.7207138755214455e-03
0.0000000000000000e+00 -4.4999999999999998e-02 4.0000000000000001e-03  1.8688852886588599e-03
0.0000000000000000e+00 -4.1999999999999996e-02 4.0000000000000001e-03  1.7133814207805304e-03
0.0000000000000000e+00 -3.9000000000000000e-02 4.0000000000000001e-03  1.5986276771660067e-03
0.0000000000000000e+00 -3.5999999999999997e-02 4.0000000000000001e-03  1.5220117374892639e-03
0.0000000000000000e+00 -3.3000000000000002e-02 4.0000000000000001e-03  1.4789234737233002e-03
0.0000000000000000e+00 -2.9999999999999999e-02 4.0000000000000001e-03  1.4511123503118050e-03
0.0000000000000000e+00 -2.6999999999999996e-02 4.0000000000000001e-03  1.4220984293817534e-03
0.0000000000000000e+00 -2.3999999999999997e-02 4.0000000000000001e-03  1.3918741735723663e-03
0.0000000000000000e+00 -2.0999999999999998e-02 4.0000000000000001e-03  1.3604360474140803e-03
0.0000000000000000e+00 -1.7999999999999999e-02 4.0000000000000001e-03  1.3298709244783118e-03
0.0000000000000000e+00 -1.4999999999999999e-02 4.0000000000000001e-03  1.3111465659761509e-03
0.0000000000000000e+00 -1.1999999999999997e-02 4.0000000000000001e-03  1.2980652133320995e-03
0.0000000000000000e+00 -8.9999999999999941e-03 4.0000000000000001e-03  1.2894469443508153e-03
0.0000000000000000e+00 -5.9999999999999984e-03 4.0000000000000001e-03  1.2806718870211028e-03
0.0000000000000000e+00 -2.9999999999999957e-03 4.0000000000000001e-03  1.2726628755842424e-03
0.0000000000000000e+00 0.0000000000000000e+00 4.0000000000000001e-03  1.2659648720454880e-03
0.0000000000000000e+00 3.0000000000000027e-03 4.0000000000000001e-03  1.2744527690810026e-03
0.0000000000000000e+00 6.0000000000000053e-03 4.0000000000000001e-03  1.2808396094126950e-03
0.0000000000000000e+00 9.0000000000000011e-03 4.0000000000000001e-03  1.2851552465804983e-03
0.0000000000000000e+00 1.2000000000000004e-02 4.0000000000000001e-03  1.2874561974484963e-03
0.0000000000000000e+00 1.4999999999999999e-02 4.0000000000000001e-03  1.2884408653091564e-03
0.0000000000000000e+00 1.8000000000000002e-02 4.0000000000000001e-03  1.2902625043243322e-03
0.0000000000000000e+00 2.1000000000000005e-02 4.0000000000000001e-03  1.3097478986428168e-03
0.0000000000000000e+00 2.4000000000000007e-02 4.0000000000000001e-03  1.3350285020858788e-03
0.0000000000000000e+00 2.7000000000000010e-02 4.0000000000000001e-03  1.3664880575473388e-03
0.0000000000000000e+00 2.9999999999999999e-02 4.0000000000000001e-03  1.4045082077027043e-03
0.0000000000000000e+00 3.3000000000000002e-02 4.0000000000000001e-03  1.4494684950091810e-03
0.0000000000000000e+00 3.6000000000000004e-02 4.0000000000000001e-03  1.5017463617056576e-03
0.0000000000000000e+00 3.9000000000000007e-02 4.0000000000000001e-03  1.5617171498127154e-03
0.0000000000000000e+00 4.2000000000000010e-02 4.0000000000000001e-03  1.6297541011326218e-03
0.0000000000000000e+00 4.4999999999999998e-02 4.0000000000000001e-03  1.7062283572493321e-03
3.0000000000000027e-03 -4.4999999999999998e-02 4.0000000000000001e-03  1.9056751555508722e-03
3.0000000000000027e-03 -4.1999999999999996e-02 4.0000000000000001e-03  1.7449993455703832e-03
3.0000000000000027e-03 -3.9000000000000000e-02 4.0000000000000001e-03  1.6227145433858183e-03
3.0000000000000027e-03 -3.5999999999999997e-02 4.0000000000000001e-03  1.5360367612059812e-03
3.0000000000000027e-03 -3.3000000000000002e-02 4.0000000000000001e-03  1.4844230559412268e-03
3.0000000000000027e-03 -2.9999999999999999e-02 4.0000000000000001e-03  1.4598433248174426e-03
3.0000000000000027e-03 -2.6999999999999996e-02 4.0000000000000001e-03  1.4299657902431494e-03
3.0000000000000027e-03 -2.3999999999999997e-02 4.0000000000000001e-03  1.3988714588894940e-03
3.0000000000000027e-03 -2.0999999999999998e-02 4.0000000000000001e-03  1.3665567337983731e-03
3.0000000000000027e-03 -1.7999999999999999e-02 4.0000000000000001e-03  1.3330220199028937e-03
3.0000000000000027e-03 -1.4999999999999999e-02 4.0000000000000001e-03  1.3097395844072328e-03
3.0000000000000027e-03 -1.1999999999999997e-02 4.0000000000000001e-03  1.2952856011682939e-03
3.0000000000000027e-03 -8.9999999999999941e-03 4.0000000000000001e-03  1.2854282269491007e-03
3.0000000000000027e-03 -5.9999999999999984e-03 4.0000000000000001e-03  1.2765961767747260e-03
3.0000000000000027e-03 -2.9999999999999957e-03 4.0000000000000001e-03  1.2685376925845229e-03
3.0000000000000027e-03 0.0000000000000000e+00 4.0000000000000001e-03  1.2661015745638830e-03
3.0000000000000027e-03 3.0000000000000027e-03 4.0000000000000001e-03  1.2748011763125356e-03
3.0000000000000027e-03 6.0000000000000053e-03 4.0000000000000001e-03  1.2814154633331695e-03
3.0000000000000027e-03 9.0000000000000011e-03 4.0000000000000001e-03  1.2858944028379987e-03
3.0000000000000027e-03 1.2000000000000004e-02 4.0000000000000001e-03  1.2891040858049082e-03
3.0000000000000027e-03 1.4999999999999999e-02 4.0000000000000001e-03  1.2913176517952785e-03
3.0000000000000027e-03 1.8000000000000002e-02 4.0000000000000001e-03  1.2925310134154230e-03
3.0000000000000027e-03 2.1000000000000005e-02 4.0000000000000001e-03  1.3071383138667208e-03
3.0000000000000027e-03 2.4000000000000007e-02 4.0000000000000001e-03  1.3316772952001246e-03
3.0000000000000027e-03 2.7000000000000010e-02 4.0000000000000001e-03  1.3623124706282934e-03
3.0000000000000027e-03 2.9999999999999999e-02 4.0000000000000001e-03  1.3994217167471515e-03
3.0000000000000027e-03 3.3000000000000002e-02 4.0000000000000001e-03  1.4433808099343251e-03
3.0000000000000027e-03 3.6000000000000004e-02 4.0000000000000001e-03  1.4945634263491203e-03
3.0000000000000027e-03 3.9000000000000007e-02 4.0000000000000001e-03  1.5533411419325358e-03
3.0000000000000027e-03 4.2000000000000010e-02 4.0000000000000001e-03  1.6447645338969754e-03
3.0000000000000027e-03 4.4999999999999998e-02 4.0000000000000001e-03  1.7702857350609046e-03
6.0000000000000053e-03 -4.4999999999999998e-02 4.0000000000000001e-03  1.9518862101619047e-03
6.0000000000000053e-03 -4.1999999999999996e-02 4.0000000000000001e-03  1.7697441558094393e-03
6.0000000000000053e-03 -3.9000000000000000e-02 4.0000000000000001e-03  1.6317603941418918e-03
6.0000000000000053e-03 -3.5999999999999997e-02 4.0000000000000001e-03  1.5484604721652958e-03
6.0000000000000053e-03 -3.3000000000000002e-02 4.0000000000000001e-03  1.4877894663921656e-03
6.0000000000000053e-03 -2.9999999999999999e-02 4.0000000000000001e-03  1.4629148255151149e-03
6.0000000000000053e-03 -2.6999999999999996e-02 4.0000000000000001e-03  1.4364437735999460e-03
6.0000000000000053e-03 -2.3999999999999997e-02 4.0000000000000001e-03  1.4074512016911467e-03
6.0000000000000053e-03 -2.0999999999999998e-02 4.0000000000000001e-03  1.3742576424130533e-03
6.0000000000000053e-03 -1.7999999999999999e-02 4.0000000000000001e-03  1.3398393593338435e-03
6.0000000000000053e-03 -1.4999999999999999e-02 4.0000000000000001e-03  1.3089686509581385e-03
6.0000000000000053e-03 -1.1999999999999997e-02 4.0000000000000001e-03  1.2931402437140940e-03
6.0000000000000053e-03 -8.9999999999999941e-03 4.0000000000000001e-03  1.2829934665603191e-03
6.0000000000000053e-03 -5.9999999999999984e-03 4.0000000000000001e-03  1.2741001670968234e-03
6.0000000000000053e-03 -2.9999999999999957e-03 4.0000000000000001e-03  1.2659883785158554e-03
6.0000000000000053e-03 0.0000000000000000e+00 4.0000000000000001e-03  1.2681167946888131e-03
6.0000000000000053e-03 3.0000000000000027e-03 4.0000000000000001e-03  1.2770417984615254e-03
6.0000000000000053e-03 6.0000000000000053e-03 4.0000000000000001e-03  1.2835823722292343e-03
6.0000000000000053e-03 9.0000000000000011e-03 4.0000000000000001e-03  1.2890319095522408e-03
6.0000000000000053e-03 1.2000000000000004e-02 4.0000000000000001e-03  1.2934810427161897e-03
6.0000000000000053e-03 1.4999999999999999e-02 4.0000000000000001e-03  1.2969266037394880e-03
6.0000000000000053e-03 1.8000000000000002e-02 4.0000000000000001e-03  1.2993661987699343e-03
6.0000000000000053e-03 2.1000000000000005e-02 4.0000000000000001e-03  1.3077725319612129e-03
6.0000000000000053e-03 2.4000000000000007e-02 4.0000000000000001e-03  1.3315841311814243e-03
6.0000000000000053e-03 2.7000000000000010e-02 4.0000000000000001e-03  1.3614108947426768e-03
6.0000000000000053e-03 2.9999999999999999e-02 4.0000000000000001e-03  1.3976269331613157e-03
6.0000000000000053e-03 3.3000000000000002e-02 4.0000000000000001e-03  1.4406042567353847e-03
6.0000000000000053e-03 3.6000000000000004e-02 4.0000000000000001e-03  1.5069660619278888e-03
6.0000000000000053e-03 3.9000000000000007e-02 4.0000000000000001e-03  1.5989477997737985e-03
6.0000000000000053e-03 4.2000000000000010e-02 4.0000000000000001e-03  1.7079160710797739e-03
6.0000000000000053e-03 4.4999999999999998e-02 4.0000000000000001e-03  1.8227984006866115e-03
9.0000000000000011e-03 -4.4999999999999998e-02 4.0000000000000001e-03  1.9504430556037556e-03
9.0000000000000011e-03 -4.1999999999999996e-02 4.0000000000000001e-03  1.7475474427694399e-03
9.0000000000000011e-03 -3.9000000000000000e-02 4.0000000000000001e-03  1.6431616687146277e-03
9.0000000000000011e-03 -3.5999999999999997e-02 4.0000000000000001e-03  1.5608463971934225e-03
9.0000000000000011e-03 -3.3000000000000002e-02 4.0000000000000001e-03  1.4978979167468427e-03
9.0000000000000011e-03 -2.9999999999999999e-02 4.0000000000000001e-03  1.4680123685627856e-03
9.0000000000000011e-03 -2.6999999999999996e-02 4.0000000000000001e-03  1.4408069843739452e-03
9.0000000000000011e-03 -2.3999999999999997e-02 4.0000000000000001e-03  1.4119814261093274e-03
9.0000000000000011e-03 -2.0999999999999998e-02 4.0000000000000001e-03  1.3815193765361917e-03
9.0000000000000011e-03 -1.7999999999999999e-02 4.0000000000000001e-03  1.3482391551262801e-03
9.0000000000000011e-03 -1.4999999999999999e-02 4.0000000000000001e-03  1.3117136218585947e-03
9.0000000000000011e-03 -1.1999999999999997e-02 4.0000000000000001e-03  1.2919213060984583e-03
9.0000000000000011e-03 -8.9999999999999941e-03 4.0000000000000001e-03  1.2821399506027450e-03
9.0000000000000011e-03 -5.9999999999999984e-03 4.0000000000000001e-03  1.2731816194934402e-03
9.0000000000000011e-03 -2.9999999999999957e-03 4.0000000000000001e-03  1.2650131689720440e-03
9.0000000000000011e-03 0.0000000000000000e+00 4.0000000000000001e-03  1.2717976597813481e-03
9.0000000000000011e-03 3.0000000000000027e-03 4.0000000000000001e-03  1.2804987150832248e-03
9.0000000000000011e-03 6.0000000000000053e-03 4.0000000000000001e-03  1.2881980620219262e-03
9.0000000000000011e-03 9.0000000000000011e-03 4.0000000000000001e-03  1.2948926778985456e-03
9.0000000000000011e-03 1.2000000000000004e-02 4.0000000000000001e-03  1.3005803141435781e-03
9.0000000000000011e-03 1.4999999999999999e-02 4.0000000000000001e-03  1.3052594963169030e-03
9.0000000000000011e-03 1.8000000000000002e-02 4.0000000000000001e-03  1.3089295241077974e-03
9.0000000000000011e-03 2.1000000000000005e-02 4.0000000000000001e-03  1.3116447744179677e-03
9.0000000000000011e-03 2.4000000000000007e-02 4.0000000000000001e-03  1.3347429309226665e-03
9.0000000000000011e-03 2.7000000000000010e-02 4.0000000000000001e-03  1.3637769501845880e-03
9.0000000000000011e-03 2.9999999999999999e-02 4.0000000000000001e-03  1.4045346452812150e-03
9.0000000000000011e-03 3.3000000000000002e-02 4.0000000000000001e-03  1.4633064481356776e-03
9.0000000000000011e-03 3.6000000000000004e-02 4.0000000000000001e-03  1.5390210877026292e-03
9.0000000000000011e-03 3.9000000000000007e-02 4.0000000000000001e-03  1.6316968945145360e-03
9.0000000000000011e-03 4.2000000000000010e-02 4.0000000000000001e-03  1.7348567908662968e-03
9.0000000000000011e-03 4.4999999999999998e-02 4.0000000000000001e-03  1.8270131862704920e-03
1.2000000000000004e-02 -4.4999999999999998e-02 4.0000000000000001e-03  1.9014640526456351e-03
1.2000000000000004e-02 -4.1999999999999996e-02 4.0000000000000001e-03  1.7581554583071240e-03
1.2000000000000004e-02 -3.9000000000000000e-02 4.0000000000000001e-03  1.6546149599428442e-03
1.2000000000000004e-02 -3.5999999999999997e-02 4.0000000000000001e-03  1.5732085522978335e-03
1.2000000000000004e-02 -3.3000000000000002e-02 4.0000000000000001e-03  1.5115934359029234e-03
1.2000000000000004e-02 -2.9999999999999999e-02 4.0000000000000001e-03  1.4755771972896272e-03
1.2000000000000004e-02 -2.6999999999999996e-02 4.0000000000000001e-03  1.4476423721380494e-03
1.2000000000000004e-02 -2.3999999999999997e-02 4.0000000000000001e-03  1.4180868148766970e-03
1.2000000000000004e-02 -2.0999999999999998e-02 4.0000000000000001e-03  1.3868946172920754e-03
1.2000000000000004e-02 -1.7999999999999999e-02 4.0000000000000001e-03  1.3540564716779558e-03
1.2000000000000004e-02 -1.4999999999999999e-02 4.0000000000000001e-03  1.3195696708353955e-03
1.2000000000000004e-02 -1.1999999999999997e-02 4.0000000000000001e-03  1.2927273072899292e-03
1.2000000000000004e-02 -8.9999999999999941e-03 4.0000000000000001e-03  1.2840805977304050e-03
1.2000000000000004e-02 -5.9999999999999984e-03 4.0000000000000001e-03  1.2767650335663641e-03
1.2000000000000004e-02 -2.9999999999999957e-03 4.0000000000000001e-03  1.2712789428116658e-03
1.2000000000000004e-02 0.0000000000000000e+00 4.0000000000000001e-03  1.2766377936741012e-03
1.2000000000000004e-02 3.0000000000000027e-03 4.0000000000000001e-03  1.2865920214978506e-03
1.2000000000000004e-02 6.0000000000000053e-03 4.0000000000000001e-03  1.2955371516359855e-03
1.2000000000000004e-02 9.0000000000000011e-03 4.0000000000000001e-03  1.3034718549310819e-03
1.2000000000000004e-02 1.2000000000000004e-02 4.0000000000000001e-03  1.3103955763551106e-03
1.2000000000000004e-02 1.4999999999999999e-02 4.0000000000000001e-03  1.3163085350094319e-03
1.2000000000000004e-02 1.8000000000000002e-02 4.0000000000000001e-03  1.3212117241247982e-03
1.2000000000000004e-02 2.1000000000000005e-02 4.0000000000000001e-03  1.3251069110613569e-03
1.2000000000000004e-02 2.4000000000000007e-02 4.0000000000000001e-03  1.3334002324415814e-03
1.2000000000000004e-02 2.7000000000000010e-02 4.0000000000000001e-03  1.3596335246501957e-03
1.2000000000000004e-02 2.9999999999999999e-02 4.0000000000000001e-03  1.4026646126564411e-03
1.2000000000000004e-02 3.3000000000000002e-02 4.0000000000000001e-03  1.4625399170109400e-03
1.2000000000000004e-02 3.6000000000000004e-02 4.0000000000000001e-03  1.5392960474579279e-03
1.2000000000000004e-02 3.9000000000000007e-02 4.0000000000000001e-03  1.6312721284658894e-03
1.2000000000000004e-02 4.2000000000000010e-02 4.0000000000000001e-03  1.7086597690706494e-03
1.2000000000000004e-02 4.4999999999999998e-02 4.0000000000000001e-03  1.7857320124623219e-03
1.4999999999999999e-02 -4.4999999999999998e-02 4.0000000000000001e-03  1.8972989650600043e-03
1.4999999999999999e-02 -4.1999999999999996e-02 4.0000000000000001e-03  1.7692548940128874e-03
1.4999999999999999e-02 -3.9000000000000000e-02 4.0000000000000001e-03  1.6661341636876425e-03
1.4999999999999999e-02 -3.5999999999999997e-02 4.0000000000000001e-03  1.5855610708953719e-03
1.4999999999999999e-02 -3.3000000000000002e-02 4.0000000000000001e-03  1.5252020894008787e-03
1.4999999999999999e-02 -2.9999999999999999e-02 4.0000000000000001e-03  1.4856075466858415e-03
1.4999999999999999e-02 -2.6999999999999996e-02 4.0000000000000001e-03  1.4569478505459339e-03
1.4999999999999999e-02 -2.3999999999999997e-02 4.0000000000000001e-03  1.4266667425066682e-03
1.4999999999999999e-02 -2.0999999999999998e-02 4.0000000000000001e-03  1.3947487233737868e-03
1.4999999999999999e-02 -1.7999999999999999e-02 4.0000000000000001e-03  1.3611848944603013e-03
1.4999999999999999e-02 -1.4999999999999999e-02 4.0000000000000001e-03  1.3314718936308825e-03
1.4999999999999999e-02 -1.1999999999999997e-02 4.0000000000000001e-03  1.3120694395141873e-03
1.4999999999999999e-02 -8.9999999999999941e-03 4.0000000000000001e-03  1.2958763418440447e-03
1.4999999999999999e-02 -5.9999999999999984e-03 4.0000000000000001e-03  1.2885790173404088e-03
1.4999999999999999e-02 -2.9999999999999957e-03 4.0000000000000001e-03  1.2873719247553407e-03
1.4999999999999999e-02 0.0000000000000000e+00 4.0000000000000001e-03  1.2919502256404643e-03
1.4999999999999999e-02 3.0000000000000027e-03 4.0000000000000001e-03  1.2968155825483628e-03
1.4999999999999999e-02 6.0000000000000053e-03 4.0000000000000001e-03  1.3055966892185165e-03
1.4999999999999999e-02 9.0000000000000011e-03 4.0000000000000001e-03  1.3147650180108245e-03
1.4999999999999999e-02 1.2000000000000004e-02 4.0000000000000001e-03  1.3229209359256384e-03
1.4999999999999999e-02 1.4999999999999999e-02 4.0000000000000001e-03  1.3300663556057967e-03
1.4999999999999999e-02 1.8000000000000002e-02 4.0000000000000001e-03  1.3362039638235325e-03
1.4999999999999999e-02 2.1000000000000005e-02 4.0000000000000001e-03  1.3428027250006742e-03
1.4999999999999999e-02 2.4000000000000007e-02 4.0000000000000001e-03  1.3480705387915167e-03
1.4999999999999999e-02 2.7000000000000010e-02 4.0000000000000001e-03  1.3665605189289536e-03
1.4999999999999999e-02 2.9999999999999999e-02 4.0000000000000001e-03  1.4018418475309899e-03
1.4999999999999999e-02 3.3000000000000002e-02 4.0000000000000001e-03  1.4539522483387446e-03
1.4999999999999999e-02 3.6000000000000004e-02 4.0000000000000001e-03  1.5229232443989733e-03
1.4999999999999999e-02 3.9000000000000007e-02 4.0000000000000001e-03  1.6007486349450288e-03
1.4999999999999999e-02 4.2000000000000010e-02 4.0000000000000001e-03  1.6785997130881005e-03
1.4999999999999999e-02 4.4999999999999998e-02 4.0000000000000001e-03  1.7564426196654225e-03
1.8000000000000002e-02 -4.4999999999999998e-02 4.0000000000000001e-03  1.9086084146455347e-03
1.8000000000000002e-02 -4.1999999999999996e-02 4.0000000000000001e-03  1.7805078868456245e-03
1.8000000000000002e-02 -3.9000000000000000e-02 4.0000000000000001e-03  1.6777332932195088e-03
1.8000000000000002e-02 -3.5999999999999997e-02 4.0000000000000001e-03  1.5979182038122633e-03
1.8000000000000002e-02 -3.3000000000000002e-02 4.0000000000000001e-03  1.5387383656226676e-03
1.8000000000000002e-02 -2.9999999999999999e-02 4.0000000000000001e-03  1.4981025550284460e-03
1.8000000000000002e-02 -2.6999999999999996e-02 4.0000000000000001e-03  1.4687222365381077e-03
1.8000000000000002e-02 -2.3999999999999997e-02 4.0000000000000001e-03  1.4377197046032293e-03
1.8000000000000002e-02 -2.0999999999999998e-02 4.0000000000000001e-03  1.4050798690487948e-03
1.8000000000000002e-02 -1.7999999999999999e-02 4.0000000000000001e-03  1.3770591508607522e-03
1.8000000000000002e-02 -1.4999999999999999e-02 4.0000000000000001e-03  1.3564600628088281e-03
1.8000000000000002e-02 -1.1999999999999997e-02 4.0000000000000001e-03  1.3368717185549186e-03
1.8000000000000002e-02 -8.9999999999999941e-03 4.0000000000000001e-03  1.3183101784920981e-03
1.8000000000000002e-02 -5.9999999999999984e-03 4.0000000000000001e-03  1.3007923090545509e-03
1.8000000000000002e-02 -2.9999999999999957e-03 4.0000000000000001e-03  1.3042671362658138e-03
1.8000000000000002e-02 0.0000000000000000e+00 4.0000000000000001e-03  1.3097127459198814e-03
1.8000000000000002e-02 3.0000000000000027e-03 4.0000000000000001e-03  1.3154712436531336e-03
1.8000000000000002e-02 6.0000000000000053e-03 4.0000000000000001e-03  1.3215388565788505e-03
1.8000000000000002e-02 9.0000000000000011e-03 4.0000000000000001e-03  1.3287681748055482e-03
1.8000000000000002e-02 1.2000000000000004e-02 4.0000000000000001e-03  1.3381509297368094e-03
1.8000000000000002e-02 1.4999999999999999e-02 4.0000000000000001e-03  1.3471593392451885e-03
1.8000000000000002e-02 1.8000000000000002e-02 4.0000000000000001e-03  1.3558143010439349e-03
1.8000000000000002e-02 2.1000000000000005e-02 4.0000000000000001e-03  1.3620952620921813e-03
1.8000000000000002e-02 2.4000000000000007e-02 4.0000000000000001e-03  1.3668158348917067e-03
1.8000000000000002e-02 2.7000000000000010e-02 4.0000000000000001e-03  1.3839727769508179e-03
1.8000000000000002e-02 2.9999999999999999e-02 4.0000000000000001e-03  1.4179158570921647e-03
1.8000000000000002e-02 3.3000000000000002e-02 4.0000000000000001e-03  1.4689041757360894e-03
1.8000000000000002e-02 3.6000000000000004e-02 4.0000000000000001e-03  1.5377504601864485e-03
1.8000000000000002e-02 3.9000000000000007e-02 4.0000000000000001e-03  1.6066518541833046e-03
1.8000000000000002e-02 4.2000000000000010e-02 4.0000000000000001e-03  1.6784580268338397e-03
1.8000000000000002e-02 4.4999999999999998e-02 4.0000000000000001e-03  1.7985273653188980e-03
2.1000000000000005e-02 -4.4999999999999998e-02 4.0000000000000001e-03  1.9143971089281046e-03
2.1000000000000005e-02 -4.1999999999999996e-02 4.0000000000000001e-03  1.7922847534675821e-03
2.1000000000000005e-02 -3.9000000000000000e-02 4.0000000000000001e-03  1.6895479663321675e-03
2.1000000000000005e-02 -3.5999999999999997e-02 4.0000000000000001e-03  1.6102943192840865e-03
2.1000000000000005e-02 -3.3000000000000002e-02 4.0000000000000001e-03  1.5522168703596166e-03
2.1000000000000005e-02 -2.9999999999999999e-02 4.0000000000000001e-03  1.5129213296313367e-03
2.1000000000000005e-02 -2.6999999999999996e-02 4.0000000000000001e-03  1.4829652503419001e-03
2.1000000000000005e-02 -2.3999999999999997e-02 4.0000000000000001e-03  1.4512451000571953e-03
2.1000000000000005e-02 -2.0999999999999998e-02 4.0000000000000001e-03  1.4243799011659710e-03
2.1000000000000005e-02 -1.7999999999999999e-02 4.0000000000000001e-03  1.4025721275829320e-03
2.1000000000000005e-02 -1.4999999999999999e-02 4.0000000000000001e-03  1.3817662733593091e-03
2.1000000000000005e-02 -1.1999999999999997e-02 4.0000000000000001e-03  1.3619779452760741e-03
2.1000000000000005e-02 -8.9999999999999941e-03 4.0000000000000001e-03  1.3432235561553092e-03
2.1000000000000005e-02 -5.9999999999999984e-03 4.0000000000000001e-03  1.3241430902076903e-03
2.1000000000000005e-02 -2.9999999999999957e-03 4.0000000000000001e-03  1.3231468654045053e-03
2.1000000000000005e-02 0.0000000000000000e+00 4.0000000000000001e-03  1.3354577449424525e-03
2.1000000000000005e-02 3.0000000000000027e-03 4.0000000000000001e-03  1.3407556689297652e-03
2.1000000000000005e-02 6.0000000000000053e-03 4.0000000000000001e-03  1.3464658440332680e-03
2.1000000000000005e-02 9.0000000000000011e-03 4.0000000000000001e-03  1.3525780868299752e-03
2.1000000000000005e-02 1.2000000000000004e-02 4.0000000000000001e-03  1.3590893697969155e-03
2.1000000000000005e-02 1.4999999999999999e-02 4.0000000000000001e-03  1.3680418049243459e-03
2.1000000000000005e-02 1.8000000000000002e-02 4.0000000000000001e-03  1.3763387320512249e-03
2.1000000000000005e-02 2.1000000000000005e-02 4.0000000000000001e-03  1.3822728343764715e-03
2.1000000000000005e-02 2.4000000000000007e-02 4.0000000000000001e-03  1.3864495565757314e-03
2.1000000000000005e-02 2.7000000000000010e-02 4.0000000000000001e-03  1.4022446403191501e-03
2.1000000000000005e-02 2.9999999999999999e-02 4.0000000000000001e-03  1.4370962154098858e-03
2.1000000000000005e-02 3.3000000000000002e-02 4.0000000000000001e-03  1.4969261326357947e-03
2.1000000000000005e-02 3.6000000000000004e-02 4.0000000000000001e-03  1.5568598239236440e-03
2.1000000000000005e-02 3.9000000000000007e-02 4.0000000000000001e-03  1.6207138341183204e-03
2.1000000000000005e-02 4.2000000000000010e-02 4.0000000000000001e-03  1.7073455370928416e-03
2.1000000000000005e-02 4.4999999999999998e-02 4.0000000000000001e-03  1.7973851803525099e-03
2.4000000000000007e-02 -4.4999999999999998e-02 4.0000000000000001e-03  1.9412787368330263e-03
2.4000000000000007e-02 -4.1999999999999996e-02 4.0000000000000001e-03  1.8097958581314664e-03
2.4000000000000007e-02 -3.9000000000000000e-02 4.0000000000000001e-03  1.7106665461435690e-03
2.4000000000000007e-02 -3.5999999999999997e-02 4.0000000000000001e-03  1.6323964195646911e-03
2.4000000000000007e-02 -3.3000000000000002e-02 4.0000000000000001e-03  1.5688882967795749e-03
2.4000000000000007e-02 -2.9999999999999999e-02 4.0000000000000001e-03  1.5278097117634773e-03
2.4000000000000007e-02 -2.6999999999999996e-02 4.0000000000000001e-03  1.4996775154714692e-03
2.4000000000000007e-02 -2.3999999999999997e-02 4.0000000000000001e-03  1.4734260643256953e-03
2.4000000000000007e-02 -2.0999999999999998e-02 4.0000000000000001e-03  1.4503982504777751e-03
2.4000000000000007e-02 -1.7999999999999999e-02 4.0000000000000001e-03  1.4283630635018240e-03
2.4000000000000007e-02 -1.4999999999999999e-02 4.0000000000000001e-03  1.4073356565667081e-03
2.4000000000000007e-02 -1.1999999999999997e-02 4.0000000000000001e-03  1.3871604235025203e-03
2.4000000000000007e-02 -8.9999999999999941e-03 4.0000000000000001e-03  1.3683910797068417e-03
2.4000000000000007e-02 -5.9999999999999984e-03 4.0000000000000001e-03  1.3547892255333475e-03
2.4000000000000007e-02 -2.9999999999999957e-03 4.0000000000000001e-03  1.3467954644974546e-03
2.4000000000000007e-02 0.0000000000000000e+00 4.0000000000000001e-03  1.3537239900121929e-03
2.4000000000000007e-02 3.0000000000000027e-03 4.0000000000000001e-03  1.3591863930755483e-03
2.4000000000000007e-02 6.0000000000000053e-03 4.0000000000000001e-03  1.3642188719436925e-03
2.4000000000000007e-02 9.0000000000000011e-03 4.0000000000000001e-03  1.3718036332344367e-03
2.4000000000000007e-02 1.2000000000000004e-02 4.0000000000000001e-03  1.3798258994169395e-03
2.4000000000000007e-02 1.4999999999999999e-02 4.0000000000000001e-03  1.3882729718052292e-03
2.4000000000000007e-02 1.8000000000000002e-02 4.0000000000000001e-03  1.3971393076133369e-03
2.4000000000000007e-02 2.1000000000000005e-02 4.0000000000000001e-03  1.4033430056900182e-03
2.4000000000000007e-02 2.4000000000000007e-02 4.0000000000000001e-03  1.4069927118320444e-03
2.4000000000000007e-02 2.7000000000000010e-02 4.0000000000000001e-03  1.4275298788423792e-03
2.4000000000000007e-02 2.9999999999999999e-02 4.0000000000000001e-03  1.4782619602302820e-03
2.4000000000000007e-02 3.3000000000000002e-02 4.0000000000000001e-03  1.5291810613998148e-03
2.4000000000000007e-02 3.6000000000000004e-02 4.0000000000000001e-03  1.5805964541035754e-03
2.4000000000000007e-02 3.9000000000000007e-02 4.0000000000000001e-03  1.6338056390355778e-03
2.4000000000000007e-02 4.2000000000000010e-02 4.0000000000000001e-03  1.6900961543907015e-03
2.4000000000000007e-02 4.4999999999999998e-02 4.0000000000000001e-03  1.7887700033020013e-03
2.7000000000000010e-02 -4.4999999999999998e-02 4.0000000000000001e-03  1.9748379573975199e-03
2.7000000000000010e-02 -4.1999999999999996e-02 4.0000000000000001e-03  1.8468283668296045e-03
2.7000000000000010e-02 -3.9000000000000000e-02 4.0000000000000001e-03  1.7406546341210104e-03
2.7000000000000010e-02 -3.5999999999999997e-02 4.0000000000000001e-03  1.6623629350404812e-03
2.7000000000000010e-02 -3.3000000000000002e-02 4.0000000000000001e-03  1.6065309648219861e-03
2.7000000000000010e-02 -2.9999999999999999e-02 4.0000000000000001e-03  1.5638094743797412e-03
2.7000000000000010e-02 -2.6999999999999996e-02 4.0000000000000001e-03  1.5283155011498221e-03
2.7000000000000010e-02 -2.3999999999999997e-02 4.0000000000000001e-03  1.4999408231537320e-03
2.7000000000000010e-02 -2.0999999999999998e-02 4.0000000000000001e-03  1.4766651775049602e-03
2.7000000000000010e-02 -1.7999999999999999e-02 4.0000000000000001e-03  1.4543870977486184e-03
2.7000000000000010e-02 -1.4999999999999999e-02 4.0000000000000001e-03  1.4330045248399986e-03
2.7000000000000010e-02 -1.1999999999999997e-02 4.0000000000000001e-03  1.4146609234717748e-03
2.7000000000000010e-02 -8.9999999999999941e-03 4.0000000000000001e-03  1.4014873672396745e-03
2.7000000000000010e-02 -5.9999999999999984e-03 4.0000000000000001e-03  1.3935018274305547e-03
2.7000000000000010e-02 -2.9999999999999957e-03 4.0000000000000001e-03  1.3907242789524355e-03
2.7000000000000010e-02 0.0000000000000000e+00 4.0000000000000001e-03  1.3911765770534125e-03
2.7000000000000010e-02 3.0000000000000027e-03 4.0000000000000001e-03  1.3901638421578595e-03
2.7000000000000010e-02 6.0000000000000053e-03 4.0000000000000001e-03  1.3877089703060348e-03
2.7000000000000010e-02 9.0000000000000011e-03 4.0000000000000001e-03  1.3837947559112813e-03
2.7000000000000010e-02 1.2000000000000004e-02 4.0000000000000001e-03  1.3848310211068567e-03
2.7000000000000010e-02 1.4999999999999999e-02 4.0000000000000001e-03  1.3947844869935618e-03
2.7000000000000010e-02 1.8000000000000002e-02 4.0000000000000001e-03  1.4051990152796640e-03
2.7000000000000010e-02 2.1000000000000005e-02 4.0000000000000001e-03  1.4160593920162000e-03
2.7000000000000010e-02 2.4000000000000007e-02 4.0000000000000001e-03  1.4363132196044900e-03
2.7000000000000010e-02 2.7000000000000010e-02 4.0000000000000001e-03  1.4817567169465218e-03
2.7000000000000010e-02 2.9999999999999999e-02 4.0000000000000001e-03  1.5235854717419145e-03
2.7000000000000010e-02 3.3000000000000002e-02 4.0000000000000001e-03  1.5580933306982177e-03
2.7000000000000010e-02 3.6000000000000004e-02 4.0000000000000001e-03  1.5933755099193795e-03
2.7000000000000010e-02 3.9000000000000007e-02 4.0000000000000001e-03  1.6580261063251526e-03
2.7000000000000010e-02 4.2000000000000010e-02 4.0000000000000001e-03  1.7437984218700419e-03
2.7000000000000010e-02 4.4999999999999998e-02 4.0000000000000001e-03  1.8509308002346541e-03
2.9999999999999999e-02 -4.4999999999999998e-02 4.0000000000000001e-03  2.0149970882442133e-03
2.9999999999999999e-02 -4.1999999999999996e-02 4.0000000000000001e-03  1.8902553786304748e-03
2.9999999999999999e-02 -3.9000000000000000e-02 4.0000000000000001e-03  1.7873514388816862e-03
2.9999999999999999e-02 -3.5999999999999997e-02 4.0000000000000001e-03  1.7045624403132079e-03
2.9999999999999999e-02 -3.3000000000000002e-02 4.0000000000000001e-03  1.6450894044633267e-03
2.9999999999999999e-02 -2.9999999999999999e-02 4.0000000000000001e-03  1.6097118123204947e-03
2.9999999999999999e-02 -2.6999999999999996e-02 4.0000000000000001e-03  1.5767926620105404e-03
2.9999999999999999e-02 -2.3999999999999997e-02 4.0000000000000001e-03  1.5388206202089547e-03
2.9999999999999999e-02 -2.0999999999999998e-02 4.0000000000000001e-03  1.5031458292255116e-03
2.9999999999999999e-02 -1.7999999999999999e-02 4.0000000000000001e-03  1.4808820437849923e-03
2.9999999999999999e-02 -1.4999999999999999e-02 4.0000000000000001e-03  1.4629566419603916e-03
2.9999999999999999e-02 -1.1999999999999997e-02 4.0000000000000001e-03  1.4502116930962849e-03
2.9999999999999999e-02 -8.9999999999999941e-03 4.0000000000000001e-03  1.4426641523386931e-03
2.9999999999999999e-02 -5.9999999999999984e-03 4.0000000000000001e-03  1.4403329784548030e-03
2.9999999999999999e-02 -2.9999999999999957e-03 4.0000000000000001e-03  1.4432391338329788e-03
2.9999999999999999e-02 0.0000000000000000e+00 4.0000000000000001e-03  1.4491028837803504e-03
2.9999999999999999e-02 3.0000000000000027e-03 4.0000000000000001e-03  1.4414993381670421e-03
2.9999999999999999e-02 6.0000000000000053e-03 4.0000000000000001e-03  1.4324986818285881e-03
2.9999999999999999e-02 9.0000000000000011e-03 4.0000000000000001e-03  1.4221029183769313e-03
2.9999999999999999e-02 1.2000000000000004e-02 4.0000000000000001e-03  1.4103215319072404e-03
2.9999999999999999e-02 1.4999999999999999e-02 4.0000000000000001e-03  1.4082334133552264e-03
2.9999999999999999e-02 1.8000000000000002e-02 4.0000000000000001e-03  1.4426041601631656e-03
2.9999999999999999e-02 2.1000000000000005e-02 4.0000000000000001e-03  1.4734048559623700e-03
2.9999999999999999e-02 2.4000000000000007e-02 4.0000000000000001e-03  1.4948422769715266e-03
2.9999999999999999e-02 2.7000000000000010e-02 4.0000000000000001e-03  1.5192684888486686e-03
2.9999999999999999e-02 2.9999999999999999e-02 4.0000000000000001e-03  1.5616575055483924e-03
2.9999999999999999e-02 3.3000000000000002e-02 4.0000000000000001e-03  1.6006098723473786e-03
2.9999999999999999e-02 3.6000000000000004e-02 4.0000000000000001e-03  1.6426536088730609e-03
2.9999999999999999e-02 3.9000000000000007e-02 4.0000000000000001e-03  1.7085009011329208e-03
2.9999999999999999e-02 4.2000000000000010e-02 4.0000000000000001e-03  1.7951440895846702e-03
2.9999999999999999e-02 4.4999999999999998e-02 4.0000000000000001e-03  1.9028324491727521e-03
3.3000000000000002e-02 -4.4999999999999998e-02 4.0000000000000001e-03  2.0616923563589783e-03
3.3000000000000002e-02 -4.1999999999999996e-02 4.0000000000000001e-03  1.9400209560955165e-03
3.3000000000000002e-02 -3.9000000000000000e-02 4.0000000000000001e-03  1.8401836821680475e-03
3.3000000000000002e-02 -3.5999999999999997e-02 4.0000000000000001e-03  1.7604658910122782e-03
3.3000000000000002e-02 -3.3000000000000002e-02 4.0000000000000001e-03  1.6991533872993370e-03
3.3000000000000002e-02 -2.9999999999999999e-02 4.0000000000000001e-03  1.6565706896514200e-03
3.3000000000000002e-02 -2.6999999999999996e-02 4.0000000000000001e-03  1.6246792168784832e-03
3.3000000000000002e-02 -2.3999999999999997e-02 4.0000000000000001e-03  1.5906250194123164e-03
3.3000000000000002e-02 -2.0999999999999998e-02 4.0000000000000001e-03  1.5612961396372874e-03
3.3000000000000002e-02 -1.7999999999999999e-02 4.0000000000000001e-03  1.5335472415271389e-03
3.3000000000000002e-02 -1.4999999999999999e-02 4.0000000000000001e-03  1.5009609163652818e-03
3.3000000000000002e-02 -1.1999999999999997e-02 4.0000000000000001e-03  1.4938499429735653e-03
3.3000000000000002e-02 -8.9999999999999941e-03 4.0000000000000001e-03  1.4919715643086833e-03
3.3000000000000002e-02 -5.9999999999999984e-03 4.0000000000000001e-03  1.4953457266181581e-03
3.3000000000000002e-02 -2.9999999999999957e-03 4.0000000000000001e-03  1.5039943797706926e-03
3.3000000000000002e-02 0.0000000000000000e+00 4.0000000000000001e-03  1.5179414772561487e-03
3.3000000000000002e-02 3.0000000000000027e-03 4.0000000000000001e-03  1.5134941752385403e-03
3.3000000000000002e-02 6.0000000000000053e-03 4.0000000000000001e-03  1.4978000273266590e-03
3.3000000000000002e-02 9.0000000000000011e-03 4.0000000000000001e-03  1.4807521531988062e-03
3.3000000000000002e-02 1.2000000000000004e-02 4.0000000000000001e-03  1.4623792461487563e-03
3.3000000000000002e-02 1.4999999999999999e-02 4.0000000000000001e-03  1.4868135681495598e-03
3.3000000000000002e-02 1.8000000000000002e-02 4.0000000000000001e-03  1.5204507902291805e-03
3.3000000000000002e-02 2.1000000000000005e-02 4.0000000000000001e-03  1.5482203201664922e-03
3.3000000000000002e-02 2.4000000000000007e-02 4.0000000000000001e-03  1.5698685411785688e-03
3.3000000000000002e-02 2.7000000000000010e-02 4.0000000000000001e-03  1.5898568878898762e-03
3.3000000000000002e-02 2.9999999999999999e-02 4.0000000000000001e-03  1.6149502673739016e-03
3.3000000000000002e-02 3.3000000000000002e-02 4.0000000000000001e-03  1.6480822508874306e-03
3.3000000000000002e-02 3.6000000000000004e-02 4.0000000000000001e-03  1.6988135672557083e-03
3.3000000000000002e-02 3.9000000000000007e-02 4.0000000000000001e-03  1.7475209764526152e-03
3.3000000000000002e-02 4.2000000000000010e-02 4.0000000000000001e-03  1.8344391852637672e-03
3.3000000000000002e-02 4.4999999999999998e-02 4.0000000000000001e-03  1.9431897198671604e-03
3.6000000000000004e-02 -4.4999999999999998e-02 4.0000000000000001e-03  2.1148738980909768e-03
3.6000000000000004e-02 -4.1999999999999996e-02 4.0000000000000001e-03  1.9960830711494423e-03
3.6000000000000004e-02 -3.9000000000000000e-02 4.0000000000000001e-03  1.8991171714803625e-03
3.6000000000000004e-02 -3.5999999999999997e-02 4.0000000000000001e-03  1.8222697406397917e-03
3.6000000000000004e-02 -3.3000000000000002e-02 4.0000000000000001e-03  1.7403488474948554e-03
3.6000000000000004e-02 -2.9999999999999999e-02 4.0000000000000001e-03  1.7112544138622964e-03
3.6000000000000004e-02 -2.6999999999999996e-02 4.0000000000000001e-03  1.6828623979466388e-03
3.6000000000000004e-02 -2.3999999999999997e-02 4.0000000000000001e-03  1.6573391043105989e-03
3.6000000000000004e-02 -2.0999999999999998e-02 4.0000000000000001e-03  1.6357849244634324e-03
3.6000000000000004e-02 -1.7999999999999999e-02 4.0000000000000001e-03  1.6181817094483631e-03
3.6000000000000004e-02 -1.4999999999999999e-02 4.0000000000000001e-03  1.6063156167703807e-03
3.6000000000000004e-02 -1.1999999999999997e-02 4.0000000000000001e-03  1.5839234793908691e-03
3.6000000000000004e-02 -8.9999999999999941e-03 4.0000000000000001e-03  1.5507267744769720e-03
3.6000000000000004e-02 -5.9999999999999984e-03 4.0000000000000001e-03  1.5586140853892433e-03
3.6000000000000004e-02 -2.9999999999999957e-03 4.0000000000000001e-03  1.5730769489414719e-03
3.6000000000000004e-02 0.0000000000000000e+00 4.0000000000000001e-03  1.5928842295378802e-03
3.6000000000000004e-02 3.0000000000000027e-03 4.0000000000000001e-03  1.6065305607943080e-03
3.6000000000000004e-02 6.0000000000000053e-03 4.0000000000000001e-03  1.5839860344267099e-03
3.6000000000000004e-02 9.0000000000000011e-03 4.0000000000000001e-03  1.5601063082078999e-03
3.6000000000000004e-02 1.2000000000000004e-02 4.0000000000000001e-03  1.5856935466859595e-03
3.6000000000000004e-02 1.4999999999999999e-02 4.0000000000000001e-03  1.5792249898608846e-03
3.6000000000000004e-02 1.8000000000000002e-02 4.0000000000000001e-03  1.6131794260686580e-03
3.6000000000000004e-02 2.1000000000000005e-02 4.0000000000000001e-03  1.6377811006726710e-03
3.6000000000000004e-02 2.4000000000000007e-02 4.0000000000000001e-03  1.6608996565272713e-03
3.6000000000000004e-02 2.7000000000000010e-02 4.0000000000000001e-03  1.6825009456851135e-03
3.6000000000000004e-02 2.9999999999999999e-02 4.0000000000000001e-03  1.7025328945788685e-03
3.6000000000000004e-02 3.3000000000000002e-02 4.0000000000000001e-03  1.7239992691622562e-03
3.6000000000000004e-02 3.6000000000000004e-02 4.0000000000000001e-03  1.7741100681978254e-03
3.6000000000000004e-02 3.9000000000000007e-02 4.0000000000000001e-03  1.8200729358639294e-03
3.6000000000000004e-02 4.2000000000000010e-02 4.0000000000000001e-03  1.8683584502065314e-03
3.6000000000000004e-02 4.4999999999999998e-02 4.0000000000000001e-03  1.9668980108973571e-03
3.9000000000000007e-02 -4.4999999999999998e-02 4.0000000000000001e-03  2.1745057591526238e-03
3.9000000000000007e-02 -4.1999999999999996e-02 4.0000000000000001e-03  2.0584136050802275e-03
3.9000000000000007e-02 -3.9000000000000000e-02 4.0000000000000001e-03  1.9721725226640166e-03
3.9000000000000007e-02 -3.5999999999999997e-02 4.0000000000000001e-03  1.8709965229369964e-03
3.9000000000000007e-02 -3.3000000000000002e-02 4.0000000000000001e-03  1.8272368669761082e-03
3.9000000000000007e-02 -2.9999999999999999e-02 4.0000000000000001e-03  1.7885745031738069e-03
3.9000000000000007e-02 -2.6999999999999996e-02 4.0000000000000001e-03  1.7574499657962083e-03
3.9000000000000007e-02 -2.3999999999999997e-02 4.0000000000000001e-03  1.7337211942427321e-03
3.9000000000000007e-02 -2.0999999999999998e-02 4.0000000000000001e-03  1.7198155885193096e-03
3.9000000000000007e-02 -1.7999999999999999e-02 4.0000000000000001e-03  1.7103553194668321e-03
3.9000000000000007e-02 -1.4999999999999999e-02 4.0000000000000001e-03  1.7142078545071546e-03
3.9000000000000007e-02 -1.1999999999999997e-02 4.0000000000000001e-03  1.7172864520119508e-03
3.9000000000000007e-02 -8.9999999999999941e-03 4.0000000000000001e-03  1.7099259579532431e-03
3.9000000000000007e-02 -5.9999999999999984e-03 4.0000000000000001e-03  1.6919257270122836e-03
3.9000000000000007e-02 -2.9999999999999957e-03 4.0000000000000001e-03  1.6631811999562038e-03
3.9000000000000007e-02 0.0000000000000000e+00 4.0000000000000001e-03  1.6763446576676811e-03
3.9000000000000007e-02 3.0000000000000027e-03 4.0000000000000001e-03  1.7075307218346603e-03
3.9000000000000007e-02 6.0000000000000053e-03 4.0000000000000001e-03  1.6915106440417308e-03
3.9000000000000007e-02 9.0000000000000011e-03 4.0000000000000001e-03  1.7181791268443428e-03
3.9000000000000007e-02 1.2000000000000004e-02 4.0000000000000001e-03  1.6902540878262567e-03
3.9000000000000007e-02 1.4999999999999999e-02 4.0000000000000001e-03  1.6884147447024955e-03
3.9000000000000007e-02 1.8000000000000002e-02 4.0000000000000001e-03  1.7189371173473667e-03
3.9000000000000007e-02 2.1000000000000005e-02 4.0000000000000001e-03  1.7446094556945279e-03
3.9000000000000007e-02 2.4000000000000007e-02 4.0000000000000001e-03  1.7690210767316956e-03
3.9000000000000007e-02 2.7000000000000010e-02 4.0000000000000001e-03  1.7920789596326397e-03
3.9000000000000007e-02 2.9999999999999999e-02 4.0000000000000001e-03  1.8137173774972620e-03
3.9000000000000007e-02 3.3000000000000002e-02 4.0000000000000001e-03  1.8338978973516014e-03
3.9000000000000007e-02 3.6000000000000004e-02 4.0000000000000001e-03  1.8470814392243652e-03
3.9000000000000007e-02 3.9000000000000007e-02 4.0000000000000001e-03  1.9273219918980317e-03
3.9000000000000007e-02 4.2000000000000010e-02 4.0000000000000001e-03  1.9680010677986500e-03
3.9000000000000007e-02 4.4999999999999998e-02 4.0000000000000001e-03  2.0095469387106197e-03
4.2000000000000010e-02 -4.4999999999999998e-02 4.0000000000000001e-03  2.3259890074690728e-03
4.2000000000000010e-02 -4.1999999999999996e-02 4.0000000000000001e-03  2.2556085186996046e-03
4.2000000000000010e-02 -3.9000000000000000e-02 4.0000000000000001e-03  2.0489560501736155e-03
4.2000000000000010e-02 -3.5999999999999997e-02 4.0000000000000001e-03  1.9870341129586255e-03
4.2000000000000010e-02 -3.3000000000000002e-02 4.0000000000000001e-03  1.9380020293780376e-03
4.2000000000000010e-02 -2.9999999999999999e-02 4.0000000000000001e-03  1.8967500057489881e-03
4.2000000000000010e-02 -2.6999999999999996e-02 4.0000000000000001e-03  1.8630991351816029e-03
4.2000000000000010e-02 -2.3999999999999997e-02 4.0000000000000001e-03  1.8368914346668392e-03
4.2000000000000010e-02 -2.0999999999999998e-02 4.0000000000000001e-03  1.8179898450764913e-03
4.2000000000000010e-02 -1.7999999999999999e-02 4.0000000000000001e-03  1.8145002637111227e-03
4.2000000000000010e-02 -1.4999999999999999e-02 4.0000000000000001e-03  1.8228507610233982e-03
4.2000000000000010e-02 -1.1999999999999997e-02 4.0000000000000001e-03  1.8503465936296091e-03
4.2000000000000010e-02 -8.9999999999999941e-03 4.0000000000000001e-03  1.8679652118930782e-03
4.2000000000000010e-02 -5.9999999999999984e-03 4.0000000000000001e-03  1.8753908692138381e-03
4.2000000000000010e-02 -2.9999999999999957e-03 4.0000000000000001e-03  1.8724039050778210e-03
4.2000000000000010e-02 0.0000000000000000e+00 4.0000000000000001e-03  1.8588807450568381e-03
4.2000000000000010e-02 3.0000000000000027e-03 4.0000000000000001e-03  1.8347939008085822e-03
4.2000000000000010e-02 6.0000000000000053e-03 4.0000000000000001e-03  1.8524135752797772e-03
4.2000000000000010e-02 9.0000000000000011e-03 4.0000000000000001e-03  1.9048233817961740e-03
4.2000000000000010e-02 1.2000000000000004e-02 4.0000000000000001e-03  1.7779283199693839e-03
4.2000000000000010e-02 1.4999999999999999e-02 4.0000000000000001e-03  1.8155023066279655e-03
4.2000000000000010e-02 1.8000000000000002e-02 4.0000000000000001e-03  1.8430405552698750e-03
4.2000000000000010e-02 2.1000000000000005e-02 4.0000000000000001e-03  1.8696501575367159e-03
4.2000000000000010e-02 2.4000000000000007e-02 4.0000000000000001e-03  1.8951971453433619e-03
4.2000000000000010e-02 2.7000000000000010e-02 4.0000000000000001e-03  1.9195748445308251e-03
4.2000000000000010e-02 2.9999999999999999e-02 4.0000000000000001e-03  1.9427038748662492e-03
4.2000000000000010e-02 3.3000000000000002e-02 4.0000000000000001e-03  1.9645321500429110e-03
4.2000000000000010e-02 3.6000000000000004e-02 4.0000000000000001e-03  1.9850348776802268e-03
4.2000000000000010e-02 3.9000000000000007e-02 4.0000000000000001e-03  2.0266515070581997e-03
4.2000000000000010e-02 4.2000000000000010e-02 4.0000000000000001e-03  2.1028532212569364e-03
4.2000000000000010e-02 4.4999999999999998e-02 4.0000000000000001e-03  2.0837627972760957e-03
4.4999999999999998e-02 -4.4999999999999998e-02 4.0000000000000001e-03  2.6062872983236623e-03
4.4999999999999998e-02 -4.1999999999999996e-02 4.0000000000000001e-03  2.2604388174172286e-03
4.4999999999999998e-02 -3.9000000000000000e-02 4.0000000000000001e-03  2.1926536884078248e-03
4.4999999999999998e-02 -3.5999999999999997e-02 4.0000000000000001e-03  2.1331692018903728e-03
4.4999999999999998e-02 -3.3000000000000002e-02 4.0000000000000001e-03  2.0817486808048903e-03
4.4999999999999998e-02 -2.9999999999999999e-02 4.0000000000000001e-03  2.0381763719722213e-03
4.4999999999999998e-02 -2.6999999999999996e-02 4.0000000000000001e-03  2.0022574460940323e-03
4.4999999999999998e-02 -2.3999999999999997e-02 4.0000000000000001e-03  1.9738179977528266e-03
4.4999999999999998e-02 -2.0999999999999998e-02 4.0000000000000001e-03  1.9527050454119241e-03
4.4999999999999998e-02 -1.7999999999999999e-02 4.0000000000000001e-03  1.9387865314154813e-03
4.4999999999999998e-02 -1.4999999999999999e-02 4.0000000000000001e-03  1.9443506238757129e-03
4.4999999999999998e-02 -1.1999999999999997e-02 4.0000000000000001e-03  1.9864244601845811e-03
4.4999999999999998e-02 -8.9999999999999941e-03 4.0000000000000001e-03  2.0278292088714424e-03
4.4999999999999998e-02 -5.9999999999999984e-03 4.0000000000000001e-03  2.0596841738050146e-03
4.4999999999999998e-02 -2.9999999999999957e-03 4.0000000000000001e-03  2.0769004554023144e-03
4.4999999999999998e-02 0.0000000000000000e+00 4.0000000000000001e-03  2.0883364657696664e-03
4.4999999999999998e-02 3.0000000000000027e-03 4.0000000000000001e-03  2.0941686244942670e-03
4.4999999999999998e-02 6.0000000000000053e-03 4.0000000000000001e-03  2.0945191749648035e-03
4.4999999999999998e-02 9.0000000000000011e-03 4.0000000000000001e-03  2.0709820046044148e-03
4.4999999999999998e-02 1.2000000000000004e-02 4.0000000000000001e-03  1.9261988685696308e-03
4.4999999999999998e-02 1.4999999999999999e-02 4.0000000000000001e-03  1.9580572738804418e-03
4.4999999999999998e-02 1.8000000000000002e-02 4.0000000000000001e-03  1.9861355637778824e-03
4.4999999999999998e-02 2.1000000000000005e-02 4.0000000000000001e-03  2.0135177367609433e-03
4.4999999999999998e-02 2.4000000000000007e-02 4.0000000000000001e-03  2.0400562361338665e-03
4.4999999999999998e-02 2.7000000000000010e-02 4.0000000000000001e-03  2.0656307991270286e-03
4.4999999999999998e-02 2.9999999999999999e-02 4.0000000000000001e-03  2.0901484568969292e-03
4.4999999999999998e-02 3.3000000000000002e-02 4.0000000000000001e-03  2.1135435345262252e-03
4.4999999999999998e-02 3.6000000000000004e-02 4.0000000000000001e-03  2.1357776510236809e-03
4.4999999999999998e-02 3.9000000000000007e-02 4.0000000000000001e-03  2.1508430969128128e-03
4.4999999999999998e-02 4.2000000000000010e-02 4.0000000000000001e-03  2.1888088419356674e-03
4.4999999999999998e-02 4.4999999999999998e-02 4.0000000000000001e-03  2.1763203023352977e-03
