Grid Output Min: [-45mm -45mm 4mm] Max: [45mm 45mm 4mm] Grid Size: [3mm 3mm 0mm]
X, Y, Z, Scalar data "Mag_B"
-4.4999999999999998e-02 -4.4999999999999998e-02 4.0000000000000001e-03  2.5075274264210624e-03
-4.4999999999999998e-02 -4.1999999999999996e-02 4.0000000000000001e-03  2.3194177905841960e-03
-4.4999999999999998e-02 -3.9000000000000000e-02 4.0000000000000001e-03  2.1705352760144577e-03
-4.4999999999999998e-02 -3.5999999999999997e-02 4.0000000000000001e-03  2.0592527877660608e-03
-4.4999999999999998e-02 -3.3000000000000002e-02 4.0000000000000001e-03  2.0217652887947386e-03
-4.4999999999999998e-02 -2.9999999999999999e-02 4.0000000000000001e-03  1.9486883436254233e-03
-4.4999999999999998e-02 -2.6999999999999996e-02 4.0000000000000001e-03  1.9053759388296971e-03
-4.4999999999999998e-02 -2.3999999999999997e-02 4.0000000000000001e-03  1.8771132677495603e-03
-4.4999999999999998e-02 -2.0999999999999998e-02 4.0000000000000001e-03  1.8309843425201727e-03
-4.4999999999999998e-02 -1.7999999999999999e-02 4.0000000000000001e-03  1.8207590382770024e-03
-4.4999999999999998e-02 -1.4999999999999999e-02 4.0000000000000001e-03  1.8112649826024898e-03
-4.4999999999999998e-02 -1.1999999999999997e-02 4.0000000000000001e-03  1.7939438605687843e-03
-4.4999999999999998e-02 -8.9999999999999941e-03 4.0000000000000001e-03  1.7856647702028351e-03
-4.4999999999999998e-02 -5.9999999999999984e-03 4.0000000000000001e-03  1.8278936521148670e-03
-4.4999999999999998e-02 -2.9999999999999957e-03 4.0000000000000001e-03  1.7794764202371948e-03
-4.4999999999999998e-02 0.0000000000000000e+00 4.0000000000000001e-03  1.7742584676353780e-03
-4.4999999999999998e-02 3.0000000000000027e-03 4.0000000000000001e-03  1.7717823033883658e-03
-4.4999999999999998e-02 6.0000000000000053e-03 4.0000000000000001e-03  1.7715190769795712e-03
-4.4999999999999998e-02 9.0000000000000011e-03 4.0000000000000001e-03  1.7734673091095716e-03
-4.4999999999999998e-02 1.2000000000000004e-02 4.0000000000000001e-03  1.7776544501247862e-03
-4.4999999999999998e-02 1.4999999999999999e-02 4.0000000000000001e-03  1.7841368800174653e-03
-4.4999999999999998e-02 1.8000000000000002e-02 4.0000000000000001e-03  1.7929999084257159e-03
-4.4999999999999998e-02 2.1000000000000005e-02 4.0000000000000001e-03  1.8086617709128746e-03
-4.4999999999999998e-02 2.4000000000000007e-02 4.0000000000000001e-03  1.8488465603322291e-03
-4.4999999999999998e-02 2.7000000000000010e-02 4.0000000000000001e-03  1.8776704284471052e-03
-4.4999999999999998e-02 2.9999999999999999e-02 4.0000000000000001e-03  1.8903268457650222e-03
-4.4999999999999998e-02 3.3000000000000002e-02 4.0000000000000001e-03  1.9896929701001030e-03
-4.4999999999999998e-02 3.6000000000000004e-02 4.0000000000000001e-03  2.0778476533066296e-03
-4.4999999999999998e-02 3.9000000000000007e-02 4.0000000000000001e-03  2.1737172951155864e-03
-4.4999999999999998e-02 4.2000000000000010e-02 4.0000000000000001e-03  2.2674601033414372e-03
-4.4999999999999998e-02 4.4999999999999998e-02 4.0000000000000001e-03  2.3703854681598868e-03
-4.1999999999999996e-02 -4.4999999999999998e-02 4.0000000000000001e-03  2.3655028506377085e-03
-4.1999999999999996e-02 -4.1999999999999996e-02 4.0000000000000001e-03  2.1849227769260562e-03
-4.1999999999999996e-02 -3.9000000000000000e-02 4.0000000000000001e-03  2.0485148225398643e-03
-4.1999999999999996e-02 -3.5999999999999997e-02 4.0000000000000001e-03  1.9928229862287493e-03
-4.1999999999999996e-02 -3.3000000000000002e-02 4.0000000000000001e-03  1.9056677664520219e-03
-4.1999999999999996e-02 -2.9999999999999999e-02 4.0000000000000001e-03  1.8352653430160244e-03
-4.1999999999999996e-02 -2.6999999999999996e-02 4.0000000000000001e-03  1.7984447686181105e-03
-4.1999999999999996e-02 -2.3999999999999997e-02 4.0000000000000001e-03  1.7762996556644037e-03
-4.1999999999999996e-02 -2.0999999999999998e-02 4.0000000000000001e-03  1.7295289468724044e-03
-4.1999999999999996e-02 -1.7999999999999999e-02 4.0000000000000001e-03  1.6926997752452783e-03
-4.1999999999999996e-02 -1.4999999999999999e-02 4.0000000000000001e-03  1.6767871986028498e-03
-4.1999999999999996e-02 -1.1999999999999997e-02 4.0000000000000001e-03  1.6709664910032932e-03
-4.1999999999999996e-02 -8.9999999999999941e-03 4.0000000000000001e-03  1.6642875230644539e-03
-4.1999999999999996e-02 -5.9999999999999984e-03 4.0000000000000001e-03  1.6806259781613079e-03
-4.1999999999999996e-02 -2.9999999999999957e-03 4.0000000000000001e-03  1.6604811784266768e-03
-4.1999999999999996e-02 0.0000000000000000e+00 4.0000000000000001e-03  1.6608344300942906e-03
-4.1999999999999996e-02 3.0000000000000027e-03 4.0000000000000001e-03  1.6594485565211280e-03
-4.1999999999999996e-02 6.0000000000000053e-03 4.0000000000000001e-03  1.6603069517002729e-03
-4.1999999999999996e-02 9.0000000000000011e-03 4.0000000000000001e-03  1.6634382002304923e-03
-4.1999999999999996e-02 1.2000000000000004e-02 4.0000000000000001e-03  1.6688998163564086e-03
-4.1999999999999996e-02 1.4999999999999999e-02 4.0000000000000001e-03  1.6767782439684686e-03
-4.1999999999999996e-02 1.8000000000000002e-02 4.0000000000000001e-03  1.6943361129690929e-03
-4.1999999999999996e-02 2.1000000000000005e-02 4.0000000000000001e-03  1.7278343503152260e-03
-4.1999999999999996e-02 2.4000000000000007e-02 4.0000000000000001e-03  1.7630404715533036e-03
-4.1999999999999996e-02 2.7000000000000010e-02 4.0000000000000001e-03  1.7851595125010669e-03
-4.1999999999999996e-02 2.9999999999999999e-02 4.0000000000000001e-03  1.7959581047121281e-03
-4.1999999999999996e-02 3.3000000000000002e-02 4.0000000000000001e-03  1.8479025546033674e-03
-4.1999999999999996e-02 3.6000000000000004e-02 4.0000000000000001e-03  1.9093155427770292e-03
-4.1999999999999996e-02 3.9000000000000007e-02 4.0000000000000001e-03  1.9501932635860367e-03
-4.1999999999999996e-02 4.2000000000000010e-02 4.0000000000000001e-03  2.0394537166243485e-03
-4.1999999999999996e-02 4.4999999999999998e-02 4.0000000000000001e-03  2.1661198471620018e-03
-3.9000000000000000e-02 -4.4999999999999998e-02 4.0000000000000001e-03  2.2247517335812869e-03
-3.9000000000000000e-02 -4.1999999999999996e-02 4.0000000000000001e-03  2.0657443590528239e-03
-3.9000000000000000e-02 -3.9000000000000000e-02 4.0000000000000001e-03  1.9894356707274826e-03
-3.9000000000000000e-02 -3.5999999999999997e-02 4.0000000000000001e-03  1.8868911461455563e-03
-3.9000000000000000e-02 -3.3000000000000002e-02 4.0000000000000001e-03  1.8017969188263373e-03
-3.9000000000000000e-02 -2.9999999999999999e-02 4.0000000000000001e-03  1.7337516571212948e-03
-3.9000000000000000e-02 -2.6999999999999996e-02 4.0000000000000001e-03  1.7018091896743161e-03
-3.9000000000000000e-02 -2.3999999999999997e-02 4.0000000000000001e-03  1.6841941856660680e-03
-3.9000000000000000e-02 -2.0999999999999998e-02 4.0000000000000001e-03  1.6371951203803152e-03
-3.9000000000000000e-02 -1.7999999999999999e-02 4.0000000000000001e-03  1.6129199358100822e-03
-3.9000000000000000e-02 -1.4999999999999999e-02 4.0000000000000001e-03  1.6009525845840176e-03
-3.9000000000000000e-02 -1.1999999999999997e-02 4.0000000000000001e-03  1.5897417098986713e-03
-3.9000000000000000e-02 -8.9999999999999941e-03 4.0000000000000001e-03  1.5788395639856725e-03
-3.9000000000000000e-02 -5.9999999999999984e-03 4.0000000000000001e-03  1.5846732246223901e-03
-3.9000000000000000e-02 -2.9999999999999957e-03 4.0000000000000001e-03  1.5644134175795319e-03
-3.9000000000000000e-02 0.0000000000000000e+00 4.0000000000000001e-03  1.5685347094885219e-03
-3.9000000000000000e-02 3.0000000000000027e-03 4.0000000000000001e-03  1.5684070410110185e-03
-3.9000000000000000e-02 6.0000000000000053e-03 4.0000000000000001e-03  1.5705814983007819e-03
-3.9000000000000000e-02 9.0000000000000011e-03 4.0000000000000001e-03  1.5751167298547776e-03
-3.9000000000000000e-02 1.2000000000000004e-02 4.0000000000000001e-03  1.5821003138158289e-03
-3.9000000000000000e-02 1.4999999999999999e-02 4.0000000000000001e-03  1.5997580002242561e-03
-3.9000000000000000e-02 1.8000000000000002e-02 4.0000000000000001e-03  1.6268820217155097e-03
-3.9000000000000000e-02 2.1000000000000005e-02 4.0000000000000001e-03  1.6556627939537162e-03
-3.9000000000000000e-02 2.4000000000000007e-02 4.0000000000000001e-03  1.6861091576133712e-03
-3.9000000000000000e-02 2.7000000000000010e-02 4.0000000000000001e-03  1.7041976172786600e-03
-3.9000000000000000e-02 2.9999999999999999e-02 4.0000000000000001e-03  1.7193141914478235e-03
-3.9000000000000000e-02 3.3000000000000002e-02 4.0000000000000001e-03  1.7452507653738676e-03
-3.9000000000000000e-02 3.6000000000000004e-02 4.0000000000000001e-03  1.7851251516640466e-03
-3.9000000000000000e-02 3.9000000000000007e-02 4.0000000000000001e-03  1.8291744092063117e-03
-3.9000000000000000e-02 4.2000000000000010e-02 4.0000000000000001e-03  1.9048993403357598e-03
-3.9000000000000000e-02 4.4999999999999998e-02 4.0000000000000001e-03  1.9764775762783193e-03
-3.5999999999999997e-02 -4.4999999999999998e-02 4.0000000000000001e-03  2.1093187494778012e-03
-3.5999999999999997e-02 -4.1999999999999996e-02 4.0000000000000001e-03  2.0107331251652339e-03
-3.5999999999999997e-02 -3.9000000000000000e-02 4.0000000000000001e-03  1.8914251926436564e-03
-3.5999999999999997e-02 -3.5999999999999997e-02 4.0000000000000001e-03  1.7902579395546519e-03
-3.5999999999999997e-02 -3.3000000000000002e-02 4.0000000000000001e-03  1.7069367061861298e-03
-3.5999999999999997e-02 -2.9999999999999999e-02 4.0000000000000001e-03  1.6556834063328092e-03
-3.5999999999999997e-02 -2.6999999999999996e-02 4.0000000000000001e-03  1.6202788765957382e-03
-3.5999999999999997e-02 -2.3999999999999997e-02 4.0000000000000001e-03  1.5935892616550657e-03
-3.5999999999999997e-02 -2.0999999999999998e-02 4.0000000000000001e-03  1.5757037095311239e-03
-3.5999999999999997e-02 -1.7999999999999999e-02 4.0000000000000001e-03  1.5606990597751831e-03
-3.5999999999999997e-02 -1.4999999999999999e-02 4.0000000000000001e-03  1.5463632111465608e-03
-3.5999999999999997e-02 -1.1999999999999997e-02 4.0000000000000001e-03  1.5327124518058394e-03
-3.5999999999999997e-02 -8.9999999999999941e-03 4.0000000000000001e-03  1.5197663094123892e-03
-3.5999999999999997e-02 -5.9999999999999984e-03 4.0000000000000001e-03  1.5120120625660750e-03
-3.5999999999999997e-02 -2.9999999999999957e-03 4.0000000000000001e-03  1.4901769685323927e-03
-3.5999999999999997e-02 0.0000000000000000e+00 4.0000000000000001e-03  1.4961534145675884e-03
-3.5999999999999997e-02 3.0000000000000027e-03 4.0000000000000001e-03  1.4974332596620753e-03
-3.5999999999999997e-02 6.0000000000000053e-03 4.0000000000000001e-03  1.5010996136396635e-03
-3.5999999999999997e-02 9.0000000000000011e-03 4.0000000000000001e-03  1.5072411888955198e-03
-3.5999999999999997e-02 1.2000000000000004e-02 4.0000000000000001e-03  1.5233142368359959e-03
-3.5999999999999997e-02 1.4999999999999999e-02 4.0000000000000001e-03  1.5443659288555181e-03
-3.5999999999999997e-02 1.8000000000000002e-02 4.0000000000000001e-03  1.5670205125643897e-03
-3.5999999999999997e-02 2.1000000000000005e-02 4.0000000000000001e-03  1.5912882493793823e-03
-3.5999999999999997e-02 2.4000000000000007e-02 4.0000000000000001e-03  1.6171792518971026e-03
-3.5999999999999997e-02 2.7000000000000010e-02 4.0000000000000001e-03  1.6335173224766148e-03
-3.5999999999999997e-02 2.9999999999999999e-02 4.0000000000000001e-03  1.6518802278727175e-03
-3.5999999999999997e-02 3.3000000000000002e-02 4.0000000000000001e-03  1.6782873765807706e-03
-3.5999999999999997e-02 3.6000000000000004e-02 4.0000000000000001e-03  1.6988831323961034e-03
-3.5999999999999997e-02 3.9000000000000007e-02 4.0000000000000001e-03  1.7506578641164512e-03
-3.5999999999999997e-02 4.2000000000000010e-02 4.0000000000000001e-03  1.8118480121349370e-03
-3.5999999999999997e-02 4.4999999999999998e-02 4.0000000000000001e-03  1.9021400166091610e-03
-3.3000000000000002e-02 -4.4999999999999998e-02 4.0000000000000001e-03  2.0563806131158264e-03
-3.3000000000000002e-02 -4.1999999999999996e-02 4.0000000000000001e-03  1.9188720965834761e-03
-3.3000000000000002e-02 -3.9000000000000000e-02 4.0000000000000001e-03  1.8273260241036843e-03
-3.3000000000000002e-02 -3.5999999999999997e-02 4.0000000000000001e-03  1.7522036567598793e-03
-3.3000000000000002e-02 -3.3000000000000002e-02 4.0000000000000001e-03  1.6861320643500159e-03
-3.3000000000000002e-02 -2.9999999999999999e-02 4.0000000000000001e-03  1.6325369017941096e-03
-3.3000000000000002e-02 -2.6999999999999996e-02 4.0000000000000001e-03  1.5892831597930034e-03
-3.3000000000000002e-02 -2.3999999999999997e-02 4.0000000000000001e-03  1.5664541838002687e-03
-3.3000000000000002e-02 -2.0999999999999998e-02 4.0000000000000001e-03  1.5472943277364257e-03
-3.3000000000000002e-02 -1.7999999999999999e-02 4.0000000000000001e-03  1.5259525598780668e-03
-3.3000000000000002e-02 -1.4999999999999999e-02 4.0000000000000001e-03  1.5056783163981216e-03
-3.3000000000000002e-02 -1.1999999999999997e-02 4.0000000000000001e-03  1.4898841222641174e-03
-3.3000000000000002e-02 -8.9999999999999941e-03 4.0000000000000001e-03  1.4747401262370204e-03
-3.3000000000000002e-02 -5.9999999999999984e-03 4.0000000000000001e-03  1.4602647809206608e-03
-3.3000000000000002e-02 -2.9999999999999957e-03 4.0000000000000001e-03  1.4410364372642709e-03
-3.3000000000000002e-02 0.0000000000000000e+00 4.0000000000000001e-03  1.4424556717537210e-03
-3.3000000000000002e-02 3.0000000000000027e-03 4.0000000000000001e-03  1.4452737329510522e-03
-3.3000000000000002e-02 6.0000000000000053e-03 4.0000000000000001e-03  1.4505892122481927e-03
-3.3000000000000002e-02 9.0000000000000011e-03 4.0000000000000001e-03  1.4635234051732760e-03
-3.3000000000000002e-02 1.2000000000000004e-02 4.0000000000000001e-03  1.4787942042690284e-03
-3.3000000000000002e-02 1.4999999999999999e-02 4.0000000000000001e-03  1.4956113100839130e-03
-3.3000000000000002e-02 1.8000000000000002e-02 4.0000000000000001e-03  1.5139864047769781e-03
-3.3000000000000002e-02 2.1000000000000005e-02 4.0000000000000001e-03  1.5339310216871058e-03
-3.3000000000000002e-02 2.4000000000000007e-02 4.0000000000000001e-03  1.5544823260989393e-03
-3.3000000000000002e-02 2.7000000000000010e-02 4.0000000000000001e-03  1.5720020246187711e-03
-3.3000000000000002e-02 2.9999999999999999e-02 4.0000000000000001e-03  1.5927327091481761e-03
-3.3000000000000002e-02 3.3000000000000002e-02 4.0000000000000001e-03  1.6215686576973160e-03
-3.3000000000000002e-02 3.6000000000000004e-02 4.0000000000000001e-03  1.6656506259978574e-03
-3.3000000000000002e-02 3.9000000000000007e-02 4.0000000000000001e-03  1.7111953807745538e-03
-3.3000000000000002e-02 4.2000000000000010e-02 4.0000000000000001e-03  1.7725848096075251e-03
-3.3000000000000002e-02 4.4999999999999998e-02 4.0000000000000001e-03  1.8778043724858081e-03
-2.9999999999999999e-02 -4.4999999999999998e-02 4.0000000000000001e-03  2.0454390813675442e-03
-2.9999999999999999e-02 -4.1999999999999996e-02 4.0000000000000001e-03  1.9384489925342769e-03
-2.9999999999999999e-02 -3.9000000000000000e-02 4.0000000000000001e-03  1.8436389859087588e-03
-2.9999999999999999e-02 -3.5999999999999997e-02 4.0000000000000001e-03  1.7603332690402189e-03
-2.9999999999999999e-02 -3.3000000000000002e-02 4.0000000000000001e-03  1.6878419630860647e-03
-2.9999999999999999e-02 -2.9999999999999999e-02 4.0000000000000001e-03  1.6254611028118839e-03
-2.9999999999999999e-02 -2.6999999999999996e-02 4.0000000000000001e-03  1.5724726365914251e-03
-2.9999999999999999e-02 -2.3999999999999997e-02 4.0000000000000001e-03  1.5373213296396384e-03
-2.9999999999999999e-02 -2.0999999999999998e-02 4.0000000000000001e-03  1.5244101070640112e-03
-2.9999999999999999e-02 -1.7999999999999999e-02 4.0000000000000001e-03  1.5054171815304515e-03
-2.9999999999999999e-02 -1.4999999999999999e-02 4.0000000000000001e-03  1.4853004575293696e-03
-2.9999999999999999e-02 -1.1999999999999997e-02 4.0000000000000001e-03  1.4651546648676002e-03
-2.9999999999999999e-02 -8.9999999999999941e-03 4.0000000000000001e-03  1.4449921340505044e-03
-2.9999999999999999e-02 -5.9999999999999984e-03 4.0000000000000001e-03  1.4266997796035612e-03
-2.9999999999999999e-02 -2.9999999999999957e-03 4.0000000000000001e-03  1.4100197781915990e-03
-2.9999999999999999e-02 0.0000000000000000e+00 4.0000000000000001e-03  1.4061776251418699e-03
-2.9999999999999999e-02 3.0000000000000027e-03 4.0000000000000001e-03  1.4107387170464942e-03
-2.9999999999999999e-02 6.0000000000000053e-03 4.0000000000000001e-03  1.4190358658164141e-03
-2.9999999999999999e-02 9.0000000000000011e-03 4.0000000000000001e-03  1.4288067587011604e-03
-2.9999999999999999e-02 1.2000000000000004e-02 4.0000000000000001e-03  1.4400646474222124e-03
-2.9999999999999999e-02 1.4999999999999999e-02 4.0000000000000001e-03  1.4528226348808964e-03
-2.9999999999999999e-02 1.8000000000000002e-02 4.0000000000000001e-03  1.4670936751583639e-03
-2.9999999999999999e-02 2.1000000000000005e-02 4.0000000000000001e-03  1.4828905735156084e-03
-2.9999999999999999e-02 2.4000000000000007e-02 4.0000000000000001e-03  1.5002481185980264e-03
-2.9999999999999999e-02 2.7000000000000010e-02 4.0000000000000001e-03  1.5186859370560958e-03
-2.9999999999999999e-02 2.9999999999999999e-02 4.0000000000000001e-03  1.5410898975299744e-03
-2.9999999999999999e-02 3.3000000000000002e-02 4.0000000000000001e-03  1.5750232130762485e-03
-2.9999999999999999e-02 3.6000000000000004e-02 4.0000000000000001e-03  1.6242027463526792e-03
-2.9999999999999999e-02 3.9000000000000007e-02 4.0000000000000001e-03  1.6783278400390492e-03
-2.9999999999999999e-02 4.2000000000000010e-02 4.0000000000000001e-03  1.7257130396900072e-03
-2.9999999999999999e-02 4.4999999999999998e-02 4.0000000000000001e-03  1.8231409186370779e-03
-2.6999999999999996e-02 -4.4999999999999998e-02 4.0000000000000001e-03  2.0592895238074954e-03
-2.6999999999999996e-02 -4.1999999999999996e-02 4.0000000000000001e-03  1.9421535533535093e-03
-2.6999999999999996e-02 -3.9000000000000000e-02 4.0000000000000001e-03  1.8371324616544705e-03
-2.6999999999999996e-02 -3.5999999999999997e-02 4.0000000000000001e-03  1.7435822404145232e-03
-2.6999999999999996e-02 -3.3000000000000002e-02 4.0000000000000001e-03  1.6608447949459863e-03
-2.6999999999999996e-02 -2.9999999999999999e-02 4.0000000000000001e-03  1.5882479441693413e-03
-2.6999999999999996e-02 -2.6999999999999996e-02 4.0000000000000001e-03  1.5323332274811816e-03
-2.6999999999999996e-02 -2.3999999999999997e-02 4.0000000000000001e-03  1.5053540643838244e-03
-2.6999999999999996e-02 -2.0999999999999998e-02 4.0000000000000001e-03  1.4960558522636635e-03
-2.6999999999999996e-02 -1.7999999999999999e-02 4.0000000000000001e-03  1.4849513810667569e-03
-2.6999999999999996e-02 -1.4999999999999999e-02 4.0000000000000001e-03  1.4660562973196887e-03
-2.6999999999999996e-02 -1.1999999999999997e-02 4.0000000000000001e-03  1.4471669917582074e-03
-2.6999999999999996e-02 -8.9999999999999941e-03 4.0000000000000001e-03  1.4282689575648596e-03
-2.6999999999999996e-02 -5.9999999999999984e-03 4.0000000000000001e-03  1.4093732815756502e-03
-2.6999999999999996e-02 -2.9999999999999957e-03 4.0000000000000001e-03  1.3918175799831872e-03
-2.6999999999999996e-02 0.0000000000000000e+00 4.0000000000000001e-03  1.3854776429590328e-03
-2.6999999999999996e-02 3.0000000000000027e-03 4.0000000000000001e-03  1.3886337575570705e-03
-2.6999999999999996e-02 6.0000000000000053e-03 4.0000000000000001e-03  1.3931752811083829e-03
-2.6999999999999996e-02 9.0000000000000011e-03 4.0000000000000001e-03  1.3991417637005685e-03
-2.6999999999999996e-02 1.2000000000000004e-02 4.0000000000000001e-03  1.4065477289772219e-03
-2.6999999999999996e-02 1.4999999999999999e-02 4.0000000000000001e-03  1.4154075517617698e-03
-2.6999999999999996e-02 1.8000000000000002e-02 4.0000000000000001e-03  1.4257354580574791e-03
-2.6999999999999996e-02 2.1000000000000005e-02 4.0000000000000001e-03  1.4375455250474486e-03
-2.6999999999999996e-02 2.4000000000000007e-02 4.0000000000000001e-03  1.4536683057253914e-03
-2.6999999999999996e-02 2.7000000000000010e-02 4.0000000000000001e-03  1.4727540899666805e-03
-2.6999999999999996e-02 2.9999999999999999e-02 4.0000000000000001e-03  1.4968684054687948e-03
-2.6999999999999996e-02 3.3000000000000002e-02 4.0000000000000001e-03  1.5356648651540063e-03
-2.6999999999999996e-02 3.6000000000000004e-02 4.0000000000000001e-03  1.5795550133699389e-03
-2.6999999999999996e-02 3.9000000000000007e-02 4.0000000000000001e-03  1.6526863789756805e-03
-2.6999999999999996e-02 4.2000000000000010e-02 4.0000000000000001e-03  1.7424375083287097e-03
-2.6999999999999996e-02 4.4999999999999998e-02 4.0000000000000001e-03  1.8036473144449905e-03
-2.3999999999999997e-02 -4.4999999999999998e-02 4.0000000000000001e-03  2.0634793190779091e-03
-2.3999999999999997e-02 -4.1999999999999996e-02 4.0000000000000001e-03  1.9361063382796458e-03
-2.3999999999999997e-02 -3.9000000000000000e-02 4.0000000000000001e-03  1.8207977194137565e-03
-2.3999999999999997e-02 -3.5999999999999997e-02 4.0000000000000001e-03  1.7169412383392908e-03
-2.3999999999999997e-02 -3.3000000000000002e-02 4.0000000000000001e-03  1.6239105845234695e-03
-2.3999999999999997e-02 -2.9999999999999999e-02 4.0000000000000001e-03  1.5443807819787003e-03
-2.3999999999999997e-02 -2.6999999999999996e-02 4.0000000000000001e-03  1.5047015497650933e-03
-2.3999999999999997e-02 -2.3999999999999997e-02 4.0000000000000001e-03  1.4770381569405209e-03
-2.3999999999999997e-02 -2.0999999999999998e-02 4.0000000000000001e-03  1.4678975003797642e-03
-2.3999999999999997e-02 -1.7999999999999999e-02 4.0000000000000001e-03  1.4586523468585525e-03
-2.3999999999999997e-02 -1.4999999999999999e-02 4.0000000000000001e-03  1.4396064828176862e-03
-2.3999999999999997e-02 -1.1999999999999997e-02 4.0000000000000001e-03  1.4291694651557218e-03
-2.3999999999999997e-02 -8.9999999999999941e-03 4.0000000000000001e-03  1.4115274756205244e-03
-2.3999999999999997e-02 -5.9999999999999984e-03 4.0000000000000001e-03  1.3938766942525383e-03
-2.3999999999999997e-02 -2.9999999999999957e-03 4.0000000000000001e-03  1.3762429916840345e-03
-2.3999999999999997e-02 0.0000000000000000e+00 4.0000000000000001e-03  1.3690183725816585e-03
-2.3999999999999997e-02 3.0000000000000027e-03 4.0000000000000001e-03  1.3713291290415931e-03
-2.3999999999999997e-02 6.0000000000000053e-03 4.0000000000000001e-03  1.3731837823586534e-03
-2.3999999999999997e-02 9.0000000000000011e-03 4.0000000000000001e-03  1.3745825113392026e-03
-2.3999999999999997e-02 1.2000000000000004e-02 4.0000000000000001e-03  1.3777447691595607e-03
-2.3999999999999997e-02 1.4999999999999999e-02 4.0000000000000001e-03  1.3828528667856708e-03
-2.3999999999999997e-02 1.8000000000000002e-02 4.0000000000000001e-03  1.3893840453670890e-03
-2.3999999999999997e-02 2.1000000000000005e-02 4.0000000000000001e-03  1.3973536540090280e-03
-2.3999999999999997e-02 2.4000000000000007e-02 4.0000000000000001e-03  1.4139874888489535e-03
-2.3999999999999997e-02 2.7000000000000010e-02 4.0000000000000001e-03  1.4356052343830739e-03
-2.3999999999999997e-02 2.9999999999999999e-02 4.0000000000000001e-03  1.4595421418170231e-03
-2.3999999999999997e-02 3.3000000000000002e-02 4.0000000000000001e-03  1.4929909607438298e-03
-2.3999999999999997e-02 3.6000000000000004e-02 4.0000000000000001e-03  1.5516589020107452e-03
-2.3999999999999997e-02 3.9000000000000007e-02 4.0000000000000001e-03  1.6338052835372910e-03
-2.3999999999999997e-02 4.2000000000000010e-02 4.0000000000000001e-03  1.7252485428257537e-03
-2.3999999999999997e-02 4.4999999999999998e-02 4.0000000000000001e-03  1.8259798399915196e-03
-2.0999999999999998e-02 -4.4999999999999998e-02 4.0000000000000001e-03  2.0579960226865292e-03
-2.0999999999999998e-02 -4.1999999999999996e-02 4.0000000000000001e-03  1.9203032325666933e-03
-2.0999999999999998e-02 -3.9000000000000000e-02 4.0000000000000001e-03  1.7946389741868749e-03
-2.0999999999999998e-02 -3.5999999999999997e-02 4.0000000000000001e-03  1.6804228075610282e-03
-2.0999999999999998e-02 -3.3000000000000002e-02 4.0000000000000001e-03  1.5770602063112781e-03
-2.0999999999999998e-02 -2.9999999999999999e-02 4.0000000000000001e-03  1.5217856404868449e-03
-2.0999999999999998e-02 -2.6999999999999996e-02 4.0000000000000001e-03  1.4805681325933226e-03
-2.0999999999999998e-02 -2.3999999999999997e-02 4.0000000000000001e-03  1.4523616748598046e-03
-2.0999999999999998e-02 -2.0999999999999998e-02 4.0000000000000001e-03  1.4433780544275963e-03
-2.0999999999999998e-02 -1.7999999999999999e-02 4.0000000000000001e-03  1.4342896312357467e-03
-2.0999999999999998e-02 -1.4999999999999999e-02 4.0000000000000001e-03  1.4080721716341971e-03
-2.0999999999999998e-02 -1.1999999999999997e-02 4.0000000000000001e-03  1.3953068440320381e-03
-2.0999999999999998e-02 -8.9999999999999941e-03 4.0000000000000001e-03  1.3860748325078679e-03
-2.0999999999999998e-02 -5.9999999999999984e-03 4.0000000000000001e-03  1.3752663081535539e-03
-2.0999999999999998e-02 -2.9999999999999957e-03 4.0000000000000001e-03  1.3619625592637197e-03
-2.0999999999999998e-02 0.0000000000000000e+00 4.0000000000000001e-03  1.3532857654794382e-03
-2.0999999999999998e-02 3.0000000000000027e-03 4.0000000000000001e-03  1.3553994841448518e-03
-2.0999999999999998e-02 6.0000000000000053e-03 4.0000000000000001e-03  1.3570559905162589e-03
-2.0999999999999998e-02 9.0000000000000011e-03 4.0000000000000001e-03  1.3582542068091995e-03
-2.0999999999999998e-02 1.2000000000000004e-02 4.0000000000000001e-03  1.3589939285803239e-03
-2.0999999999999998e-02 1.4999999999999999e-02 4.0000000000000001e-03  1.3592758247273750e-03
-2.0999999999999998e-02 1.8000000000000002e-02 4.0000000000000001e-03  1.3591014374891835e-03
-2.0999999999999998e-02 2.1000000000000005e-02 4.0000000000000001e-03  1.3618518956705868e-03
-2.0999999999999998e-02 2.4000000000000007e-02 4.0000000000000001e-03  1.3870819692443433e-03
-2.0999999999999998e-02 2.7000000000000010e-02 4.0000000000000001e-03  1.4138433320977275e-03
-2.0999999999999998e-02 2.9999999999999999e-02 4.0000000000000001e-03  1.4311635486570569e-03
-2.0999999999999998e-02 3.3000000000000002e-02 4.0000000000000001e-03  1.4610800332361467e-03
-2.0999999999999998e-02 3.6000000000000004e-02 4.0000000000000001e-03  1.5361629929481302e-03
-2.0999999999999998e-02 3.9000000000000007e-02 4.0000000000000001e-03  1.6199917081067801e-03
-2.0999999999999998e-02 4.2000000000000010e-02 4.0000000000000001e-03  1.7131979813566824e-03
-2.0999999999999998e-02 4.4999999999999998e-02 4.0000000000000001e-03  1.8157797294590535e-03
-1.7999999999999999e-02 -4.4999999999999998e-02 4.0000000000000001e-03  2.0428483458319320e-03
-1.7999999999999999e-02 -4.1999999999999996e-02 4.0000000000000001e-03  1.8947612771594855e-03
-1.7999999999999999e-02 -3.9000000000000000e-02 4.0000000000000001e-03  1.7586815966649100e-03
-1.7999999999999999e-02 -3.5999999999999997e-02 4.0000000000000001e-03  1.6340606485170713e-03
-1.7999999999999999e-02 -3.3000000000000002e-02 4.0000000000000001e-03  1.5559606369347112e-03
-1.7999999999999999e-02 -2.9999999999999999e-02 4.0000000000000001e-03  1.5026877151507643e-03
-1.7999999999999999e-02 -2.6999999999999996e-02 4.0000000000000001e-03  1.4599215301974475e-03
-1.7999999999999999e-02 -2.3999999999999997e-02 4.0000000000000001e-03  1.4313140956795948e-03
-1.7999999999999999e-02 -2.0999999999999998e-02 4.0000000000000001e-03  1.4224870347671098e-03
-1.7999999999999999e-02 -1.7999999999999999e-02 4.0000000000000001e-03  1.4135541442312734e-03
-1.7999999999999999e-02 -1.4999999999999999e-02 4.0000000000000001e-03  1.3874121419422197e-03
-1.7999999999999999e-02 -1.1999999999999997e-02 4.0000000000000001e-03  1.3648201559705326e-03
-1.7999999999999999e-02 -8.9999999999999941e-03 4.0000000000000001e-03  1.3583407698918616e-03
-1.7999999999999999e-02 -5.9999999999999984e-03 4.0000000000000001e-03  1.3503184948190888e-03
-1.7999999999999999e-02 -2.9999999999999957e-03 4.0000000000000001e-03  1.3407269545405687e-03
-1.7999999999999999e-02 0.0000000000000000e+00 4.0000000000000001e-03  1.3359793097282033e-03
-1.7999999999999999e-02 3.0000000000000027e-03 4.0000000000000001e-03  1.3391322539662623e-03
-1.7999999999999999e-02 6.0000000000000053e-03 4.0000000000000001e-03  1.3416708706105464e-03
-1.7999999999999999e-02 9.0000000000000011e-03 4.0000000000000001e-03  1.3426729566965142e-03
-1.7999999999999999e-02 1.2000000000000004e-02 4.0000000000000001e-03  1.3432141445544608e-03
-1.7999999999999999e-02 1.4999999999999999e-02 4.0000000000000001e-03  1.3432938464913015e-03
-1.7999999999999999e-02 1.8000000000000002e-02 4.0000000000000001e-03  1.3429123481550681e-03
-1.7999999999999999e-02 2.1000000000000005e-02 4.0000000000000001e-03  1.3468357583821416e-03
-1.7999999999999999e-02 2.4000000000000007e-02 4.0000000000000001e-03  1.3697619286277137e-03
-1.7999999999999999e-02 2.7000000000000010e-02 4.0000000000000001e-03  1.3875656197294875e-03
-1.7999999999999999e-02 2.9999999999999999e-02 4.0000000000000001e-03  1.4128576614336563e-03
-1.7999999999999999e-02 3.3000000000000002e-02 4.0000000000000001e-03  1.4438747375935218e-03
-1.7999999999999999e-02 3.6000000000000004e-02 4.0000000000000001e-03  1.5164326173273198e-03
-1.7999999999999999e-02 3.9000000000000007e-02 4.0000000000000001e-03  1.6005563655577388e-03
-1.7999999999999999e-02 4.2000000000000010e-02 4.0000000000000001e-03  1.6963258222622022e-03
-1.7999999999999999e-02 4.4999999999999998e-02 4.0000000000000001e-03  1.8038311402127207e-03
-1.4999999999999999e-02 -4.4999999999999998e-02 4.0000000000000001e-03  2.0180661554035149e-03
-1.4999999999999999e-02 -4.1999999999999996e-02 4.0000000000000001e-03  1.8595186686936674e-03
-1.4999999999999999e-02 -3.9000000000000000e-02 4.0000000000000001e-03  1.7129721132297662e-03
-1.4999999999999999e-02 -3.5999999999999997e-02 4.0000000000000001e-03  1.6083554882351226e-03
-1.4999999999999999e-02 -3.3000000000000002e-02 4.0000000000000001e-03  1.5418365560491989e-03
-1.4999999999999999e-02 -2.9999999999999999e-02 4.0000000000000001e-03  1.4870766540440938e-03
-1.4999999999999999e-02 -2.6999999999999996e-02 4.0000000000000001e-03  1.4427517211319865e-03
-1.4999999999999999e-02 -2.3999999999999997e-02 4.0000000000000001e-03  1.4138863069256525e-03
-1.4999999999999999e-02 -2.0999999999999998e-02 4.0000000000000001e-03  1.4052153717461040e-03
-1.4999999999999999e-02 -1.7999999999999999e-02 4.0000000000000001e-03  1.3959027675647696e-03
-1.4999999999999999e-02 -1.4999999999999999e-02 4.0000000000000001e-03  1.3704130084397496e-03
-1.4999999999999999e-02 -1.1999999999999997e-02 4.0000000000000001e-03  1.3482989389474497e-03
-1.4999999999999999e-02 -8.9999999999999941e-03 4.0000000000000001e-03  1.3339630980576979e-03
-1.4999999999999999e-02 -5.9999999999999984e-03 4.0000000000000001e-03  1.3286951543308712e-03
-1.4999999999999999e-02 -2.9999999999999957e-03 4.0000000000000001e-03  1.3218873787996051e-03
-1.4999999999999999e-02 0.0000000000000000e+00 4.0000000000000001e-03  1.3190825953527299e-03
-1.4999999999999999e-02 3.0000000000000027e-03 4.0000000000000001e-03  1.3212079603605125e-03
-1.4999999999999999e-02 6.0000000000000053e-03 4.0000000000000001e-03  1.3232105784729514e-03
-1.4999999999999999e-02 9.0000000000000011e-03 4.0000000000000001e-03  1.3250892805369294e-03
-1.4999999999999999e-02 1.2000000000000004e-02 4.0000000000000001e-03  1.3268430888398748e-03
-1.4999999999999999e-02 1.4999999999999999e-02 4.0000000000000001e-03  1.3280983872399972e-03
-1.4999999999999999e-02 1.8000000000000002e-02 4.0000000000000001e-03  1.3298225580290765e-03
-1.4999999999999999e-02 2.1000000000000005e-02 4.0000000000000001e-03  1.3365513621676460e-03
-1.4999999999999999e-02 2.4000000000000007e-02 4.0000000000000001e-03  1.3497731745086552e-03
-1.4999999999999999e-02 2.7000000000000010e-02 4.0000000000000001e-03  1.3756933076287850e-03
-1.4999999999999999e-02 2.9999999999999999e-02 4.0000000000000001e-03  1.4021595474176605e-03
-1.4999999999999999e-02 3.3000000000000002e-02 4.0000000000000001e-03  1.4293312799771628e-03
-1.4999999999999999e-02 3.6000000000000004e-02 4.0000000000000001e-03  1.4979382345755520e-03
-1.4999999999999999e-02 3.9000000000000007e-02 4.0000000000000001e-03  1.5794209750248074e-03
-1.4999999999999999e-02 4.2000000000000010e-02 4.0000000000000001e-03  1.6725465348977873e-03
-1.4999999999999999e-02 4.4999999999999998e-02 4.0000000000000001e-03  1.7774046724704207e-03
-1.1999999999999997e-02 -4.4999999999999998e-02 4.0000000000000001e-03  1.9837004739815087e-03
-1.1999999999999997e-02 -4.1999999999999996e-02 4.0000000000000001e-03  1.8146347594957223e-03
-1.1999999999999997e-02 -3.9000000000000000e-02 4.0000000000000001e-03  1.6800588431413368e-03
-1.1999999999999997e-02 -3.5999999999999997e-02 4.0000000000000001e-03  1.5991305058202594e-03
-1.1999999999999997e-02 -3.3000000000000002e-02 4.0000000000000001e-03  1.5312033745089996e-03
-1.1999999999999997e-02 -2.9999999999999999e-02 4.0000000000000001e-03  1.4749435295634259e-03
-1.1999999999999997e-02 -2.6999999999999996e-02 4.0000000000000001e-03  1.4290501082744073e-03
-1.1999999999999997e-02 -2.3999999999999997e-02 4.0000000000000001e-03  1.4000706061115845e-03
-1.1999999999999997e-02 -2.0999999999999998e-02 4.0000000000000001e-03  1.3915554057002239e-03
-1.1999999999999997e-02 -1.7999999999999999e-02 4.0000000000000001e-03  1.3817297531905947e-03
-1.1999999999999997e-02 -1.4999999999999999e-02 4.0000000000000001e-03  1.3570672670255525e-03
-1.1999999999999997e-02 -1.1999999999999997e-02 4.0000000000000001e-03  1.3357801485702320e-03
-1.1999999999999997e-02 -8.9999999999999941e-03 4.0000000000000001e-03  1.3178681149459933e-03
-1.1999999999999997e-02 -5.9999999999999984e-03 4.0000000000000001e-03  1.3104112876081524e-03
-1.1999999999999997e-02 -2.9999999999999957e-03 4.0000000000000001e-03  1.3063629789795239e-03
-1.1999999999999997e-02 0.0000000000000000e+00 4.0000000000000001e-03  1.3049137461833827e-03
-1.1999999999999997e-02 3.0000000000000027e-03 4.0000000000000001e-03  1.3060130421571350e-03
-1.1999999999999997e-02 6.0000000000000053e-03 4.0000000000000001e-03  1.3069908700054733e-03
-1.1999999999999997e-02 9.0000000000000011e-03 4.0000000000000001e-03  1.3078459519450690e-03
-1.1999999999999997e-02 1.2000000000000004e-02 4.0000000000000001e-03  1.3085772016331275e-03
-1.1999999999999997e-02 1.4999999999999999e-02 4.0000000000000001e-03  1.3164294442209686e-03
-1.1999999999999997e-02 1.8000000000000002e-02 4.0000000000000001e-03  1.3244082396819241e-03
-1.1999999999999997e-02 2.1000000000000005e-02 4.0000000000000001e-03  1.3312611488952471e-03
-1.1999999999999997e-02 2.4000000000000007e-02 4.0000000000000001e-03  1.3437561163246914e-03
-1.1999999999999997e-02 2.7000000000000010e-02 4.0000000000000001e-03  1.3679930103441874e-03
-1.1999999999999997e-02 2.9999999999999999e-02 4.0000000000000001e-03  1.3927510493778703e-03
-1.1999999999999997e-02 3.3000000000000002e-02 4.0000000000000001e-03  1.4181934865052273e-03
-1.1999999999999997e-02 3.6000000000000004e-02 4.0000000000000001e-03  1.4807881708430034e-03
-1.1999999999999997e-02 3.9000000000000007e-02 4.0000000000000001e-03  1.5596217209844034e-03
-1.1999999999999997e-02 4.2000000000000010e-02 4.0000000000000001e-03  1.6501178739741016e-03
-1.1999999999999997e-02 4.4999999999999998e-02 4.0000000000000001e-03  1.7608247716769340e-03
-8.9999999999999941e-03 -4.4999999999999998e-02 4.0000000000000001e-03  1.9398234798369599e-03
-8.9999999999999941e-03 -4.1999999999999996e-02 4.0000000000000001e-03  1.7721190500334279e-03
-8.9999999999999941e-03 -3.9000000000000000e-02 4.0000000000000001e-03  1.6756451146223987e-03
-8.9999999999999941e-03 -3.5999999999999997e-02 4.0000000000000001e-03  1.5934044435289916e-03
-8.9999999999999941e-03 -3.3000000000000002e-02 4.0000000000000001e-03  1.5240532585527665e-03
-8.9999999999999941e-03 -2.9999999999999999e-02 4.0000000000000001e-03  1.4662808384282846e-03
-8.9999999999999941e-03 -2.6999999999999996e-02 4.0000000000000001e-03  1.4188095188251155e-03
-8.9999999999999941e-03 -2.3999999999999997e-02 4.0000000000000001e-03  1.3898607007388462e-03
-8.9999999999999941e-03 -2.0999999999999998e-02 4.0000000000000001e-03  1.3815008869529524e-03
-8.9999999999999941e-03 -1.7999999999999999e-02 4.0000000000000001e-03  1.3712076469563940e-03
-8.9999999999999941e-03 -1.4999999999999999e-02 4.0000000000000001e-03  1.3473688755702195e-03
-8.9999999999999941e-03 -1.1999999999999997e-02 4.0000000000000001e-03  1.3269051236471422e-03
-8.9999999999999941e-03 -8.9999999999999941e-03 4.0000000000000001e-03  1.3098165221437127e-03
-8.9999999999999941e-03 -5.9999999999999984e-03 4.0000000000000001e-03  1.2961080140914713e-03
-8.9999999999999941e-03 -2.9999999999999957e-03 4.0000000000000001e-03  1.2941637611725669e-03
-8.9999999999999941e-03 0.0000000000000000e+00 4.0000000000000001e-03  1.2934832853277272e-03
-8.9999999999999941e-03 3.0000000000000027e-03 4.0000000000000001e-03  1.2935586570807346e-03
-8.9999999999999941e-03 6.0000000000000053e-03 4.0000000000000001e-03  1.2935141247254075e-03
-8.9999999999999941e-03 9.0000000000000011e-03 4.0000000000000001e-03  1.2975978201326464e-03
-8.9999999999999941e-03 1.2000000000000004e-02 4.0000000000000001e-03  1.3044612902399456e-03
-8.9999999999999941e-03 1.4999999999999999e-02 4.0000000000000001e-03  1.3128121667102463e-03
-8.9999999999999941e-03 1.8000000000000002e-02 4.0000000000000001e-03  1.3212153311265773e-03
-8.9999999999999941e-03 2.1000000000000005e-02 4.0000000000000001e-03  1.3282168443584897e-03
-8.9999999999999941e-03 2.4000000000000007e-02 4.0000000000000001e-03  1.3390586286625491e-03
-8.9999999999999941e-03 2.7000000000000010e-02 4.0000000000000001e-03  1.3616009583898819e-03
-8.9999999999999941e-03 2.9999999999999999e-02 4.0000000000000001e-03  1.3846377407853907e-03
-8.9999999999999941e-03 3.3000000000000002e-02 4.0000000000000001e-03  1.4083360959061732e-03
-8.9999999999999941e-03 3.6000000000000004e-02 4.0000000000000001e-03  1.4649855892864866e-03
-8.9999999999999941e-03 3.9000000000000007e-02 4.0000000000000001e-03  1.5401997050106333e-03
-8.9999999999999941e-03 4.2000000000000010e-02 4.0000000000000001e-03  1.6329718694269161e-03
-8.9999999999999941e-03 4.4999999999999998e-02 4.0000000000000001e-03  1.7477753131040217e-03
-5.9999999999999984e-03 -4.4999999999999998e-02 4.0000000000000001e-03  1.8865285069317463e-03
-5.9999999999999984e-03 -4.1999999999999996e-02 4.0000000000000001e-03  1.7724156322408823e-03
-5.9999999999999984e-03 -3.9000000000000000e-02 4.0000000000000001e-03  1.6747423126677158e-03
-5.9999999999999984e-03 -3.5999999999999997e-02 4.0000000000000001e-03  1.5911705614420353e-03
-5.9999999999999984e-03 -3.3000000000000002e-02 4.0000000000000001e-03  1.5203797987420932e-03
-5.9999999999999984e-03 -2.9999999999999999e-02 4.0000000000000001e-03  1.4610825016811446e-03
-5.9999999999999984e-03 -2.6999999999999996e-02 4.0000000000000001e-03  1.4120242043074538e-03
-5.9999999999999984e-03 -2.3999999999999997e-02 4.0000000000000001e-03  1.3832517082967295e-03
-5.9999999999999984e-03 -2.0999999999999998e-02 4.0000000000000001e-03  1.3750469758156208e-03
-5.9999999999999984e-03 -1.7999999999999999e-02 4.0000000000000001e-03  1.3643314475844633e-03
-5.9999999999999984e-03 -1.4999999999999999e-02 4.0000000000000001e-03  1.3413132539161694e-03
-5.9999999999999984e-03 -1.1999999999999997e-02 4.0000000000000001e-03  1.3216697051407248e-03
-5.9999999999999984e-03 -8.9999999999999941e-03 4.0000000000000001e-03  1.3054013460498733e-03
-5.9999999999999984e-03 -5.9999999999999984e-03 4.0000000000000001e-03  1.2925135335103372e-03
-5.9999999999999984e-03 -2.9999999999999957e-03 4.0000000000000001e-03  1.2853023862664499e-03
-5.9999999999999984e-03 0.0000000000000000e+00 4.0000000000000001e-03  1.2848074197590463e-03
-5.9999999999999984e-03 3.0000000000000027e-03 4.0000000000000001e-03  1.2858826929997137e-03
-5.9999999999999984e-03 6.0000000000000053e-03 4.0000000000000001e-03  1.2897236384214249e-03
-5.9999999999999984e-03 9.0000000000000011e-03 4.0000000000000001e-03  1.2950615923842559e-03
-5.9999999999999984e-03 1.2000000000000004e-02 4.0000000000000001e-03  1.3018900057984314e-03
-5.9999999999999984e-03 1.4999999999999999e-02 4.0000000000000001e-03  1.3102046543431447e-03
-5.9999999999999984e-03 1.8000000000000002e-02 4.0000000000000001e-03  1.3189999807089721e-03
-5.9999999999999984e-03 2.1000000000000005e-02 4.0000000000000001e-03  1.3261510205998730e-03
-5.9999999999999984e-03 2.4000000000000007e-02 4.0000000000000001e-03  1.3356865639790577e-03
-5.9999999999999984e-03 2.7000000000000010e-02 4.0000000000000001e-03  1.3565233520576555e-03
-5.9999999999999984e-03 2.9999999999999999e-02 4.0000000000000001e-03  1.3778261697669752e-03
-5.9999999999999984e-03 3.3000000000000002e-02 4.0000000000000001e-03  1.3997660041417215e-03
-5.9999999999999984e-03 3.6000000000000004e-02 4.0000000000000001e-03  1.4437172516056523e-03
-5.9999999999999984e-03 3.9000000000000007e-02 4.0000000000000001e-03  1.5185674323887112e-03
-5.9999999999999984e-03 4.2000000000000010e-02 4.0000000000000001e-03  1.6154562264506960e-03
-5.9999999999999984e-03 4.4999999999999998e-02 4.0000000000000001e-03  1.7347049520223179e-03
-2.9999999999999957e-03 -4.4999999999999998e-02 4.0000000000000001e-03  1.8904370080878004e-03
-2.9999999999999957e-03 -4.1999999999999996e-02 4.0000000000000001e-03  1.7762391331156400e-03
-2.9999999999999957e-03 -3.9000000000000000e-02 4.0000000000000001e-03  1.6773447912000776e-03
-2.9999999999999957e-03 -3.5999999999999997e-02 4.0000000000000001e-03  1.5924235439630514e-03
-2.9999999999999957e-03 -3.3000000000000002e-02 4.0000000000000001e-03  1.5201780099615141e-03
-2.9999999999999957e-03 -2.9999999999999999e-02 4.0000000000000001e-03  1.4593438646874201e-03
-2.9999999999999957e-03 -2.6999999999999996e-02 4.0000000000000001e-03  1.4086898405677221e-03
-2.9999999999999957e-03 -2.3999999999999997e-02 4.0000000000000001e-03  1.3802401562623705e-03
-2.9999999999999957e-03 -2.0999999999999998e-02 4.0000000000000001e-03  1.3721902425874006e-03
-2.9999999999999957e-03 -1.7999999999999999e-02 4.0000000000000001e-03  1.3610976157689195e-03
-2.9999999999999957e-03 -1.4999999999999999e-02 4.0000000000000001e-03  1.3388972838776414e-03
-2.9999999999999957e-03 -1.1999999999999997e-02 4.0000000000000001e-03  1.3200711959853481e-03
-2.9999999999999957e-03 -8.9999999999999941e-03 4.0000000000000001e-03  1.3046203107189643e-03
-2.9999999999999957e-03 -5.9999999999999984e-03 4.0000000000000001e-03  1.2925503987804038e-03
-2.9999999999999957e-03 -2.9999999999999957e-03 4.0000000000000001e-03  1.2819847766999616e-03
-2.9999999999999957e-03 0.0000000000000000e+00 4.0000000000000001e-03  1.2819915093399308e-03
-2.9999999999999957e-03 3.0000000000000027e-03 4.0000000000000001e-03  1.2844232225249614e-03
-2.9999999999999957e-03 6.0000000000000053e-03 4.0000000000000001e-03  1.2882327751639030e-03
-2.9999999999999957e-03 9.0000000000000011e-03 4.0000000000000001e-03  1.2935368409088418e-03
-2.9999999999999957e-03 1.2000000000000004e-02 4.0000000000000001e-03  1.3003298778789057e-03
-2.9999999999999957e-03 1.4999999999999999e-02 4.0000000000000001e-03  1.3086086689622072e-03
-2.9999999999999957e-03 1.8000000000000002e-02 4.0000000000000001e-03  1.3177646290054841e-03
-2.9999999999999957e-03 2.1000000000000005e-02 4.0000000000000001e-03  1.3250663110498421e-03
-2.9999999999999957e-03 2.4000000000000007e-02 4.0000000000000001e-03  1.3336467493866939e-03
-2.9999999999999957e-03 2.7000000000000010e-02 4.0000000000000001e-03  1.3527673662949535e-03
-2.9999999999999957e-03 2.9999999999999999e-02 4.0000000000000001e-03  1.3723238591050362e-03
-2.9999999999999957e-03 3.3000000000000002e-02 4.0000000000000001e-03  1.4032501513837109e-03
-2.9999999999999957e-03 3.6000000000000004e-02 4.0000000000000001e-03  1.4410920705212123e-03
-2.9999999999999957e-03 3.9000000000000007e-02 4.0000000000000001e-03  1.4988255122746891e-03
-2.9999999999999957e-03 4.2000000000000010e-02 4.0000000000000001e-03  1.5979383098948822e-03
-2.9999999999999957e-03 4.4999999999999998e-02 4.0000000000000001e-03  1.7220831152999873e-03
0.0000000000000000e+00 -4.4999999999999998e-02 4.0000000000000001e-03  1.8884369633758223e-03
0.0000000000000000e+00 -4.1999999999999996e-02 4.0000000000000001e-03  1.7835850004225520e-03
0.0000000000000000e+00 -3.9000000000000000e-02 4.0000000000000001e-03  1.6834483284651998e-03
0.0000000000000000e+00 -3.5999999999999997e-02 4.0000000000000001e-03  1.5971594998186419e-03
0.0000000000000000e+00 -3.3000000000000002e-02 4.0000000000000001e-03  1.5234443314185127e-03
0.0000000000000000e+00 -2.9999999999999999e-02 4.0000000000000001e-03  1.4610616971354631e-03
0.0000000000000000e+00 -2.6999999999999996e-02 4.0000000000000001e-03  1.4088035277751477e-03
0.0000000000000000e+00 -2.3999999999999997e-02 4.0000000000000001e-03  1.3808239821007518e-03
0.0000000000000000e+00 -2.0999999999999998e-02 4.0000000000000001e-03  1.3729286675553112e-03
0.0000000000000000e+00 -1.7999999999999999e-02 4.0000000000000001e-03  1.3615040741757009e-03
0.0000000000000000e+00 -1.4999999999999999e-02 4.0000000000000001e-03  1.3401193092407030e-03
0.0000000000000000e+00 -1.1999999999999997e-02 4.0000000000000001e-03  1.3221015547709920e-03
0.0000000000000000e+00 -8.9999999999999941e-03 4.0000000000000001e-03  1.3062819048776620e-03
0.0000000000000000e+00 -5.9999999999999984e-03 4.0000000000000001e-03  1.2918227301859028e-03
0.0000000000000000e+00 -2.9999999999999957e-03 4.0000000000000001e-03  1.2787381887276470e-03
0.0000000000000000e+00 0.0000000000000000e+00 4.0000000000000001e-03  1.2784869868692342e-03
0.0000000000000000e+00 3.0000000000000027e-03 4.0000000000000001e-03  1.2825961984744695e-03
0.0000000000000000e+00 6.0000000000000053e-03 4.0000000000000001e-03  1.2874503523511789e-03
0.0000000000000000e+00 9.0000000000000011e-03 4.0000000000000001e-03  1.2930249521170257e-03
0.0000000000000000e+00 1.2000000000000004e-02 4.0000000000000001e-03  1.2997828674618896e-03
0.0000000000000000e+00 1.4999999999999999e-02 4.0000000000000001e-03  1.3080267461178428e-03
0.0000000000000000e+00 1.8000000000000002e-02 4.0000000000000001e-03  1.3175126301549081e-03
0.0000000000000000e+00 2.1000000000000005e-02 4.0000000000000001e-03  1.3249662627012697e-03
0.0000000000000000e+00 2.4000000000000007e-02 4.0000000000000001e-03  1.3336283592978711e-03
0.0000000000000000e+00 2.7000000000000010e-02 4.0000000000000001e-03  1.3503411507048812e-03
0.0000000000000000e+00 2.9999999999999999e-02 4.0000000000000001e-03  1.3707777293126267e-03
0.0000000000000000e+00 3.3000000000000002e-02 4.0000000000000001e-03  1.4133844367173660e-03
0.0000000000000000e+00 3.6000000000000004e-02 4.0000000000000001e-03  1.4500582202659664e-03
0.0000000000000000e+00 3.9000000000000007e-02 4.0000000000000001e-03  1.5026868328467853e-03
0.0000000000000000e+00 4.2000000000000010e-02 4.0000000000000001e-03  1.5886836650142726e-03
0.0000000000000000e+00 4.4999999999999998e-02 4.0000000000000001e-03  1.7106780398792952e-03
3.0000000000000027e-03 -4.4999999999999998e-02 4.0000000000000001e-03  1.8770812043676312e-03
3.0000000000000027e-03 -4.1999999999999996e-02 4.0000000000000001e-03  1.7664864867934489e-03
3.0000000000000027e-03 -3.9000000000000000e-02 4.0000000000000001e-03  1.6701067828722702e-03
3.0000000000000027e-03 -3.5999999999999997e-02 4.0000000000000001e-03  1.5927948644931522e-03
3.0000000000000027e-03 -3.3000000000000002e-02 4.0000000000000001e-03  1.5255112652484996e-03
3.0000000000000027e-03 -2.9999999999999999e-02 4.0000000000000001e-03  1.4662341930365775e-03
3.0000000000000027e-03 -2.6999999999999996e-02 4.0000000000000001e-03  1.4123637904219122e-03
3.0000000000000027e-03 -2.3999999999999997e-02 4.0000000000000001e-03  1.3850025332647000e-03
3.0000000000000027e-03 -2.0999999999999998e-02 4.0000000000000001e-03  1.3772616409942116e-03
3.0000000000000027e-03 -1.7999999999999999e-02 4.0000000000000001e-03  1.3666370464401867e-03
3.0000000000000027e-03 -1.4999999999999999e-02 4.0000000000000001e-03  1.3465130073586251e-03
3.0000000000000027e-03 -1.1999999999999997e-02 4.0000000000000001e-03  1.3277352510102302e-03
3.0000000000000027e-03 -8.9999999999999941e-03 4.0000000000000001e-03  1.3103097904334094e-03
3.0000000000000027e-03 -5.9999999999999984e-03 4.0000000000000001e-03  1.2942471057861872e-03
3.0000000000000027e-03 -2.9999999999999957e-03 4.0000000000000001e-03  1.2795621443462072e-03
3.0000000000000027e-03 0.0000000000000000e+00 4.0000000000000001e-03  1.2789962965106126e-03
3.0000000000000027e-03 3.0000000000000027e-03 4.0000000000000001e-03  1.2835094248376975e-03
3.0000000000000027e-03 6.0000000000000053e-03 4.0000000000000001e-03  1.2887681997872883e-03
3.0000000000000027e-03 9.0000000000000011e-03 4.0000000000000001e-03  1.2947608218937625e-03
3.0000000000000027e-03 1.2000000000000004e-02 4.0000000000000001e-03  1.3014801805444900e-03
3.0000000000000027e-03 1.4999999999999999e-02 4.0000000000000001e-03  1.3089238539798426e-03
3.0000000000000027e-03 1.8000000000000002e-02 4.0000000000000001e-03  1.3181606656999141e-03
3.0000000000000027e-03 2.1000000000000005e-02 4.0000000000000001e-03  1.3258553361094518e-03
3.0000000000000027e-03 2.4000000000000007e-02 4.0000000000000001e-03  1.3346720525742413e-03
3.0000000000000027e-03 2.7000000000000010e-02 4.0000000000000001e-03  1.3492538295462001e-03
3.0000000000000027e-03 2.9999999999999999e-02 4.0000000000000001e-03  1.3831553000489139e-03
3.0000000000000027e-03 3.3000000000000002e-02 4.0000000000000001e-03  1.4244156925257638e-03
3.0000000000000027e-03 3.6000000000000004e-02 4.0000000000000001e-03  1.4603434517592813e-03
3.0000000000000027e-03 3.9000000000000007e-02 4.0000000000000001e-03  1.5079218553174091e-03
3.0000000000000027e-03 4.2000000000000010e-02 4.0000000000000001e-03  1.5885744177285615e-03
3.0000000000000027e-03 4.4999999999999998e-02 4.0000000000000001e-03  1.7045081449718032e-03
6.0000000000000053e-03 -4.4999999999999998e-02 4.0000000000000001e-03  1.9048995346051744e-03
6.0000000000000053e-03 -4.1999999999999996e-02 4.0000000000000001e-03  1.7599859819085208e-03
6.0000000000000053e-03 -3.9000000000000000e-02 4.0000000000000001e-03  1.6701951169044709e-03
6.0000000000000053e-03 -3.5999999999999997e-02 4.0000000000000001e-03  1.5908450771741742e-03
6.0000000000000053e-03 -3.3000000000000002e-02 4.0000000000000001e-03  1.5202857405075092e-03
6.0000000000000053e-03 -2.9999999999999999e-02 4.0000000000000001e-03  1.4618602934376999e-03
6.0000000000000053e-03 -2.6999999999999996e-02 4.0000000000000001e-03  1.4143708987178665e-03
6.0000000000000053e-03 -2.3999999999999997e-02 4.0000000000000001e-03  1.3897062412607819e-03
6.0000000000000053e-03 -2.0999999999999998e-02 4.0000000000000001e-03  1.3769725498144543e-03
6.0000000000000053e-03 -1.7999999999999999e-02 4.0000000000000001e-03  1.3667672895619704e-03
6.0000000000000053e-03 -1.4999999999999999e-02 4.0000000000000001e-03  1.3561834878084900e-03
6.0000000000000053e-03 -1.1999999999999997e-02 4.0000000000000001e-03  1.3374539373040640e-03
6.0000000000000053e-03 -8.9999999999999941e-03 4.0000000000000001e-03  1.3184161240577575e-03
6.0000000000000053e-03 -5.9999999999999984e-03 4.0000000000000001e-03  1.3007443932780841e-03
6.0000000000000053e-03 -2.9999999999999957e-03 4.0000000000000001e-03  1.2844544814884010e-03
6.0000000000000053e-03 0.0000000000000000e+00 4.0000000000000001e-03  1.2835168015135842e-03
6.0000000000000053e-03 3.0000000000000027e-03 4.0000000000000001e-03  1.2884356838002795e-03
6.0000000000000053e-03 6.0000000000000053e-03 4.0000000000000001e-03  1.2941014913404663e-03
6.0000000000000053e-03 9.0000000000000011e-03 4.0000000000000001e-03  1.3005020930133822e-03
6.0000000000000053e-03 1.2000000000000004e-02 4.0000000000000001e-03  1.3076300465512725e-03
6.0000000000000053e-03 1.4999999999999999e-02 4.0000000000000001e-03  1.3150060688860742e-03
6.0000000000000053e-03 1.8000000000000002e-02 4.0000000000000001e-03  1.3212261964203390e-03
6.0000000000000053e-03 2.1000000000000005e-02 4.0000000000000001e-03  1.3282997620862173e-03
6.0000000000000053e-03 2.4000000000000007e-02 4.0000000000000001e-03  1.3367126314110093e-03
6.0000000000000053e-03 2.7000000000000010e-02 4.0000000000000001e-03  1.3592907832136554e-03
6.0000000000000053e-03 2.9999999999999999e-02 4.0000000000000001e-03  1.3964012341672609e-03
6.0000000000000053e-03 3.3000000000000002e-02 4.0000000000000001e-03  1.4363158386748336e-03
6.0000000000000053e-03 3.6000000000000004e-02 4.0000000000000001e-03  1.4719151608797295e-03
6.0000000000000053e-03 3.9000000000000007e-02 4.0000000000000001e-03  1.5144954544924546e-03
6.0000000000000053e-03 4.2000000000000010e-02 4.0000000000000001e-03  1.5898670407505228e-03
6.0000000000000053e-03 4.4999999999999998e-02 4.0000000000000001e-03  1.7002269409720171e-03
9.0000000000000011e-03 -4.4999999999999998e-02 4.0000000000000001e-03  1.9290559476737002e-03
9.0000000000000011e-03 -4.1999999999999996e-02 4.0000000000000001e-03  1.7830250769746423e-03
9.0000000000000011e-03 -3.9000000000000000e-02 4.0000000000000001e-03  1.6676856478835553e-03
9.0000000000000011e-03 -3.5999999999999997e-02 4.0000000000000001e-03  1.5950486445085810e-03
9.0000000000000011e-03 -3.3000000000000002e-02 4.0000000000000001e-03  1.5313328138277472e-03
9.0000000000000011e-03 -2.9999999999999999e-02 4.0000000000000001e-03  1.4749778638129174e-03
9.0000000000000011e-03 -2.6999999999999996e-02 4.0000000000000001e-03  1.4259477445222927e-03
9.0000000000000011e-03 -2.3999999999999997e-02 4.0000000000000001e-03  1.4030267729138678e-03
9.0000000000000011e-03 -2.0999999999999998e-02 4.0000000000000001e-03  1.3842648871933202e-03
9.0000000000000011e-03 -1.7999999999999999e-02 4.0000000000000001e-03  1.3694756547606584e-03
9.0000000000000011e-03 -1.4999999999999999e-02 4.0000000000000001e-03  1.3584975542850364e-03
9.0000000000000011e-03 -1.1999999999999997e-02 4.0000000000000001e-03  1.3471418230766444e-03
9.0000000000000011e-03 -8.9999999999999941e-03 4.0000000000000001e-03  1.3305979840497694e-03
9.0000000000000011e-03 -5.9999999999999984e-03 4.0000000000000001e-03  1.3113121919551835e-03
9.0000000000000011e-03 -2.9999999999999957e-03 4.0000000000000001e-03  1.2934133204423339e-03
9.0000000000000011e-03 0.0000000000000000e+00 4.0000000000000001e-03  1.2920462059074493e-03
9.0000000000000011e-03 3.0000000000000027e-03 4.0000000000000001e-03  1.2973721896303513e-03
9.0000000000000011e-03 6.0000000000000053e-03 4.0000000000000001e-03  1.3034469515176871e-03
9.0000000000000011e-03 9.0000000000000011e-03 4.0000000000000001e-03  1.3102580287935605e-03
9.0000000000000011e-03 1.2000000000000004e-02 4.0000000000000001e-03  1.3152468447616751e-03
9.0000000000000011e-03 1.4999999999999999e-02 4.0000000000000001e-03  1.3207343701603601e-03
9.0000000000000011e-03 1.8000000000000002e-02 4.0000000000000001e-03  1.3270673098694783e-03
9.0000000000000011e-03 2.1000000000000005e-02 4.0000000000000001e-03  1.3342510872099277e-03
9.0000000000000011e-03 2.4000000000000007e-02 4.0000000000000001e-03  1.3438916543883571e-03
9.0000000000000011e-03 2.7000000000000010e-02 4.0000000000000001e-03  1.3698313306722051e-03
9.0000000000000011e-03 2.9999999999999999e-02 4.0000000000000001e-03  1.4104859420710704e-03
9.0000000000000011e-03 3.3000000000000002e-02 4.0000000000000001e-03  1.4490589615997708e-03
9.0000000000000011e-03 3.6000000000000004e-02 4.0000000000000001e-03  1.4847447487749800e-03
9.0000000000000011e-03 3.9000000000000007e-02 4.0000000000000001e-03  1.5223765104469124e-03
9.0000000000000011e-03 4.2000000000000010e-02 4.0000000000000001e-03  1.5925278930824626e-03
9.0000000000000011e-03 4.4999999999999998e-02 4.0000000000000001e-03  1.6973859333387280e-03
1.2000000000000004e-02 -4.4999999999999998e-02 4.0000000000000001e-03  1.9495495611299230e-03
1.2000000000000004e-02 -4.1999999999999996e-02 4.0000000000000001e-03  1.8051913719173472e-03
1.2000000000000004e-02 -3.9000000000000000e-02 4.0000000000000001e-03  1.6853664779514855e-03
1.2000000000000004e-02 -3.5999999999999997e-02 4.0000000000000001e-03  1.5965877693928728e-03
1.2000000000000004e-02 -3.3000000000000002e-02 4.0000000000000001e-03  1.5396775264964993e-03
1.2000000000000004e-02 -2.9999999999999999e-02 4.0000000000000001e-03  1.4902102841247624e-03
1.2000000000000004e-02 -2.6999999999999996e-02 4.0000000000000001e-03  1.4467283387449869e-03
1.2000000000000004e-02 -2.3999999999999997e-02 4.0000000000000001e-03  1.4207121571952145e-03
1.2000000000000004e-02 -2.0999999999999998e-02 4.0000000000000001e-03  1.3972626167682595e-03
1.2000000000000004e-02 -1.7999999999999999e-02 4.0000000000000001e-03  1.3800369995844990e-03
1.2000000000000004e-02 -1.4999999999999999e-02 4.0000000000000001e-03  1.3645669290279399e-03
1.2000000000000004e-02 -1.1999999999999997e-02 4.0000000000000001e-03  1.3528129011555904e-03
1.2000000000000004e-02 -8.9999999999999941e-03 4.0000000000000001e-03  1.3406913068278517e-03
1.2000000000000004e-02 -5.9999999999999984e-03 4.0000000000000001e-03  1.3259483834664190e-03
1.2000000000000004e-02 -2.9999999999999957e-03 4.0000000000000001e-03  1.3064370638514683e-03
1.2000000000000004e-02 0.0000000000000000e+00 4.0000000000000001e-03  1.3045825545013156e-03
1.2000000000000004e-02 3.0000000000000027e-03 4.0000000000000001e-03  1.3103164973758640e-03
1.2000000000000004e-02 6.0000000000000053e-03 4.0000000000000001e-03  1.3148590833856381e-03
1.2000000000000004e-02 9.0000000000000011e-03 4.0000000000000001e-03  1.3187643249829718e-03
1.2000000000000004e-02 1.2000000000000004e-02 4.0000000000000001e-03  1.3235235474259779e-03
1.2000000000000004e-02 1.4999999999999999e-02 4.0000000000000001e-03  1.3291270007613845e-03
1.2000000000000004e-02 1.8000000000000002e-02 4.0000000000000001e-03  1.3362342193705542e-03
1.2000000000000004e-02 2.1000000000000005e-02 4.0000000000000001e-03  1.3453890209836736e-03
1.2000000000000004e-02 2.4000000000000007e-02 4.0000000000000001e-03  1.3560523636418091e-03
1.2000000000000004e-02 2.7000000000000010e-02 4.0000000000000001e-03  1.3709089555518077e-03
1.2000000000000004e-02 2.9999999999999999e-02 4.0000000000000001e-03  1.4162654556605821e-03
1.2000000000000004e-02 3.3000000000000002e-02 4.0000000000000001e-03  1.4602823959336941e-03
1.2000000000000004e-02 3.6000000000000004e-02 4.0000000000000001e-03  1.4988076218617921e-03
1.2000000000000004e-02 3.9000000000000007e-02 4.0000000000000001e-03  1.5330107454304283e-03
1.2000000000000004e-02 4.2000000000000010e-02 4.0000000000000001e-03  1.5998202072795770e-03
1.2000000000000004e-02 4.4999999999999998e-02 4.0000000000000001e-03  1.7006876298124550e-03
1.4999999999999999e-02 -4.4999999999999998e-02 4.0000000000000001e-03  1.9663800363249008e-03
1.4999999999999999e-02 -4.1999999999999996e-02 4.0000000000000001e-03  1.8237354638233434e-03
1.4999999999999999e-02 -3.9000000000000000e-02 4.0000000000000001e-03  1.7056065313427963e-03
1.4999999999999999e-02 -3.5999999999999997e-02 4.0000000000000001e-03  1.6105546993791982e-03
1.4999999999999999e-02 -3.3000000000000002e-02 4.0000000000000001e-03  1.5453070924715926e-03
1.4999999999999999e-02 -2.9999999999999999e-02 4.0000000000000001e-03  1.5027063433043968e-03
1.4999999999999999e-02 -2.6999999999999996e-02 4.0000000000000001e-03  1.4661119029024448e-03
1.4999999999999999e-02 -2.3999999999999997e-02 4.0000000000000001e-03  1.4410445158912660e-03
1.4999999999999999e-02 -2.0999999999999998e-02 4.0000000000000001e-03  1.4166655805425967e-03
1.4999999999999999e-02 -1.7999999999999999e-02 4.0000000000000001e-03  1.3926420910491948e-03
1.4999999999999999e-02 -1.4999999999999999e-02 4.0000000000000001e-03  1.3769768583617985e-03
1.4999999999999999e-02 -1.1999999999999997e-02 4.0000000000000001e-03  1.3624107549878983e-03
1.4999999999999999e-02 -8.9999999999999941e-03 4.0000000000000001e-03  1.3497103344398916e-03
1.4999999999999999e-02 -5.9999999999999984e-03 4.0000000000000001e-03  1.3368395052467939e-03
1.4999999999999999e-02 -2.9999999999999957e-03 4.0000000000000001e-03  1.3235243967146251e-03
1.4999999999999999e-02 0.0000000000000000e+00 4.0000000000000001e-03  1.3201182453969297e-03
1.4999999999999999e-02 3.0000000000000027e-03 4.0000000000000001e-03  1.3223876487858280e-03
1.4999999999999999e-02 6.0000000000000053e-03 4.0000000000000001e-03  1.3255489570857999e-03
1.4999999999999999e-02 9.0000000000000011e-03 4.0000000000000001e-03  1.3295772470693944e-03
1.4999999999999999e-02 1.2000000000000004e-02 4.0000000000000001e-03  1.3345775371237753e-03
1.4999999999999999e-02 1.4999999999999999e-02 4.0000000000000001e-03  1.3414153660336497e-03
1.4999999999999999e-02 1.8000000000000002e-02 4.0000000000000001e-03  1.3497557445980531e-03
1.4999999999999999e-02 2.1000000000000005e-02 4.0000000000000001e-03  1.3595984250673854e-03
1.4999999999999999e-02 2.4000000000000007e-02 4.0000000000000001e-03  1.3709453824699098e-03
1.4999999999999999e-02 2.7000000000000010e-02 4.0000000000000001e-03  1.3838008146117157e-03
1.4999999999999999e-02 2.9999999999999999e-02 4.0000000000000001e-03  1.4216679076153450e-03
1.4999999999999999e-02 3.3000000000000002e-02 4.0000000000000001e-03  1.4682267976317011e-03
1.4999999999999999e-02 3.6000000000000004e-02 4.0000000000000001e-03  1.5136770424795686e-03
1.4999999999999999e-02 3.9000000000000007e-02 4.0000000000000001e-03  1.5494009676802342e-03
1.4999999999999999e-02 4.2000000000000010e-02 4.0000000000000001e-03  1.6116356257271003e-03
1.4999999999999999e-02 4.4999999999999998e-02 4.0000000000000001e-03  1.7117027065250341e-03
1.8000000000000002e-02 -4.4999999999999998e-02 4.0000000000000001e-03  1.9795475784040420e-03
1.8000000000000002e-02 -4.1999999999999996e-02 4.0000000000000001e-03  1.8386570780200306e-03
1.8000000000000002e-02 -3.9000000000000000e-02 4.0000000000000001e-03  1.7222726949807500e-03
1.8000000000000002e-02 -3.5999999999999997e-02 4.0000000000000001e-03  1.6289485338438431e-03
1.8000000000000002e-02 -3.3000000000000002e-02 4.0000000000000001e-03  1.5571989275357081e-03
1.8000000000000002e-02 -2.9999999999999999e-02 4.0000000000000001e-03  1.5124524867002795e-03
1.8000000000000002e-02 -2.6999999999999996e-02 4.0000000000000001e-03  1.4827537989139034e-03
1.8000000000000002e-02 -2.3999999999999997e-02 4.0000000000000001e-03  1.4593571713658537e-03
1.8000000000000002e-02 -2.0999999999999998e-02 4.0000000000000001e-03  1.4365606282708801e-03
1.8000000000000002e-02 -1.7999999999999999e-02 4.0000000000000001e-03  1.4138025938143571e-03
1.8000000000000002e-02 -1.4999999999999999e-02 4.0000000000000001e-03  1.3910574748097699e-03
1.8000000000000002e-02 -1.1999999999999997e-02 4.0000000000000001e-03  1.3750632513676204e-03
1.8000000000000002e-02 -8.9999999999999941e-03 4.0000000000000001e-03  1.3620992776875013e-03
1.8000000000000002e-02 -5.9999999999999984e-03 4.0000000000000001e-03  1.3492013989745779e-03
1.8000000000000002e-02 -2.9999999999999957e-03 4.0000000000000001e-03  1.3367168924808086e-03
1.8000000000000002e-02 0.0000000000000000e+00 4.0000000000000001e-03  1.3331983546607886e-03
1.8000000000000002e-02 3.0000000000000027e-03 4.0000000000000001e-03  1.3355993310728816e-03
1.8000000000000002e-02 6.0000000000000053e-03 4.0000000000000001e-03  1.3388871304097030e-03
1.8000000000000002e-02 9.0000000000000011e-03 4.0000000000000001e-03  1.3433945129960794e-03
1.8000000000000002e-02 1.2000000000000004e-02 4.0000000000000001e-03  1.3494240345521564e-03
1.8000000000000002e-02 1.4999999999999999e-02 4.0000000000000001e-03  1.3569571990858520e-03
1.8000000000000002e-02 1.8000000000000002e-02 4.0000000000000001e-03  1.3659908937466362e-03
1.8000000000000002e-02 2.1000000000000005e-02 4.0000000000000001e-03  1.3765242284618092e-03
1.8000000000000002e-02 2.4000000000000007e-02 4.0000000000000001e-03  1.3885585359365302e-03
1.8000000000000002e-02 2.7000000000000010e-02 4.0000000000000001e-03  1.4020973716538006e-03
1.8000000000000002e-02 2.9999999999999999e-02 4.0000000000000001e-03  1.4287433762665009e-03
1.8000000000000002e-02 3.3000000000000002e-02 4.0000000000000001e-03  1.4778746718890152e-03
1.8000000000000002e-02 3.6000000000000004e-02 4.0000000000000001e-03  1.5257619731928443e-03
1.8000000000000002e-02 3.9000000000000007e-02 4.0000000000000001e-03  1.5678402191656676e-03
1.8000000000000002e-02 4.2000000000000010e-02 4.0000000000000001e-03  1.6262812012304113e-03
1.8000000000000002e-02 4.4999999999999998e-02 4.0000000000000001e-03  1.7402498400098468e-03
2.1000000000000005e-02 -4.4999999999999998e-02 4.0000000000000001e-03  1.9890529363071003e-03
2.1000000000000005e-02 -4.1999999999999996e-02 4.0000000000000001e-03  1.8499564836291524e-03
2.1000000000000005e-02 -3.9000000000000000e-02 4.0000000000000001e-03  1.7353647581690823e-03
2.1000000000000005e-02 -3.5999999999999997e-02 4.0000000000000001e-03  1.6438245085462347e-03
2.1000000000000005e-02 -3.3000000000000002e-02 4.0000000000000001e-03  1.5738427117487123e-03
2.1000000000000005e-02 -2.9999999999999999e-02 4.0000000000000001e-03  1.5238865731333647e-03
2.1000000000000005e-02 -2.6999999999999996e-02 4.0000000000000001e-03  1.4966269452049660e-03
2.1000000000000005e-02 -2.3999999999999997e-02 4.0000000000000001e-03  1.4756329965467192e-03
2.1000000000000005e-02 -2.0999999999999998e-02 4.0000000000000001e-03  1.4544291376040151e-03
2.1000000000000005e-02 -1.7999999999999999e-02 4.0000000000000001e-03  1.4332702616095799e-03
2.1000000000000005e-02 -1.4999999999999999e-02 4.0000000000000001e-03  1.4121282950639220e-03
2.1000000000000005e-02 -1.1999999999999997e-02 4.0000000000000001e-03  1.3909942745579328e-03
2.1000000000000005e-02 -8.9999999999999941e-03 4.0000000000000001e-03  1.3742994743593210e-03
2.1000000000000005e-02 -5.9999999999999984e-03 4.0000000000000001e-03  1.3629844761579440e-03
2.1000000000000005e-02 -2.9999999999999957e-03 4.0000000000000001e-03  1.3557338881708778e-03
2.1000000000000005e-02 0.0000000000000000e+00 4.0000000000000001e-03  1.3513405686506844e-03
2.1000000000000005e-02 3.0000000000000027e-03 4.0000000000000001e-03  1.3513380614536838e-03
2.1000000000000005e-02 6.0000000000000053e-03 4.0000000000000001e-03  1.3550364296548072e-03
2.1000000000000005e-02 9.0000000000000011e-03 4.0000000000000001e-03  1.3602522022481988e-03
2.1000000000000005e-02 1.2000000000000004e-02 4.0000000000000001e-03  1.3669771785045344e-03
2.1000000000000005e-02 1.4999999999999999e-02 4.0000000000000001e-03  1.3752053804723372e-03
2.1000000000000005e-02 1.8000000000000002e-02 4.0000000000000001e-03  1.3849330529779645e-03
2.1000000000000005e-02 2.1000000000000005e-02 4.0000000000000001e-03  1.3961586636256260e-03
2.1000000000000005e-02 2.4000000000000007e-02 4.0000000000000001e-03  1.4088829027973846e-03
2.1000000000000005e-02 2.7000000000000010e-02 4.0000000000000001e-03  1.4231086836531378e-03
2.1000000000000005e-02 2.9999999999999999e-02 4.0000000000000001e-03  1.4388411421306334e-03
2.1000000000000005e-02 3.3000000000000002e-02 4.0000000000000001e-03  1.4892222449500456e-03
2.1000000000000005e-02 3.6000000000000004e-02 4.0000000000000001e-03  1.5395851805153791e-03
2.1000000000000005e-02 3.9000000000000007e-02 4.0000000000000001e-03  1.5882507897756301e-03
2.1000000000000005e-02 4.2000000000000010e-02 4.0000000000000001e-03  1.6474914578798242e-03
2.1000000000000005e-02 4.4999999999999998e-02 4.0000000000000001e-03  1.7645813687272160e-03
2.4000000000000007e-02 -4.4999999999999998e-02 4.0000000000000001e-03  1.9956589335074939e-03
2.4000000000000007e-02 -4.1999999999999996e-02 4.0000000000000001e-03  1.8579625473493101e-03
2.4000000000000007e-02 -3.9000000000000000e-02 4.0000000000000001e-03  1.7448943341418740e-03
2.4000000000000007e-02 -3.5999999999999997e-02 4.0000000000000001e-03  1.6551824767664497e-03
2.4000000000000007e-02 -3.3000000000000002e-02 4.0000000000000001e-03  1.5870323828983245e-03
2.4000000000000007e-02 -2.9999999999999999e-02 4.0000000000000001e-03  1.5388926218200595e-03
2.4000000000000007e-02 -2.6999999999999996e-02 4.0000000000000001e-03  1.5091832713189622e-03
2.4000000000000007e-02 -2.3999999999999997e-02 4.0000000000000001e-03  1.4901278375059955e-03
2.4000000000000007e-02 -2.0999999999999998e-02 4.0000000000000001e-03  1.4710474350070819e-03
2.4000000000000007e-02 -1.7999999999999999e-02 4.0000000000000001e-03  1.4518172369801989e-03
2.4000000000000007e-02 -1.4999999999999999e-02 4.0000000000000001e-03  1.4324063416429704e-03
2.4000000000000007e-02 -1.1999999999999997e-02 4.0000000000000001e-03  1.4128011839207723e-03
2.4000000000000007e-02 -8.9999999999999941e-03 4.0000000000000001e-03  1.3930055354467606e-03
2.4000000000000007e-02 -5.9999999999999984e-03 4.0000000000000001e-03  1.3765783108738586e-03
2.4000000000000007e-02 -2.9999999999999957e-03 4.0000000000000001e-03  1.3665325137241224e-03
2.4000000000000007e-02 0.0000000000000000e+00 4.0000000000000001e-03  1.3725102539888256e-03
2.4000000000000007e-02 3.0000000000000027e-03 4.0000000000000001e-03  1.3782466148198550e-03
2.4000000000000007e-02 6.0000000000000053e-03 4.0000000000000001e-03  1.3819036856878499e-03
2.4000000000000007e-02 9.0000000000000011e-03 4.0000000000000001e-03  1.3869095962420063e-03
2.4000000000000007e-02 1.2000000000000004e-02 4.0000000000000001e-03  1.3932235107546715e-03
2.4000000000000007e-02 1.4999999999999999e-02 4.0000000000000001e-03  1.4008418654152686e-03
2.4000000000000007e-02 1.8000000000000002e-02 4.0000000000000001e-03  1.4097645902096776e-03
2.4000000000000007e-02 2.1000000000000005e-02 4.0000000000000001e-03  1.4199951089202340e-03
2.4000000000000007e-02 2.4000000000000007e-02 4.0000000000000001e-03  1.4319128155000295e-03
2.4000000000000007e-02 2.7000000000000010e-02 4.0000000000000001e-03  1.4468279293543204e-03
2.4000000000000007e-02 2.9999999999999999e-02 4.0000000000000001e-03  1.4632470518868798e-03
2.4000000000000007e-02 3.3000000000000002e-02 4.0000000000000001e-03  1.5022734497360489e-03
2.4000000000000007e-02 3.6000000000000004e-02 4.0000000000000001e-03  1.5658283214255225e-03
2.4000000000000007e-02 3.9000000000000007e-02 4.0000000000000001e-03  1.6325969781080044e-03
2.4000000000000007e-02 4.2000000000000010e-02 4.0000000000000001e-03  1.6646993592814019e-03
2.4000000000000007e-02 4.4999999999999998e-02 4.0000000000000001e-03  1.7847016402633251e-03
2.7000000000000010e-02 -4.4999999999999998e-02 4.0000000000000001e-03  2.0513005188604167e-03
2.7000000000000010e-02 -4.1999999999999996e-02 4.0000000000000001e-03  1.9087073771147068e-03
2.7000000000000010e-02 -3.9000000000000000e-02 4.0000000000000001e-03  1.7899290489775568e-03
2.7000000000000010e-02 -3.5999999999999997e-02 4.0000000000000001e-03  1.6938418269837148e-03
2.7000000000000010e-02 -3.3000000000000002e-02 4.0000000000000001e-03  1.6192720486656704e-03
2.7000000000000010e-02 -2.9999999999999999e-02 4.0000000000000001e-03  1.5649960965536352e-03
2.7000000000000010e-02 -2.6999999999999996e-02 4.0000000000000001e-03  1.5297403981755424e-03
2.7000000000000010e-02 -2.3999999999999997e-02 4.0000000000000001e-03  1.5100520534634988e-03
2.7000000000000010e-02 -2.0999999999999998e-02 4.0000000000000001e-03  1.4926239201798522e-03
2.7000000000000010e-02 -1.7999999999999999e-02 4.0000000000000001e-03  1.4753005732051742e-03
2.7000000000000010e-02 -1.4999999999999999e-02 4.0000000000000001e-03  1.4580297388545954e-03
2.7000000000000010e-02 -1.1999999999999997e-02 4.0000000000000001e-03  1.4408011771472142e-03
2.7000000000000010e-02 -8.9999999999999941e-03 4.0000000000000001e-03  1.4219349734863114e-03
2.7000000000000010e-02 -5.9999999999999984e-03 4.0000000000000001e-03  1.4051957216809025e-03
2.7000000000000010e-02 -2.9999999999999957e-03 4.0000000000000001e-03  1.3951253873670784e-03
2.7000000000000010e-02 0.0000000000000000e+00 4.0000000000000001e-03  1.4002384327963223e-03
2.7000000000000010e-02 3.0000000000000027e-03 4.0000000000000001e-03  1.4067366336466044e-03
2.7000000000000010e-02 6.0000000000000053e-03 4.0000000000000001e-03  1.4115037579784239e-03
2.7000000000000010e-02 9.0000000000000011e-03 4.0000000000000001e-03  1.4179364092239486e-03
2.7000000000000010e-02 1.2000000000000004e-02 4.0000000000000001e-03  1.4259917207878657e-03
2.7000000000000010e-02 1.4999999999999999e-02 4.0000000000000001e-03  1.4353352854519301e-03
2.7000000000000010e-02 1.8000000000000002e-02 4.0000000000000001e-03  1.4459634102627686e-03
2.7000000000000010e-02 2.1000000000000005e-02 4.0000000000000001e-03  1.4578758960634749e-03
2.7000000000000010e-02 2.4000000000000007e-02 4.0000000000000001e-03  1.4710760374935961e-03
2.7000000000000010e-02 2.7000000000000010e-02 4.0000000000000001e-03  1.4855706229891339e-03
2.7000000000000010e-02 2.9999999999999999e-02 4.0000000000000001e-03  1.5006369350550552e-03
2.7000000000000010e-02 3.3000000000000002e-02 4.0000000000000001e-03  1.5450773225681737e-03
2.7000000000000010e-02 3.6000000000000004e-02 4.0000000000000001e-03  1.6068027561140007e-03
2.7000000000000010e-02 3.9000000000000007e-02 4.0000000000000001e-03  1.6824059731872058e-03
2.7000000000000010e-02 4.2000000000000010e-02 4.0000000000000001e-03  1.6937338193319799e-03
2.7000000000000010e-02 4.4999999999999998e-02 4.0000000000000001e-03  1.8006299438304827e-03
2.9999999999999999e-02 -4.4999999999999998e-02 4.0000000000000001e-03  2.0952509551144792e-03
2.9999999999999999e-02 -4.1999999999999996e-02 4.0000000000000001e-03  1.9570912938906811e-03
2.9999999999999999e-02 -3.9000000000000000e-02 4.0000000000000001e-03  1.8380579007764716e-03
2.9999999999999999e-02 -3.5999999999999997e-02 4.0000000000000001e-03  1.7372794985726554e-03
2.9999999999999999e-02 -3.3000000000000002e-02 4.0000000000000001e-03  1.6574656385181666e-03
2.9999999999999999e-02 -2.9999999999999999e-02 4.0000000000000001e-03  1.5974282735618549e-03
2.9999999999999999e-02 -2.6999999999999996e-02 4.0000000000000001e-03  1.5606924384799607e-03
2.9999999999999999e-02 -2.3999999999999997e-02 4.0000000000000001e-03  1.5459753420863640e-03
2.9999999999999999e-02 -2.0999999999999998e-02 4.0000000000000001e-03  1.5313296796157284e-03
2.9999999999999999e-02 -1.7999999999999999e-02 4.0000000000000001e-03  1.5167250120328574e-03
2.9999999999999999e-02 -1.4999999999999999e-02 4.0000000000000001e-03  1.5006904421206631e-03
2.9999999999999999e-02 -1.1999999999999997e-02 4.0000000000000001e-03  1.4833691981752030e-03
2.9999999999999999e-02 -8.9999999999999941e-03 4.0000000000000001e-03  1.4648474305689340e-03
2.9999999999999999e-02 -5.9999999999999984e-03 4.0000000000000001e-03  1.4487455118717524e-03
2.9999999999999999e-02 -2.9999999999999957e-03 4.0000000000000001e-03  1.4383326473345916e-03
2.9999999999999999e-02 0.0000000000000000e+00 4.0000000000000001e-03  1.4355413503984835e-03
2.9999999999999999e-02 3.0000000000000027e-03 4.0000000000000001e-03  1.4225863373607561e-03
2.9999999999999999e-02 6.0000000000000053e-03 4.0000000000000001e-03  1.4374396202975767e-03
2.9999999999999999e-02 9.0000000000000011e-03 4.0000000000000001e-03  1.4485716864637605e-03
2.9999999999999999e-02 1.2000000000000004e-02 4.0000000000000001e-03  1.4577520081873925e-03
2.9999999999999999e-02 1.4999999999999999e-02 4.0000000000000001e-03  1.4688672229448928e-03
2.9999999999999999e-02 1.8000000000000002e-02 4.0000000000000001e-03  1.4812505952376831e-03
2.9999999999999999e-02 2.1000000000000005e-02 4.0000000000000001e-03  1.4948983029696053e-03
2.9999999999999999e-02 2.4000000000000007e-02 4.0000000000000001e-03  1.5098100178409703e-03
2.9999999999999999e-02 2.7000000000000010e-02 4.0000000000000001e-03  1.5259889053485301e-03
2.9999999999999999e-02 2.9999999999999999e-02 4.0000000000000001e-03  1.5281532242412839e-03
2.9999999999999999e-02 3.3000000000000002e-02 4.0000000000000001e-03  1.5897851614701563e-03
2.9999999999999999e-02 3.6000000000000004e-02 4.0000000000000001e-03  1.6484700727721513e-03
2.9999999999999999e-02 3.9000000000000007e-02 4.0000000000000001e-03  1.7379308787812751e-03
2.9999999999999999e-02 4.2000000000000010e-02 4.0000000000000001e-03  1.7613711369758981e-03
2.9999999999999999e-02 4.4999999999999998e-02 4.0000000000000001e-03  1.8124005102671216e-03
3.3000000000000002e-02 -4.4999999999999998e-02 4.0000000000000001e-03  2.1525014509634912e-03
3.3000000000000002e-02 -4.1999999999999996e-02 4.0000000000000001e-03  2.0079968477417008e-03
3.3000000000000002e-02 -3.9000000000000000e-02 4.0000000000000001e-03  1.8819950804660555e-03
3.3000000000000002e-02 -3.5999999999999997e-02 4.0000000000000001e-03  1.7768370533125810e-03
3.3000000000000002e-02 -3.3000000000000002e-02 4.0000000000000001e-03  1.6915362300998023e-03
3.3000000000000002e-02 -2.9999999999999999e-02 4.0000000000000001e-03  1.6255708363126259e-03
3.3000000000000002e-02 -2.6999999999999996e-02 4.0000000000000001e-03  1.6119222197405738e-03
3.3000000000000002e-02 -2.3999999999999997e-02 4.0000000000000001e-03  1.5998203169880919e-03
3.3000000000000002e-02 -2.0999999999999998e-02 4.0000000000000001e-03  1.5865714141330442e-03
3.3000000000000002e-02 -1.7999999999999999e-02 4.0000000000000001e-03  1.5722284931450298e-03
3.3000000000000002e-02 -1.4999999999999999e-02 4.0000000000000001e-03  1.5567749901041991e-03
3.3000000000000002e-02 -1.1999999999999997e-02 4.0000000000000001e-03  1.5402139855517992e-03
3.3000000000000002e-02 -8.9999999999999941e-03 4.0000000000000001e-03  1.5225763765337279e-03
3.3000000000000002e-02 -5.9999999999999984e-03 4.0000000000000001e-03  1.5069500207267681e-03
3.3000000000000002e-02 -2.9999999999999957e-03 4.0000000000000001e-03  1.4914708422932626e-03
3.3000000000000002e-02 0.0000000000000000e+00 4.0000000000000001e-03  1.4827177786856860e-03
3.3000000000000002e-02 3.0000000000000027e-03 4.0000000000000001e-03  1.4735474974215896e-03
3.3000000000000002e-02 6.0000000000000053e-03 4.0000000000000001e-03  1.4692047326178524e-03
3.3000000000000002e-02 9.0000000000000011e-03 4.0000000000000001e-03  1.4793944248477423e-03
3.3000000000000002e-02 1.2000000000000004e-02 4.0000000000000001e-03  1.4904265966058856e-03
3.3000000000000002e-02 1.4999999999999999e-02 4.0000000000000001e-03  1.5062289633706414e-03
3.3000000000000002e-02 1.8000000000000002e-02 4.0000000000000001e-03  1.5189114566810562e-03
3.3000000000000002e-02 2.1000000000000005e-02 4.0000000000000001e-03  1.5327110605442219e-03
3.3000000000000002e-02 2.4000000000000007e-02 4.0000000000000001e-03  1.5477692865237653e-03
3.3000000000000002e-02 2.7000000000000010e-02 4.0000000000000001e-03  1.5695893224119976e-03
3.3000000000000002e-02 2.9999999999999999e-02 4.0000000000000001e-03  1.5941601961563822e-03
3.3000000000000002e-02 3.3000000000000002e-02 4.0000000000000001e-03  1.6355720164080972e-03
3.3000000000000002e-02 3.6000000000000004e-02 4.0000000000000001e-03  1.6913273003960996e-03
3.3000000000000002e-02 3.9000000000000007e-02 4.0000000000000001e-03  1.7999942410968776e-03
3.3000000000000002e-02 4.2000000000000010e-02 4.0000000000000001e-03  1.8360344135864893e-03
3.3000000000000002e-02 4.4999999999999998e-02 4.0000000000000001e-03  1.8711199637654068e-03
3.6000000000000004e-02 -4.4999999999999998e-02 4.0000000000000001e-03  2.2046230882083431e-03
3.6000000000000004e-02 -4.1999999999999996e-02 4.0000000000000001e-03  2.0585000872994502e-03
3.6000000000000004e-02 -3.9000000000000000e-02 4.0000000000000001e-03  1.9301420744384460e-03
3.6000000000000004e-02 -3.5999999999999997e-02 4.0000000000000001e-03  1.8149648127902013e-03
3.6000000000000004e-02 -3.3000000000000002e-02 4.0000000000000001e-03  1.7213394874775955e-03
3.6000000000000004e-02 -2.9999999999999999e-02 4.0000000000000001e-03  1.6905300457885522e-03
3.6000000000000004e-02 -2.6999999999999996e-02 4.0000000000000001e-03  1.6799780158372700e-03
3.6000000000000004e-02 -2.3999999999999997e-02 4.0000000000000001e-03  1.6685054092046138e-03
3.6000000000000004e-02 -2.0999999999999998e-02 4.0000000000000001e-03  1.6560532088134873e-03
3.6000000000000004e-02 -1.7999999999999999e-02 4.0000000000000001e-03  1.6425902140914579e-03
3.6000000000000004e-02 -1.4999999999999999e-02 4.0000000000000001e-03  1.6281130409707615e-03
3.6000000000000004e-02 -1.1999999999999997e-02 4.0000000000000001e-03  1.6126461218882828e-03
3.6000000000000004e-02 -8.9999999999999941e-03 4.0000000000000001e-03  1.5962417057855736e-03
3.6000000000000004e-02 -5.9999999999999984e-03 4.0000000000000001e-03  1.5797893611786816e-03
3.6000000000000004e-02 -2.9999999999999957e-03 4.0000000000000001e-03  1.5555854242140419e-03
3.6000000000000004e-02 0.0000000000000000e+00 4.0000000000000001e-03  1.5580252829156954e-03
3.6000000000000004e-02 3.0000000000000027e-03 4.0000000000000001e-03  1.5551654318115438e-03
3.6000000000000004e-02 6.0000000000000053e-03 4.0000000000000001e-03  1.5460099386569205e-03
3.6000000000000004e-02 9.0000000000000011e-03 4.0000000000000001e-03  1.5464186144576568e-03
3.6000000000000004e-02 1.2000000000000004e-02 4.0000000000000001e-03  1.5513136466741820e-03
3.6000000000000004e-02 1.4999999999999999e-02 4.0000000000000001e-03  1.5728231052293156e-03
3.6000000000000004e-02 1.8000000000000002e-02 4.0000000000000001e-03  1.5848008195881017e-03
3.6000000000000004e-02 2.1000000000000005e-02 4.0000000000000001e-03  1.5990692307719016e-03
3.6000000000000004e-02 2.4000000000000007e-02 4.0000000000000001e-03  1.6208457435669119e-03
3.6000000000000004e-02 2.7000000000000010e-02 4.0000000000000001e-03  1.6459597079706947e-03
3.6000000000000004e-02 2.9999999999999999e-02 4.0000000000000001e-03  1.6690488776089619e-03
3.6000000000000004e-02 3.3000000000000002e-02 4.0000000000000001e-03  1.6940803130840914e-03
3.6000000000000004e-02 3.6000000000000004e-02 4.0000000000000001e-03  1.7357945910406493e-03
3.6000000000000004e-02 3.9000000000000007e-02 4.0000000000000001e-03  1.8694960100748019e-03
3.6000000000000004e-02 4.2000000000000010e-02 4.0000000000000001e-03  1.9184872271075203e-03
3.6000000000000004e-02 4.4999999999999998e-02 4.0000000000000001e-03  1.9533760031162769e-03
3.9000000000000007e-02 -4.4999999999999998e-02 4.0000000000000001e-03  2.2521359496036728e-03
3.9000000000000007e-02 -4.1999999999999996e-02 4.0000000000000001e-03  2.1046780483311950e-03
3.9000000000000007e-02 -3.9000000000000000e-02 4.0000000000000001e-03  1.9742770748521900e-03
3.9000000000000007e-02 -3.5999999999999997e-02 4.0000000000000001e-03  1.8969079045372118e-03
3.9000000000000007e-02 -3.3000000000000002e-02 4.0000000000000001e-03  1.8167587024402307e-03
3.9000000000000007e-02 -2.9999999999999999e-02 4.0000000000000001e-03  1.7803656326649943e-03
3.9000000000000007e-02 -2.6999999999999996e-02 4.0000000000000001e-03  1.7630416674409958e-03
3.9000000000000007e-02 -2.3999999999999997e-02 4.0000000000000001e-03  1.7525905263864995e-03
3.9000000000000007e-02 -2.0999999999999998e-02 4.0000000000000001e-03  1.7412286796866848e-03
3.9000000000000007e-02 -1.7999999999999999e-02 4.0000000000000001e-03  1.7289462786647647e-03
3.9000000000000007e-02 -1.4999999999999999e-02 4.0000000000000001e-03  1.7157612911486179e-03
3.9000000000000007e-02 -1.1999999999999997e-02 4.0000000000000001e-03  1.7017195014707857e-03
3.9000000000000007e-02 -8.9999999999999941e-03 4.0000000000000001e-03  1.6868945104684700e-03
3.9000000000000007e-02 -5.9999999999999984e-03 4.0000000000000001e-03  1.6639722344314195e-03
3.9000000000000007e-02 -2.9999999999999957e-03 4.0000000000000001e-03  1.6538891531942088e-03
3.9000000000000007e-02 0.0000000000000000e+00 4.0000000000000001e-03  1.6640898278046296e-03
3.9000000000000007e-02 3.0000000000000027e-03 4.0000000000000001e-03  1.6678836741010586e-03
3.9000000000000007e-02 6.0000000000000053e-03 4.0000000000000001e-03  1.6652570774383835e-03
3.9000000000000007e-02 9.0000000000000011e-03 4.0000000000000001e-03  1.6574466753831376e-03
3.9000000000000007e-02 1.2000000000000004e-02 4.0000000000000001e-03  1.6556142373214981e-03
3.9000000000000007e-02 1.4999999999999999e-02 4.0000000000000001e-03  1.6741341600524187e-03
3.9000000000000007e-02 1.8000000000000002e-02 4.0000000000000001e-03  1.6890089762969099e-03
3.9000000000000007e-02 2.1000000000000005e-02 4.0000000000000001e-03  1.6975670595466132e-03
3.9000000000000007e-02 2.4000000000000007e-02 4.0000000000000001e-03  1.7269864372669655e-03
3.9000000000000007e-02 2.7000000000000010e-02 4.0000000000000001e-03  1.7516869837294622e-03
3.9000000000000007e-02 2.9999999999999999e-02 4.0000000000000001e-03  1.7719988175650364e-03
3.9000000000000007e-02 3.3000000000000002e-02 4.0000000000000001e-03  1.7965302549230184e-03
3.9000000000000007e-02 3.6000000000000004e-02 4.0000000000000001e-03  1.8196198573930873e-03
3.9000000000000007e-02 3.9000000000000007e-02 4.0000000000000001e-03  1.9474135393899540e-03
3.9000000000000007e-02 4.2000000000000010e-02 4.0000000000000001e-03  2.0096952829185811e-03
3.9000000000000007e-02 4.4999999999999998e-02 4.0000000000000001e-03  2.0433959534670500e-03
4.2000000000000010e-02 -4.4999999999999998e-02 4.0000000000000001e-03  2.2977183148917835e-03
4.2000000000000010e-02 -4.1999999999999996e-02 4.0000000000000001e-03  2.2089057278590570e-03
4.2000000000000010e-02 -3.9000000000000000e-02 4.0000000000000001e-03  2.1323989428846109e-03
4.2000000000000010e-02 -3.5999999999999997e-02 4.0000000000000001e-03  2.0390437289463342e-03
4.2000000000000010e-02 -3.3000000000000002e-02 4.0000000000000001e-03  1.9672364645739672e-03
4.2000000000000010e-02 -2.9999999999999999e-02 4.0000000000000001e-03  1.9306285250826583e-03
4.2000000000000010e-02 -2.6999999999999996e-02 4.0000000000000001e-03  1.9052250173109116e-03
4.2000000000000010e-02 -2.3999999999999997e-02 4.0000000000000001e-03  1.8730859608778808e-03
4.2000000000000010e-02 -2.0999999999999998e-02 4.0000000000000001e-03  1.8430913252042826e-03
4.2000000000000010e-02 -1.7999999999999999e-02 4.0000000000000001e-03  1.8322873831744496e-03
4.2000000000000010e-02 -1.4999999999999999e-02 4.0000000000000001e-03  1.8207076348051429e-03
4.2000000000000010e-02 -1.1999999999999997e-02 4.0000000000000001e-03  1.8084192163245543e-03
4.2000000000000010e-02 -8.9999999999999941e-03 4.0000000000000001e-03  1.7952710517223538e-03
4.2000000000000010e-02 -5.9999999999999984e-03 4.0000000000000001e-03  1.7613984432410018e-03
4.2000000000000010e-02 -2.9999999999999957e-03 4.0000000000000001e-03  1.7851641096982905e-03
4.2000000000000010e-02 0.0000000000000000e+00 4.0000000000000001e-03  1.8024537718551819e-03
4.2000000000000010e-02 3.0000000000000027e-03 4.0000000000000001e-03  1.8132378357549996e-03
4.2000000000000010e-02 6.0000000000000053e-03 4.0000000000000001e-03  1.8174978566725861e-03
4.2000000000000010e-02 9.0000000000000011e-03 4.0000000000000001e-03  1.8152265391142950e-03
4.2000000000000010e-02 1.2000000000000004e-02 4.0000000000000001e-03  1.8067548069723941e-03
4.2000000000000010e-02 1.4999999999999999e-02 4.0000000000000001e-03  1.8147076830990956e-03
4.2000000000000010e-02 1.8000000000000002e-02 4.0000000000000001e-03  1.8362557305480910e-03
4.2000000000000010e-02 2.1000000000000005e-02 4.0000000000000001e-03  1.8593330458735631e-03
4.2000000000000010e-02 2.4000000000000007e-02 4.0000000000000001e-03  1.8768094232735337e-03
4.2000000000000010e-02 2.7000000000000010e-02 4.0000000000000001e-03  1.8888568344106839e-03
4.2000000000000010e-02 2.9999999999999999e-02 4.0000000000000001e-03  1.9089769438653309e-03
4.2000000000000010e-02 3.3000000000000002e-02 4.0000000000000001e-03  1.9256913091045466e-03
4.2000000000000010e-02 3.6000000000000004e-02 4.0000000000000001e-03  1.9526422279193183e-03
4.2000000000000010e-02 3.9000000000000007e-02 4.0000000000000001e-03  2.0348015864513633e-03
4.2000000000000010e-02 4.2000000000000010e-02 4.0000000000000001e-03  2.1108264138351295e-03
4.2000000000000010e-02 4.4999999999999998e-02 4.0000000000000001e-03  2.1416000676374013e-03
4.4999999999999998e-02 -4.4999999999999998e-02 4.0000000000000001e-03  2.4621988069900434e-03
4.4999999999999998e-02 -4.1999999999999996e-02 4.0000000000000001e-03  2.3544256637763536e-03
4.4999999999999998e-02 -3.9000000000000000e-02 4.0000000000000001e-03  2.2518520477580154e-03
4.4999999999999998e-02 -3.5999999999999997e-02 4.0000000000000001e-03  2.1733202156124969e-03
4.4999999999999998e-02 -3.3000000000000002e-02 4.0000000000000001e-03  2.1165837358352235e-03
4.4999999999999998e-02 -2.9999999999999999e-02 4.0000000000000001e-03  2.0901079805500035e-03
4.4999999999999998e-02 -2.6999999999999996e-02 4.0000000000000001e-03  2.0764516989861411e-03
4.4999999999999998e-02 -2.3999999999999997e-02 4.0000000000000001e-03  2.0556219050629769e-03
4.4999999999999998e-02 -2.0999999999999998e-02 4.0000000000000001e-03  2.0276449331076032e-03
4.4999999999999998e-02 -1.7999999999999999e-02 4.0000000000000001e-03  1.9925652729183042e-03
4.4999999999999998e-02 -1.4999999999999999e-02 4.0000000000000001e-03  1.9504455697645477e-03
4.4999999999999998e-02 -1.1999999999999997e-02 4.0000000000000001e-03  1.9336615562139494e-03
4.4999999999999998e-02 -8.9999999999999941e-03 4.0000000000000001e-03  1.9219398101451193e-03
4.4999999999999998e-02 -5.9999999999999984e-03 4.0000000000000001e-03  1.9185797806168653e-03
4.4999999999999998e-02 -2.9999999999999957e-03 4.0000000000000001e-03  1.9498157458776452e-03
4.4999999999999998e-02 0.0000000000000000e+00 4.0000000000000001e-03  1.9745029678604970e-03
4.4999999999999998e-02 3.0000000000000027e-03 4.0000000000000001e-03  1.9926070225286946e-03
4.4999999999999998e-02 6.0000000000000053e-03 4.0000000000000001e-03  2.0041046350770283e-03
4.4999999999999998e-02 9.0000000000000011e-03 4.0000000000000001e-03  2.0089836799318029e-03
4.4999999999999998e-02 1.2000000000000004e-02 4.0000000000000001e-03  2.0072431807508315e-03
4.4999999999999998e-02 1.4999999999999999e-02 4.0000000000000001e-03  2.0005557555429973e-03
4.4999999999999998e-02 1.8000000000000002e-02 4.0000000000000001e-03  2.0356693667238717e-03
4.4999999999999998e-02 2.1000000000000005e-02 4.0000000000000001e-03  2.0642294500409497e-03
4.4999999999999998e-02 2.4000000000000007e-02 4.0000000000000001e-03  2.0856882706671766e-03
4.4999999999999998e-02 2.7000000000000010e-02 4.0000000000000001e-03  2.1001410809710491e-03
4.4999999999999998e-02 2.9999999999999999e-02 4.0000000000000001e-03  2.1078376179684789e-03
4.4999999999999998e-02 3.3000000000000002e-02 4.0000000000000001e-03  2.1091821033227620e-03
4.4999999999999998e-02 3.6000000000000004e-02 4.0000000000000001e-03  2.1095778049798636e-03
4.4999999999999998e-02 3.9000000000000007e-02 4.0000000000000001e-03  2.1400776063910834e-03
4.4999999999999998e-02 4.2000000000000010e-02 4.0000000000000001e-03  2.1964585051625343e-03
4.4999999999999998e-02 4.4999999999999998e-02 4.0000000000000001e-03  2.2132469072129696e-03
