Grid Output Min: [-45mm -45mm 4mm] Max: [45mm 45mm 4mm] Grid Size: [3mm 3mm 0mm]
X, Y, Z, Scalar data "Mag_B"
-4.4999999999999998e-02 -4.4999999999999998e-02 4.0000000000000001e-03  2.3496366867133051e-03
-4.4999999999999998e-02 -4.1999999999999996e-02 4.0000000000000001e-03  2.2131108773847446e-03
-4.4999999999999998e-02 -3.9000000000000000e-02 4.0000000000000001e-03  2.1185579688027950e-03
-4.4999999999999998e-02 -3.5999999999999997e-02 4.0000000000000001e-03  2.0453519031214630e-03
-4.4999999999999998e-02 -3.3000000000000002e-02 4.0000000000000001e-03  1.9917167552588244e-03
-4.4999999999999998e-02 -2.9999999999999999e-02 4.0000000000000001e-03  1.9568381648875704e-03
-4.4999999999999998e-02 -2.6999999999999996e-02 4.0000000000000001e-03  1.9342688727491408e-03
-4.4999999999999998e-02 -2.3999999999999997e-02 4.0000000000000001e-03  1.9538940929449342e-03
-4.4999999999999998e-02 -2.0999999999999998e-02 4.0000000000000001e-03  1.9422035869599880e-03
-4.4999999999999998e-02 -1.7999999999999999e-02 4.0000000000000001e-03  1.8892965111916168e-03
-4.4999999999999998e-02 -1.4999999999999999e-02 4.0000000000000001e-03  1.8794348735526364e-03
-4.4999999999999998e-02 -1.1999999999999997e-02 4.0000000000000001e-03  1.8816718957914882e-03
-4.4999999999999998e-02 -8.9999999999999941e-03 4.0000000000000001e-03  1.8789856404791794e-03
-4.4999999999999998e-02 -5.9999999999999984e-03 4.0000000000000001e-03  1.8812534398047085e-03
-4.4999999999999998e-02 -2.9999999999999957e-03 4.0000000000000001e-03  1.8896160794902345e-03
-4.4999999999999998e-02 0.0000000000000000e+00 4.0000000000000001e-03  1.9013060667549956e-03
-4.4999999999999998e-02 3.0000000000000027e-03 4.0000000000000001e-03  1.9154442138529192e-03
-4.4999999999999998e-02 6.0000000000000053e-03 4.0000000000000001e-03  1.9287650764269336e-03
-4.4999999999999998e-02 9.0000000000000011e-03 4.0000000000000001e-03  1.9420006082678852e-03
-4.4999999999999998e-02 1.2000000000000004e-02 4.0000000000000001e-03  1.9551529964063007e-03
-4.4999999999999998e-02 1.4999999999999999e-02 4.0000000000000001e-03  1.9682267598071755e-03
-4.4999999999999998e-02 1.8000000000000002e-02 4.0000000000000001e-03  1.9786314843293178e-03
-4.4999999999999998e-02 2.1000000000000005e-02 4.0000000000000001e-03  1.9958951500007129e-03
-4.4999999999999998e-02 2.4000000000000007e-02 4.0000000000000001e-03  2.0200939944397581e-03
-4.4999999999999998e-02 2.7000000000000010e-02 4.0000000000000001e-03  2.0512163432058511e-03
-4.4999999999999998e-02 2.9999999999999999e-02 4.0000000000000001e-03  2.0898241246907600e-03
-4.4999999999999998e-02 3.3000000000000002e-02 4.0000000000000001e-03  2.1418420268438584e-03
-4.4999999999999998e-02 3.6000000000000004e-02 4.0000000000000001e-03  2.1963169818900764e-03
-4.4999999999999998e-02 3.9000000000000007e-02 4.0000000000000001e-03  2.2532578305584534e-03
-4.4999999999999998e-02 4.2000000000000010e-02 4.0000000000000001e-03  2.3113398329625127e-03
-4.4999999999999998e-02 4.4999999999999998e-02 4.0000000000000001e-03  2.3282988123910190e-03
-4.1999999999999996e-02 -4.4999999999999998e-02 4.0000000000000001e-03  2.2105916390228902e-03
-4.1999999999999996e-02 -4.1999999999999996e-02 4.0000000000000001e-03  2.1285492282940334e-03
-4.1999999999999996e-02 -3.9000000000000000e-02 4.0000000000000001e-03  2.0301642290440911e-03
-4.1999999999999996e-02 -3.5999999999999997e-02 4.0000000000000001e-03  1.9524899054543863e-03
-4.1999999999999996e-02 -3.3000000000000002e-02 4.0000000000000001e-03  1.8941553990520668e-03
-4.1999999999999996e-02 -2.9999999999999999e-02 4.0000000000000001e-03  1.8539154620410474e-03
-4.1999999999999996e-02 -2.6999999999999996e-02 4.0000000000000001e-03  1.8288147055400431e-03
-4.1999999999999996e-02 -2.3999999999999997e-02 4.0000000000000001e-03  1.8060151418046238e-03
-4.1999999999999996e-02 -2.0999999999999998e-02 4.0000000000000001e-03  1.8147227589293861e-03
-4.1999999999999996e-02 -1.7999999999999999e-02 4.0000000000000001e-03  1.7700795224879155e-03
-4.1999999999999996e-02 -1.4999999999999999e-02 4.0000000000000001e-03  1.7693389729666587e-03
-4.1999999999999996e-02 -1.1999999999999997e-02 4.0000000000000001e-03  1.7762186795897104e-03
-4.1999999999999996e-02 -8.9999999999999941e-03 4.0000000000000001e-03  1.7659888331911884e-03
-4.1999999999999996e-02 -5.9999999999999984e-03 4.0000000000000001e-03  1.7630925967673881e-03
-4.1999999999999996e-02 -2.9999999999999957e-03 4.0000000000000001e-03  1.7692184008894463e-03
-4.1999999999999996e-02 0.0000000000000000e+00 4.0000000000000001e-03  1.7791012294037115e-03
-4.1999999999999996e-02 3.0000000000000027e-03 4.0000000000000001e-03  1.7922718203771924e-03
-4.1999999999999996e-02 6.0000000000000053e-03 4.0000000000000001e-03  1.8053790913023730e-03
-4.1999999999999996e-02 9.0000000000000011e-03 4.0000000000000001e-03  1.8184277162944084e-03
-4.1999999999999996e-02 1.2000000000000004e-02 4.0000000000000001e-03  1.8314247014029419e-03
-4.1999999999999996e-02 1.4999999999999999e-02 4.0000000000000001e-03  1.8422406723605832e-03
-4.1999999999999996e-02 1.8000000000000002e-02 4.0000000000000001e-03  1.8508563625896559e-03
-4.1999999999999996e-02 2.1000000000000005e-02 4.0000000000000001e-03  1.8668854705478379e-03
-4.1999999999999996e-02 2.4000000000000007e-02 4.0000000000000001e-03  1.8917349854674814e-03
-4.1999999999999996e-02 2.7000000000000010e-02 4.0000000000000001e-03  1.9249467253282884e-03
-4.1999999999999996e-02 2.9999999999999999e-02 4.0000000000000001e-03  1.9702555846304801e-03
-4.1999999999999996e-02 3.3000000000000002e-02 4.0000000000000001e-03  2.0180270776981161e-03
-4.1999999999999996e-02 3.6000000000000004e-02 4.0000000000000001e-03  2.0682632258139126e-03
-4.1999999999999996e-02 3.9000000000000007e-02 4.0000000000000001e-03  2.1379749183645146e-03
-4.1999999999999996e-02 4.2000000000000010e-02 4.0000000000000001e-03  2.1763150608008529e-03
-4.1999999999999996e-02 4.4999999999999998e-02 4.0000000000000001e-03  2.2436461148059241e-03
-3.9000000000000000e-02 -4.4999999999999998e-02 4.0000000000000001e-03  2.1162588021421576e-03
-3.9000000000000000e-02 -4.1999999999999996e-02 4.0000000000000001e-03  2.0285999129977289e-03
-3.9000000000000000e-02 -3.9000000000000000e-02 4.0000000000000001e-03  1.9594384081406541e-03
-3.9000000000000000e-02 -3.5999999999999997e-02 4.0000000000000001e-03  1.8786949096392602e-03
-3.9000000000000000e-02 -3.3000000000000002e-02 4.0000000000000001e-03  1.8164957126216104e-03
-3.9000000000000000e-02 -2.9999999999999999e-02 4.0000000000000001e-03  1.7719724048496949e-03
-3.9000000000000000e-02 -2.6999999999999996e-02 4.0000000000000001e-03  1.7436792406415825e-03
-3.9000000000000000e-02 -2.3999999999999997e-02 4.0000000000000001e-03  1.7187464416122218e-03
-3.9000000000000000e-02 -2.0999999999999998e-02 4.0000000000000001e-03  1.7028464463640506e-03
-3.9000000000000000e-02 -1.7999999999999999e-02 4.0000000000000001e-03  1.6711685518328082e-03
-3.9000000000000000e-02 -1.4999999999999999e-02 4.0000000000000001e-03  1.6796332827032814e-03
-3.9000000000000000e-02 -1.1999999999999997e-02 4.0000000000000001e-03  1.6756226500638266e-03
-3.9000000000000000e-02 -8.9999999999999941e-03 4.0000000000000001e-03  1.6667521325647078e-03
-3.9000000000000000e-02 -5.9999999999999984e-03 4.0000000000000001e-03  1.6641944486710709e-03
-3.9000000000000000e-02 -2.9999999999999957e-03 4.0000000000000001e-03  1.6681107770144797e-03
-3.9000000000000000e-02 0.0000000000000000e+00 4.0000000000000001e-03  1.6811088660520308e-03
-3.9000000000000000e-02 3.0000000000000027e-03 4.0000000000000001e-03  1.6940560007458983e-03
-3.9000000000000000e-02 6.0000000000000053e-03 4.0000000000000001e-03  1.7069593422958818e-03
-3.9000000000000000e-02 9.0000000000000011e-03 4.0000000000000001e-03  1.7198283838362625e-03
-3.9000000000000000e-02 1.2000000000000004e-02 4.0000000000000001e-03  1.7318967814352970e-03
-3.9000000000000000e-02 1.4999999999999999e-02 4.0000000000000001e-03  1.7427380623225043e-03
-3.9000000000000000e-02 1.8000000000000002e-02 4.0000000000000001e-03  1.7560574002304294e-03
-3.9000000000000000e-02 2.1000000000000005e-02 4.0000000000000001e-03  1.7722445800363185e-03
-3.9000000000000000e-02 2.4000000000000007e-02 4.0000000000000001e-03  1.8003792646831408e-03
-3.9000000000000000e-02 2.7000000000000010e-02 4.0000000000000001e-03  1.8389658057840264e-03
-3.9000000000000000e-02 2.9999999999999999e-02 4.0000000000000001e-03  1.8800540496016569e-03
-3.9000000000000000e-02 3.3000000000000002e-02 4.0000000000000001e-03  1.9236391979724468e-03
-3.9000000000000000e-02 3.6000000000000004e-02 4.0000000000000001e-03  1.9843997931736500e-03
-3.9000000000000000e-02 3.9000000000000007e-02 4.0000000000000001e-03  2.0479390766256636e-03
-3.9000000000000000e-02 4.2000000000000010e-02 4.0000000000000001e-03  2.0859756953979154e-03
-3.9000000000000000e-02 4.4999999999999998e-02 4.0000000000000001e-03  2.2108658349679219e-03
-3.5999999999999997e-02 -4.4999999999999998e-02 4.0000000000000001e-03  2.0418294096749795e-03
-3.5999999999999997e-02 -4.1999999999999996e-02 4.0000000000000001e-03  1.9463260945365045e-03
-3.5999999999999997e-02 -3.9000000000000000e-02 4.0000000000000001e-03  1.8780261670332341e-03
-3.5999999999999997e-02 -3.5999999999999997e-02 4.0000000000000001e-03  1.8217464447783170e-03
-3.5999999999999997e-02 -3.3000000000000002e-02 4.0000000000000001e-03  1.7569910516301280e-03
-3.5999999999999997e-02 -2.9999999999999999e-02 4.0000000000000001e-03  1.7090634349963122e-03
-3.5999999999999997e-02 -2.6999999999999996e-02 4.0000000000000001e-03  1.6774153450847466e-03
-3.5999999999999997e-02 -2.3999999999999997e-02 4.0000000000000001e-03  1.6501672280679204e-03
-3.5999999999999997e-02 -2.0999999999999998e-02 4.0000000000000001e-03  1.6245753015422582e-03
-3.5999999999999997e-02 -1.7999999999999999e-02 4.0000000000000001e-03  1.5942042991340911e-03
-3.5999999999999997e-02 -1.4999999999999999e-02 4.0000000000000001e-03  1.6025320968282839e-03
-3.5999999999999997e-02 -1.1999999999999997e-02 4.0000000000000001e-03  1.5887064307629601e-03
-3.5999999999999997e-02 -8.9999999999999941e-03 4.0000000000000001e-03  1.5811985724912864e-03
-3.5999999999999997e-02 -5.9999999999999984e-03 4.0000000000000001e-03  1.5937101764096607e-03
-3.5999999999999997e-02 -2.9999999999999957e-03 4.0000000000000001e-03  1.6108915313740556e-03
-3.5999999999999997e-02 0.0000000000000000e+00 4.0000000000000001e-03  1.6194919662429451e-03
-3.5999999999999997e-02 3.0000000000000027e-03 4.0000000000000001e-03  1.6309245757156008e-03
-3.5999999999999997e-02 6.0000000000000053e-03 4.0000000000000001e-03  1.6423933291033171e-03
-3.5999999999999997e-02 9.0000000000000011e-03 4.0000000000000001e-03  1.6541266518946194e-03
-3.5999999999999997e-02 1.2000000000000004e-02 4.0000000000000001e-03  1.6642475761187820e-03
-3.5999999999999997e-02 1.4999999999999999e-02 4.0000000000000001e-03  1.6785586649567838e-03
-3.5999999999999997e-02 1.8000000000000002e-02 4.0000000000000001e-03  1.6946478798963117e-03
-3.5999999999999997e-02 2.1000000000000005e-02 4.0000000000000001e-03  1.7140114767325197e-03
-3.5999999999999997e-02 2.4000000000000007e-02 4.0000000000000001e-03  1.7456944447585079e-03
-3.5999999999999997e-02 2.7000000000000010e-02 4.0000000000000001e-03  1.7804215314059582e-03
-3.5999999999999997e-02 2.9999999999999999e-02 4.0000000000000001e-03  1.8183437245335549e-03
-3.5999999999999997e-02 3.3000000000000002e-02 4.0000000000000001e-03  1.8687273045509614e-03
-3.5999999999999997e-02 3.6000000000000004e-02 4.0000000000000001e-03  1.9209002274384920e-03
-3.5999999999999997e-02 3.9000000000000007e-02 4.0000000000000001e-03  1.9748741498898607e-03
-3.5999999999999997e-02 4.2000000000000010e-02 4.0000000000000001e-03  2.0385867496313338e-03
-3.5999999999999997e-02 4.4999999999999998e-02 4.0000000000000001e-03  2.1593099585260609e-03
-3.3000000000000002e-02 -4.4999999999999998e-02 4.0000000000000001e-03  1.9859181049705485e-03
-3.3000000000000002e-02 -4.1999999999999996e-02 4.0000000000000001e-03  1.8820807099990354e-03
-3.3000000000000002e-02 -3.9000000000000000e-02 4.0000000000000001e-03  1.8067590962804704e-03
-3.3000000000000002e-02 -3.5999999999999997e-02 4.0000000000000001e-03  1.7576673590728442e-03
-3.3000000000000002e-02 -3.3000000000000002e-02 4.0000000000000001e-03  1.7136560021371494e-03
-3.3000000000000002e-02 -2.9999999999999999e-02 4.0000000000000001e-03  1.6635017983992015e-03
-3.3000000000000002e-02 -2.6999999999999996e-02 4.0000000000000001e-03  1.6287154556437202e-03
-3.3000000000000002e-02 -2.3999999999999997e-02 4.0000000000000001e-03  1.5990377221883031e-03
-3.3000000000000002e-02 -2.0999999999999998e-02 4.0000000000000001e-03  1.5710585493521926e-03
-3.3000000000000002e-02 -1.7999999999999999e-02 4.0000000000000001e-03  1.5447016181140442e-03
-3.3000000000000002e-02 -1.4999999999999999e-02 4.0000000000000001e-03  1.5356099078114472e-03
-3.3000000000000002e-02 -1.1999999999999997e-02 4.0000000000000001e-03  1.5386025094663608e-03
-3.3000000000000002e-02 -8.9999999999999941e-03 4.0000000000000001e-03  1.5449955992388328e-03
-3.3000000000000002e-02 -5.9999999999999984e-03 4.0000000000000001e-03  1.5547833669884664e-03
-3.3000000000000002e-02 -2.9999999999999957e-03 4.0000000000000001e-03  1.5679609447856965e-03
-3.3000000000000002e-02 0.0000000000000000e+00 4.0000000000000001e-03  1.5812727103593259e-03
-3.3000000000000002e-02 3.0000000000000027e-03 4.0000000000000001e-03  1.5926762660327823e-03
-3.3000000000000002e-02 6.0000000000000053e-03 4.0000000000000001e-03  1.6068232880594058e-03
-3.3000000000000002e-02 9.0000000000000011e-03 4.0000000000000001e-03  1.6158573395408467e-03
-3.3000000000000002e-02 1.2000000000000004e-02 4.0000000000000001e-03  1.6233672136154106e-03
-3.3000000000000002e-02 1.4999999999999999e-02 4.0000000000000001e-03  1.6350510641843020e-03
-3.3000000000000002e-02 1.8000000000000002e-02 4.0000000000000001e-03  1.6493581695376334e-03
-3.3000000000000002e-02 2.1000000000000005e-02 4.0000000000000001e-03  1.6726567240238066e-03
-3.3000000000000002e-02 2.4000000000000007e-02 4.0000000000000001e-03  1.7013890331566517e-03
-3.3000000000000002e-02 2.7000000000000010e-02 4.0000000000000001e-03  1.7331313995457441e-03
-3.3000000000000002e-02 2.9999999999999999e-02 4.0000000000000001e-03  1.7763642967211280e-03
-3.3000000000000002e-02 3.3000000000000002e-02 4.0000000000000001e-03  1.8258376916534356e-03
-3.3000000000000002e-02 3.6000000000000004e-02 4.0000000000000001e-03  1.8738237122191857e-03
-3.3000000000000002e-02 3.9000000000000007e-02 4.0000000000000001e-03  1.9182241693270696e-03
-3.3000000000000002e-02 4.2000000000000010e-02 4.0000000000000001e-03  2.0010877579995944e-03
-3.3000000000000002e-02 4.4999999999999998e-02 4.0000000000000001e-03  2.1173965298148427e-03
-2.9999999999999999e-02 -4.4999999999999998e-02 4.0000000000000001e-03  1.9486525417992588e-03
-2.9999999999999999e-02 -4.1999999999999996e-02 4.0000000000000001e-03  1.8351270480397870e-03
-2.9999999999999999e-02 -3.9000000000000000e-02 4.0000000000000001e-03  1.7518995899570532e-03
-2.9999999999999999e-02 -3.5999999999999997e-02 4.0000000000000001e-03  1.6964332214863746e-03
-2.9999999999999999e-02 -3.3000000000000002e-02 4.0000000000000001e-03  1.6663137046751895e-03
-2.9999999999999999e-02 -2.9999999999999999e-02 4.0000000000000001e-03  1.6335124891976760e-03
-2.9999999999999999e-02 -2.6999999999999996e-02 4.0000000000000001e-03  1.5964115788358784e-03
-2.9999999999999999e-02 -2.3999999999999997e-02 4.0000000000000001e-03  1.5648582108689017e-03
-2.9999999999999999e-02 -2.0999999999999998e-02 4.0000000000000001e-03  1.5367109329337849e-03
-2.9999999999999999e-02 -1.7999999999999999e-02 4.0000000000000001e-03  1.5134825158773474e-03
-2.9999999999999999e-02 -1.4999999999999999e-02 4.0000000000000001e-03  1.5138722924115003e-03
-2.9999999999999999e-02 -1.1999999999999997e-02 4.0000000000000001e-03  1.5128799383178943e-03
-2.9999999999999999e-02 -8.9999999999999941e-03 4.0000000000000001e-03  1.5152729474865062e-03
-2.9999999999999999e-02 -5.9999999999999984e-03 4.0000000000000001e-03  1.5210448927081720e-03
-2.9999999999999999e-02 -2.9999999999999957e-03 4.0000000000000001e-03  1.5301902889845540e-03
-2.9999999999999999e-02 0.0000000000000000e+00 4.0000000000000001e-03  1.5427045935281552e-03
-2.9999999999999999e-02 3.0000000000000027e-03 4.0000000000000001e-03  1.5558087417037513e-03
-2.9999999999999999e-02 6.0000000000000053e-03 4.0000000000000001e-03  1.5686841461909442e-03
-2.9999999999999999e-02 9.0000000000000011e-03 4.0000000000000001e-03  1.5795048665432940e-03
-2.9999999999999999e-02 1.2000000000000004e-02 4.0000000000000001e-03  1.5892754127406570e-03
-2.9999999999999999e-02 1.4999999999999999e-02 4.0000000000000001e-03  1.5980871213424135e-03
-2.9999999999999999e-02 1.8000000000000002e-02 4.0000000000000001e-03  1.6131733022100620e-03
-2.9999999999999999e-02 2.1000000000000005e-02 4.0000000000000001e-03  1.6359324602348404e-03
-2.9999999999999999e-02 2.4000000000000007e-02 4.0000000000000001e-03  1.6616327502946560e-03
-2.9999999999999999e-02 2.7000000000000010e-02 4.0000000000000001e-03  1.6931543362818933e-03
-2.9999999999999999e-02 2.9999999999999999e-02 4.0000000000000001e-03  1.7339274452715212e-03
-2.9999999999999999e-02 3.3000000000000002e-02 4.0000000000000001e-03  1.7773042988165858e-03
-2.9999999999999999e-02 3.6000000000000004e-02 4.0000000000000001e-03  1.8246235360506982e-03
-2.9999999999999999e-02 3.9000000000000007e-02 4.0000000000000001e-03  1.8850765944414026e-03
-2.9999999999999999e-02 4.2000000000000010e-02 4.0000000000000001e-03  1.9677729454003687e-03
-2.9999999999999999e-02 4.4999999999999998e-02 4.0000000000000001e-03  2.0918075149452720e-03
-2.6999999999999996e-02 -4.4999999999999998e-02 4.0000000000000001e-03  1.9308534550233117e-03
-2.6999999999999996e-02 -4.1999999999999996e-02 4.0000000000000001e-03  1.8222606795589651e-03
-2.6999999999999996e-02 -3.9000000000000000e-02 4.0000000000000001e-03  1.7283407951020435e-03
-2.6999999999999996e-02 -3.5999999999999997e-02 4.0000000000000001e-03  1.6535170608223634e-03
-2.6999999999999996e-02 -3.3000000000000002e-02 4.0000000000000001e-03  1.6141857790171958e-03
-2.6999999999999996e-02 -2.9999999999999999e-02 4.0000000000000001e-03  1.6027486770140912e-03
-2.6999999999999996e-02 -2.6999999999999996e-02 4.0000000000000001e-03  1.5785904519117413e-03
-2.6999999999999996e-02 -2.3999999999999997e-02 4.0000000000000001e-03  1.5458876196371785e-03
-2.6999999999999996e-02 -2.0999999999999998e-02 4.0000000000000001e-03  1.5135932971676179e-03
-2.6999999999999996e-02 -1.7999999999999999e-02 4.0000000000000001e-03  1.4982953693856156e-03
-2.6999999999999996e-02 -1.4999999999999999e-02 4.0000000000000001e-03  1.4973007466241965e-03
-2.6999999999999996e-02 -1.1999999999999997e-02 4.0000000000000001e-03  1.4922966593076160e-03
-2.6999999999999996e-02 -8.9999999999999941e-03 4.0000000000000001e-03  1.4906636857777559e-03
-2.6999999999999996e-02 -5.9999999999999984e-03 4.0000000000000001e-03  1.4923947817566694e-03
-2.6999999999999996e-02 -2.9999999999999957e-03 4.0000000000000001e-03  1.4974838451772584e-03
-2.6999999999999996e-02 0.0000000000000000e+00 4.0000000000000001e-03  1.5061241571450274e-03
-2.6999999999999996e-02 3.0000000000000027e-03 4.0000000000000001e-03  1.5179730511975782e-03
-2.6999999999999996e-02 6.0000000000000053e-03 4.0000000000000001e-03  1.5319327677575435e-03
-2.6999999999999996e-02 9.0000000000000011e-03 4.0000000000000001e-03  1.5450026188797365e-03
-2.6999999999999996e-02 1.2000000000000004e-02 4.0000000000000001e-03  1.5570432301926537e-03
-2.6999999999999996e-02 1.4999999999999999e-02 4.0000000000000001e-03  1.5680275396242518e-03
-2.6999999999999996e-02 1.8000000000000002e-02 4.0000000000000001e-03  1.5841190781935494e-03
-2.6999999999999996e-02 2.1000000000000005e-02 4.0000000000000001e-03  1.6037820102029964e-03
-2.6999999999999996e-02 2.4000000000000007e-02 4.0000000000000001e-03  1.6263770026837927e-03
-2.6999999999999996e-02 2.7000000000000010e-02 4.0000000000000001e-03  1.6577839195585805e-03
-2.6999999999999996e-02 2.9999999999999999e-02 4.0000000000000001e-03  1.6931422067036287e-03
-2.6999999999999996e-02 3.3000000000000002e-02 4.0000000000000001e-03  1.7405350919369733e-03
-2.6999999999999996e-02 3.6000000000000004e-02 4.0000000000000001e-03  1.7949880828434354e-03
-2.6999999999999996e-02 3.9000000000000007e-02 4.0000000000000001e-03  1.8565993093346527e-03
-2.6999999999999996e-02 4.2000000000000010e-02 4.0000000000000001e-03  1.9206385142722384e-03
-2.6999999999999996e-02 4.4999999999999998e-02 4.0000000000000001e-03  2.0556848961446055e-03
-2.3999999999999997e-02 -4.4999999999999998e-02 4.0000000000000001e-03  1.8897997687303866e-03
-2.3999999999999997e-02 -4.1999999999999996e-02 4.0000000000000001e-03  1.7872317649397030e-03
-2.3999999999999997e-02 -3.9000000000000000e-02 4.0000000000000001e-03  1.7024201339713898e-03
-2.3999999999999997e-02 -3.5999999999999997e-02 4.0000000000000001e-03  1.6336930195122285e-03
-2.3999999999999997e-02 -3.3000000000000002e-02 4.0000000000000001e-03  1.5794897318628322e-03
-2.3999999999999997e-02 -2.9999999999999999e-02 4.0000000000000001e-03  1.5417134212719200e-03
-2.3999999999999997e-02 -2.6999999999999996e-02 4.0000000000000001e-03  1.5392478375420206e-03
-2.3999999999999997e-02 -2.3999999999999997e-02 4.0000000000000001e-03  1.5271910684168831e-03
-2.3999999999999997e-02 -2.0999999999999998e-02 4.0000000000000001e-03  1.4948823133829653e-03
-2.3999999999999997e-02 -1.7999999999999999e-02 4.0000000000000001e-03  1.4879863973970412e-03
-2.3999999999999997e-02 -1.4999999999999999e-02 4.0000000000000001e-03  1.4857738470603131e-03
-2.3999999999999997e-02 -1.1999999999999997e-02 4.0000000000000001e-03  1.4767355020650467e-03
-2.3999999999999997e-02 -8.9999999999999941e-03 4.0000000000000001e-03  1.4710548967608321e-03
-2.3999999999999997e-02 -5.9999999999999984e-03 4.0000000000000001e-03  1.4709078310376756e-03
-2.3999999999999997e-02 -2.9999999999999957e-03 4.0000000000000001e-03  1.4737535710719273e-03
-2.3999999999999997e-02 0.0000000000000000e+00 4.0000000000000001e-03  1.4789357931879838e-03
-2.3999999999999997e-02 3.0000000000000027e-03 4.0000000000000001e-03  1.4864529646870339e-03
-2.3999999999999997e-02 6.0000000000000053e-03 4.0000000000000001e-03  1.4969597414528060e-03
-2.3999999999999997e-02 9.0000000000000011e-03 4.0000000000000001e-03  1.5122882645411150e-03
-2.3999999999999997e-02 1.2000000000000004e-02 4.0000000000000001e-03  1.5266079591388958e-03
-2.3999999999999997e-02 1.4999999999999999e-02 4.0000000000000001e-03  1.5409282316402974e-03
-2.3999999999999997e-02 1.8000000000000002e-02 4.0000000000000001e-03  1.5592994100524804e-03
-2.3999999999999997e-02 2.1000000000000005e-02 4.0000000000000001e-03  1.5761539914549694e-03
-2.3999999999999997e-02 2.4000000000000007e-02 4.0000000000000001e-03  1.5977030415318960e-03
-2.3999999999999997e-02 2.7000000000000010e-02 4.0000000000000001e-03  1.6291558371067415e-03
-2.3999999999999997e-02 2.9999999999999999e-02 4.0000000000000001e-03  1.6676296561116207e-03
-2.3999999999999997e-02 3.3000000000000002e-02 4.0000000000000001e-03  1.7131963839642334e-03
-2.3999999999999997e-02 3.6000000000000004e-02 4.0000000000000001e-03  1.7659435836166954e-03
-2.3999999999999997e-02 3.9000000000000007e-02 4.0000000000000001e-03  1.8259744955555592e-03
-2.3999999999999997e-02 4.2000000000000010e-02 4.0000000000000001e-03  1.8906544655744480e-03
-2.3999999999999997e-02 4.4999999999999998e-02 4.0000000000000001e-03  1.9851567759894173e-03
-2.0999999999999998e-02 -4.4999999999999998e-02 4.0000000000000001e-03  1.8752108385124765e-03
-2.0999999999999998e-02 -4.1999999999999996e-02 4.0000000000000001e-03  1.7569513530842757e-03
-2.0999999999999998e-02 -3.9000000000000000e-02 4.0000000000000001e-03  1.6784257751399983e-03
-2.0999999999999998e-02 -3.5999999999999997e-02 4.0000000000000001e-03  1.6161368373731159e-03
-2.0999999999999998e-02 -3.3000000000000002e-02 4.0000000000000001e-03  1.5684791817973740e-03
-2.0999999999999998e-02 -2.9999999999999999e-02 4.0000000000000001e-03  1.5339586170403435e-03
-2.0999999999999998e-02 -2.6999999999999996e-02 4.0000000000000001e-03  1.5111921183434368e-03
-2.0999999999999998e-02 -2.3999999999999997e-02 4.0000000000000001e-03  1.5029899830236678e-03
-2.0999999999999998e-02 -2.0999999999999998e-02 4.0000000000000001e-03  1.4750887634288291e-03
-2.0999999999999998e-02 -1.7999999999999999e-02 4.0000000000000001e-03  1.4770747807259729e-03
-2.0999999999999998e-02 -1.4999999999999999e-02 4.0000000000000001e-03  1.4789789500002262e-03
-2.0999999999999998e-02 -1.1999999999999997e-02 4.0000000000000001e-03  1.4723443736706498e-03
-2.0999999999999998e-02 -8.9999999999999941e-03 4.0000000000000001e-03  1.4662038616299867e-03
-2.0999999999999998e-02 -5.9999999999999984e-03 4.0000000000000001e-03  1.4624001394421603e-03
-2.0999999999999998e-02 -2.9999999999999957e-03 4.0000000000000001e-03  1.4609319723313601e-03
-2.0999999999999998e-02 0.0000000000000000e+00 4.0000000000000001e-03  1.4617982165797865e-03
-2.0999999999999998e-02 3.0000000000000027e-03 4.0000000000000001e-03  1.4649978195276805e-03
-2.0999999999999998e-02 6.0000000000000053e-03 4.0000000000000001e-03  1.4705298195733028e-03
-2.0999999999999998e-02 9.0000000000000011e-03 4.0000000000000001e-03  1.4813037535315373e-03
-2.0999999999999998e-02 1.2000000000000004e-02 4.0000000000000001e-03  1.4979111747600480e-03
-2.0999999999999998e-02 1.4999999999999999e-02 4.0000000000000001e-03  1.5162728523723239e-03
-2.0999999999999998e-02 1.8000000000000002e-02 4.0000000000000001e-03  1.5355554228052974e-03
-2.0999999999999998e-02 2.1000000000000005e-02 4.0000000000000001e-03  1.5524940447754760e-03
-2.0999999999999998e-02 2.4000000000000007e-02 4.0000000000000001e-03  1.5764411743638114e-03
-2.0999999999999998e-02 2.7000000000000010e-02 4.0000000000000001e-03  1.6059327170080181e-03
-2.0999999999999998e-02 2.9999999999999999e-02 4.0000000000000001e-03  1.6425706600264626e-03
-2.0999999999999998e-02 3.3000000000000002e-02 4.0000000000000001e-03  1.6864319994117408e-03
-2.0999999999999998e-02 3.6000000000000004e-02 4.0000000000000001e-03  1.7402594124794428e-03
-2.0999999999999998e-02 3.9000000000000007e-02 4.0000000000000001e-03  1.8009547082609152e-03
-2.0999999999999998e-02 4.2000000000000010e-02 4.0000000000000001e-03  1.8634806312121995e-03
-2.0999999999999998e-02 4.4999999999999998e-02 4.0000000000000001e-03  1.9731443311260350e-03
-1.7999999999999999e-02 -4.4999999999999998e-02 4.0000000000000001e-03  1.8889268608785420e-03
-1.7999999999999999e-02 -4.1999999999999996e-02 4.0000000000000001e-03  1.7348670255865270e-03
-1.7999999999999999e-02 -3.9000000000000000e-02 4.0000000000000001e-03  1.6592031533032489e-03
-1.7999999999999999e-02 -3.5999999999999997e-02 4.0000000000000001e-03  1.6034138967531120e-03
-1.7999999999999999e-02 -3.3000000000000002e-02 4.0000000000000001e-03  1.5623570606559682e-03
-1.7999999999999999e-02 -2.9999999999999999e-02 4.0000000000000001e-03  1.5344937853525240e-03
-1.7999999999999999e-02 -2.6999999999999996e-02 4.0000000000000001e-03  1.5249968032277196e-03
-1.7999999999999999e-02 -2.3999999999999997e-02 4.0000000000000001e-03  1.4921180061300064e-03
-1.7999999999999999e-02 -2.0999999999999998e-02 4.0000000000000001e-03  1.4562962312054362e-03
-1.7999999999999999e-02 -1.7999999999999999e-02 4.0000000000000001e-03  1.4581546376092470e-03
-1.7999999999999999e-02 -1.4999999999999999e-02 4.0000000000000001e-03  1.4593412659432232e-03
-1.7999999999999999e-02 -1.1999999999999997e-02 4.0000000000000001e-03  1.4558060481299653e-03
-1.7999999999999999e-02 -8.9999999999999941e-03 4.0000000000000001e-03  1.4539283969373386e-03
-1.7999999999999999e-02 -5.9999999999999984e-03 4.0000000000000001e-03  1.4528407699424435e-03
-1.7999999999999999e-02 -2.9999999999999957e-03 4.0000000000000001e-03  1.4525412488639062e-03
-1.7999999999999999e-02 0.0000000000000000e+00 4.0000000000000001e-03  1.4530288985375810e-03
-1.7999999999999999e-02 3.0000000000000027e-03 4.0000000000000001e-03  1.4535718377226368e-03
-1.7999999999999999e-02 6.0000000000000053e-03 4.0000000000000001e-03  1.4547958619159208e-03
-1.7999999999999999e-02 9.0000000000000011e-03 4.0000000000000001e-03  1.4583516233080459e-03
-1.7999999999999999e-02 1.2000000000000004e-02 4.0000000000000001e-03  1.4708987342499438e-03
-1.7999999999999999e-02 1.4999999999999999e-02 4.0000000000000001e-03  1.4923504946368520e-03
-1.7999999999999999e-02 1.8000000000000002e-02 4.0000000000000001e-03  1.5126958530938151e-03
-1.7999999999999999e-02 2.1000000000000005e-02 4.0000000000000001e-03  1.5324687365963899e-03
-1.7999999999999999e-02 2.4000000000000007e-02 4.0000000000000001e-03  1.5567542642682124e-03
-1.7999999999999999e-02 2.7000000000000010e-02 4.0000000000000001e-03  1.5831269609921437e-03
-1.7999999999999999e-02 2.9999999999999999e-02 4.0000000000000001e-03  1.6214027994822190e-03
-1.7999999999999999e-02 3.3000000000000002e-02 4.0000000000000001e-03  1.6669353966669979e-03
-1.7999999999999999e-02 3.6000000000000004e-02 4.0000000000000001e-03  1.7183527920809816e-03
-1.7999999999999999e-02 3.9000000000000007e-02 4.0000000000000001e-03  1.7756254986071945e-03
-1.7999999999999999e-02 4.2000000000000010e-02 4.0000000000000001e-03  1.8408787198641553e-03
-1.7999999999999999e-02 4.4999999999999998e-02 4.0000000000000001e-03  1.9665635030954596e-03
-1.4999999999999999e-02 -4.4999999999999998e-02 4.0000000000000001e-03  1.8991789159647713e-03
-1.4999999999999999e-02 -4.1999999999999996e-02 4.0000000000000001e-03  1.7483769700136658e-03
-1.4999999999999999e-02 -3.9000000000000000e-02 4.0000000000000001e-03  1.6447242104573284e-03
-1.4999999999999999e-02 -3.5999999999999997e-02 4.0000000000000001e-03  1.5955057890166236e-03
-1.4999999999999999e-02 -3.3000000000000002e-02 4.0000000000000001e-03  1.5611146091712564e-03
-1.4999999999999999e-02 -2.9999999999999999e-02 4.0000000000000001e-03  1.5462224421547432e-03
-1.4999999999999999e-02 -2.6999999999999996e-02 4.0000000000000001e-03  1.5114079079288955e-03
-1.4999999999999999e-02 -2.3999999999999997e-02 4.0000000000000001e-03  1.4740942930179331e-03
-1.4999999999999999e-02 -2.0999999999999998e-02 4.0000000000000001e-03  1.4407433411730861e-03
-1.4999999999999999e-02 -1.7999999999999999e-02 4.0000000000000001e-03  1.4424747421793625e-03
-1.4999999999999999e-02 -1.4999999999999999e-02 4.0000000000000001e-03  1.4429308663462253e-03
-1.4999999999999999e-02 -1.1999999999999997e-02 4.0000000000000001e-03  1.4389984959276890e-03
-1.4999999999999999e-02 -8.9999999999999941e-03 4.0000000000000001e-03  1.4368364762373407e-03
-1.4999999999999999e-02 -5.9999999999999984e-03 4.0000000000000001e-03  1.4362594072889990e-03
-1.4999999999999999e-02 -2.9999999999999957e-03 4.0000000000000001e-03  1.4364704922820032e-03
-1.4999999999999999e-02 0.0000000000000000e+00 4.0000000000000001e-03  1.4374679352922341e-03
-1.4999999999999999e-02 3.0000000000000027e-03 4.0000000000000001e-03  1.4392509235127873e-03
-1.4999999999999999e-02 6.0000000000000053e-03 4.0000000000000001e-03  1.4418196272539766e-03
-1.4999999999999999e-02 9.0000000000000011e-03 4.0000000000000001e-03  1.4451751999433346e-03
-1.4999999999999999e-02 1.2000000000000004e-02 4.0000000000000001e-03  1.4535757373527211e-03
-1.4999999999999999e-02 1.4999999999999999e-02 4.0000000000000001e-03  1.4690964332991071e-03
-1.4999999999999999e-02 1.8000000000000002e-02 4.0000000000000001e-03  1.4906669710426080e-03
-1.4999999999999999e-02 2.1000000000000005e-02 4.0000000000000001e-03  1.5133711116442820e-03
-1.4999999999999999e-02 2.4000000000000007e-02 4.0000000000000001e-03  1.5409984383943254e-03
-1.4999999999999999e-02 2.7000000000000010e-02 4.0000000000000001e-03  1.5731256788066572e-03
-1.4999999999999999e-02 2.9999999999999999e-02 4.0000000000000001e-03  1.6092745712022350e-03
-1.4999999999999999e-02 3.3000000000000002e-02 4.0000000000000001e-03  1.6495100458735819e-03
-1.4999999999999999e-02 3.6000000000000004e-02 4.0000000000000001e-03  1.6954475808969958e-03
-1.4999999999999999e-02 3.9000000000000007e-02 4.0000000000000001e-03  1.7491232618632472e-03
-1.4999999999999999e-02 4.2000000000000010e-02 4.0000000000000001e-03  1.8242991971372407e-03
-1.4999999999999999e-02 4.4999999999999998e-02 4.0000000000000001e-03  1.9582743105677897e-03
-1.1999999999999997e-02 -4.4999999999999998e-02 4.0000000000000001e-03  1.9059478131551637e-03
-1.1999999999999997e-02 -4.1999999999999996e-02 4.0000000000000001e-03  1.7583286522133406e-03
-1.1999999999999997e-02 -3.9000000000000000e-02 4.0000000000000001e-03  1.6513870116796553e-03
-1.1999999999999997e-02 -3.5999999999999997e-02 4.0000000000000001e-03  1.5924009855691863e-03
-1.1999999999999997e-02 -3.3000000000000002e-02 4.0000000000000001e-03  1.5662531229700780e-03
-1.1999999999999997e-02 -2.9999999999999999e-02 4.0000000000000001e-03  1.5327149303457936e-03
-1.1999999999999997e-02 -2.6999999999999996e-02 4.0000000000000001e-03  1.4972560110114879e-03
-1.1999999999999997e-02 -2.3999999999999997e-02 4.0000000000000001e-03  1.4592574435191668e-03
-1.1999999999999997e-02 -2.0999999999999998e-02 4.0000000000000001e-03  1.4284254733250912e-03
-1.1999999999999997e-02 -1.7999999999999999e-02 4.0000000000000001e-03  1.4300304843210079e-03
-1.1999999999999997e-02 -1.4999999999999999e-02 4.0000000000000001e-03  1.4297225667470890e-03
-1.1999999999999997e-02 -1.1999999999999997e-02 4.0000000000000001e-03  1.4254671822126581e-03
-1.1999999999999997e-02 -8.9999999999999941e-03 4.0000000000000001e-03  1.4228505104065844e-03
-1.1999999999999997e-02 -5.9999999999999984e-03 4.0000000000000001e-03  1.4220660490545829e-03
-1.1999999999999997e-02 -2.9999999999999957e-03 4.0000000000000001e-03  1.4227882436605071e-03
-1.1999999999999997e-02 0.0000000000000000e+00 4.0000000000000001e-03  1.4242971002710846e-03
-1.1999999999999997e-02 3.0000000000000027e-03 4.0000000000000001e-03  1.4265909453194401e-03
-1.1999999999999997e-02 6.0000000000000053e-03 4.0000000000000001e-03  1.4296690883559171e-03
-1.1999999999999997e-02 9.0000000000000011e-03 4.0000000000000001e-03  1.4335318220480811e-03
-1.1999999999999997e-02 1.2000000000000004e-02 4.0000000000000001e-03  1.4504744415019008e-03
-1.1999999999999997e-02 1.4999999999999999e-02 4.0000000000000001e-03  1.4663146154748194e-03
-1.1999999999999997e-02 1.8000000000000002e-02 4.0000000000000001e-03  1.4768003210592880e-03
-1.1999999999999997e-02 2.1000000000000005e-02 4.0000000000000001e-03  1.4952348044560849e-03
-1.1999999999999997e-02 2.4000000000000007e-02 4.0000000000000001e-03  1.5243518216803090e-03
-1.1999999999999997e-02 2.7000000000000010e-02 4.0000000000000001e-03  1.5573010530050969e-03
-1.1999999999999997e-02 2.9999999999999999e-02 4.0000000000000001e-03  1.5941531155463837e-03
-1.1999999999999997e-02 3.3000000000000002e-02 4.0000000000000001e-03  1.6349864954979226e-03
-1.1999999999999997e-02 3.6000000000000004e-02 4.0000000000000001e-03  1.6798875481312992e-03
-1.1999999999999997e-02 3.9000000000000007e-02 4.0000000000000001e-03  1.7304199162834781e-03
-1.1999999999999997e-02 4.2000000000000010e-02 4.0000000000000001e-03  1.8089363475944642e-03
-1.1999999999999997e-02 4.4999999999999998e-02 4.0000000000000001e-03  1.9434645917354955e-03
-8.9999999999999941e-03 -4.4999999999999998e-02 4.0000000000000001e-03  1.9092205596028160e-03
-8.9999999999999941e-03 -4.1999999999999996e-02 4.0000000000000001e-03  1.7647116197351954e-03
-8.9999999999999941e-03 -3.9000000000000000e-02 4.0000000000000001e-03  1.6607811124319969e-03
-8.9999999999999941e-03 -3.5999999999999997e-02 4.0000000000000001e-03  1.5894642859451671e-03
-8.9999999999999941e-03 -3.3000000000000002e-02 4.0000000000000001e-03  1.5565811816329023e-03
-8.9999999999999941e-03 -2.9999999999999999e-02 4.0000000000000001e-03  1.5224276171855984e-03
-8.9999999999999941e-03 -2.6999999999999996e-02 4.0000000000000001e-03  1.4863027710606638e-03
-8.9999999999999941e-03 -2.3999999999999997e-02 4.0000000000000001e-03  1.4476003344090498e-03
-8.9999999999999941e-03 -2.0999999999999998e-02 4.0000000000000001e-03  1.4193399501762473e-03
-8.9999999999999941e-03 -1.7999999999999999e-02 4.0000000000000001e-03  1.4208191964403421e-03
-8.9999999999999941e-03 -1.4999999999999999e-02 4.0000000000000001e-03  1.4197137757539417e-03
-8.9999999999999941e-03 -1.1999999999999997e-02 4.0000000000000001e-03  1.4151357384681615e-03
-8.9999999999999941e-03 -8.9999999999999941e-03 4.0000000000000001e-03  1.4121957869625691e-03
-8.9999999999999941e-03 -5.9999999999999984e-03 4.0000000000000001e-03  1.4108954390505567e-03
-8.9999999999999941e-03 -2.9999999999999957e-03 4.0000000000000001e-03  1.4114923391641062e-03
-8.9999999999999941e-03 0.0000000000000000e+00 4.0000000000000001e-03  1.4135125069461676e-03
-8.9999999999999941e-03 3.0000000000000027e-03 4.0000000000000001e-03  1.4163182231158740e-03
-8.9999999999999941e-03 6.0000000000000053e-03 4.0000000000000001e-03  1.4199079364636000e-03
-8.9999999999999941e-03 9.0000000000000011e-03 4.0000000000000001e-03  1.4279843240743359e-03
-8.9999999999999941e-03 1.2000000000000004e-02 4.0000000000000001e-03  1.4479305502827055e-03
-8.9999999999999941e-03 1.4999999999999999e-02 4.0000000000000001e-03  1.4665795619813831e-03
-8.9999999999999941e-03 1.8000000000000002e-02 4.0000000000000001e-03  1.4787708264116252e-03
-8.9999999999999941e-03 2.1000000000000005e-02 4.0000000000000001e-03  1.4964183078929702e-03
-8.9999999999999941e-03 2.4000000000000007e-02 4.0000000000000001e-03  1.5195092891192128e-03
-8.9999999999999941e-03 2.7000000000000010e-02 4.0000000000000001e-03  1.5447507276333693e-03
-8.9999999999999941e-03 2.9999999999999999e-02 4.0000000000000001e-03  1.5721500265202034e-03
-8.9999999999999941e-03 3.3000000000000002e-02 4.0000000000000001e-03  1.6121461858590324e-03
-8.9999999999999941e-03 3.6000000000000004e-02 4.0000000000000001e-03  1.6574740398236376e-03
-8.9999999999999941e-03 3.9000000000000007e-02 4.0000000000000001e-03  1.7198242332645882e-03
-8.9999999999999941e-03 4.2000000000000010e-02 4.0000000000000001e-03  1.8027459783716542e-03
-8.9999999999999941e-03 4.4999999999999998e-02 4.0000000000000001e-03  1.9223363954788901e-03
-5.9999999999999984e-03 -4.4999999999999998e-02 4.0000000000000001e-03  1.9089903602299309e-03
-5.9999999999999984e-03 -4.1999999999999996e-02 4.0000000000000001e-03  1.7675216178979845e-03
-5.9999999999999984e-03 -3.9000000000000000e-02 4.0000000000000001e-03  1.6665267461797189e-03
-5.9999999999999984e-03 -3.5999999999999997e-02 4.0000000000000001e-03  1.5836064317134363e-03
-5.9999999999999984e-03 -3.3000000000000002e-02 4.0000000000000001e-03  1.5501454100364008e-03
-5.9999999999999984e-03 -2.9999999999999999e-02 4.0000000000000001e-03  1.5153533857620032e-03
-5.9999999999999984e-03 -2.6999999999999996e-02 4.0000000000000001e-03  1.4785421499465983e-03
-5.9999999999999984e-03 -2.3999999999999997e-02 4.0000000000000001e-03  1.4391180063400859e-03
-5.9999999999999984e-03 -2.0999999999999998e-02 4.0000000000000001e-03  1.4134860367628409e-03
-5.9999999999999984e-03 -1.7999999999999999e-02 4.0000000000000001e-03  1.4148401534650212e-03
-5.9999999999999984e-03 -1.4999999999999999e-02 4.0000000000000001e-03  1.4129037465253824e-03
-5.9999999999999984e-03 -1.1999999999999997e-02 4.0000000000000001e-03  1.4080032131586024e-03
-5.9999999999999984e-03 -8.9999999999999941e-03 4.0000000000000001e-03  1.4047405088354658e-03
-5.9999999999999984e-03 -5.9999999999999984e-03 4.0000000000000001e-03  1.4031166011608568e-03
-5.9999999999999984e-03 -2.9999999999999957e-03 4.0000000000000001e-03  1.4031331657442349e-03
-5.9999999999999984e-03 0.0000000000000000e+00 4.0000000000000001e-03  1.4051146769985205e-03
-5.9999999999999984e-03 3.0000000000000027e-03 4.0000000000000001e-03  1.4084315558904753e-03
-5.9999999999999984e-03 6.0000000000000053e-03 4.0000000000000001e-03  1.4125332478727552e-03
-5.9999999999999984e-03 9.0000000000000011e-03 4.0000000000000001e-03  1.4274937982598150e-03
-5.9999999999999984e-03 1.2000000000000004e-02 4.0000000000000001e-03  1.4459269847928930e-03
-5.9999999999999984e-03 1.4999999999999999e-02 4.0000000000000001e-03  1.4643439965600180e-03
-5.9999999999999984e-03 1.8000000000000002e-02 4.0000000000000001e-03  1.4790372573879633e-03
-5.9999999999999984e-03 2.1000000000000005e-02 4.0000000000000001e-03  1.4950876912035930e-03
-5.9999999999999984e-03 2.4000000000000007e-02 4.0000000000000001e-03  1.5207844664399349e-03
-5.9999999999999984e-03 2.7000000000000010e-02 4.0000000000000001e-03  1.5486490358476883e-03
-5.9999999999999984e-03 2.9999999999999999e-02 4.0000000000000001e-03  1.5786886096997379e-03
-5.9999999999999984e-03 3.3000000000000002e-02 4.0000000000000001e-03  1.6021420710968376e-03
-5.9999999999999984e-03 3.6000000000000004e-02 4.0000000000000001e-03  1.6404842724794554e-03
-5.9999999999999984e-03 3.9000000000000007e-02 4.0000000000000001e-03  1.7115361853938388e-03
-5.9999999999999984e-03 4.2000000000000010e-02 4.0000000000000001e-03  1.8077660468289094e-03
-5.9999999999999984e-03 4.4999999999999998e-02 4.0000000000000001e-03  1.9268463938616567e-03
-2.9999999999999957e-03 -4.4999999999999998e-02 4.0000000000000001e-03  1.9052566177278039e-03
-2.9999999999999957e-03 -4.1999999999999996e-02 4.0000000000000001e-03  1.7667605897895527e-03
-2.9999999999999957e-03 -3.9000000000000000e-02 4.0000000000000001e-03  1.6586706050737933e-03
-2.9999999999999957e-03 -3.5999999999999997e-02 4.0000000000000001e-03  1.5810033497310277e-03
-2.9999999999999957e-03 -3.3000000000000002e-02 4.0000000000000001e-03  1.5469397763632413e-03
-2.9999999999999957e-03 -2.9999999999999999e-02 4.0000000000000001e-03  1.5114872830400087e-03
-2.9999999999999957e-03 -2.6999999999999996e-02 4.0000000000000001e-03  1.4739702734166331e-03
-2.9999999999999957e-03 -2.3999999999999997e-02 4.0000000000000001e-03  1.4338076638419593e-03
-2.9999999999999957e-03 -2.0999999999999998e-02 4.0000000000000001e-03  1.4108649406426455e-03
-2.9999999999999957e-03 -1.7999999999999999e-02 4.0000000000000001e-03  1.4120945728441842e-03
-2.9999999999999957e-03 -1.4999999999999999e-02 4.0000000000000001e-03  1.4092935767704867e-03
-2.9999999999999957e-03 -1.1999999999999997e-02 4.0000000000000001e-03  1.4040704992988593e-03
-2.9999999999999957e-03 -8.9999999999999941e-03 4.0000000000000001e-03  1.4004853643459533e-03
-2.9999999999999957e-03 -5.9999999999999984e-03 4.0000000000000001e-03  1.3985385893081489e-03
-2.9999999999999957e-03 -2.9999999999999957e-03 4.0000000000000001e-03  1.3982312995864060e-03
-2.9999999999999957e-03 0.0000000000000000e+00 4.0000000000000001e-03  1.3995653285862335e-03
-2.9999999999999957e-03 3.0000000000000027e-03 4.0000000000000001e-03  1.4029341508406156e-03
-2.9999999999999957e-03 6.0000000000000053e-03 4.0000000000000001e-03  1.4106136687396713e-03
-2.9999999999999957e-03 9.0000000000000011e-03 4.0000000000000001e-03  1.4275470750496184e-03
-2.9999999999999957e-03 1.2000000000000004e-02 4.0000000000000001e-03  1.4444598323685841e-03
-2.9999999999999957e-03 1.4999999999999999e-02 4.0000000000000001e-03  1.4613472269798720e-03
-2.9999999999999957e-03 1.8000000000000002e-02 4.0000000000000001e-03  1.4775448572382688e-03
-2.9999999999999957e-03 2.1000000000000005e-02 4.0000000000000001e-03  1.4923496436601909e-03
-2.9999999999999957e-03 2.4000000000000007e-02 4.0000000000000001e-03  1.5192853830744127e-03
-2.9999999999999957e-03 2.7000000000000010e-02 4.0000000000000001e-03  1.5497913728401863e-03
-2.9999999999999957e-03 2.9999999999999999e-02 4.0000000000000001e-03  1.5782664191723356e-03
-2.9999999999999957e-03 3.3000000000000002e-02 4.0000000000000001e-03  1.6015954628383197e-03
-2.9999999999999957e-03 3.6000000000000004e-02 4.0000000000000001e-03  1.6339851476072449e-03
-2.9999999999999957e-03 3.9000000000000007e-02 4.0000000000000001e-03  1.7028991412512944e-03
-2.9999999999999957e-03 4.2000000000000010e-02 4.0000000000000001e-03  1.8047585815526880e-03
-2.9999999999999957e-03 4.4999999999999998e-02 4.0000000000000001e-03  1.9427198570323074e-03
0.0000000000000000e+00 -4.4999999999999998e-02 4.0000000000000001e-03  1.8980249325568190e-03
0.0000000000000000e+00 -4.1999999999999996e-02 4.0000000000000001e-03  1.7613849550169437e-03
0.0000000000000000e+00 -3.9000000000000000e-02 4.0000000000000001e-03  1.6537463269232118e-03
0.0000000000000000e+00 -3.5999999999999997e-02 4.0000000000000001e-03  1.5816500932754371e-03
0.0000000000000000e+00 -3.3000000000000002e-02 4.0000000000000001e-03  1.5469604126732610e-03
0.0000000000000000e+00 -2.9999999999999999e-02 4.0000000000000001e-03  1.5108265198617939e-03
0.0000000000000000e+00 -2.6999999999999996e-02 4.0000000000000001e-03  1.4725854310952803e-03
0.0000000000000000e+00 -2.3999999999999997e-02 4.0000000000000001e-03  1.4316686753215232e-03
0.0000000000000000e+00 -2.0999999999999998e-02 4.0000000000000001e-03  1.4114798118949228e-03
0.0000000000000000e+00 -1.7999999999999999e-02 4.0000000000000001e-03  1.4125856145484653e-03
0.0000000000000000e+00 -1.4999999999999999e-02 4.0000000000000001e-03  1.4088862087487937e-03
0.0000000000000000e+00 -1.1999999999999997e-02 4.0000000000000001e-03  1.4033403344542819e-03
0.0000000000000000e+00 -8.9999999999999941e-03 4.0000000000000001e-03  1.3994328863651869e-03
0.0000000000000000e+00 -5.9999999999999984e-03 4.0000000000000001e-03  1.3971637316693962e-03
0.0000000000000000e+00 -2.9999999999999957e-03 4.0000000000000001e-03  1.3965334455593554e-03
0.0000000000000000e+00 0.0000000000000000e+00 4.0000000000000001e-03  1.3975433112320835e-03
0.0000000000000000e+00 3.0000000000000027e-03 4.0000000000000001e-03  1.4001953198891567e-03
0.0000000000000000e+00 6.0000000000000053e-03 4.0000000000000001e-03  1.4117991315972503e-03
0.0000000000000000e+00 9.0000000000000011e-03 4.0000000000000001e-03  1.4267193712993577e-03
0.0000000000000000e+00 1.2000000000000004e-02 4.0000000000000001e-03  1.4418490100957999e-03
0.0000000000000000e+00 1.4999999999999999e-02 4.0000000000000001e-03  1.4571848778175476e-03
0.0000000000000000e+00 1.8000000000000002e-02 4.0000000000000001e-03  1.4727255728086512e-03
0.0000000000000000e+00 2.1000000000000005e-02 4.0000000000000001e-03  1.4908047275314655e-03
0.0000000000000000e+00 2.4000000000000007e-02 4.0000000000000001e-03  1.5149478328110586e-03
0.0000000000000000e+00 2.7000000000000010e-02 4.0000000000000001e-03  1.5469370727074678e-03
0.0000000000000000e+00 2.9999999999999999e-02 4.0000000000000001e-03  1.5758227386488844e-03
0.0000000000000000e+00 3.3000000000000002e-02 4.0000000000000001e-03  1.6024607057025558e-03
0.0000000000000000e+00 3.6000000000000004e-02 4.0000000000000001e-03  1.6281390898099204e-03
0.0000000000000000e+00 3.9000000000000007e-02 4.0000000000000001e-03  1.6953520794057240e-03
0.0000000000000000e+00 4.2000000000000010e-02 4.0000000000000001e-03  1.7944813532008047e-03
0.0000000000000000e+00 4.4999999999999998e-02 4.0000000000000001e-03  1.9287159201415295e-03
3.0000000000000027e-03 -4.4999999999999998e-02 4.0000000000000001e-03  1.8874624840592052e-03
3.0000000000000027e-03 -4.1999999999999996e-02 4.0000000000000001e-03  1.7567683399417509e-03
3.0000000000000027e-03 -3.9000000000000000e-02 4.0000000000000001e-03  1.6525328143452925e-03
3.0000000000000027e-03 -3.5999999999999997e-02 4.0000000000000001e-03  1.5855438795013450e-03
3.0000000000000027e-03 -3.3000000000000002e-02 4.0000000000000001e-03  1.5502056149034758e-03
3.0000000000000027e-03 -2.9999999999999999e-02 4.0000000000000001e-03  1.5133704709467009e-03
3.0000000000000027e-03 -2.6999999999999996e-02 4.0000000000000001e-03  1.4743880764842240e-03
3.0000000000000027e-03 -2.3999999999999997e-02 4.0000000000000001e-03  1.4327025730627870e-03
3.0000000000000027e-03 -2.0999999999999998e-02 4.0000000000000001e-03  1.4153357431204224e-03
3.0000000000000027e-03 -1.7999999999999999e-02 4.0000000000000001e-03  1.4163183810699770e-03
3.0000000000000027e-03 -1.4999999999999999e-02 4.0000000000000001e-03  1.4116864292703290e-03
3.0000000000000027e-03 -1.1999999999999997e-02 4.0000000000000001e-03  1.4058173007406947e-03
3.0000000000000027e-03 -8.9999999999999941e-03 4.0000000000000001e-03  1.4013834274567967e-03
3.0000000000000027e-03 -5.9999999999999984e-03 4.0000000000000001e-03  1.3976504037421294e-03
3.0000000000000027e-03 -2.9999999999999957e-03 4.0000000000000001e-03  1.3957791019026432e-03
3.0000000000000027e-03 0.0000000000000000e+00 4.0000000000000001e-03  1.3957653960639113e-03
3.0000000000000027e-03 3.0000000000000027e-03 4.0000000000000001e-03  1.3976075146468316e-03
3.0000000000000027e-03 6.0000000000000053e-03 4.0000000000000001e-03  1.4085779437935000e-03
3.0000000000000027e-03 9.0000000000000011e-03 4.0000000000000001e-03  1.4229816842578956e-03
3.0000000000000027e-03 1.2000000000000004e-02 4.0000000000000001e-03  1.4375865573714659e-03
3.0000000000000027e-03 1.4999999999999999e-02 4.0000000000000001e-03  1.4523913675373729e-03
3.0000000000000027e-03 1.8000000000000002e-02 4.0000000000000001e-03  1.4673966876718755e-03
3.0000000000000027e-03 2.1000000000000005e-02 4.0000000000000001e-03  1.4843186518295160e-03
3.0000000000000027e-03 2.4000000000000007e-02 4.0000000000000001e-03  1.5079694378537310e-03
3.0000000000000027e-03 2.7000000000000010e-02 4.0000000000000001e-03  1.5425829563657479e-03
3.0000000000000027e-03 2.9999999999999999e-02 4.0000000000000001e-03  1.5748523819200783e-03
3.0000000000000027e-03 3.3000000000000002e-02 4.0000000000000001e-03  1.6048048565321655e-03
3.0000000000000027e-03 3.6000000000000004e-02 4.0000000000000001e-03  1.6324828786061169e-03
3.0000000000000027e-03 3.9000000000000007e-02 4.0000000000000001e-03  1.6887279483694506e-03
3.0000000000000027e-03 4.2000000000000010e-02 4.0000000000000001e-03  1.7853213773941063e-03
3.0000000000000027e-03 4.4999999999999998e-02 4.0000000000000001e-03  1.9065936211588616e-03
6.0000000000000053e-03 -4.4999999999999998e-02 4.0000000000000001e-03  1.8831713340353691e-03
6.0000000000000053e-03 -4.1999999999999996e-02 4.0000000000000001e-03  1.7559014342878609e-03
6.0000000000000053e-03 -3.9000000000000000e-02 4.0000000000000001e-03  1.6550237917925385e-03
6.0000000000000053e-03 -3.5999999999999997e-02 4.0000000000000001e-03  1.5926840894405912e-03
6.0000000000000053e-03 -3.3000000000000002e-02 4.0000000000000001e-03  1.5566758428680544e-03
6.0000000000000053e-03 -2.9999999999999999e-02 4.0000000000000001e-03  1.5191206748912476e-03
6.0000000000000053e-03 -2.6999999999999996e-02 4.0000000000000001e-03  1.4793808269623124e-03
6.0000000000000053e-03 -2.3999999999999997e-02 4.0000000000000001e-03  1.4369130532269430e-03
6.0000000000000053e-03 -2.0999999999999998e-02 4.0000000000000001e-03  1.4224397694413773e-03
6.0000000000000053e-03 -1.7999999999999999e-02 4.0000000000000001e-03  1.4226519892080473e-03
6.0000000000000053e-03 -1.4999999999999999e-02 4.0000000000000001e-03  1.4134415433137485e-03
6.0000000000000053e-03 -1.1999999999999997e-02 4.0000000000000001e-03  1.4058217107376909e-03
6.0000000000000053e-03 -8.9999999999999941e-03 4.0000000000000001e-03  1.4000671002668706e-03
6.0000000000000053e-03 -5.9999999999999984e-03 4.0000000000000001e-03  1.3961697745992839e-03
6.0000000000000053e-03 -2.9999999999999957e-03 4.0000000000000001e-03  1.3941241507282470e-03
6.0000000000000053e-03 0.0000000000000000e+00 4.0000000000000001e-03  1.3939269999423925e-03
6.0000000000000053e-03 3.0000000000000027e-03 4.0000000000000001e-03  1.3962409462821425e-03
6.0000000000000053e-03 6.0000000000000053e-03 4.0000000000000001e-03  1.4066913821443978e-03
6.0000000000000053e-03 9.0000000000000011e-03 4.0000000000000001e-03  1.4210160538009407e-03
6.0000000000000053e-03 1.2000000000000004e-02 4.0000000000000001e-03  1.4357674249046290e-03
6.0000000000000053e-03 1.4999999999999999e-02 4.0000000000000001e-03  1.4509445226713945e-03
6.0000000000000053e-03 1.8000000000000002e-02 4.0000000000000001e-03  1.4665483298673342e-03
6.0000000000000053e-03 2.1000000000000005e-02 4.0000000000000001e-03  1.4825817848087073e-03
6.0000000000000053e-03 2.4000000000000007e-02 4.0000000000000001e-03  1.5095632747084196e-03
6.0000000000000053e-03 2.7000000000000010e-02 4.0000000000000001e-03  1.5447204258167300e-03
6.0000000000000053e-03 2.9999999999999999e-02 4.0000000000000001e-03  1.5759389404398484e-03
6.0000000000000053e-03 3.3000000000000002e-02 4.0000000000000001e-03  1.6059093253299229e-03
6.0000000000000053e-03 3.6000000000000004e-02 4.0000000000000001e-03  1.6346612379513773e-03
6.0000000000000053e-03 3.9000000000000007e-02 4.0000000000000001e-03  1.6763636195637338e-03
6.0000000000000053e-03 4.2000000000000010e-02 4.0000000000000001e-03  1.7596054239950808e-03
6.0000000000000053e-03 4.4999999999999998e-02 4.0000000000000001e-03  1.8714930889182388e-03
9.0000000000000011e-03 -4.4999999999999998e-02 4.0000000000000001e-03  1.8901100201818002e-03
9.0000000000000011e-03 -4.1999999999999996e-02 4.0000000000000001e-03  1.7668506400369589e-03
9.0000000000000011e-03 -3.9000000000000000e-02 4.0000000000000001e-03  1.6685782123680012e-03
9.0000000000000011e-03 -3.5999999999999997e-02 4.0000000000000001e-03  1.5991530665563148e-03
9.0000000000000011e-03 -3.3000000000000002e-02 4.0000000000000001e-03  1.5626369037184190e-03
9.0000000000000011e-03 -2.9999999999999999e-02 4.0000000000000001e-03  1.5246511982255643e-03
9.0000000000000011e-03 -2.6999999999999996e-02 4.0000000000000001e-03  1.4844456117528802e-03
9.0000000000000011e-03 -2.3999999999999997e-02 4.0000000000000001e-03  1.4415039709682505e-03
9.0000000000000011e-03 -2.0999999999999998e-02 4.0000000000000001e-03  1.4298921393515111e-03
9.0000000000000011e-03 -1.7999999999999999e-02 4.0000000000000001e-03  1.4226547376194852e-03
9.0000000000000011e-03 -1.4999999999999999e-02 4.0000000000000001e-03  1.4130286060277813e-03
9.0000000000000011e-03 -1.1999999999999997e-02 4.0000000000000001e-03  1.4052648597497489e-03
9.0000000000000011e-03 -8.9999999999999941e-03 4.0000000000000001e-03  1.3993541043511215e-03
9.0000000000000011e-03 -5.9999999999999984e-03 4.0000000000000001e-03  1.3952892996929470e-03
9.0000000000000011e-03 -2.9999999999999957e-03 4.0000000000000001e-03  1.3930657599316000e-03
9.0000000000000011e-03 0.0000000000000000e+00 4.0000000000000001e-03  1.3947086064926210e-03
9.0000000000000011e-03 3.0000000000000027e-03 4.0000000000000001e-03  1.4002739699207126e-03
9.0000000000000011e-03 6.0000000000000053e-03 4.0000000000000001e-03  1.4074362492608728e-03
9.0000000000000011e-03 9.0000000000000011e-03 4.0000000000000001e-03  1.4235323041168172e-03
9.0000000000000011e-03 1.2000000000000004e-02 4.0000000000000001e-03  1.4396402579925005e-03
9.0000000000000011e-03 1.4999999999999999e-02 4.0000000000000001e-03  1.4557610247274411e-03
9.0000000000000011e-03 1.8000000000000002e-02 4.0000000000000001e-03  1.4718961024716714e-03
9.0000000000000011e-03 2.1000000000000005e-02 4.0000000000000001e-03  1.4880475736857213e-03
9.0000000000000011e-03 2.4000000000000007e-02 4.0000000000000001e-03  1.5135519924586891e-03
9.0000000000000011e-03 2.7000000000000010e-02 4.0000000000000001e-03  1.5439099747730689e-03
9.0000000000000011e-03 2.9999999999999999e-02 4.0000000000000001e-03  1.5788729539594338e-03
9.0000000000000011e-03 3.3000000000000002e-02 4.0000000000000001e-03  1.6077666090770837e-03
9.0000000000000011e-03 3.6000000000000004e-02 4.0000000000000001e-03  1.6349201739407390e-03
9.0000000000000011e-03 3.9000000000000007e-02 4.0000000000000001e-03  1.6648585215603511e-03
9.0000000000000011e-03 4.2000000000000010e-02 4.0000000000000001e-03  1.7386441093923287e-03
9.0000000000000011e-03 4.4999999999999998e-02 4.0000000000000001e-03  1.8409924083700711e-03
1.2000000000000004e-02 -4.4999999999999998e-02 4.0000000000000001e-03  1.9324113892447395e-03
1.2000000000000004e-02 -4.1999999999999996e-02 4.0000000000000001e-03  1.8189161209816623e-03
1.2000000000000004e-02 -3.9000000000000000e-02 4.0000000000000001e-03  1.7108155385239302e-03
1.2000000000000004e-02 -3.5999999999999997e-02 4.0000000000000001e-03  1.6258841393968955e-03
1.2000000000000004e-02 -3.3000000000000002e-02 4.0000000000000001e-03  1.5646177588171815e-03
1.2000000000000004e-02 -2.9999999999999999e-02 4.0000000000000001e-03  1.5158997358944517e-03
1.2000000000000004e-02 -2.6999999999999996e-02 4.0000000000000001e-03  1.4737594008926262e-03
1.2000000000000004e-02 -2.3999999999999997e-02 4.0000000000000001e-03  1.4423684501565781e-03
1.2000000000000004e-02 -2.0999999999999998e-02 4.0000000000000001e-03  1.4346290553747200e-03
1.2000000000000004e-02 -1.7999999999999999e-02 4.0000000000000001e-03  1.4230101509123125e-03
1.2000000000000004e-02 -1.4999999999999999e-02 4.0000000000000001e-03  1.4132509381201209e-03
1.2000000000000004e-02 -1.1999999999999997e-02 4.0000000000000001e-03  1.4080942002178938e-03
1.2000000000000004e-02 -8.9999999999999941e-03 4.0000000000000001e-03  1.4067459180861414e-03
1.2000000000000004e-02 -5.9999999999999984e-03 4.0000000000000001e-03  1.4072838681739772e-03
1.2000000000000004e-02 -2.9999999999999957e-03 4.0000000000000001e-03  1.4097090070833410e-03
1.2000000000000004e-02 0.0000000000000000e+00 4.0000000000000001e-03  1.4140228148379406e-03
1.2000000000000004e-02 3.0000000000000027e-03 4.0000000000000001e-03  1.4194581802040446e-03
1.2000000000000004e-02 6.0000000000000053e-03 4.0000000000000001e-03  1.4266144979221411e-03
1.2000000000000004e-02 9.0000000000000011e-03 4.0000000000000001e-03  1.4374724446993082e-03
1.2000000000000004e-02 1.2000000000000004e-02 4.0000000000000001e-03  1.4520081698548486e-03
1.2000000000000004e-02 1.4999999999999999e-02 4.0000000000000001e-03  1.4668994314581923e-03
1.2000000000000004e-02 1.8000000000000002e-02 4.0000000000000001e-03  1.4818014558907022e-03
1.2000000000000004e-02 2.1000000000000005e-02 4.0000000000000001e-03  1.4967160238530471e-03
1.2000000000000004e-02 2.4000000000000007e-02 4.0000000000000001e-03  1.5185296385484541e-03
1.2000000000000004e-02 2.7000000000000010e-02 4.0000000000000001e-03  1.5458768715096729e-03
1.2000000000000004e-02 2.9999999999999999e-02 4.0000000000000001e-03  1.5761603647375764e-03
1.2000000000000004e-02 3.3000000000000002e-02 4.0000000000000001e-03  1.6101187966221387e-03
1.2000000000000004e-02 3.6000000000000004e-02 4.0000000000000001e-03  1.6375562897177451e-03
1.2000000000000004e-02 3.9000000000000007e-02 4.0000000000000001e-03  1.6620536975047349e-03
1.2000000000000004e-02 4.2000000000000010e-02 4.0000000000000001e-03  1.7224254758790355e-03
1.2000000000000004e-02 4.4999999999999998e-02 4.0000000000000001e-03  1.8204012122775045e-03
1.4999999999999999e-02 -4.4999999999999998e-02 4.0000000000000001e-03  1.9358484987441048e-03
1.4999999999999999e-02 -4.1999999999999996e-02 4.0000000000000001e-03  1.8232980008073742e-03
1.4999999999999999e-02 -3.9000000000000000e-02 4.0000000000000001e-03  1.7317924837175524e-03
1.4999999999999999e-02 -3.5999999999999997e-02 4.0000000000000001e-03  1.6526701963205973e-03
1.4999999999999999e-02 -3.3000000000000002e-02 4.0000000000000001e-03  1.5826101926749976e-03
1.4999999999999999e-02 -2.9999999999999999e-02 4.0000000000000001e-03  1.5299820530215781e-03
1.4999999999999999e-02 -2.6999999999999996e-02 4.0000000000000001e-03  1.4774398439932074e-03
1.4999999999999999e-02 -2.3999999999999997e-02 4.0000000000000001e-03  1.4554390041926345e-03
1.4999999999999999e-02 -2.0999999999999998e-02 4.0000000000000001e-03  1.4436917655111755e-03
1.4999999999999999e-02 -1.7999999999999999e-02 4.0000000000000001e-03  1.4364812191399907e-03
1.4999999999999999e-02 -1.4999999999999999e-02 4.0000000000000001e-03  1.4311578456835637e-03
1.4999999999999999e-02 -1.1999999999999997e-02 4.0000000000000001e-03  1.4277204094460068e-03
1.4999999999999999e-02 -8.9999999999999941e-03 4.0000000000000001e-03  1.4261681981532050e-03
1.4999999999999999e-02 -5.9999999999999984e-03 4.0000000000000001e-03  1.4265010229528345e-03
1.4999999999999999e-02 -2.9999999999999957e-03 4.0000000000000001e-03  1.4287192184143519e-03
1.4999999999999999e-02 0.0000000000000000e+00 4.0000000000000001e-03  1.4328236425290024e-03
1.4999999999999999e-02 3.0000000000000027e-03 4.0000000000000001e-03  1.4382972263979417e-03
1.4999999999999999e-02 6.0000000000000053e-03 4.0000000000000001e-03  1.4461196250149502e-03
1.4999999999999999e-02 9.0000000000000011e-03 4.0000000000000001e-03  1.4565088678995426e-03
1.4999999999999999e-02 1.2000000000000004e-02 4.0000000000000001e-03  1.4669735106794899e-03
1.4999999999999999e-02 1.4999999999999999e-02 4.0000000000000001e-03  1.4795242698854428e-03
1.4999999999999999e-02 1.8000000000000002e-02 4.0000000000000001e-03  1.4932034037997892e-03
1.4999999999999999e-02 2.1000000000000005e-02 4.0000000000000001e-03  1.5068931394547128e-03
1.4999999999999999e-02 2.4000000000000007e-02 4.0000000000000001e-03  1.5244901870153818e-03
1.4999999999999999e-02 2.7000000000000010e-02 4.0000000000000001e-03  1.5508657965756967e-03
1.4999999999999999e-02 2.9999999999999999e-02 4.0000000000000001e-03  1.5764989916358095e-03
1.4999999999999999e-02 3.3000000000000002e-02 4.0000000000000001e-03  1.6058403265964295e-03
1.4999999999999999e-02 3.6000000000000004e-02 4.0000000000000001e-03  1.6389295567057799e-03
1.4999999999999999e-02 3.9000000000000007e-02 4.0000000000000001e-03  1.6655696122919363e-03
1.4999999999999999e-02 4.2000000000000010e-02 4.0000000000000001e-03  1.7109506926599068e-03
1.4999999999999999e-02 4.4999999999999998e-02 4.0000000000000001e-03  1.8454990976008831e-03
1.8000000000000002e-02 -4.4999999999999998e-02 4.0000000000000001e-03  1.9680826869578369e-03
1.8000000000000002e-02 -4.1999999999999996e-02 4.0000000000000001e-03  1.8371042235225321e-03
1.8000000000000002e-02 -3.9000000000000000e-02 4.0000000000000001e-03  1.7391985033031910e-03
1.8000000000000002e-02 -3.5999999999999997e-02 4.0000000000000001e-03  1.6624614119211821e-03
1.8000000000000002e-02 -3.3000000000000002e-02 4.0000000000000001e-03  1.5967068617849267e-03
1.8000000000000002e-02 -2.9999999999999999e-02 4.0000000000000001e-03  1.5408715901968164e-03
1.8000000000000002e-02 -2.6999999999999996e-02 4.0000000000000001e-03  1.4940189757406703e-03
1.8000000000000002e-02 -2.3999999999999997e-02 4.0000000000000001e-03  1.4821162622043536e-03
1.8000000000000002e-02 -2.0999999999999998e-02 4.0000000000000001e-03  1.4681241581880387e-03
1.8000000000000002e-02 -1.7999999999999999e-02 4.0000000000000001e-03  1.4563301218412181e-03
1.8000000000000002e-02 -1.4999999999999999e-02 4.0000000000000001e-03  1.4504760019578074e-03
1.8000000000000002e-02 -1.1999999999999997e-02 4.0000000000000001e-03  1.4468333112438163e-03
1.8000000000000002e-02 -8.9999999999999941e-03 4.0000000000000001e-03  1.4450759769796932e-03
1.8000000000000002e-02 -5.9999999999999984e-03 4.0000000000000001e-03  1.4452031882806356e-03
1.8000000000000002e-02 -2.9999999999999957e-03 4.0000000000000001e-03  1.4472146576836274e-03
1.8000000000000002e-02 0.0000000000000000e+00 4.0000000000000001e-03  1.4511106211474378e-03
1.8000000000000002e-02 3.0000000000000027e-03 4.0000000000000001e-03  1.4567889873113543e-03
1.8000000000000002e-02 6.0000000000000053e-03 4.0000000000000001e-03  1.4650786422143883e-03
1.8000000000000002e-02 9.0000000000000011e-03 4.0000000000000001e-03  1.4749997271893802e-03
1.8000000000000002e-02 1.2000000000000004e-02 4.0000000000000001e-03  1.4849960003001513e-03
1.8000000000000002e-02 1.4999999999999999e-02 4.0000000000000001e-03  1.4950676654999879e-03
1.8000000000000002e-02 1.8000000000000002e-02 4.0000000000000001e-03  1.5060784735118037e-03
1.8000000000000002e-02 2.1000000000000005e-02 4.0000000000000001e-03  1.5185487593447127e-03
1.8000000000000002e-02 2.4000000000000007e-02 4.0000000000000001e-03  1.5314279385561849e-03
1.8000000000000002e-02 2.7000000000000010e-02 4.0000000000000001e-03  1.5583395676602614e-03
1.8000000000000002e-02 2.9999999999999999e-02 4.0000000000000001e-03  1.5798534353865272e-03
1.8000000000000002e-02 3.3000000000000002e-02 4.0000000000000001e-03  1.6046187406033243e-03
1.8000000000000002e-02 3.6000000000000004e-02 4.0000000000000001e-03  1.6331890921389947e-03
1.8000000000000002e-02 3.9000000000000007e-02 4.0000000000000001e-03  1.6656092241206981e-03
1.8000000000000002e-02 4.2000000000000010e-02 4.0000000000000001e-03  1.7171632355389142e-03
1.8000000000000002e-02 4.4999999999999998e-02 4.0000000000000001e-03  1.8633163484433491e-03
2.1000000000000005e-02 -4.4999999999999998e-02 4.0000000000000001e-03  2.0035390324620516e-03
2.1000000000000005e-02 -4.1999999999999996e-02 4.0000000000000001e-03  1.8707261608635005e-03
2.1000000000000005e-02 -3.9000000000000000e-02 4.0000000000000001e-03  1.7610804530225814e-03
2.1000000000000005e-02 -3.5999999999999997e-02 4.0000000000000001e-03  1.6782897475317677e-03
2.1000000000000005e-02 -3.3000000000000002e-02 4.0000000000000001e-03  1.6147282636335826e-03
2.1000000000000005e-02 -2.9999999999999999e-02 4.0000000000000001e-03  1.5609299506208394e-03
2.1000000000000005e-02 -2.6999999999999996e-02 4.0000000000000001e-03  1.5235233000440223e-03
2.1000000000000005e-02 -2.3999999999999997e-02 4.0000000000000001e-03  1.5103736770025638e-03
2.1000000000000005e-02 -2.0999999999999998e-02 4.0000000000000001e-03  1.4955365934923805e-03
2.1000000000000005e-02 -1.7999999999999999e-02 4.0000000000000001e-03  1.4789921792221689e-03
2.1000000000000005e-02 -1.4999999999999999e-02 4.0000000000000001e-03  1.4692296936007743e-03
2.1000000000000005e-02 -1.1999999999999997e-02 4.0000000000000001e-03  1.4654339095933244e-03
2.1000000000000005e-02 -8.9999999999999941e-03 4.0000000000000001e-03  1.4634699504902722e-03
2.1000000000000005e-02 -5.9999999999999984e-03 4.0000000000000001e-03  1.4633907520247135e-03
2.1000000000000005e-02 -2.9999999999999957e-03 4.0000000000000001e-03  1.4651954047011629e-03
2.1000000000000005e-02 0.0000000000000000e+00 4.0000000000000001e-03  1.4688835224459132e-03
2.1000000000000005e-02 3.0000000000000027e-03 4.0000000000000001e-03  1.4749320285882077e-03
2.1000000000000005e-02 6.0000000000000053e-03 4.0000000000000001e-03  1.4834903502366306e-03
2.1000000000000005e-02 9.0000000000000011e-03 4.0000000000000001e-03  1.4929439800775806e-03
2.1000000000000005e-02 1.2000000000000004e-02 4.0000000000000001e-03  1.5024724885005487e-03
2.1000000000000005e-02 1.4999999999999999e-02 4.0000000000000001e-03  1.5120757556943217e-03
2.1000000000000005e-02 1.8000000000000002e-02 4.0000000000000001e-03  1.5217545424684794e-03
2.1000000000000005e-02 2.1000000000000005e-02 4.0000000000000001e-03  1.5316692487982188e-03
2.1000000000000005e-02 2.4000000000000007e-02 4.0000000000000001e-03  1.5429326811814881e-03
2.1000000000000005e-02 2.7000000000000010e-02 4.0000000000000001e-03  1.5662913343498569e-03
2.1000000000000005e-02 2.9999999999999999e-02 4.0000000000000001e-03  1.5921196973250923e-03
2.1000000000000005e-02 3.3000000000000002e-02 4.0000000000000001e-03  1.6165716634838484e-03
2.1000000000000005e-02 3.6000000000000004e-02 4.0000000000000001e-03  1.6458679733638258e-03
2.1000000000000005e-02 3.9000000000000007e-02 4.0000000000000001e-03  1.6827128937803820e-03
2.1000000000000005e-02 4.2000000000000010e-02 4.0000000000000001e-03  1.7478468324946439e-03
2.1000000000000005e-02 4.4999999999999998e-02 4.0000000000000001e-03  1.8799399977509031e-03
2.4000000000000007e-02 -4.4999999999999998e-02 4.0000000000000001e-03  2.0418054671846181e-03
2.4000000000000007e-02 -4.1999999999999996e-02 4.0000000000000001e-03  1.9069071347076524e-03
2.4000000000000007e-02 -3.9000000000000000e-02 4.0000000000000001e-03  1.7949866619070998e-03
2.4000000000000007e-02 -3.5999999999999997e-02 4.0000000000000001e-03  1.7056454808765493e-03
2.4000000000000007e-02 -3.3000000000000002e-02 4.0000000000000001e-03  1.6389417366286397e-03
2.4000000000000007e-02 -2.9999999999999999e-02 4.0000000000000001e-03  1.5871601234319107e-03
2.4000000000000007e-02 -2.6999999999999996e-02 4.0000000000000001e-03  1.5573567304071130e-03
2.4000000000000007e-02 -2.3999999999999997e-02 4.0000000000000001e-03  1.5400812922729927e-03
2.4000000000000007e-02 -2.0999999999999998e-02 4.0000000000000001e-03  1.5254092501726718e-03
2.4000000000000007e-02 -1.7999999999999999e-02 4.0000000000000001e-03  1.5041130303036284e-03
2.4000000000000007e-02 -1.4999999999999999e-02 4.0000000000000001e-03  1.4895989813667771e-03
2.4000000000000007e-02 -1.1999999999999997e-02 4.0000000000000001e-03  1.4818653505643705e-03
2.4000000000000007e-02 -8.9999999999999941e-03 4.0000000000000001e-03  1.4809110251063260e-03
2.4000000000000007e-02 -5.9999999999999984e-03 4.0000000000000001e-03  1.4810643422234319e-03
2.4000000000000007e-02 -2.9999999999999957e-03 4.0000000000000001e-03  1.4826617794479870e-03
2.4000000000000007e-02 0.0000000000000000e+00 4.0000000000000001e-03  1.4863214162225153e-03
2.4000000000000007e-02 3.0000000000000027e-03 4.0000000000000001e-03  1.4927256027074131e-03
2.4000000000000007e-02 6.0000000000000053e-03 4.0000000000000001e-03  1.5013541220398304e-03
2.4000000000000007e-02 9.0000000000000011e-03 4.0000000000000001e-03  1.5103411563148789e-03
2.4000000000000007e-02 1.2000000000000004e-02 4.0000000000000001e-03  1.5194026618239951e-03
2.4000000000000007e-02 1.4999999999999999e-02 4.0000000000000001e-03  1.5285381949914786e-03
2.4000000000000007e-02 1.8000000000000002e-02 4.0000000000000001e-03  1.5377481928624040e-03
2.4000000000000007e-02 2.1000000000000005e-02 4.0000000000000001e-03  1.5470339731026290e-03
2.4000000000000007e-02 2.4000000000000007e-02 4.0000000000000001e-03  1.5563977339987951e-03
2.4000000000000007e-02 2.7000000000000010e-02 4.0000000000000001e-03  1.5767213834315635e-03
2.4000000000000007e-02 2.9999999999999999e-02 4.0000000000000001e-03  1.6079876997782160e-03
2.4000000000000007e-02 3.3000000000000002e-02 4.0000000000000001e-03  1.6353794114400506e-03
2.4000000000000007e-02 3.6000000000000004e-02 4.0000000000000001e-03  1.6675532162303498e-03
2.4000000000000007e-02 3.9000000000000007e-02 4.0000000000000001e-03  1.7302490033623231e-03
2.4000000000000007e-02 4.2000000000000010e-02 4.0000000000000001e-03  1.7895087383783886e-03
2.4000000000000007e-02 4.4999999999999998e-02 4.0000000000000001e-03  1.9064979616770638e-03
2.7000000000000010e-02 -4.4999999999999998e-02 4.0000000000000001e-03  2.0991021484811296e-03
2.7000000000000010e-02 -4.1999999999999996e-02 4.0000000000000001e-03  1.9453198159715026e-03
2.7000000000000010e-02 -3.9000000000000000e-02 4.0000000000000001e-03  1.8309073362412188e-03
2.7000000000000010e-02 -3.5999999999999997e-02 4.0000000000000001e-03  1.7388993594148004e-03
2.7000000000000010e-02 -3.3000000000000002e-02 4.0000000000000001e-03  1.6689361258448163e-03
2.7000000000000010e-02 -2.9999999999999999e-02 4.0000000000000001e-03  1.6204391069606543e-03
2.7000000000000010e-02 -2.6999999999999996e-02 4.0000000000000001e-03  1.5947178696183149e-03
2.7000000000000010e-02 -2.3999999999999997e-02 4.0000000000000001e-03  1.5712564541881492e-03
2.7000000000000010e-02 -2.0999999999999998e-02 4.0000000000000001e-03  1.5577530239836847e-03
2.7000000000000010e-02 -1.7999999999999999e-02 4.0000000000000001e-03  1.5316999215591763e-03
2.7000000000000010e-02 -1.4999999999999999e-02 4.0000000000000001e-03  1.5124311145491719e-03
2.7000000000000010e-02 -1.1999999999999997e-02 4.0000000000000001e-03  1.4999439053014216e-03
2.7000000000000010e-02 -8.9999999999999941e-03 4.0000000000000001e-03  1.4942362361713606e-03
2.7000000000000010e-02 -5.9999999999999984e-03 4.0000000000000001e-03  1.4953066895220734e-03
2.7000000000000010e-02 -2.9999999999999957e-03 4.0000000000000001e-03  1.4996143420761489e-03
2.7000000000000010e-02 0.0000000000000000e+00 4.0000000000000001e-03  1.5035017748053182e-03
2.7000000000000010e-02 3.0000000000000027e-03 4.0000000000000001e-03  1.5102240618071602e-03
2.7000000000000010e-02 6.0000000000000053e-03 4.0000000000000001e-03  1.5186699028240998e-03
2.7000000000000010e-02 9.0000000000000011e-03 4.0000000000000001e-03  1.5271913578939734e-03
2.7000000000000010e-02 1.2000000000000004e-02 4.0000000000000001e-03  1.5357867790557846e-03
2.7000000000000010e-02 1.4999999999999999e-02 4.0000000000000001e-03  1.5444553989693351e-03
2.7000000000000010e-02 1.8000000000000002e-02 4.0000000000000001e-03  1.5524638477979831e-03
2.7000000000000010e-02 2.1000000000000005e-02 4.0000000000000001e-03  1.5603657823596317e-03
2.7000000000000010e-02 2.4000000000000007e-02 4.0000000000000001e-03  1.5699469506181409e-03
2.7000000000000010e-02 2.7000000000000010e-02 4.0000000000000001e-03  1.5932670603082603e-03
2.7000000000000010e-02 2.9999999999999999e-02 4.0000000000000001e-03  1.6215384759574573e-03
2.7000000000000010e-02 3.3000000000000002e-02 4.0000000000000001e-03  1.6503651563365414e-03
2.7000000000000010e-02 3.6000000000000004e-02 4.0000000000000001e-03  1.7152466503987599e-03
2.7000000000000010e-02 3.9000000000000007e-02 4.0000000000000001e-03  1.7767218480043007e-03
2.7000000000000010e-02 4.2000000000000010e-02 4.0000000000000001e-03  1.8347613335715639e-03
2.7000000000000010e-02 4.4999999999999998e-02 4.0000000000000001e-03  1.9302429790286166e-03
2.9999999999999999e-02 -4.4999999999999998e-02 4.0000000000000001e-03  2.1613407625942936e-03
2.9999999999999999e-02 -4.1999999999999996e-02 4.0000000000000001e-03  1.9856981147899112e-03
2.9999999999999999e-02 -3.9000000000000000e-02 4.0000000000000001e-03  1.8685998859301097e-03
2.9999999999999999e-02 -3.5999999999999997e-02 4.0000000000000001e-03  1.7737416820828001e-03
2.9999999999999999e-02 -3.3000000000000002e-02 4.0000000000000001e-03  1.7020409984151823e-03
2.9999999999999999e-02 -2.9999999999999999e-02 4.0000000000000001e-03  1.6689117046135339e-03
2.9999999999999999e-02 -2.6999999999999996e-02 4.0000000000000001e-03  1.6356331905130527e-03
2.9999999999999999e-02 -2.3999999999999997e-02 4.0000000000000001e-03  1.6039225885968451e-03
2.9999999999999999e-02 -2.0999999999999998e-02 4.0000000000000001e-03  1.5917682868443707e-03
2.9999999999999999e-02 -1.7999999999999999e-02 4.0000000000000001e-03  1.5617683026249171e-03
2.9999999999999999e-02 -1.4999999999999999e-02 4.0000000000000001e-03  1.5377378935028639e-03
2.9999999999999999e-02 -1.1999999999999997e-02 4.0000000000000001e-03  1.5204921439698226e-03
2.9999999999999999e-02 -8.9999999999999941e-03 4.0000000000000001e-03  1.5100280515267181e-03
2.9999999999999999e-02 -5.9999999999999984e-03 4.0000000000000001e-03  1.5063432536821474e-03
2.9999999999999999e-02 -2.9999999999999957e-03 4.0000000000000001e-03  1.5094360279523759e-03
2.9999999999999999e-02 0.0000000000000000e+00 4.0000000000000001e-03  1.5212733915183907e-03
2.9999999999999999e-02 3.0000000000000027e-03 4.0000000000000001e-03  1.5274564958946417e-03
2.9999999999999999e-02 6.0000000000000053e-03 4.0000000000000001e-03  1.5335090245026052e-03
2.9999999999999999e-02 9.0000000000000011e-03 4.0000000000000001e-03  1.5392647707564524e-03
2.9999999999999999e-02 1.2000000000000004e-02 4.0000000000000001e-03  1.5466827980970576e-03
2.9999999999999999e-02 1.4999999999999999e-02 4.0000000000000001e-03  1.5557689210679701e-03
2.9999999999999999e-02 1.8000000000000002e-02 4.0000000000000001e-03  1.5665305027539160e-03
2.9999999999999999e-02 2.1000000000000005e-02 4.0000000000000001e-03  1.5789764547807870e-03
2.9999999999999999e-02 2.4000000000000007e-02 4.0000000000000001e-03  1.5944549861053405e-03
2.9999999999999999e-02 2.7000000000000010e-02 4.0000000000000001e-03  1.6208132615091117e-03
2.9999999999999999e-02 2.9999999999999999e-02 4.0000000000000001e-03  1.6506400038881436e-03
2.9999999999999999e-02 3.3000000000000002e-02 4.0000000000000001e-03  1.7049255901820351e-03
2.9999999999999999e-02 3.6000000000000004e-02 4.0000000000000001e-03  1.7620874407362915e-03
2.9999999999999999e-02 3.9000000000000007e-02 4.0000000000000001e-03  1.8221235854080898e-03
2.9999999999999999e-02 4.2000000000000010e-02 4.0000000000000001e-03  1.8789467870887326e-03
2.9999999999999999e-02 4.4999999999999998e-02 4.0000000000000001e-03  1.9509448729477083e-03
3.3000000000000002e-02 -4.4999999999999998e-02 4.0000000000000001e-03  2.2234011366633615e-03
3.3000000000000002e-02 -4.1999999999999996e-02 4.0000000000000001e-03  2.0278371805160810e-03
3.3000000000000002e-02 -3.9000000000000000e-02 4.0000000000000001e-03  1.9078829600972880e-03
3.3000000000000002e-02 -3.5999999999999997e-02 4.0000000000000001e-03  1.8138037271599229e-03
3.3000000000000002e-02 -3.3000000000000002e-02 4.0000000000000001e-03  1.7590483257912796e-03
3.3000000000000002e-02 -2.9999999999999999e-02 4.0000000000000001e-03  1.7203682902137310e-03
3.3000000000000002e-02 -2.6999999999999996e-02 4.0000000000000001e-03  1.6801386759692756e-03
3.3000000000000002e-02 -2.3999999999999997e-02 4.0000000000000001e-03  1.6381092010241882e-03
3.3000000000000002e-02 -2.0999999999999998e-02 4.0000000000000001e-03  1.6259001164356936e-03
3.3000000000000002e-02 -1.7999999999999999e-02 4.0000000000000001e-03  1.5943418262994765e-03
3.3000000000000002e-02 -1.4999999999999999e-02 4.0000000000000001e-03  1.5655393217453017e-03
3.3000000000000002e-02 -1.1999999999999997e-02 4.0000000000000001e-03  1.5435264208058207e-03
3.3000000000000002e-02 -8.9999999999999941e-03 4.0000000000000001e-03  1.5543333043301075e-03
3.3000000000000002e-02 -5.9999999999999984e-03 4.0000000000000001e-03  1.5768766733137147e-03
3.3000000000000002e-02 -2.9999999999999957e-03 4.0000000000000001e-03  1.5707702265845588e-03
3.3000000000000002e-02 0.0000000000000000e+00 4.0000000000000001e-03  1.5523111295729342e-03
3.3000000000000002e-02 3.0000000000000027e-03 4.0000000000000001e-03  1.5774177002078227e-03
3.3000000000000002e-02 6.0000000000000053e-03 4.0000000000000001e-03  1.5622292327251389e-03
3.3000000000000002e-02 9.0000000000000011e-03 4.0000000000000001e-03  1.5532237575932332e-03
3.3000000000000002e-02 1.2000000000000004e-02 4.0000000000000001e-03  1.5651823508406192e-03
3.3000000000000002e-02 1.4999999999999999e-02 4.0000000000000001e-03  1.5788222866668427e-03
3.3000000000000002e-02 1.8000000000000002e-02 4.0000000000000001e-03  1.5941527993246103e-03
3.3000000000000002e-02 2.1000000000000005e-02 4.0000000000000001e-03  1.6111846716078005e-03
3.3000000000000002e-02 2.4000000000000007e-02 4.0000000000000001e-03  1.6326903385878370e-03
3.3000000000000002e-02 2.7000000000000010e-02 4.0000000000000001e-03  1.6620200295535028e-03
3.3000000000000002e-02 2.9999999999999999e-02 4.0000000000000001e-03  1.7068169400036354e-03
3.3000000000000002e-02 3.3000000000000002e-02 4.0000000000000001e-03  1.7544642780074884e-03
3.3000000000000002e-02 3.6000000000000004e-02 4.0000000000000001e-03  1.8049630434481955e-03
3.3000000000000002e-02 3.9000000000000007e-02 4.0000000000000001e-03  1.8583132626939097e-03
3.3000000000000002e-02 4.2000000000000010e-02 4.0000000000000001e-03  1.9145139885978144e-03
3.3000000000000002e-02 4.4999999999999998e-02 4.0000000000000001e-03  1.9735633004981192e-03
3.6000000000000004e-02 -4.4999999999999998e-02 4.0000000000000001e-03  2.2853505507666378e-03
3.6000000000000004e-02 -4.1999999999999996e-02 4.0000000000000001e-03  2.0715934017215532e-03
3.6000000000000004e-02 -3.9000000000000000e-02 4.0000000000000001e-03  1.9555596821240534e-03
3.6000000000000004e-02 -3.5999999999999997e-02 4.0000000000000001e-03  1.8789909106882660e-03
3.6000000000000004e-02 -3.3000000000000002e-02 4.0000000000000001e-03  1.8186866471643806e-03
3.6000000000000004e-02 -2.9999999999999999e-02 4.0000000000000001e-03  1.7744776042607703e-03
3.6000000000000004e-02 -2.6999999999999996e-02 4.0000000000000001e-03  1.7282798189074561e-03
3.6000000000000004e-02 -2.3999999999999997e-02 4.0000000000000001e-03  1.6738518766715967e-03
3.6000000000000004e-02 -2.0999999999999998e-02 4.0000000000000001e-03  1.6615659896087216e-03
3.6000000000000004e-02 -1.7999999999999999e-02 4.0000000000000001e-03  1.6504550509152326e-03
3.6000000000000004e-02 -1.4999999999999999e-02 4.0000000000000001e-03  1.6564510657240351e-03
3.6000000000000004e-02 -1.1999999999999997e-02 4.0000000000000001e-03  1.6599316072973855e-03
3.6000000000000004e-02 -8.9999999999999941e-03 4.0000000000000001e-03  1.6610879595835332e-03
3.6000000000000004e-02 -5.9999999999999984e-03 4.0000000000000001e-03  1.6385301758378285e-03
3.6000000000000004e-02 -2.9999999999999957e-03 4.0000000000000001e-03  1.6172318339703205e-03
3.6000000000000004e-02 0.0000000000000000e+00 4.0000000000000001e-03  1.6209182320109691e-03
3.6000000000000004e-02 3.0000000000000027e-03 4.0000000000000001e-03  1.6328899418359567e-03
3.6000000000000004e-02 6.0000000000000053e-03 4.0000000000000001e-03  1.6532334594580643e-03
3.6000000000000004e-02 9.0000000000000011e-03 4.0000000000000001e-03  1.6355351079875384e-03
3.6000000000000004e-02 1.2000000000000004e-02 4.0000000000000001e-03  1.6158504561720930e-03
3.6000000000000004e-02 1.4999999999999999e-02 4.0000000000000001e-03  1.6157198478979099e-03
3.6000000000000004e-02 1.8000000000000002e-02 4.0000000000000001e-03  1.6356533666234780e-03
3.6000000000000004e-02 2.1000000000000005e-02 4.0000000000000001e-03  1.6573084979003303e-03
3.6000000000000004e-02 2.4000000000000007e-02 4.0000000000000001e-03  1.6842370331748690e-03
3.6000000000000004e-02 2.7000000000000010e-02 4.0000000000000001e-03  1.7195908843817460e-03
3.6000000000000004e-02 2.9999999999999999e-02 4.0000000000000001e-03  1.7577722316856198e-03
3.6000000000000004e-02 3.3000000000000002e-02 4.0000000000000001e-03  1.7987839033086980e-03
3.6000000000000004e-02 3.6000000000000004e-02 4.0000000000000001e-03  1.8539296169834717e-03
3.6000000000000004e-02 3.9000000000000007e-02 4.0000000000000001e-03  1.9102315896944336e-03
3.6000000000000004e-02 4.2000000000000010e-02 4.0000000000000001e-03  1.9673979478586905e-03
3.6000000000000004e-02 4.4999999999999998e-02 4.0000000000000001e-03  2.0282664459511479e-03
3.9000000000000007e-02 -4.4999999999999998e-02 4.0000000000000001e-03  2.3473126058014683e-03
3.9000000000000007e-02 -4.1999999999999996e-02 4.0000000000000001e-03  2.1308906485455691e-03
3.9000000000000007e-02 -3.9000000000000000e-02 4.0000000000000001e-03  2.0284947493259416e-03
3.9000000000000007e-02 -3.5999999999999997e-02 4.0000000000000001e-03  1.9468113222570256e-03
3.9000000000000007e-02 -3.3000000000000002e-02 4.0000000000000001e-03  1.8809832030727415e-03
3.9000000000000007e-02 -2.9999999999999999e-02 4.0000000000000001e-03  1.8312700450824032e-03
3.9000000000000007e-02 -2.6999999999999996e-02 4.0000000000000001e-03  1.7801116222905763e-03
3.9000000000000007e-02 -2.3999999999999997e-02 4.0000000000000001e-03  1.7537722894193281e-03
3.9000000000000007e-02 -2.0999999999999998e-02 4.0000000000000001e-03  1.7887887025608675e-03
3.9000000000000007e-02 -1.7999999999999999e-02 4.0000000000000001e-03  1.7970269236000785e-03
3.9000000000000007e-02 -1.4999999999999999e-02 4.0000000000000001e-03  1.7795805606515209e-03
3.9000000000000007e-02 -1.1999999999999997e-02 4.0000000000000001e-03  1.7603263090962163e-03
3.9000000000000007e-02 -8.9999999999999941e-03 4.0000000000000001e-03  1.7208148626026158e-03
3.9000000000000007e-02 -5.9999999999999984e-03 4.0000000000000001e-03  1.7018394233022384e-03
3.9000000000000007e-02 -2.9999999999999957e-03 4.0000000000000001e-03  1.7040799556753512e-03
3.9000000000000007e-02 0.0000000000000000e+00 4.0000000000000001e-03  1.7067362803960685e-03
3.9000000000000007e-02 3.0000000000000027e-03 4.0000000000000001e-03  1.7098050469752507e-03
3.9000000000000007e-02 6.0000000000000053e-03 4.0000000000000001e-03  1.7382931564770975e-03
3.9000000000000007e-02 9.0000000000000011e-03 4.0000000000000001e-03  1.7399138543103469e-03
3.9000000000000007e-02 1.2000000000000004e-02 4.0000000000000001e-03  1.7315296781317503e-03
3.9000000000000007e-02 1.4999999999999999e-02 4.0000000000000001e-03  1.7212184959194687e-03
3.9000000000000007e-02 1.8000000000000002e-02 4.0000000000000001e-03  1.7089927024102067e-03
3.9000000000000007e-02 2.1000000000000005e-02 4.0000000000000001e-03  1.7254480945734722e-03
3.9000000000000007e-02 2.4000000000000007e-02 4.0000000000000001e-03  1.7630658589290564e-03
3.9000000000000007e-02 2.7000000000000010e-02 4.0000000000000001e-03  1.8090496812373190e-03
3.9000000000000007e-02 2.9999999999999999e-02 4.0000000000000001e-03  1.8558561173270224e-03
3.9000000000000007e-02 3.3000000000000002e-02 4.0000000000000001e-03  1.9034839680832152e-03
3.9000000000000007e-02 3.6000000000000004e-02 4.0000000000000001e-03  1.9519306356609585e-03
3.9000000000000007e-02 3.9000000000000007e-02 4.0000000000000001e-03  2.0011921234853770e-03
3.9000000000000007e-02 4.2000000000000010e-02 4.0000000000000001e-03  2.0512630362516035e-03
3.9000000000000007e-02 4.4999999999999998e-02 4.0000000000000001e-03  2.1022605486684600e-03
4.2000000000000010e-02 -4.4999999999999998e-02 4.0000000000000001e-03  2.3999474444124512e-03
4.2000000000000010e-02 -4.1999999999999996e-02 4.0000000000000001e-03  2.2582506770220116e-03
4.2000000000000010e-02 -3.9000000000000000e-02 4.0000000000000001e-03  2.1307956035773084e-03
4.2000000000000010e-02 -3.5999999999999997e-02 4.0000000000000001e-03  2.0258280949166461e-03
4.2000000000000010e-02 -3.3000000000000002e-02 4.0000000000000001e-03  1.9428141430720329e-03
4.2000000000000010e-02 -2.9999999999999999e-02 4.0000000000000001e-03  1.9128187986927818e-03
4.2000000000000010e-02 -2.6999999999999996e-02 4.0000000000000001e-03  1.9023974241195592e-03
4.2000000000000010e-02 -2.3999999999999997e-02 4.0000000000000001e-03  1.8996908885848794e-03
4.2000000000000010e-02 -2.0999999999999998e-02 4.0000000000000001e-03  1.9095601141598567e-03
4.2000000000000010e-02 -1.7999999999999999e-02 4.0000000000000001e-03  1.9154441360852922e-03
4.2000000000000010e-02 -1.4999999999999999e-02 4.0000000000000001e-03  1.8769406419306299e-03
4.2000000000000010e-02 -1.1999999999999997e-02 4.0000000000000001e-03  1.8202891106199478e-03
4.2000000000000010e-02 -8.9999999999999941e-03 4.0000000000000001e-03  1.8100900184321068e-03
4.2000000000000010e-02 -5.9999999999999984e-03 4.0000000000000001e-03  1.8109006090337762e-03
4.2000000000000010e-02 -2.9999999999999957e-03 4.0000000000000001e-03  1.8120658863498423e-03
4.2000000000000010e-02 0.0000000000000000e+00 4.0000000000000001e-03  1.8135822789678265e-03
4.2000000000000010e-02 3.0000000000000027e-03 4.0000000000000001e-03  1.8154478241190872e-03
4.2000000000000010e-02 6.0000000000000053e-03 4.0000000000000001e-03  1.8176621676788299e-03
4.2000000000000010e-02 9.0000000000000011e-03 4.0000000000000001e-03  1.8492885843963051e-03
4.2000000000000010e-02 1.2000000000000004e-02 4.0000000000000001e-03  1.8515327036052942e-03
4.2000000000000010e-02 1.4999999999999999e-02 4.0000000000000001e-03  1.8520067825782585e-03
4.2000000000000010e-02 1.8000000000000002e-02 4.0000000000000001e-03  1.8792821863035266e-03
4.2000000000000010e-02 2.1000000000000005e-02 4.0000000000000001e-03  1.9138526013110081e-03
4.2000000000000010e-02 2.4000000000000007e-02 4.0000000000000001e-03  1.9389003279499575e-03
4.2000000000000010e-02 2.7000000000000010e-02 4.0000000000000001e-03  1.9576110408627786e-03
4.2000000000000010e-02 2.9999999999999999e-02 4.0000000000000001e-03  1.9949604799005846e-03
4.2000000000000010e-02 3.3000000000000002e-02 4.0000000000000001e-03  2.0358680321343730e-03
4.2000000000000010e-02 3.6000000000000004e-02 4.0000000000000001e-03  2.0775677409562597e-03
4.2000000000000010e-02 3.9000000000000007e-02 4.0000000000000001e-03  2.1200583689933430e-03
4.2000000000000010e-02 4.2000000000000010e-02 4.0000000000000001e-03  2.1562386107701077e-03
4.2000000000000010e-02 4.4999999999999998e-02 4.0000000000000001e-03  2.1950302531443568e-03
4.4999999999999998e-02 -4.4999999999999998e-02 4.0000000000000001e-03  2.5653946883242842e-03
4.4999999999999998e-02 -4.1999999999999996e-02 4.0000000000000001e-03  2.4542018666212835e-03
4.4999999999999998e-02 -3.9000000000000000e-02 4.0000000000000001e-03  2.3202927564252855e-03
4.4999999999999998e-02 -3.5999999999999997e-02 4.0000000000000001e-03  2.2662238132314140e-03
4.4999999999999998e-02 -3.3000000000000002e-02 4.0000000000000001e-03  2.2121903925606543e-03
4.4999999999999998e-02 -2.9999999999999999e-02 4.0000000000000001e-03  2.1573945718144556e-03
4.4999999999999998e-02 -2.6999999999999996e-02 4.0000000000000001e-03  2.1011988666677869e-03
4.4999999999999998e-02 -2.3999999999999997e-02 4.0000000000000001e-03  2.0431262310691206e-03
4.4999999999999998e-02 -2.0999999999999998e-02 4.0000000000000001e-03  2.0097297172721970e-03
4.4999999999999998e-02 -1.7999999999999999e-02 4.0000000000000001e-03  2.0132747360530122e-03
4.4999999999999998e-02 -1.4999999999999999e-02 4.0000000000000001e-03  1.9469277776980678e-03
4.4999999999999998e-02 -1.1999999999999997e-02 4.0000000000000001e-03  1.9460347689264951e-03
4.4999999999999998e-02 -8.9999999999999941e-03 4.0000000000000001e-03  1.9454352930122903e-03
4.4999999999999998e-02 -5.9999999999999984e-03 4.0000000000000001e-03  1.9451239489757868e-03
4.4999999999999998e-02 -2.9999999999999957e-03 4.0000000000000001e-03  1.9450969444811540e-03
4.4999999999999998e-02 0.0000000000000000e+00 4.0000000000000001e-03  1.9453520958364031e-03
4.4999999999999998e-02 3.0000000000000027e-03 4.0000000000000001e-03  1.9458888279933995e-03
4.4999999999999998e-02 6.0000000000000053e-03 4.0000000000000001e-03  1.9467081745478331e-03
4.4999999999999998e-02 9.0000000000000011e-03 4.0000000000000001e-03  1.9627153630300690e-03
4.4999999999999998e-02 1.2000000000000004e-02 4.0000000000000001e-03  1.9793329799632623e-03
4.4999999999999998e-02 1.4999999999999999e-02 4.0000000000000001e-03  2.0067779698564937e-03
4.4999999999999998e-02 1.8000000000000002e-02 4.0000000000000001e-03  2.0639014385811158e-03
4.4999999999999998e-02 2.1000000000000005e-02 4.0000000000000001e-03  2.1108583168306882e-03
4.4999999999999998e-02 2.4000000000000007e-02 4.0000000000000001e-03  2.1476880551727939e-03
4.4999999999999998e-02 2.7000000000000010e-02 4.0000000000000001e-03  2.1744570434009528e-03
4.4999999999999998e-02 2.9999999999999999e-02 4.0000000000000001e-03  2.1912586105346452e-03
4.4999999999999998e-02 3.3000000000000002e-02 4.0000000000000001e-03  2.1982130248192925e-03
4.4999999999999998e-02 3.6000000000000004e-02 4.0000000000000001e-03  2.2347299522990152e-03
4.4999999999999998e-02 3.9000000000000007e-02 4.0000000000000001e-03  2.2708722407224656e-03
4.4999999999999998e-02 4.2000000000000010e-02 4.0000000000000001e-03  2.2526216615860080e-03
4.4999999999999998e-02 4.4999999999999998e-02 4.0000000000000001e-03  2.3071014131153325e-03
