Grid Output Min: [-45mm -45mm 4mm] Max: [45mm 45mm 4mm] Grid Size: [3mm 3mm 0mm]
X, Y, Z, Scalar data "Mag_B"
-4.4999999999999998e-02 -4.4999999999999998e-02 4.0000000000000001e-03  2.4630211878965175e-03
-4.4999999999999998e-02 -4.1999999999999996e-02 4.0000000000000001e-03  2.3217708081066319e-03
-4.4999999999999998e-02 -3.9000000000000000e-02 4.0000000000000001e-03  2.2199097519530440e-03
-4.4999999999999998e-02 -3.5999999999999997e-02 4.0000000000000001e-03  2.1417483686593493e-03
-4.4999999999999998e-02 -3.3000000000000002e-02 4.0000000000000001e-03  2.1014549157808288e-03
-4.4999999999999998e-02 -2.9999999999999999e-02 4.0000000000000001e-03  2.0765055322250550e-03
-4.4999999999999998e-02 -2.6999999999999996e-02 4.0000000000000001e-03  2.0665294740116894e-03
-4.4999999999999998e-02 -2.3999999999999997e-02 4.0000000000000001e-03  2.0539013421639403e-03
-4.4999999999999998e-02 -2.0999999999999998e-02 4.0000000000000001e-03  2.0393110277633804e-03
-4.4999999999999998e-02 -1.7999999999999999e-02 4.0000000000000001e-03  2.0274113725456092e-03
-4.4999999999999998e-02 -1.4999999999999999e-02 4.0000000000000001e-03  2.0491180326660352e-03
-4.4999999999999998e-02 -1.1999999999999997e-02 4.0000000000000001e-03  2.0640093650207934e-03
-4.4999999999999998e-02 -8.9999999999999941e-03 4.0000000000000001e-03  2.0685377495578963e-03
-4.4999999999999998e-02 -5.9999999999999984e-03 4.0000000000000001e-03  2.1311565071870688e-03
-4.4999999999999998e-02 -2.9999999999999957e-03 4.0000000000000001e-03  2.2257777417669673e-03
-4.4999999999999998e-02 0.0000000000000000e+00 4.0000000000000001e-03  2.3017543540628559e-03
-4.4999999999999998e-02 3.0000000000000027e-03 4.0000000000000001e-03  2.3531857605944106e-03
-4.4999999999999998e-02 6.0000000000000053e-03 4.0000000000000001e-03  2.3634408808708316e-03
-4.4999999999999998e-02 9.0000000000000011e-03 4.0000000000000001e-03  2.2341960278459954e-03
-4.4999999999999998e-02 1.2000000000000004e-02 4.0000000000000001e-03  2.1365489220130469e-03
-4.4999999999999998e-02 1.4999999999999999e-02 4.0000000000000001e-03  2.1052141319533898e-03
-4.4999999999999998e-02 1.8000000000000002e-02 4.0000000000000001e-03  2.0768343610360653e-03
-4.4999999999999998e-02 2.1000000000000005e-02 4.0000000000000001e-03  2.0513709027949489e-03
-4.4999999999999998e-02 2.4000000000000007e-02 4.0000000000000001e-03  2.0288215588463018e-03
-4.4999999999999998e-02 2.7000000000000010e-02 4.0000000000000001e-03  2.0385504593712698e-03
-4.4999999999999998e-02 2.9999999999999999e-02 4.0000000000000001e-03  2.0865465908384583e-03
-4.4999999999999998e-02 3.3000000000000002e-02 4.0000000000000001e-03  2.1362577523231967e-03
-4.4999999999999998e-02 3.6000000000000004e-02 4.0000000000000001e-03  2.1882726630449508e-03
-4.4999999999999998e-02 3.9000000000000007e-02 4.0000000000000001e-03  2.2048034767006811e-03
-4.4999999999999998e-02 4.2000000000000010e-02 4.0000000000000001e-03  2.1941932897255058e-03
-4.4999999999999998e-02 4.4999999999999998e-02 4.0000000000000001e-03  2.2458424439723034e-03
-4.1999999999999996e-02 -4.4999999999999998e-02 4.0000000000000001e-03  2.3516703400213619e-03
-4.1999999999999996e-02 -4.1999999999999996e-02 4.0000000000000001e-03  2.2066413917011807e-03
-4.1999999999999996e-02 -3.9000000000000000e-02 4.0000000000000001e-03  2.0949891977411848e-03
-4.1999999999999996e-02 -3.5999999999999997e-02 4.0000000000000001e-03  2.0386642710071485e-03
-4.1999999999999996e-02 -3.3000000000000002e-02 4.0000000000000001e-03  1.9886653073880466e-03
-4.1999999999999996e-02 -2.9999999999999999e-02 4.0000000000000001e-03  1.9641910671511702e-03
-4.1999999999999996e-02 -2.6999999999999996e-02 4.0000000000000001e-03  1.9499990238987608e-03
-4.1999999999999996e-02 -2.3999999999999997e-02 4.0000000000000001e-03  1.9356267855015407e-03
-4.1999999999999996e-02 -2.0999999999999998e-02 4.0000000000000001e-03  1.9241023678969874e-03
-4.1999999999999996e-02 -1.7999999999999999e-02 4.0000000000000001e-03  1.9154638770459420e-03
-4.1999999999999996e-02 -1.4999999999999999e-02 4.0000000000000001e-03  1.9079226152538256e-03
-4.1999999999999996e-02 -1.1999999999999997e-02 4.0000000000000001e-03  1.9182235129808979e-03
-4.1999999999999996e-02 -8.9999999999999941e-03 4.0000000000000001e-03  1.9532484867319732e-03
-4.1999999999999996e-02 -5.9999999999999984e-03 4.0000000000000001e-03  2.0086625168037088e-03
-4.1999999999999996e-02 -2.9999999999999957e-03 4.0000000000000001e-03  2.0751320845647870e-03
-4.1999999999999996e-02 0.0000000000000000e+00 4.0000000000000001e-03  2.1124266079885668e-03
-4.1999999999999996e-02 3.0000000000000027e-03 4.0000000000000001e-03  2.1486920535798790e-03
-4.1999999999999996e-02 6.0000000000000053e-03 4.0000000000000001e-03  2.1771339536442585e-03
-4.1999999999999996e-02 9.0000000000000011e-03 4.0000000000000001e-03  2.1116596913525027e-03
-4.1999999999999996e-02 1.2000000000000004e-02 4.0000000000000001e-03  2.0210925717068545e-03
-4.1999999999999996e-02 1.4999999999999999e-02 4.0000000000000001e-03  1.9493165508664919e-03
-4.1999999999999996e-02 1.8000000000000002e-02 4.0000000000000001e-03  1.9245510287520054e-03
-4.1999999999999996e-02 2.1000000000000005e-02 4.0000000000000001e-03  1.9125607144933308e-03
-4.1999999999999996e-02 2.4000000000000007e-02 4.0000000000000001e-03  1.9108325097498286e-03
-4.1999999999999996e-02 2.7000000000000010e-02 4.0000000000000001e-03  1.9465481854609586e-03
-4.1999999999999996e-02 2.9999999999999999e-02 4.0000000000000001e-03  1.9869779865411613e-03
-4.1999999999999996e-02 3.3000000000000002e-02 4.0000000000000001e-03  2.0321088502622208e-03
-4.1999999999999996e-02 3.6000000000000004e-02 4.0000000000000001e-03  2.0795371226996033e-03
-4.1999999999999996e-02 3.9000000000000007e-02 4.0000000000000001e-03  2.0954698127856287e-03
-4.1999999999999996e-02 4.2000000000000010e-02 4.0000000000000001e-03  2.1267388038540454e-03
-4.1999999999999996e-02 4.4999999999999998e-02 4.0000000000000001e-03  2.2322545444578008e-03
-3.9000000000000000e-02 -4.4999999999999998e-02 4.0000000000000001e-03  2.2196550069485074e-03
-3.9000000000000000e-02 -4.1999999999999996e-02 4.0000000000000001e-03  2.1309732207973318e-03
-3.9000000000000000e-02 -3.9000000000000000e-02 4.0000000000000001e-03  2.0486310190804195e-03
-3.9000000000000000e-02 -3.5999999999999997e-02 4.0000000000000001e-03  1.9584008331463357e-03
-3.9000000000000000e-02 -3.3000000000000002e-02 4.0000000000000001e-03  1.8961967931000259e-03
-3.9000000000000000e-02 -2.9999999999999999e-02 4.0000000000000001e-03  1.8726547858399906e-03
-3.9000000000000000e-02 -2.6999999999999996e-02 4.0000000000000001e-03  1.8585070459525841e-03
-3.9000000000000000e-02 -2.3999999999999997e-02 4.0000000000000001e-03  1.8520322017533972e-03
-3.9000000000000000e-02 -2.0999999999999998e-02 4.0000000000000001e-03  1.8510371644286645e-03
-3.9000000000000000e-02 -1.7999999999999999e-02 4.0000000000000001e-03  1.8501132505887420e-03
-3.9000000000000000e-02 -1.4999999999999999e-02 4.0000000000000001e-03  1.8466230469830684e-03
-3.9000000000000000e-02 -1.1999999999999997e-02 4.0000000000000001e-03  1.8464051926928651e-03
-3.9000000000000000e-02 -8.9999999999999941e-03 4.0000000000000001e-03  1.8645000689981230e-03
-3.9000000000000000e-02 -5.9999999999999984e-03 4.0000000000000001e-03  1.9025348373637020e-03
-3.9000000000000000e-02 -2.9999999999999957e-03 4.0000000000000001e-03  1.9302289346385699e-03
-3.9000000000000000e-02 0.0000000000000000e+00 4.0000000000000001e-03  1.9525863783233447e-03
-3.9000000000000000e-02 3.0000000000000027e-03 4.0000000000000001e-03  1.9739558922125776e-03
-3.9000000000000000e-02 6.0000000000000053e-03 4.0000000000000001e-03  1.9956970820053008e-03
-3.9000000000000000e-02 9.0000000000000011e-03 4.0000000000000001e-03  1.9942819501085978e-03
-3.9000000000000000e-02 1.2000000000000004e-02 4.0000000000000001e-03  1.9132552790258469e-03
-3.9000000000000000e-02 1.4999999999999999e-02 4.0000000000000001e-03  1.8600837472260059e-03
-3.9000000000000000e-02 1.8000000000000002e-02 4.0000000000000001e-03  1.8346991742101493e-03
-3.9000000000000000e-02 2.1000000000000005e-02 4.0000000000000001e-03  1.8258801806888484e-03
-3.9000000000000000e-02 2.4000000000000007e-02 4.0000000000000001e-03  1.8471396667989238e-03
-3.9000000000000000e-02 2.7000000000000010e-02 4.0000000000000001e-03  1.8749751044237154e-03
-3.9000000000000000e-02 2.9999999999999999e-02 4.0000000000000001e-03  1.9075274907652707e-03
-3.9000000000000000e-02 3.3000000000000002e-02 4.0000000000000001e-03  1.9447705096638809e-03
-3.9000000000000000e-02 3.6000000000000004e-02 4.0000000000000001e-03  1.9876882507868176e-03
-3.9000000000000000e-02 3.9000000000000007e-02 4.0000000000000001e-03  2.0151159375317268e-03
-3.9000000000000000e-02 4.2000000000000010e-02 4.0000000000000001e-03  2.0997127745943510e-03
-3.9000000000000000e-02 4.4999999999999998e-02 4.0000000000000001e-03  2.2132263003826133e-03
-3.5999999999999997e-02 -4.4999999999999998e-02 4.0000000000000001e-03  2.1280154608927242e-03
-3.5999999999999997e-02 -4.1999999999999996e-02 4.0000000000000001e-03  2.0368340090566230e-03
-3.5999999999999997e-02 -3.9000000000000000e-02 4.0000000000000001e-03  1.9622448246687883e-03
-3.5999999999999997e-02 -3.5999999999999997e-02 4.0000000000000001e-03  1.9234458426067706e-03
-3.5999999999999997e-02 -3.3000000000000002e-02 4.0000000000000001e-03  1.8623771616258422e-03
-3.5999999999999997e-02 -2.9999999999999999e-02 4.0000000000000001e-03  1.8278077091932344e-03
-3.5999999999999997e-02 -2.6999999999999996e-02 4.0000000000000001e-03  1.8127804141748625e-03
-3.5999999999999997e-02 -2.3999999999999997e-02 4.0000000000000001e-03  1.8077578090261301e-03
-3.5999999999999997e-02 -2.0999999999999998e-02 4.0000000000000001e-03  1.8049769289237680e-03
-3.5999999999999997e-02 -1.7999999999999999e-02 4.0000000000000001e-03  1.8010942375388964e-03
-3.5999999999999997e-02 -1.4999999999999999e-02 4.0000000000000001e-03  1.7961383446499571e-03
-3.5999999999999997e-02 -1.1999999999999997e-02 4.0000000000000001e-03  1.7900639119415055e-03
-3.5999999999999997e-02 -8.9999999999999941e-03 4.0000000000000001e-03  1.7915601654065363e-03
-3.5999999999999997e-02 -5.9999999999999984e-03 4.0000000000000001e-03  1.8048281164376497e-03
-3.5999999999999997e-02 -2.9999999999999957e-03 4.0000000000000001e-03  1.8135381815565490e-03
-3.5999999999999997e-02 0.0000000000000000e+00 4.0000000000000001e-03  1.8212525433390972e-03
-3.5999999999999997e-02 3.0000000000000027e-03 4.0000000000000001e-03  1.8280063181922192e-03
-3.5999999999999997e-02 6.0000000000000053e-03 4.0000000000000001e-03  1.8440568102389785e-03
-3.5999999999999997e-02 9.0000000000000011e-03 4.0000000000000001e-03  1.8637965900115993e-03
-3.5999999999999997e-02 1.2000000000000004e-02 4.0000000000000001e-03  1.8191622149362962e-03
-3.5999999999999997e-02 1.4999999999999999e-02 4.0000000000000001e-03  1.7659439031667565e-03
-3.5999999999999997e-02 1.8000000000000002e-02 4.0000000000000001e-03  1.7488184455629438e-03
-3.5999999999999997e-02 2.1000000000000005e-02 4.0000000000000001e-03  1.7684961808638302e-03
-3.5999999999999997e-02 2.4000000000000007e-02 4.0000000000000001e-03  1.7935745003428859e-03
-3.5999999999999997e-02 2.7000000000000010e-02 4.0000000000000001e-03  1.8183526385004251e-03
-3.5999999999999997e-02 2.9999999999999999e-02 4.0000000000000001e-03  1.8454228946473800e-03
-3.5999999999999997e-02 3.3000000000000002e-02 4.0000000000000001e-03  1.8749731598340362e-03
-3.5999999999999997e-02 3.6000000000000004e-02 4.0000000000000001e-03  1.9096941104258928e-03
-3.5999999999999997e-02 3.9000000000000007e-02 4.0000000000000001e-03  1.9791507027652829e-03
-3.5999999999999997e-02 4.2000000000000010e-02 4.0000000000000001e-03  2.0849543159750330e-03
-3.5999999999999997e-02 4.4999999999999998e-02 4.0000000000000001e-03  2.2193355591588406e-03
-3.3000000000000002e-02 -4.4999999999999998e-02 4.0000000000000001e-03  2.0705329978356899e-03
-3.3000000000000002e-02 -4.1999999999999996e-02 4.0000000000000001e-03  1.9845083388050425e-03
-3.3000000000000002e-02 -3.9000000000000000e-02 4.0000000000000001e-03  1.9148708860545654e-03
-3.3000000000000002e-02 -3.5999999999999997e-02 4.0000000000000001e-03  1.8590190856022000e-03
-3.3000000000000002e-02 -3.3000000000000002e-02 4.0000000000000001e-03  1.8290482128461515e-03
-3.3000000000000002e-02 -2.9999999999999999e-02 4.0000000000000001e-03  1.7985614825072253e-03
-3.3000000000000002e-02 -2.6999999999999996e-02 4.0000000000000001e-03  1.7792738581825225e-03
-3.3000000000000002e-02 -2.3999999999999997e-02 4.0000000000000001e-03  1.7655487289613713e-03
-3.3000000000000002e-02 -2.0999999999999998e-02 4.0000000000000001e-03  1.7614946439798724e-03
-3.3000000000000002e-02 -1.7999999999999999e-02 4.0000000000000001e-03  1.7562908524195058e-03
-3.3000000000000002e-02 -1.4999999999999999e-02 4.0000000000000001e-03  1.7499575738609912e-03
-3.3000000000000002e-02 -1.1999999999999997e-02 4.0000000000000001e-03  1.7425244954577181e-03
-3.3000000000000002e-02 -8.9999999999999941e-03 4.0000000000000001e-03  1.7343130561987667e-03
-3.3000000000000002e-02 -5.9999999999999984e-03 4.0000000000000001e-03  1.7297161807578528e-03
-3.3000000000000002e-02 -2.9999999999999957e-03 4.0000000000000001e-03  1.7240872867316673e-03
-3.3000000000000002e-02 0.0000000000000000e+00 4.0000000000000001e-03  1.7174627278765810e-03
-3.3000000000000002e-02 3.0000000000000027e-03 4.0000000000000001e-03  1.7098911197873847e-03
-3.3000000000000002e-02 6.0000000000000053e-03 4.0000000000000001e-03  1.7212385028269916e-03
-3.3000000000000002e-02 9.0000000000000011e-03 4.0000000000000001e-03  1.7361824467143063e-03
-3.3000000000000002e-02 1.2000000000000004e-02 4.0000000000000001e-03  1.7340242314011958e-03
-3.3000000000000002e-02 1.4999999999999999e-02 4.0000000000000001e-03  1.6940423244714204e-03
-3.3000000000000002e-02 1.8000000000000002e-02 4.0000000000000001e-03  1.6674009973392729e-03
-3.3000000000000002e-02 2.1000000000000005e-02 4.0000000000000001e-03  1.6849044697147550e-03
-3.3000000000000002e-02 2.4000000000000007e-02 4.0000000000000001e-03  1.7411811797404747e-03
-3.3000000000000002e-02 2.7000000000000010e-02 4.0000000000000001e-03  1.7643210602089458e-03
-3.3000000000000002e-02 2.9999999999999999e-02 4.0000000000000001e-03  1.7897099753823808e-03
-3.3000000000000002e-02 3.3000000000000002e-02 4.0000000000000001e-03  1.8173537334208398e-03
-3.3000000000000002e-02 3.6000000000000004e-02 4.0000000000000001e-03  1.8449958287377281e-03
-3.3000000000000002e-02 3.9000000000000007e-02 4.0000000000000001e-03  1.9285508605561413e-03
-3.3000000000000002e-02 4.2000000000000010e-02 4.0000000000000001e-03  2.0667564995783126e-03
-3.3000000000000002e-02 4.4999999999999998e-02 4.0000000000000001e-03  2.2308350352505525e-03
-2.9999999999999999e-02 -4.4999999999999998e-02 4.0000000000000001e-03  2.0480673790296429e-03
-2.9999999999999999e-02 -4.1999999999999996e-02 4.0000000000000001e-03  1.9655283891962501e-03
-2.9999999999999999e-02 -3.9000000000000000e-02 4.0000000000000001e-03  1.8980855049024019e-03
-2.9999999999999999e-02 -3.5999999999999997e-02 4.0000000000000001e-03  1.8434710640226112e-03
-2.9999999999999999e-02 -3.3000000000000002e-02 4.0000000000000001e-03  1.7998072091171583e-03
-2.9999999999999999e-02 -2.9999999999999999e-02 4.0000000000000001e-03  1.7682740149688742e-03
-2.9999999999999999e-02 -2.6999999999999996e-02 4.0000000000000001e-03  1.7509254856514181e-03
-2.9999999999999999e-02 -2.3999999999999997e-02 4.0000000000000001e-03  1.7324210828244370e-03
-2.9999999999999999e-02 -2.0999999999999998e-02 4.0000000000000001e-03  1.7220298333586103e-03
-2.9999999999999999e-02 -1.7999999999999999e-02 4.0000000000000001e-03  1.7155710523544631e-03
-2.9999999999999999e-02 -1.4999999999999999e-02 4.0000000000000001e-03  1.7079366488321191e-03
-2.9999999999999999e-02 -1.1999999999999997e-02 4.0000000000000001e-03  1.6991479197472645e-03
-2.9999999999999999e-02 -8.9999999999999941e-03 4.0000000000000001e-03  1.6925988944530657e-03
-2.9999999999999999e-02 -5.9999999999999984e-03 4.0000000000000001e-03  1.6805621814537923e-03
-2.9999999999999999e-02 -2.9999999999999957e-03 4.0000000000000001e-03  1.6609224581457375e-03
-2.9999999999999999e-02 0.0000000000000000e+00 4.0000000000000001e-03  1.6402733033454259e-03
-2.9999999999999999e-02 3.0000000000000027e-03 4.0000000000000001e-03  1.6187882365622693e-03
-2.9999999999999999e-02 6.0000000000000053e-03 4.0000000000000001e-03  1.6262837362577462e-03
-2.9999999999999999e-02 9.0000000000000011e-03 4.0000000000000001e-03  1.6365568743922419e-03
-2.9999999999999999e-02 1.2000000000000004e-02 4.0000000000000001e-03  1.6496209218356949e-03
-2.9999999999999999e-02 1.4999999999999999e-02 4.0000000000000001e-03  1.6306272921905091e-03
-2.9999999999999999e-02 1.8000000000000002e-02 4.0000000000000001e-03  1.6166410261980540e-03
-2.9999999999999999e-02 2.1000000000000005e-02 4.0000000000000001e-03  1.6152611693955371e-03
-2.9999999999999999e-02 2.4000000000000007e-02 4.0000000000000001e-03  1.6659085345160972e-03
-2.9999999999999999e-02 2.7000000000000010e-02 4.0000000000000001e-03  1.7146164734659155e-03
-2.9999999999999999e-02 2.9999999999999999e-02 4.0000000000000001e-03  1.7383163710020689e-03
-2.9999999999999999e-02 3.3000000000000002e-02 4.0000000000000001e-03  1.7581890439627623e-03
-2.9999999999999999e-02 3.6000000000000004e-02 4.0000000000000001e-03  1.7910581414940980e-03
-2.9999999999999999e-02 3.9000000000000007e-02 4.0000000000000001e-03  1.8846273456296315e-03
-2.9999999999999999e-02 4.2000000000000010e-02 4.0000000000000001e-03  2.0534129799082606e-03
-2.9999999999999999e-02 4.4999999999999998e-02 4.0000000000000001e-03  2.2088442134834845e-03
-2.6999999999999996e-02 -4.4999999999999998e-02 4.0000000000000001e-03  2.0474310183051844e-03
-2.6999999999999996e-02 -4.1999999999999996e-02 4.0000000000000001e-03  1.9558654692187079e-03
-2.6999999999999996e-02 -3.9000000000000000e-02 4.0000000000000001e-03  1.8840560965980753e-03
-2.6999999999999996e-02 -3.5999999999999997e-02 4.0000000000000001e-03  1.8263934358116044e-03
-2.6999999999999996e-02 -3.3000000000000002e-02 4.0000000000000001e-03  1.7807152182546875e-03
-2.6999999999999996e-02 -2.9999999999999999e-02 4.0000000000000001e-03  1.7452489800084744e-03
-2.6999999999999996e-02 -2.6999999999999996e-02 4.0000000000000001e-03  1.7226670548648835e-03
-2.6999999999999996e-02 -2.3999999999999997e-02 4.0000000000000001e-03  1.7055709018142320e-03
-2.6999999999999996e-02 -2.0999999999999998e-02 4.0000000000000001e-03  1.6873849427792851e-03
-2.6999999999999996e-02 -1.7999999999999999e-02 4.0000000000000001e-03  1.6788235738888922e-03
-2.6999999999999996e-02 -1.4999999999999999e-02 4.0000000000000001e-03  1.6699522632005275e-03
-2.6999999999999996e-02 -1.1999999999999997e-02 4.0000000000000001e-03  1.6598822512059225e-03
-2.6999999999999996e-02 -8.9999999999999941e-03 4.0000000000000001e-03  1.6545191351297779e-03
-2.6999999999999996e-02 -5.9999999999999984e-03 4.0000000000000001e-03  1.6538021026074802e-03
-2.6999999999999996e-02 -2.9999999999999957e-03 4.0000000000000001e-03  1.6231086503494363e-03
-2.6999999999999996e-02 0.0000000000000000e+00 4.0000000000000001e-03  1.5887593877241201e-03
-2.6999999999999996e-02 3.0000000000000027e-03 4.0000000000000001e-03  1.5552613596605635e-03
-2.6999999999999996e-02 6.0000000000000053e-03 4.0000000000000001e-03  1.5582502990263225e-03
-2.6999999999999996e-02 9.0000000000000011e-03 4.0000000000000001e-03  1.5639754299213520e-03
-2.6999999999999996e-02 1.2000000000000004e-02 4.0000000000000001e-03  1.5724451772593947e-03
-2.6999999999999996e-02 1.4999999999999999e-02 4.0000000000000001e-03  1.5755241083529137e-03
-2.6999999999999996e-02 1.8000000000000002e-02 4.0000000000000001e-03  1.5739361590285405e-03
-2.6999999999999996e-02 2.1000000000000005e-02 4.0000000000000001e-03  1.5846362418884248e-03
-2.6999999999999996e-02 2.4000000000000007e-02 4.0000000000000001e-03  1.6071182014758296e-03
-2.6999999999999996e-02 2.7000000000000010e-02 4.0000000000000001e-03  1.6689324968944532e-03
-2.6999999999999996e-02 2.9999999999999999e-02 4.0000000000000001e-03  1.6831648153211880e-03
-2.6999999999999996e-02 3.3000000000000002e-02 4.0000000000000001e-03  1.7011543527178114e-03
-2.6999999999999996e-02 3.6000000000000004e-02 4.0000000000000001e-03  1.7471161230855012e-03
-2.6999999999999996e-02 3.9000000000000007e-02 4.0000000000000001e-03  1.8452708036236945e-03
-2.6999999999999996e-02 4.2000000000000010e-02 4.0000000000000001e-03  2.0447824417727765e-03
-2.6999999999999996e-02 4.4999999999999998e-02 4.0000000000000001e-03  2.1750910712766557e-03
-2.3999999999999997e-02 -4.4999999999999998e-02 4.0000000000000001e-03  2.0440731729200823e-03
-2.3999999999999997e-02 -4.1999999999999996e-02 4.0000000000000001e-03  1.9540201561116816e-03
-2.3999999999999997e-02 -3.9000000000000000e-02 4.0000000000000001e-03  1.8749106685513556e-03
-2.3999999999999997e-02 -3.5999999999999997e-02 4.0000000000000001e-03  1.8090397444278929e-03
-2.3999999999999997e-02 -3.3000000000000002e-02 4.0000000000000001e-03  1.7607305228258918e-03
-2.3999999999999997e-02 -2.9999999999999999e-02 4.0000000000000001e-03  1.7236195413640755e-03
-2.3999999999999997e-02 -2.6999999999999996e-02 4.0000000000000001e-03  1.6960397296444528e-03
-2.3999999999999997e-02 -2.3999999999999997e-02 4.0000000000000001e-03  1.6789323876436025e-03
-2.3999999999999997e-02 -2.0999999999999998e-02 4.0000000000000001e-03  1.6619854074586154e-03
-2.3999999999999997e-02 -1.7999999999999999e-02 4.0000000000000001e-03  1.6459579329891265e-03
-2.3999999999999997e-02 -1.4999999999999999e-02 4.0000000000000001e-03  1.6359018900246143e-03
-2.3999999999999997e-02 -1.1999999999999997e-02 4.0000000000000001e-03  1.6246129199841573e-03
-2.3999999999999997e-02 -8.9999999999999941e-03 4.0000000000000001e-03  1.6208436194069013e-03
-2.3999999999999997e-02 -5.9999999999999984e-03 4.0000000000000001e-03  1.6199480973471158e-03
-2.3999999999999997e-02 -2.9999999999999957e-03 4.0000000000000001e-03  1.6097295644623016e-03
-2.3999999999999997e-02 0.0000000000000000e+00 4.0000000000000001e-03  1.5620148455600220e-03
-2.3999999999999997e-02 3.0000000000000027e-03 4.0000000000000001e-03  1.5176217667796366e-03
-2.3999999999999997e-02 6.0000000000000053e-03 4.0000000000000001e-03  1.5162121916345061e-03
-2.3999999999999997e-02 9.0000000000000011e-03 4.0000000000000001e-03  1.5175098821842872e-03
-2.3999999999999997e-02 1.2000000000000004e-02 4.0000000000000001e-03  1.5215184173865137e-03
-2.3999999999999997e-02 1.4999999999999999e-02 4.0000000000000001e-03  1.5282452650886684e-03
-2.3999999999999997e-02 1.8000000000000002e-02 4.0000000000000001e-03  1.5391284412645877e-03
-2.3999999999999997e-02 2.1000000000000005e-02 4.0000000000000001e-03  1.5616720676075737e-03
-2.3999999999999997e-02 2.4000000000000007e-02 4.0000000000000001e-03  1.5956650676028658e-03
-2.3999999999999997e-02 2.7000000000000010e-02 4.0000000000000001e-03  1.6329670439055837e-03
-2.3999999999999997e-02 2.9999999999999999e-02 4.0000000000000001e-03  1.6255160494229796e-03
-2.3999999999999997e-02 3.3000000000000002e-02 4.0000000000000001e-03  1.6539472139684983e-03
-2.3999999999999997e-02 3.6000000000000004e-02 4.0000000000000001e-03  1.7130508594277805e-03
-2.3999999999999997e-02 3.9000000000000007e-02 4.0000000000000001e-03  1.8104304932998405e-03
-2.3999999999999997e-02 4.2000000000000010e-02 4.0000000000000001e-03  2.0212308712692717e-03
-2.3999999999999997e-02 4.4999999999999998e-02 4.0000000000000001e-03  2.1714041541283521e-03
-2.0999999999999998e-02 -4.4999999999999998e-02 4.0000000000000001e-03  2.0401177673290468e-03
-2.0999999999999998e-02 -4.1999999999999996e-02 4.0000000000000001e-03  1.9485758709648616e-03
-2.0999999999999998e-02 -3.9000000000000000e-02 4.0000000000000001e-03  1.8696394452606981e-03
-2.0999999999999998e-02 -3.5999999999999997e-02 4.0000000000000001e-03  1.8025322433485767e-03
-2.0999999999999998e-02 -3.3000000000000002e-02 4.0000000000000001e-03  1.7409707221120231e-03
-2.0999999999999998e-02 -2.9999999999999999e-02 4.0000000000000001e-03  1.7008820377484829e-03
-2.0999999999999998e-02 -2.6999999999999996e-02 4.0000000000000001e-03  1.6720037701014163e-03
-2.0999999999999998e-02 -2.3999999999999997e-02 4.0000000000000001e-03  1.6521345160852208e-03
-2.0999999999999998e-02 -2.0999999999999998e-02 4.0000000000000001e-03  1.6369834149301170e-03
-2.0999999999999998e-02 -1.7999999999999999e-02 4.0000000000000001e-03  1.6201787106989969e-03
-2.0999999999999998e-02 -1.4999999999999999e-02 4.0000000000000001e-03  1.6057037817840021e-03
-2.0999999999999998e-02 -1.1999999999999997e-02 4.0000000000000001e-03  1.5933518930031671e-03
-2.0999999999999998e-02 -8.9999999999999941e-03 4.0000000000000001e-03  1.5914127437618943e-03
-2.0999999999999998e-02 -5.9999999999999984e-03 4.0000000000000001e-03  1.5903185880296329e-03
-2.0999999999999998e-02 -2.9999999999999957e-03 4.0000000000000001e-03  1.5900703806184821e-03
-2.0999999999999998e-02 0.0000000000000000e+00 4.0000000000000001e-03  1.5591522879693381e-03
-2.0999999999999998e-02 3.0000000000000027e-03 4.0000000000000001e-03  1.5049619020470965e-03
-2.0999999999999998e-02 6.0000000000000053e-03 4.0000000000000001e-03  1.4992596265907736e-03
-2.0999999999999998e-02 9.0000000000000011e-03 4.0000000000000001e-03  1.4962482120703885e-03
-2.0999999999999998e-02 1.2000000000000004e-02 4.0000000000000001e-03  1.4959263914872613e-03
-2.0999999999999998e-02 1.4999999999999999e-02 4.0000000000000001e-03  1.4982967867326698e-03
-2.0999999999999998e-02 1.8000000000000002e-02 4.0000000000000001e-03  1.5120671090100436e-03
-2.0999999999999998e-02 2.1000000000000005e-02 4.0000000000000001e-03  1.5462274353918171e-03
-2.0999999999999998e-02 2.4000000000000007e-02 4.0000000000000001e-03  1.5915154279080171e-03
-2.0999999999999998e-02 2.7000000000000010e-02 4.0000000000000001e-03  1.5953007378797380e-03
-2.0999999999999998e-02 2.9999999999999999e-02 4.0000000000000001e-03  1.6006184733133749e-03
-2.0999999999999998e-02 3.3000000000000002e-02 4.0000000000000001e-03  1.6348569278598333e-03
-2.0999999999999998e-02 3.6000000000000004e-02 4.0000000000000001e-03  1.6981334877896805e-03
-2.0999999999999998e-02 3.9000000000000007e-02 4.0000000000000001e-03  1.7900621362010661e-03
-2.0999999999999998e-02 4.2000000000000010e-02 4.0000000000000001e-03  1.9997994514539424e-03
-2.0999999999999998e-02 4.4999999999999998e-02 4.0000000000000001e-03  2.1696549716927476e-03
-1.7999999999999999e-02 -4.4999999999999998e-02 4.0000000000000001e-03  2.0355638280977156e-03
-1.7999999999999999e-02 -4.1999999999999996e-02 4.0000000000000001e-03  1.9425314622100588e-03
-1.7999999999999999e-02 -3.9000000000000000e-02 4.0000000000000001e-03  1.8620850209792991e-03
-1.7999999999999999e-02 -3.5999999999999997e-02 4.0000000000000001e-03  1.7934533632704090e-03
-1.7999999999999999e-02 -3.3000000000000002e-02 4.0000000000000001e-03  1.7359200694584259e-03
-1.7999999999999999e-02 -2.9999999999999999e-02 4.0000000000000001e-03  1.6888234414284427e-03
-1.7999999999999999e-02 -2.6999999999999996e-02 4.0000000000000001e-03  1.6466592571378026e-03
-1.7999999999999999e-02 -2.3999999999999997e-02 4.0000000000000001e-03  1.6257136459725736e-03
-1.7999999999999999e-02 -2.0999999999999998e-02 4.0000000000000001e-03  1.6117990050490136e-03
-1.7999999999999999e-02 -1.7999999999999999e-02 4.0000000000000001e-03  1.5967494959959346e-03
-1.7999999999999999e-02 -1.4999999999999999e-02 4.0000000000000001e-03  1.5801329730563338e-03
-1.7999999999999999e-02 -1.1999999999999997e-02 4.0000000000000001e-03  1.5682592898572209e-03
-1.7999999999999999e-02 -8.9999999999999941e-03 4.0000000000000001e-03  1.5660987483769443e-03
-1.7999999999999999e-02 -5.9999999999999984e-03 4.0000000000000001e-03  1.5647833149102632e-03
-1.7999999999999999e-02 -2.9999999999999957e-03 4.0000000000000001e-03  1.5643144189258736e-03
-1.7999999999999999e-02 0.0000000000000000e+00 4.0000000000000001e-03  1.5646938748438372e-03
-1.7999999999999999e-02 3.0000000000000027e-03 4.0000000000000001e-03  1.5163904215972550e-03
-1.7999999999999999e-02 6.0000000000000053e-03 4.0000000000000001e-03  1.5064990284103040e-03
-1.7999999999999999e-02 9.0000000000000011e-03 4.0000000000000001e-03  1.4992946124756869e-03
-1.7999999999999999e-02 1.2000000000000004e-02 4.0000000000000001e-03  1.4947710608385286e-03
-1.7999999999999999e-02 1.4999999999999999e-02 4.0000000000000001e-03  1.4929261494339000e-03
-1.7999999999999999e-02 1.8000000000000002e-02 4.0000000000000001e-03  1.4937615430868215e-03
-1.7999999999999999e-02 2.1000000000000005e-02 4.0000000000000001e-03  1.5381683247499760e-03
-1.7999999999999999e-02 2.4000000000000007e-02 4.0000000000000001e-03  1.5714915485807706e-03
-1.7999999999999999e-02 2.7000000000000010e-02 4.0000000000000001e-03  1.5607177714140686e-03
-1.7999999999999999e-02 2.9999999999999999e-02 4.0000000000000001e-03  1.5787950842406184e-03
-1.7999999999999999e-02 3.3000000000000002e-02 4.0000000000000001e-03  1.6261482219313071e-03
-1.7999999999999999e-02 3.6000000000000004e-02 4.0000000000000001e-03  1.6930514654905455e-03
-1.7999999999999999e-02 3.9000000000000007e-02 4.0000000000000001e-03  1.7744292153497794e-03
-1.7999999999999999e-02 4.2000000000000010e-02 4.0000000000000001e-03  1.9855371854480808e-03
-1.7999999999999999e-02 4.4999999999999998e-02 4.0000000000000001e-03  2.1589911987875700e-03
-1.4999999999999999e-02 -4.4999999999999998e-02 4.0000000000000001e-03  2.0304104536151019e-03
-1.4999999999999999e-02 -4.1999999999999996e-02 4.0000000000000001e-03  1.9358859780235600e-03
-1.4999999999999999e-02 -3.9000000000000000e-02 4.0000000000000001e-03  1.8539286677310156e-03
-1.4999999999999999e-02 -3.5999999999999997e-02 4.0000000000000001e-03  1.7837724873354009e-03
-1.4999999999999999e-02 -3.3000000000000002e-02 4.0000000000000001e-03  1.7247061229446962e-03
-1.4999999999999999e-02 -2.9999999999999999e-02 4.0000000000000001e-03  1.6760729821769485e-03
-1.4999999999999999e-02 -2.6999999999999996e-02 4.0000000000000001e-03  1.6372711941602697e-03
-1.4999999999999999e-02 -2.3999999999999997e-02 4.0000000000000001e-03  1.6054779903216479e-03
-1.4999999999999999e-02 -2.0999999999999998e-02 4.0000000000000001e-03  1.5846209152386326e-03
-1.4999999999999999e-02 -1.7999999999999999e-02 4.0000000000000001e-03  1.5731924170069521e-03
-1.4999999999999999e-02 -1.4999999999999999e-02 4.0000000000000001e-03  1.5581261969618313e-03
-1.4999999999999999e-02 -1.1999999999999997e-02 4.0000000000000001e-03  1.5484701239260358e-03
-1.4999999999999999e-02 -8.9999999999999941e-03 4.0000000000000001e-03  1.5460531607317210e-03
-1.4999999999999999e-02 -5.9999999999999984e-03 4.0000000000000001e-03  1.5444483602540357e-03
-1.4999999999999999e-02 -2.9999999999999957e-03 4.0000000000000001e-03  1.5436567210343440e-03
-1.4999999999999999e-02 0.0000000000000000e+00 4.0000000000000001e-03  1.5439985771012917e-03
-1.4999999999999999e-02 3.0000000000000027e-03 4.0000000000000001e-03  1.5414439183643583e-03
-1.4999999999999999e-02 6.0000000000000053e-03 4.0000000000000001e-03  1.5367331154487911e-03
-1.4999999999999999e-02 9.0000000000000011e-03 4.0000000000000001e-03  1.5257694883029096e-03
-1.4999999999999999e-02 1.2000000000000004e-02 4.0000000000000001e-03  1.5171705987239072e-03
-1.4999999999999999e-02 1.4999999999999999e-02 4.0000000000000001e-03  1.5112492948568088e-03
-1.4999999999999999e-02 1.8000000000000002e-02 4.0000000000000001e-03  1.5080023955704334e-03
-1.4999999999999999e-02 2.1000000000000005e-02 4.0000000000000001e-03  1.5373679058608646e-03
-1.4999999999999999e-02 2.4000000000000007e-02 4.0000000000000001e-03  1.5272535888448597e-03
-1.4999999999999999e-02 2.7000000000000010e-02 4.0000000000000001e-03  1.5408693069583811e-03
-1.4999999999999999e-02 2.9999999999999999e-02 4.0000000000000001e-03  1.5756432307665377e-03
-1.4999999999999999e-02 3.3000000000000002e-02 4.0000000000000001e-03  1.6247279710634378e-03
-1.4999999999999999e-02 3.6000000000000004e-02 4.0000000000000001e-03  1.6881823903144178e-03
-1.4999999999999999e-02 3.9000000000000007e-02 4.0000000000000001e-03  1.7660647414703640e-03
-1.4999999999999999e-02 4.2000000000000010e-02 4.0000000000000001e-03  1.9717788566884133e-03
-1.4999999999999999e-02 4.4999999999999998e-02 4.0000000000000001e-03  2.1393970947452411e-03
-1.1999999999999997e-02 -4.4999999999999998e-02 4.0000000000000001e-03  2.0246568140935869e-03
-1.1999999999999997e-02 -4.1999999999999996e-02 4.0000000000000001e-03  1.9286385384050216e-03
-1.1999999999999997e-02 -3.9000000000000000e-02 4.0000000000000001e-03  1.8451694553027879e-03
-1.1999999999999997e-02 -3.5999999999999997e-02 4.0000000000000001e-03  1.7734886351177608e-03
-1.1999999999999997e-02 -3.3000000000000002e-02 4.0000000000000001e-03  1.7128898696908801e-03
-1.1999999999999997e-02 -2.9999999999999999e-02 4.0000000000000001e-03  1.6627216723731407e-03
-1.1999999999999997e-02 -2.6999999999999996e-02 4.0000000000000001e-03  1.6223872780256028e-03
-1.1999999999999997e-02 -2.3999999999999997e-02 4.0000000000000001e-03  1.5913446430193905e-03
-1.1999999999999997e-02 -2.0999999999999998e-02 4.0000000000000001e-03  1.5691064452356747e-03
-1.1999999999999997e-02 -1.7999999999999999e-02 4.0000000000000001e-03  1.5520515537162435e-03
-1.1999999999999997e-02 -1.4999999999999999e-02 4.0000000000000001e-03  1.5389537720065765e-03
-1.1999999999999997e-02 -1.1999999999999997e-02 4.0000000000000001e-03  1.5356004667104457e-03
-1.1999999999999997e-02 -8.9999999999999941e-03 4.0000000000000001e-03  1.5345299343963740e-03
-1.1999999999999997e-02 -5.9999999999999984e-03 4.0000000000000001e-03  1.5341131458540742e-03
-1.1999999999999997e-02 -2.9999999999999957e-03 4.0000000000000001e-03  1.5303302584535362e-03
-1.1999999999999997e-02 0.0000000000000000e+00 4.0000000000000001e-03  1.5233332630685964e-03
-1.1999999999999997e-02 3.0000000000000027e-03 4.0000000000000001e-03  1.5180229628549760e-03
-1.1999999999999997e-02 6.0000000000000053e-03 4.0000000000000001e-03  1.5143989233451464e-03
-1.1999999999999997e-02 9.0000000000000011e-03 4.0000000000000001e-03  1.5124627444212493e-03
-1.1999999999999997e-02 1.2000000000000004e-02 4.0000000000000001e-03  1.5122180603150889e-03
-1.1999999999999997e-02 1.4999999999999999e-02 4.0000000000000001e-03  1.5136705396081483e-03
-1.1999999999999997e-02 1.8000000000000002e-02 4.0000000000000001e-03  1.5168278852315730e-03
-1.1999999999999997e-02 2.1000000000000005e-02 4.0000000000000001e-03  1.5258465846427008e-03
-1.1999999999999997e-02 2.4000000000000007e-02 4.0000000000000001e-03  1.5348484664480038e-03
-1.1999999999999997e-02 2.7000000000000010e-02 4.0000000000000001e-03  1.5536924234273340e-03
-1.1999999999999997e-02 2.9999999999999999e-02 4.0000000000000001e-03  1.5850448612817996e-03
-1.1999999999999997e-02 3.3000000000000002e-02 4.0000000000000001e-03  1.6306713555186653e-03
-1.1999999999999997e-02 3.6000000000000004e-02 4.0000000000000001e-03  1.6906275955357330e-03
-1.1999999999999997e-02 3.9000000000000007e-02 4.0000000000000001e-03  1.7649686612163475e-03
-1.1999999999999997e-02 4.2000000000000010e-02 4.0000000000000001e-03  1.9490814968995977e-03
-1.1999999999999997e-02 4.4999999999999998e-02 4.0000000000000001e-03  2.1108620747135242e-03
-8.9999999999999941e-03 -4.4999999999999998e-02 4.0000000000000001e-03  2.0183021515689159e-03
-8.9999999999999941e-03 -4.1999999999999996e-02 4.0000000000000001e-03  1.9207883351774694e-03
-8.9999999999999941e-03 -3.9000000000000000e-02 4.0000000000000001e-03  1.8358065253049156e-03
-8.9999999999999941e-03 -3.5999999999999997e-02 4.0000000000000001e-03  1.7626008980150762e-03
-8.9999999999999941e-03 -3.3000000000000002e-02 4.0000000000000001e-03  1.7004703508818385e-03
-8.9999999999999941e-03 -2.9999999999999999e-02 4.0000000000000001e-03  1.6487685029891563e-03
-8.9999999999999941e-03 -2.6999999999999996e-02 4.0000000000000001e-03  1.6069036949310359e-03
-8.9999999999999941e-03 -2.3999999999999997e-02 4.0000000000000001e-03  1.5743389888115526e-03
-8.9999999999999941e-03 -2.0999999999999998e-02 4.0000000000000001e-03  1.5505921682448321e-03
-8.9999999999999941e-03 -1.7999999999999999e-02 4.0000000000000001e-03  1.5352357383550742e-03
-8.9999999999999941e-03 -1.4999999999999999e-02 4.0000000000000001e-03  1.5336422137848420e-03
-8.9999999999999941e-03 -1.1999999999999997e-02 4.0000000000000001e-03  1.5284597868682709e-03
-8.9999999999999941e-03 -8.9999999999999941e-03 4.0000000000000001e-03  1.5229773136584384e-03
-8.9999999999999941e-03 -5.9999999999999984e-03 4.0000000000000001e-03  1.5137223825338430e-03
-8.9999999999999941e-03 -2.9999999999999957e-03 4.0000000000000001e-03  1.5061508045749819e-03
-8.9999999999999941e-03 0.0000000000000000e+00 4.0000000000000001e-03  1.5002585000475324e-03
-8.9999999999999941e-03 3.0000000000000027e-03 4.0000000000000001e-03  1.4960434235668262e-03
-8.9999999999999941e-03 6.0000000000000053e-03 4.0000000000000001e-03  1.4935055640978782e-03
-8.9999999999999941e-03 9.0000000000000011e-03 4.0000000000000001e-03  1.4926469449553601e-03
-8.9999999999999941e-03 1.2000000000000004e-02 4.0000000000000001e-03  1.4934716238036187e-03
-8.9999999999999941e-03 1.4999999999999999e-02 4.0000000000000001e-03  1.4959856926566690e-03
-8.9999999999999941e-03 1.8000000000000002e-02 4.0000000000000001e-03  1.5001972778781970e-03
-8.9999999999999941e-03 2.1000000000000005e-02 4.0000000000000001e-03  1.5186769128383074e-03
-8.9999999999999941e-03 2.4000000000000007e-02 4.0000000000000001e-03  1.5288131097344335e-03
-8.9999999999999941e-03 2.7000000000000010e-02 4.0000000000000001e-03  1.5466385255116109e-03
-8.9999999999999941e-03 2.9999999999999999e-02 4.0000000000000001e-03  1.5874369066025437e-03
-8.9999999999999941e-03 3.3000000000000002e-02 4.0000000000000001e-03  1.6434029497659063e-03
-8.9999999999999941e-03 3.6000000000000004e-02 4.0000000000000001e-03  1.7044760269481129e-03
-8.9999999999999941e-03 3.9000000000000007e-02 4.0000000000000001e-03  1.7711755348851785e-03
-8.9999999999999941e-03 4.2000000000000010e-02 4.0000000000000001e-03  1.9176312902250338e-03
-8.9999999999999941e-03 4.4999999999999998e-02 4.0000000000000001e-03  2.0733807096554981e-03
-5.9999999999999984e-03 -4.4999999999999998e-02 4.0000000000000001e-03  2.0113457799002042e-03
-5.9999999999999984e-03 -4.1999999999999996e-02 4.0000000000000001e-03  1.9123346319873018e-03
-5.9999999999999984e-03 -3.9000000000000000e-02 4.0000000000000001e-03  1.8258390911710728e-03
-5.9999999999999984e-03 -3.5999999999999997e-02 4.0000000000000001e-03  1.7511084392482943e-03
-5.9999999999999984e-03 -3.3000000000000002e-02 4.0000000000000001e-03  1.6874466795258063e-03
-5.9999999999999984e-03 -2.9999999999999999e-02 4.0000000000000001e-03  1.6342125368205064e-03
-5.9999999999999984e-03 -2.6999999999999996e-02 4.0000000000000001e-03  1.5908194574593560e-03
-5.9999999999999984e-03 -2.3999999999999997e-02 4.0000000000000001e-03  1.5567356092793853e-03
-5.9999999999999984e-03 -2.0999999999999998e-02 4.0000000000000001e-03  1.5349027658638859e-03
-5.9999999999999984e-03 -1.7999999999999999e-02 4.0000000000000001e-03  1.5364751664726584e-03
-5.9999999999999984e-03 -1.4999999999999999e-02 4.0000000000000001e-03  1.5309942426237374e-03
-5.9999999999999984e-03 -1.1999999999999997e-02 4.0000000000000001e-03  1.5248340742704525e-03
-5.9999999999999984e-03 -8.9999999999999941e-03 4.0000000000000001e-03  1.5166662786107099e-03
-5.9999999999999984e-03 -5.9999999999999984e-03 4.0000000000000001e-03  1.5049014304389710e-03
-5.9999999999999984e-03 -2.9999999999999957e-03 4.0000000000000001e-03  1.4948981343667499e-03
-5.9999999999999984e-03 0.0000000000000000e+00 4.0000000000000001e-03  1.4866568348096238e-03
-5.9999999999999984e-03 3.0000000000000027e-03 4.0000000000000001e-03  1.4801716034573758e-03
-5.9999999999999984e-03 6.0000000000000053e-03 4.0000000000000001e-03  1.4754400215407889e-03
-5.9999999999999984e-03 9.0000000000000011e-03 4.0000000000000001e-03  1.4743062865299819e-03
-5.9999999999999984e-03 1.2000000000000004e-02 4.0000000000000001e-03  1.4762113560835223e-03
-5.9999999999999984e-03 1.4999999999999999e-02 4.0000000000000001e-03  1.4798007830309000e-03
-5.9999999999999984e-03 1.8000000000000002e-02 4.0000000000000001e-03  1.4875222533739518e-03
-5.9999999999999984e-03 2.1000000000000005e-02 4.0000000000000001e-03  1.5101702318876726e-03
-5.9999999999999984e-03 2.4000000000000007e-02 4.0000000000000001e-03  1.5258683033964157e-03
-5.9999999999999984e-03 2.7000000000000010e-02 4.0000000000000001e-03  1.5413215918681747e-03
-5.9999999999999984e-03 2.9999999999999999e-02 4.0000000000000001e-03  1.5709755390435471e-03
-5.9999999999999984e-03 3.3000000000000002e-02 4.0000000000000001e-03  1.6156908934483035e-03
-5.9999999999999984e-03 3.6000000000000004e-02 4.0000000000000001e-03  1.6894249329660589e-03
-5.9999999999999984e-03 3.9000000000000007e-02 4.0000000000000001e-03  1.7818562612175275e-03
-5.9999999999999984e-03 4.2000000000000010e-02 4.0000000000000001e-03  1.8797584751598932e-03
-5.9999999999999984e-03 4.4999999999999998e-02 4.0000000000000001e-03  2.0269527263495840e-03
-2.9999999999999957e-03 -4.4999999999999998e-02 4.0000000000000001e-03  2.0037870847699302e-03
-2.9999999999999957e-03 -4.1999999999999996e-02 4.0000000000000001e-03  1.9032767643042765e-03
-2.9999999999999957e-03 -3.9000000000000000e-02 4.0000000000000001e-03  1.8152664381583018e-03
-2.9999999999999957e-03 -3.5999999999999997e-02 4.0000000000000001e-03  1.7390104938617365e-03
-2.9999999999999957e-03 -3.3000000000000002e-02 4.0000000000000001e-03  1.6738180404543739e-03
-2.9999999999999957e-03 -2.9999999999999999e-02 4.0000000000000001e-03  1.6190529084860635e-03
-2.9999999999999957e-03 -2.6999999999999996e-02 4.0000000000000001e-03  1.5741336500167216e-03
-2.9999999999999957e-03 -2.3999999999999997e-02 4.0000000000000001e-03  1.5464886225806278e-03
-2.9999999999999957e-03 -2.0999999999999998e-02 4.0000000000000001e-03  1.5401457194494249e-03
-2.9999999999999957e-03 -1.7999999999999999e-02 4.0000000000000001e-03  1.5351398213501004e-03
-2.9999999999999957e-03 -1.4999999999999999e-02 4.0000000000000001e-03  1.5292458346926015e-03
-2.9999999999999957e-03 -1.1999999999999997e-02 4.0000000000000001e-03  1.5209601287830218e-03
-2.9999999999999957e-03 -8.9999999999999941e-03 4.0000000000000001e-03  1.5126489017335222e-03
-2.9999999999999957e-03 -5.9999999999999984e-03 4.0000000000000001e-03  1.5055032126514616e-03
-2.9999999999999957e-03 -2.9999999999999957e-03 4.0000000000000001e-03  1.4964771338543681e-03
-2.9999999999999957e-03 0.0000000000000000e+00 4.0000000000000001e-03  1.4892172837068633e-03
-2.9999999999999957e-03 3.0000000000000027e-03 4.0000000000000001e-03  1.4837158774909764e-03
-2.9999999999999957e-03 6.0000000000000053e-03 4.0000000000000001e-03  1.4799686400297192e-03
-2.9999999999999957e-03 9.0000000000000011e-03 4.0000000000000001e-03  1.4779748056870958e-03
-2.9999999999999957e-03 1.2000000000000004e-02 4.0000000000000001e-03  1.4777371183680996e-03
-2.9999999999999957e-03 1.4999999999999999e-02 4.0000000000000001e-03  1.4792618315187136e-03
-2.9999999999999957e-03 1.8000000000000002e-02 4.0000000000000001e-03  1.4799784240888206e-03
-2.9999999999999957e-03 2.1000000000000005e-02 4.0000000000000001e-03  1.5023905746076726e-03
-2.9999999999999957e-03 2.4000000000000007e-02 4.0000000000000001e-03  1.5235522898587000e-03
-2.9999999999999957e-03 2.7000000000000010e-02 4.0000000000000001e-03  1.5366500826656153e-03
-2.9999999999999957e-03 2.9999999999999999e-02 4.0000000000000001e-03  1.5638130273952036e-03
-2.9999999999999957e-03 3.3000000000000002e-02 4.0000000000000001e-03  1.6058799887972426e-03
-2.9999999999999957e-03 3.6000000000000004e-02 4.0000000000000001e-03  1.6637907585511991e-03
-2.9999999999999957e-03 3.9000000000000007e-02 4.0000000000000001e-03  1.7385860552662047e-03
-2.9999999999999957e-03 4.2000000000000010e-02 4.0000000000000001e-03  1.8457499235039684e-03
-2.9999999999999957e-03 4.4999999999999998e-02 4.0000000000000001e-03  1.9727901121119316e-03
0.0000000000000000e+00 -4.4999999999999998e-02 4.0000000000000001e-03  1.9956255236839525e-03
0.0000000000000000e+00 -4.1999999999999996e-02 4.0000000000000001e-03  1.8936141394215219e-03
0.0000000000000000e+00 -3.9000000000000000e-02 4.0000000000000001e-03  1.8040879233470069e-03
0.0000000000000000e+00 -3.5999999999999997e-02 4.0000000000000001e-03  1.7263063687230917e-03
0.0000000000000000e+00 -3.3000000000000002e-02 4.0000000000000001e-03  1.6595836903225112e-03
0.0000000000000000e+00 -2.9999999999999999e-02 4.0000000000000001e-03  1.6032888244280790e-03
0.0000000000000000e+00 -2.6999999999999996e-02 4.0000000000000001e-03  1.5690614953267599e-03
0.0000000000000000e+00 -2.3999999999999997e-02 4.0000000000000001e-03  1.5519121579158131e-03
0.0000000000000000e+00 -2.0999999999999998e-02 4.0000000000000001e-03  1.5407568582838963e-03
0.0000000000000000e+00 -1.7999999999999999e-02 4.0000000000000001e-03  1.5346974698249661e-03
0.0000000000000000e+00 -1.4999999999999999e-02 4.0000000000000001e-03  1.5279177466883231e-03
0.0000000000000000e+00 -1.1999999999999997e-02 4.0000000000000001e-03  1.5177606081686734e-03
0.0000000000000000e+00 -8.9999999999999941e-03 4.0000000000000001e-03  1.5093069500912116e-03
0.0000000000000000e+00 -5.9999999999999984e-03 4.0000000000000001e-03  1.5025567397220151e-03
0.0000000000000000e+00 -2.9999999999999957e-03 4.0000000000000001e-03  1.4967344109056671e-03
0.0000000000000000e+00 0.0000000000000000e+00 4.0000000000000001e-03  1.4904558369028423e-03
0.0000000000000000e+00 3.0000000000000027e-03 4.0000000000000001e-03  1.4859392401692319e-03
0.0000000000000000e+00 6.0000000000000053e-03 4.0000000000000001e-03  1.4831784891200829e-03
0.0000000000000000e+00 9.0000000000000011e-03 4.0000000000000001e-03  1.4821709617116351e-03
0.0000000000000000e+00 1.2000000000000004e-02 4.0000000000000001e-03  1.4829175454411157e-03
0.0000000000000000e+00 1.4999999999999999e-02 4.0000000000000001e-03  1.4854226373467445e-03
0.0000000000000000e+00 1.8000000000000002e-02 4.0000000000000001e-03  1.4849330857366165e-03
0.0000000000000000e+00 2.1000000000000005e-02 4.0000000000000001e-03  1.4968768688188644e-03
0.0000000000000000e+00 2.4000000000000007e-02 4.0000000000000001e-03  1.5176569170929700e-03
0.0000000000000000e+00 2.7000000000000010e-02 4.0000000000000001e-03  1.5326223644013320e-03
0.0000000000000000e+00 2.9999999999999999e-02 4.0000000000000001e-03  1.5573129537839890e-03
0.0000000000000000e+00 3.3000000000000002e-02 4.0000000000000001e-03  1.5967509554308222e-03
0.0000000000000000e+00 3.6000000000000004e-02 4.0000000000000001e-03  1.6518542772453041e-03
0.0000000000000000e+00 3.9000000000000007e-02 4.0000000000000001e-03  1.7236417540605806e-03
0.0000000000000000e+00 4.2000000000000010e-02 4.0000000000000001e-03  1.8132331476394762e-03
0.0000000000000000e+00 4.4999999999999998e-02 4.0000000000000001e-03  1.9218491466744879e-03
3.0000000000000027e-03 -4.4999999999999998e-02 4.0000000000000001e-03  1.9868606259714895e-03
3.0000000000000027e-03 -4.1999999999999996e-02 4.0000000000000001e-03  1.8833462364555417e-03
3.0000000000000027e-03 -3.9000000000000000e-02 4.0000000000000001e-03  1.7923029756409688e-03
3.0000000000000027e-03 -3.5999999999999997e-02 4.0000000000000001e-03  1.7129954425234080e-03
3.0000000000000027e-03 -3.3000000000000002e-02 4.0000000000000001e-03  1.6447429576085550e-03
3.0000000000000027e-03 -2.9999999999999999e-02 4.0000000000000001e-03  1.6029709153642401e-03
3.0000000000000027e-03 -2.6999999999999996e-02 4.0000000000000001e-03  1.5744493161745172e-03
3.0000000000000027e-03 -2.3999999999999997e-02 4.0000000000000001e-03  1.5519800332429697e-03
3.0000000000000027e-03 -2.0999999999999998e-02 4.0000000000000001e-03  1.5416272015406002e-03
3.0000000000000027e-03 -1.7999999999999999e-02 4.0000000000000001e-03  1.5351429616766094e-03
3.0000000000000027e-03 -1.4999999999999999e-02 4.0000000000000001e-03  1.5255359248308022e-03
3.0000000000000027e-03 -1.1999999999999997e-02 4.0000000000000001e-03  1.5152356645105074e-03
3.0000000000000027e-03 -8.9999999999999941e-03 4.0000000000000001e-03  1.5066396183108662e-03
3.0000000000000027e-03 -5.9999999999999984e-03 4.0000000000000001e-03  1.4997469914601535e-03
3.0000000000000027e-03 -2.9999999999999957e-03 4.0000000000000001e-03  1.4945576937416322e-03
3.0000000000000027e-03 0.0000000000000000e+00 4.0000000000000001e-03  1.4903695847608492e-03
3.0000000000000027e-03 3.0000000000000027e-03 4.0000000000000001e-03  1.4868376727401290e-03
3.0000000000000027e-03 6.0000000000000053e-03 4.0000000000000001e-03  1.4850644409445642e-03
3.0000000000000027e-03 9.0000000000000011e-03 4.0000000000000001e-03  1.4850454109226329e-03
3.0000000000000027e-03 1.2000000000000004e-02 4.0000000000000001e-03  1.4867796137637919e-03
3.0000000000000027e-03 1.4999999999999999e-02 4.0000000000000001e-03  1.4902695900984979e-03
3.0000000000000027e-03 1.8000000000000002e-02 4.0000000000000001e-03  1.4896363740163376e-03
3.0000000000000027e-03 2.1000000000000005e-02 4.0000000000000001e-03  1.4933331548426922e-03
3.0000000000000027e-03 2.4000000000000007e-02 4.0000000000000001e-03  1.5153315240889018e-03
3.0000000000000027e-03 2.7000000000000010e-02 4.0000000000000001e-03  1.5302582191272943e-03
3.0000000000000027e-03 2.9999999999999999e-02 4.0000000000000001e-03  1.5518695349758555e-03
3.0000000000000027e-03 3.3000000000000002e-02 4.0000000000000001e-03  1.5883041352735799e-03
3.0000000000000027e-03 3.6000000000000004e-02 4.0000000000000001e-03  1.6406214578543754e-03
3.0000000000000027e-03 3.9000000000000007e-02 4.0000000000000001e-03  1.7094233496243671e-03
3.0000000000000027e-03 4.2000000000000010e-02 4.0000000000000001e-03  1.7958076885703814e-03
3.0000000000000027e-03 4.4999999999999998e-02 4.0000000000000001e-03  1.9009732796089333e-03
6.0000000000000053e-03 -4.4999999999999998e-02 4.0000000000000001e-03  1.9774919927851224e-03
6.0000000000000053e-03 -4.1999999999999996e-02 4.0000000000000001e-03  1.8724726063461909e-03
6.0000000000000053e-03 -3.9000000000000000e-02 4.0000000000000001e-03  1.7799110957673282e-03
6.0000000000000053e-03 -3.5999999999999997e-02 4.0000000000000001e-03  1.6990771657771156e-03
6.0000000000000053e-03 -3.3000000000000002e-02 4.0000000000000001e-03  1.6485959452893478e-03
6.0000000000000053e-03 -2.9999999999999999e-02 4.0000000000000001e-03  1.6080976485780617e-03
6.0000000000000053e-03 -2.6999999999999996e-02 4.0000000000000001e-03  1.5746529311743429e-03
6.0000000000000053e-03 -2.3999999999999997e-02 4.0000000000000001e-03  1.5500971199933621e-03
6.0000000000000053e-03 -2.0999999999999998e-02 4.0000000000000001e-03  1.5433841562133778e-03
6.0000000000000053e-03 -1.7999999999999999e-02 4.0000000000000001e-03  1.5359848732230911e-03
6.0000000000000053e-03 -1.4999999999999999e-02 4.0000000000000001e-03  1.5238316632739557e-03
6.0000000000000053e-03 -1.1999999999999997e-02 4.0000000000000001e-03  1.5133865145456199e-03
6.0000000000000053e-03 -8.9999999999999941e-03 4.0000000000000001e-03  1.5046471656735628e-03
6.0000000000000053e-03 -5.9999999999999984e-03 4.0000000000000001e-03  1.4976120598482650e-03
6.0000000000000053e-03 -2.9999999999999957e-03 4.0000000000000001e-03  1.4922803448152023e-03
6.0000000000000053e-03 0.0000000000000000e+00 4.0000000000000001e-03  1.4886518728748348e-03
6.0000000000000053e-03 3.0000000000000027e-03 4.0000000000000001e-03  1.4864086368875740e-03
6.0000000000000053e-03 6.0000000000000053e-03 4.0000000000000001e-03  1.4856228480717719e-03
6.0000000000000053e-03 9.0000000000000011e-03 4.0000000000000001e-03  1.4865933967733885e-03
6.0000000000000053e-03 1.2000000000000004e-02 4.0000000000000001e-03  1.4893174576741264e-03
6.0000000000000053e-03 1.4999999999999999e-02 4.0000000000000001e-03  1.4937957149966734e-03
6.0000000000000053e-03 1.8000000000000002e-02 4.0000000000000001e-03  1.4931827836398611e-03
6.0000000000000053e-03 2.1000000000000005e-02 4.0000000000000001e-03  1.4985832905193475e-03
6.0000000000000053e-03 2.4000000000000007e-02 4.0000000000000001e-03  1.5156715686100442e-03
6.0000000000000053e-03 2.7000000000000010e-02 4.0000000000000001e-03  1.5354741254185020e-03
6.0000000000000053e-03 2.9999999999999999e-02 4.0000000000000001e-03  1.5543040960833935e-03
6.0000000000000053e-03 3.3000000000000002e-02 4.0000000000000001e-03  1.5870093945190675e-03
6.0000000000000053e-03 3.6000000000000004e-02 4.0000000000000001e-03  1.6349541318058667e-03
6.0000000000000053e-03 3.9000000000000007e-02 4.0000000000000001e-03  1.6991149499585394e-03
6.0000000000000053e-03 4.2000000000000010e-02 4.0000000000000001e-03  1.7805884914018353e-03
6.0000000000000053e-03 4.4999999999999998e-02 4.0000000000000001e-03  1.8805913989705155e-03
9.0000000000000011e-03 -4.4999999999999998e-02 4.0000000000000001e-03  1.9675192971008067e-03
9.0000000000000011e-03 -4.1999999999999996e-02 4.0000000000000001e-03  1.8609928718567100e-03
9.0000000000000011e-03 -3.9000000000000000e-02 4.0000000000000001e-03  1.7698824864812938e-03
9.0000000000000011e-03 -3.5999999999999997e-02 4.0000000000000001e-03  1.7063451790327096e-03
9.0000000000000011e-03 -3.3000000000000002e-02 4.0000000000000001e-03  1.6532271408132852e-03
9.0000000000000011e-03 -2.9999999999999999e-02 4.0000000000000001e-03  1.6082386569386080e-03
9.0000000000000011e-03 -2.6999999999999996e-02 4.0000000000000001e-03  1.5695810194602969e-03
9.0000000000000011e-03 -2.3999999999999997e-02 4.0000000000000001e-03  1.5531828127685629e-03
9.0000000000000011e-03 -2.0999999999999998e-02 4.0000000000000001e-03  1.5460254023971689e-03
9.0000000000000011e-03 -1.7999999999999999e-02 4.0000000000000001e-03  1.5351122231160670e-03
9.0000000000000011e-03 -1.4999999999999999e-02 4.0000000000000001e-03  1.5228082008648871e-03
9.0000000000000011e-03 -1.1999999999999997e-02 4.0000000000000001e-03  1.5122154396650963e-03
9.0000000000000011e-03 -8.9999999999999941e-03 4.0000000000000001e-03  1.5033309161143805e-03
9.0000000000000011e-03 -5.9999999999999984e-03 4.0000000000000001e-03  1.4961523113654245e-03
9.0000000000000011e-03 -2.9999999999999957e-03 4.0000000000000001e-03  1.4906780111259032e-03
9.0000000000000011e-03 0.0000000000000000e+00 4.0000000000000001e-03  1.4869071056584837e-03
9.0000000000000011e-03 3.0000000000000027e-03 4.0000000000000001e-03  1.4848393897808291e-03
9.0000000000000011e-03 6.0000000000000053e-03 4.0000000000000001e-03  1.4848515435062115e-03
9.0000000000000011e-03 9.0000000000000011e-03 4.0000000000000001e-03  1.4868116431531158e-03
9.0000000000000011e-03 1.2000000000000004e-02 4.0000000000000001e-03  1.4905266919460309e-03
9.0000000000000011e-03 1.4999999999999999e-02 4.0000000000000001e-03  1.4944475891400775e-03
9.0000000000000011e-03 1.8000000000000002e-02 4.0000000000000001e-03  1.4955679096040056e-03
9.0000000000000011e-03 2.1000000000000005e-02 4.0000000000000001e-03  1.5027753616457748e-03
9.0000000000000011e-03 2.4000000000000007e-02 4.0000000000000001e-03  1.5160713305689651e-03
9.0000000000000011e-03 2.7000000000000010e-02 4.0000000000000001e-03  1.5397474433754587e-03
9.0000000000000011e-03 2.9999999999999999e-02 4.0000000000000001e-03  1.5588322744079243e-03
9.0000000000000011e-03 3.3000000000000002e-02 4.0000000000000001e-03  1.5880465654650453e-03
9.0000000000000011e-03 3.6000000000000004e-02 4.0000000000000001e-03  1.6321447325183252e-03
9.0000000000000011e-03 3.9000000000000007e-02 4.0000000000000001e-03  1.6920096475163036e-03
9.0000000000000011e-03 4.2000000000000010e-02 4.0000000000000001e-03  1.7686441828175367e-03
9.0000000000000011e-03 4.4999999999999998e-02 4.0000000000000001e-03  1.8631712111905584e-03
1.2000000000000004e-02 -4.4999999999999998e-02 4.0000000000000001e-03  1.9569422837178714e-03
1.2000000000000004e-02 -4.1999999999999996e-02 4.0000000000000001e-03  1.8548270928935324e-03
1.2000000000000004e-02 -3.9000000000000000e-02 4.0000000000000001e-03  1.7766567418592654e-03
1.2000000000000004e-02 -3.5999999999999997e-02 4.0000000000000001e-03  1.7102373099013690e-03
1.2000000000000004e-02 -3.3000000000000002e-02 4.0000000000000001e-03  1.6530981193131694e-03
1.2000000000000004e-02 -2.9999999999999999e-02 4.0000000000000001e-03  1.6032594993240477e-03
1.2000000000000004e-02 -2.6999999999999996e-02 4.0000000000000001e-03  1.5646254944528537e-03
1.2000000000000004e-02 -2.3999999999999997e-02 4.0000000000000001e-03  1.5571569027659098e-03
1.2000000000000004e-02 -2.0999999999999998e-02 4.0000000000000001e-03  1.5491083802985448e-03
1.2000000000000004e-02 -1.7999999999999999e-02 4.0000000000000001e-03  1.5349292092345017e-03
1.2000000000000004e-02 -1.4999999999999999e-02 4.0000000000000001e-03  1.5224698411046979e-03
1.2000000000000004e-02 -1.1999999999999997e-02 4.0000000000000001e-03  1.5117257859140318e-03
1.2000000000000004e-02 -8.9999999999999941e-03 4.0000000000000001e-03  1.5026932582224025e-03
1.2000000000000004e-02 -5.9999999999999984e-03 4.0000000000000001e-03  1.4953691771446953e-03
1.2000000000000004e-02 -2.9999999999999957e-03 4.0000000000000001e-03  1.4897511663507920e-03
1.2000000000000004e-02 0.0000000000000000e+00 4.0000000000000001e-03  1.4858375540655643e-03
1.2000000000000004e-02 3.0000000000000027e-03 4.0000000000000001e-03  1.4836273730688759e-03
1.2000000000000004e-02 6.0000000000000053e-03 4.0000000000000001e-03  1.4831203606955892e-03
1.2000000000000004e-02 9.0000000000000011e-03 4.0000000000000001e-03  1.4856983543869435e-03
1.2000000000000004e-02 1.2000000000000004e-02 4.0000000000000001e-03  1.4904044117893278e-03
1.2000000000000004e-02 1.4999999999999999e-02 4.0000000000000001e-03  1.4938474556723002e-03
1.2000000000000004e-02 1.8000000000000002e-02 4.0000000000000001e-03  1.4967881822116301e-03
1.2000000000000004e-02 2.1000000000000005e-02 4.0000000000000001e-03  1.5058127811240255e-03
1.2000000000000004e-02 2.4000000000000007e-02 4.0000000000000001e-03  1.5209252373270797e-03
1.2000000000000004e-02 2.7000000000000010e-02 4.0000000000000001e-03  1.5437539280029910e-03
1.2000000000000004e-02 2.9999999999999999e-02 4.0000000000000001e-03  1.5657069847845109e-03
1.2000000000000004e-02 3.3000000000000002e-02 4.0000000000000001e-03  1.5912743973216228e-03
1.2000000000000004e-02 3.6000000000000004e-02 4.0000000000000001e-03  1.6316799239057692e-03
1.2000000000000004e-02 3.9000000000000007e-02 4.0000000000000001e-03  1.6874810969494641e-03
1.2000000000000004e-02 4.2000000000000010e-02 4.0000000000000001e-03  1.7595870187450621e-03
1.2000000000000004e-02 4.4999999999999998e-02 4.0000000000000001e-03  1.8492679202829175e-03
1.4999999999999999e-02 -4.4999999999999998e-02 4.0000000000000001e-03  1.9535966574501353e-03
1.4999999999999999e-02 -4.1999999999999996e-02 4.0000000000000001e-03  1.8599982903682955e-03
1.4999999999999999e-02 -3.9000000000000000e-02 4.0000000000000001e-03  1.7795572041978173e-03
1.4999999999999999e-02 -3.5999999999999997e-02 4.0000000000000001e-03  1.7096217584097659e-03
1.4999999999999999e-02 -3.3000000000000002e-02 4.0000000000000001e-03  1.6479253663255892e-03
1.4999999999999999e-02 -2.9999999999999999e-02 4.0000000000000001e-03  1.5926948221713095e-03
1.4999999999999999e-02 -2.6999999999999996e-02 4.0000000000000001e-03  1.5680851805812903e-03
1.4999999999999999e-02 -2.3999999999999997e-02 4.0000000000000001e-03  1.5620199003959327e-03
1.4999999999999999e-02 -2.0999999999999998e-02 4.0000000000000001e-03  1.5497878311475015e-03
1.4999999999999999e-02 -1.7999999999999999e-02 4.0000000000000001e-03  1.5354421571895159e-03
1.4999999999999999e-02 -1.4999999999999999e-02 4.0000000000000001e-03  1.5228219521484815e-03
1.4999999999999999e-02 -1.1999999999999997e-02 4.0000000000000001e-03  1.5119219639915086e-03
1.4999999999999999e-02 -8.9999999999999941e-03 4.0000000000000001e-03  1.5027376452406988e-03
1.4999999999999999e-02 -5.9999999999999984e-03 4.0000000000000001e-03  1.4952651529731411e-03
1.4999999999999999e-02 -2.9999999999999957e-03 4.0000000000000001e-03  1.4895013488209184e-03
1.4999999999999999e-02 0.0000000000000000e+00 4.0000000000000001e-03  1.4854437989711125e-03
1.4999999999999999e-02 3.0000000000000027e-03 4.0000000000000001e-03  1.4830907741657847e-03
1.4999999999999999e-02 6.0000000000000053e-03 4.0000000000000001e-03  1.4824412497020029e-03
1.4999999999999999e-02 9.0000000000000011e-03 4.0000000000000001e-03  1.4834949054318258e-03
1.4999999999999999e-02 1.2000000000000004e-02 4.0000000000000001e-03  1.4889491928497590e-03
1.4999999999999999e-02 1.4999999999999999e-02 4.0000000000000001e-03  1.4920752574129491e-03
1.4999999999999999e-02 1.8000000000000002e-02 4.0000000000000001e-03  1.4968408670716293e-03
1.4999999999999999e-02 2.1000000000000005e-02 4.0000000000000001e-03  1.5076916420632114e-03
1.4999999999999999e-02 2.4000000000000007e-02 4.0000000000000001e-03  1.5246341669193084e-03
1.4999999999999999e-02 2.7000000000000010e-02 4.0000000000000001e-03  1.5476763565214825e-03
1.4999999999999999e-02 2.9999999999999999e-02 4.0000000000000001e-03  1.5736352360844379e-03
1.4999999999999999e-02 3.3000000000000002e-02 4.0000000000000001e-03  1.5967055519458895e-03
1.4999999999999999e-02 3.6000000000000004e-02 4.0000000000000001e-03  1.6335102346481383e-03
1.4999999999999999e-02 3.9000000000000007e-02 4.0000000000000001e-03  1.6854176937608216e-03
1.4999999999999999e-02 4.2000000000000010e-02 4.0000000000000001e-03  1.7532432615100790e-03
1.4999999999999999e-02 4.4999999999999998e-02 4.0000000000000001e-03  1.8817141036187130e-03
1.8000000000000002e-02 -4.4999999999999998e-02 4.0000000000000001e-03  1.9549189596297701e-03
1.8000000000000002e-02 -4.1999999999999996e-02 4.0000000000000001e-03  1.8596934075821620e-03
1.8000000000000002e-02 -3.9000000000000000e-02 4.0000000000000001e-03  1.7771665992983173e-03
1.8000000000000002e-02 -3.5999999999999997e-02 4.0000000000000001e-03  1.7051314946392921e-03
1.8000000000000002e-02 -3.3000000000000002e-02 4.0000000000000001e-03  1.6417680529904669e-03
1.8000000000000002e-02 -2.9999999999999999e-02 4.0000000000000001e-03  1.5856432332615512e-03
1.8000000000000002e-02 -2.6999999999999996e-02 4.0000000000000001e-03  1.5634555707979619e-03
1.8000000000000002e-02 -2.3999999999999997e-02 4.0000000000000001e-03  1.5554889387267325e-03
1.8000000000000002e-02 -2.0999999999999998e-02 4.0000000000000001e-03  1.5382968572949472e-03
1.8000000000000002e-02 -1.7999999999999999e-02 4.0000000000000001e-03  1.5252320244441651e-03
1.8000000000000002e-02 -1.4999999999999999e-02 4.0000000000000001e-03  1.5155648126415127e-03
1.8000000000000002e-02 -1.1999999999999997e-02 4.0000000000000001e-03  1.5071252487458004e-03
1.8000000000000002e-02 -8.9999999999999941e-03 4.0000000000000001e-03  1.4999110744671178e-03
1.8000000000000002e-02 -5.9999999999999984e-03 4.0000000000000001e-03  1.4939203842616396e-03
1.8000000000000002e-02 -2.9999999999999957e-03 4.0000000000000001e-03  1.4891516253316313e-03
1.8000000000000002e-02 0.0000000000000000e+00 4.0000000000000001e-03  1.4856035976254440e-03
1.8000000000000002e-02 3.0000000000000027e-03 4.0000000000000001e-03  1.4832754538375266e-03
1.8000000000000002e-02 6.0000000000000053e-03 4.0000000000000001e-03  1.4824377605018614e-03
1.8000000000000002e-02 9.0000000000000011e-03 4.0000000000000001e-03  1.4833488417902547e-03
1.8000000000000002e-02 1.2000000000000004e-02 4.0000000000000001e-03  1.4861610912089770e-03
1.8000000000000002e-02 1.4999999999999999e-02 4.0000000000000001e-03  1.4891302677767428e-03
1.8000000000000002e-02 1.8000000000000002e-02 4.0000000000000001e-03  1.4957240650989375e-03
1.8000000000000002e-02 2.1000000000000005e-02 4.0000000000000001e-03  1.5084088728784884e-03
1.8000000000000002e-02 2.4000000000000007e-02 4.0000000000000001e-03  1.5271938752610191e-03
1.8000000000000002e-02 2.7000000000000010e-02 4.0000000000000001e-03  1.5520895867421143e-03
1.8000000000000002e-02 2.9999999999999999e-02 4.0000000000000001e-03  1.5812765563581008e-03
1.8000000000000002e-02 3.3000000000000002e-02 4.0000000000000001e-03  1.6056282425777777e-03
1.8000000000000002e-02 3.6000000000000004e-02 4.0000000000000001e-03  1.6376396430943640e-03
1.8000000000000002e-02 3.9000000000000007e-02 4.0000000000000001e-03  1.6857612831221579e-03
1.8000000000000002e-02 4.2000000000000010e-02 4.0000000000000001e-03  1.7848353664785736e-03
1.8000000000000002e-02 4.4999999999999998e-02 4.0000000000000001e-03  1.9043311590247545e-03
2.1000000000000005e-02 -4.4999999999999998e-02 4.0000000000000001e-03  1.9587835361703203e-03
2.1000000000000005e-02 -4.1999999999999996e-02 4.0000000000000001e-03  1.8702353144852254e-03
2.1000000000000005e-02 -3.9000000000000000e-02 4.0000000000000001e-03  1.7873464656370038e-03
2.1000000000000005e-02 -3.5999999999999997e-02 4.0000000000000001e-03  1.7147200789650061e-03
2.1000000000000005e-02 -3.3000000000000002e-02 4.0000000000000001e-03  1.6505880115572783e-03
2.1000000000000005e-02 -2.9999999999999999e-02 4.0000000000000001e-03  1.5935691200261784e-03
2.1000000000000005e-02 -2.6999999999999996e-02 4.0000000000000001e-03  1.5734660164824494e-03
2.1000000000000005e-02 -2.3999999999999997e-02 4.0000000000000001e-03  1.5626296354870706e-03
2.1000000000000005e-02 -2.0999999999999998e-02 4.0000000000000001e-03  1.5402352411249206e-03
2.1000000000000005e-02 -1.7999999999999999e-02 4.0000000000000001e-03  1.5223745247487045e-03
2.1000000000000005e-02 -1.4999999999999999e-02 4.0000000000000001e-03  1.5127242375909263e-03
2.1000000000000005e-02 -1.1999999999999997e-02 4.0000000000000001e-03  1.5060552396538170e-03
2.1000000000000005e-02 -8.9999999999999941e-03 4.0000000000000001e-03  1.5006083190817255e-03
2.1000000000000005e-02 -5.9999999999999984e-03 4.0000000000000001e-03  1.4963817766330352e-03
2.1000000000000005e-02 -2.9999999999999957e-03 4.0000000000000001e-03  1.4933742658122093e-03
2.1000000000000005e-02 0.0000000000000000e+00 4.0000000000000001e-03  1.4915847928697989e-03
2.1000000000000005e-02 3.0000000000000027e-03 4.0000000000000001e-03  1.4910127168024506e-03
2.1000000000000005e-02 6.0000000000000053e-03 4.0000000000000001e-03  1.4916577493528931e-03
2.1000000000000005e-02 9.0000000000000011e-03 4.0000000000000001e-03  1.4935199550099448e-03
2.1000000000000005e-02 1.2000000000000004e-02 4.0000000000000001e-03  1.4983746062538622e-03
2.1000000000000005e-02 1.4999999999999999e-02 4.0000000000000001e-03  1.5012904306628775e-03
2.1000000000000005e-02 1.8000000000000002e-02 4.0000000000000001e-03  1.5090848922410820e-03
2.1000000000000005e-02 2.1000000000000005e-02 4.0000000000000001e-03  1.5229192541403962e-03
2.1000000000000005e-02 2.4000000000000007e-02 4.0000000000000001e-03  1.5428037172885750e-03
2.1000000000000005e-02 2.7000000000000010e-02 4.0000000000000001e-03  1.5687500350677543e-03
2.1000000000000005e-02 2.9999999999999999e-02 4.0000000000000001e-03  1.5897226214557204e-03
2.1000000000000005e-02 3.3000000000000002e-02 4.0000000000000001e-03  1.6172095808749329e-03
2.1000000000000005e-02 3.6000000000000004e-02 4.0000000000000001e-03  1.6441255772623583e-03
2.1000000000000005e-02 3.9000000000000007e-02 4.0000000000000001e-03  1.7152254469864302e-03
2.1000000000000005e-02 4.2000000000000010e-02 4.0000000000000001e-03  1.8082980613374174e-03
2.1000000000000005e-02 4.4999999999999998e-02 4.0000000000000001e-03  1.9153637879943538e-03
2.4000000000000007e-02 -4.4999999999999998e-02 4.0000000000000001e-03  2.0067578629064230e-03
2.4000000000000007e-02 -4.1999999999999996e-02 4.0000000000000001e-03  1.8774371531329098e-03
2.4000000000000007e-02 -3.9000000000000000e-02 4.0000000000000001e-03  1.8045492248645995e-03
2.4000000000000007e-02 -3.5999999999999997e-02 4.0000000000000001e-03  1.7393421210835213e-03
2.4000000000000007e-02 -3.3000000000000002e-02 4.0000000000000001e-03  1.6744413354421702e-03
2.4000000000000007e-02 -2.9999999999999999e-02 4.0000000000000001e-03  1.6165188128330946e-03
2.4000000000000007e-02 -2.6999999999999996e-02 4.0000000000000001e-03  1.5981616381428782e-03
2.4000000000000007e-02 -2.3999999999999997e-02 4.0000000000000001e-03  1.5844575531760213e-03
2.4000000000000007e-02 -2.0999999999999998e-02 4.0000000000000001e-03  1.5566311116923207e-03
2.4000000000000007e-02 -1.7999999999999999e-02 4.0000000000000001e-03  1.5351975475138820e-03
2.4000000000000007e-02 -1.4999999999999999e-02 4.0000000000000001e-03  1.5219831619108092e-03
2.4000000000000007e-02 -1.1999999999999997e-02 4.0000000000000001e-03  1.5162123968905077e-03
2.4000000000000007e-02 -8.9999999999999941e-03 4.0000000000000001e-03  1.5125335452636332e-03
2.4000000000000007e-02 -5.9999999999999984e-03 4.0000000000000001e-03  1.5100721796561928e-03
2.4000000000000007e-02 -2.9999999999999957e-03 4.0000000000000001e-03  1.5088271598748500e-03
2.4000000000000007e-02 0.0000000000000000e+00 4.0000000000000001e-03  1.5087976984723601e-03
2.4000000000000007e-02 3.0000000000000027e-03 4.0000000000000001e-03  1.5099833607475632e-03
2.4000000000000007e-02 6.0000000000000053e-03 4.0000000000000001e-03  1.5124718193462803e-03
2.4000000000000007e-02 9.0000000000000011e-03 4.0000000000000001e-03  1.5151548924530270e-03
2.4000000000000007e-02 1.2000000000000004e-02 4.0000000000000001e-03  1.5169189451137975e-03
2.4000000000000007e-02 1.4999999999999999e-02 4.0000000000000001e-03  1.5204346466759352e-03
2.4000000000000007e-02 1.8000000000000002e-02 4.0000000000000001e-03  1.5301463264019203e-03
2.4000000000000007e-02 2.1000000000000005e-02 4.0000000000000001e-03  1.5461047065943947e-03
2.4000000000000007e-02 2.4000000000000007e-02 4.0000000000000001e-03  1.5683242202835514e-03
2.4000000000000007e-02 2.7000000000000010e-02 4.0000000000000001e-03  1.5968218381059286e-03
2.4000000000000007e-02 2.9999999999999999e-02 4.0000000000000001e-03  1.6189590410095780e-03
2.4000000000000007e-02 3.3000000000000002e-02 4.0000000000000001e-03  1.6454521110775449e-03
2.4000000000000007e-02 3.6000000000000004e-02 4.0000000000000001e-03  1.6587037017851056e-03
2.4000000000000007e-02 3.9000000000000007e-02 4.0000000000000001e-03  1.7306836761188799e-03
2.4000000000000007e-02 4.2000000000000010e-02 4.0000000000000001e-03  1.8172047465313073e-03
2.4000000000000007e-02 4.4999999999999998e-02 4.0000000000000001e-03  1.9167548679616057e-03
2.7000000000000010e-02 -4.4999999999999998e-02 4.0000000000000001e-03  2.0520462560234287e-03
2.7000000000000010e-02 -4.1999999999999996e-02 4.0000000000000001e-03  1.9208227618311127e-03
2.7000000000000010e-02 -3.9000000000000000e-02 4.0000000000000001e-03  1.8146631708440154e-03
2.7000000000000010e-02 -3.5999999999999997e-02 4.0000000000000001e-03  1.7542853793863415e-03
2.7000000000000010e-02 -3.3000000000000002e-02 4.0000000000000001e-03  1.7133888173082119e-03
2.7000000000000010e-02 -2.9999999999999999e-02 4.0000000000000001e-03  1.6545433412971107e-03
2.7000000000000010e-02 -2.6999999999999996e-02 4.0000000000000001e-03  1.6375936241038614e-03
2.7000000000000010e-02 -2.3999999999999997e-02 4.0000000000000001e-03  1.6207257746217560e-03
2.7000000000000010e-02 -2.0999999999999998e-02 4.0000000000000001e-03  1.5875298374782494e-03
2.7000000000000010e-02 -1.7999999999999999e-02 4.0000000000000001e-03  1.5625227064057817e-03
2.7000000000000010e-02 -1.4999999999999999e-02 4.0000000000000001e-03  1.5457120055089590e-03
2.7000000000000010e-02 -1.1999999999999997e-02 4.0000000000000001e-03  1.5371124473133641e-03
2.7000000000000010e-02 -8.9999999999999941e-03 4.0000000000000001e-03  1.5356807568238217e-03
2.7000000000000010e-02 -5.9999999999999984e-03 4.0000000000000001e-03  1.5349853758324994e-03
2.7000000000000010e-02 -2.9999999999999957e-03 4.0000000000000001e-03  1.5355038687113491e-03
2.7000000000000010e-02 0.0000000000000000e+00 4.0000000000000001e-03  1.5366591114502879e-03
2.7000000000000010e-02 3.0000000000000027e-03 4.0000000000000001e-03  1.5372335561713057e-03
2.7000000000000010e-02 6.0000000000000053e-03 4.0000000000000001e-03  1.5378663320390832e-03
2.7000000000000010e-02 9.0000000000000011e-03 4.0000000000000001e-03  1.5393686002521541e-03
2.7000000000000010e-02 1.2000000000000004e-02 4.0000000000000001e-03  1.5417986433218535e-03
2.7000000000000010e-02 1.4999999999999999e-02 4.0000000000000001e-03  1.5456642824408767e-03
2.7000000000000010e-02 1.8000000000000002e-02 4.0000000000000001e-03  1.5554034036334432e-03
2.7000000000000010e-02 2.1000000000000005e-02 4.0000000000000001e-03  1.5713844791479343e-03
2.7000000000000010e-02 2.4000000000000007e-02 4.0000000000000001e-03  1.5936179759154471e-03
2.7000000000000010e-02 2.7000000000000010e-02 4.0000000000000001e-03  1.6227215177497328e-03
2.7000000000000010e-02 2.9999999999999999e-02 4.0000000000000001e-03  1.6563876075333622e-03
2.7000000000000010e-02 3.3000000000000002e-02 4.0000000000000001e-03  1.6734456107471180e-03
2.7000000000000010e-02 3.6000000000000004e-02 4.0000000000000001e-03  1.6903390371123045e-03
2.7000000000000010e-02 3.9000000000000007e-02 4.0000000000000001e-03  1.7474664514957913e-03
2.7000000000000010e-02 4.2000000000000010e-02 4.0000000000000001e-03  1.8306259834506384e-03
2.7000000000000010e-02 4.4999999999999998e-02 4.0000000000000001e-03  1.9268722683411709e-03
2.9999999999999999e-02 -4.4999999999999998e-02 4.0000000000000001e-03  2.0947743377960743e-03
2.9999999999999999e-02 -4.1999999999999996e-02 4.0000000000000001e-03  1.9617238832618823e-03
2.9999999999999999e-02 -3.9000000000000000e-02 4.0000000000000001e-03  1.8537957504778399e-03
2.9999999999999999e-02 -3.5999999999999997e-02 4.0000000000000001e-03  1.7679577774961854e-03
2.9999999999999999e-02 -3.3000000000000002e-02 4.0000000000000001e-03  1.7190218033917390e-03
2.9999999999999999e-02 -2.9999999999999999e-02 4.0000000000000001e-03  1.6904513200833844e-03
2.9999999999999999e-02 -2.6999999999999996e-02 4.0000000000000001e-03  1.6758655623548659e-03
2.9999999999999999e-02 -2.3999999999999997e-02 4.0000000000000001e-03  1.6612171562304220e-03
2.9999999999999999e-02 -2.0999999999999998e-02 4.0000000000000001e-03  1.6273270298562139e-03
2.9999999999999999e-02 -1.7999999999999999e-02 4.0000000000000001e-03  1.6010187839736413e-03
2.9999999999999999e-02 -1.4999999999999999e-02 4.0000000000000001e-03  1.5823031059136400e-03
2.9999999999999999e-02 -1.1999999999999997e-02 4.0000000000000001e-03  1.5711964740572270e-03
2.9999999999999999e-02 -8.9999999999999941e-03 4.0000000000000001e-03  1.5677211578355168e-03
2.9999999999999999e-02 -5.9999999999999984e-03 4.0000000000000001e-03  1.5708954175606942e-03
2.9999999999999999e-02 -2.9999999999999957e-03 4.0000000000000001e-03  1.5693566187704609e-03
2.9999999999999999e-02 0.0000000000000000e+00 4.0000000000000001e-03  1.5678217635201946e-03
2.9999999999999999e-02 3.0000000000000027e-03 4.0000000000000001e-03  1.5690032845340257e-03
2.9999999999999999e-02 6.0000000000000053e-03 4.0000000000000001e-03  1.5714506020632767e-03
2.9999999999999999e-02 9.0000000000000011e-03 4.0000000000000001e-03  1.5749247857956661e-03
2.9999999999999999e-02 1.2000000000000004e-02 4.0000000000000001e-03  1.5795048639420878e-03
2.9999999999999999e-02 1.4999999999999999e-02 4.0000000000000001e-03  1.5835976966857607e-03
2.9999999999999999e-02 1.8000000000000002e-02 4.0000000000000001e-03  1.5932871352036942e-03
2.9999999999999999e-02 2.1000000000000005e-02 4.0000000000000001e-03  1.6092165882740218e-03
2.9999999999999999e-02 2.4000000000000007e-02 4.0000000000000001e-03  1.6291751405129943e-03
2.9999999999999999e-02 2.7000000000000010e-02 4.0000000000000001e-03  1.6488597173084504e-03
2.9999999999999999e-02 2.9999999999999999e-02 4.0000000000000001e-03  1.6764827016999815e-03
2.9999999999999999e-02 3.3000000000000002e-02 4.0000000000000001e-03  1.7015561649140762e-03
2.9999999999999999e-02 3.6000000000000004e-02 4.0000000000000001e-03  1.7315582808412168e-03
2.9999999999999999e-02 3.9000000000000007e-02 4.0000000000000001e-03  1.7765287758857978e-03
2.9999999999999999e-02 4.2000000000000010e-02 4.0000000000000001e-03  1.8563313308751440e-03
2.9999999999999999e-02 4.4999999999999998e-02 4.0000000000000001e-03  1.9492661340599609e-03
3.3000000000000002e-02 -4.4999999999999998e-02 4.0000000000000001e-03  2.1350884594991955e-03
3.3000000000000002e-02 -4.1999999999999996e-02 4.0000000000000001e-03  2.0002871393647939e-03
3.3000000000000002e-02 -3.9000000000000000e-02 4.0000000000000001e-03  1.8906561271790192e-03
3.3000000000000002e-02 -3.5999999999999997e-02 4.0000000000000001e-03  1.8031690043815382e-03
3.3000000000000002e-02 -3.3000000000000002e-02 4.0000000000000001e-03  1.7353737647923600e-03
3.3000000000000002e-02 -2.9999999999999999e-02 4.0000000000000001e-03  1.6961400571667597e-03
3.3000000000000002e-02 -2.6999999999999996e-02 4.0000000000000001e-03  1.6786707934194768e-03
3.3000000000000002e-02 -2.3999999999999997e-02 4.0000000000000001e-03  1.6676728502215343e-03
3.3000000000000002e-02 -2.0999999999999998e-02 4.0000000000000001e-03  1.6389844041866826e-03
3.3000000000000002e-02 -1.7999999999999999e-02 4.0000000000000001e-03  1.6178254907456262e-03
3.3000000000000002e-02 -1.4999999999999999e-02 4.0000000000000001e-03  1.6042151032959139e-03
3.3000000000000002e-02 -1.1999999999999997e-02 4.0000000000000001e-03  1.5981780262851746e-03
3.3000000000000002e-02 -8.9999999999999941e-03 4.0000000000000001e-03  1.5997448352111294e-03
3.3000000000000002e-02 -5.9999999999999984e-03 4.0000000000000001e-03  1.6041118935182306e-03
3.3000000000000002e-02 -2.9999999999999957e-03 4.0000000000000001e-03  1.6072875896016221e-03
3.3000000000000002e-02 0.0000000000000000e+00 4.0000000000000001e-03  1.6097541650302357e-03
3.3000000000000002e-02 3.0000000000000027e-03 4.0000000000000001e-03  1.6132802618233873e-03
3.3000000000000002e-02 6.0000000000000053e-03 4.0000000000000001e-03  1.6179396735293442e-03
3.3000000000000002e-02 9.0000000000000011e-03 4.0000000000000001e-03  1.6238250940513923e-03
3.3000000000000002e-02 1.2000000000000004e-02 4.0000000000000001e-03  1.6310481176478302e-03
3.3000000000000002e-02 1.4999999999999999e-02 4.0000000000000001e-03  1.6351954920318954e-03
3.3000000000000002e-02 1.8000000000000002e-02 4.0000000000000001e-03  1.6447473998330939e-03
3.3000000000000002e-02 2.1000000000000005e-02 4.0000000000000001e-03  1.6605401887922050e-03
3.3000000000000002e-02 2.4000000000000007e-02 4.0000000000000001e-03  1.6662473120025478e-03
3.3000000000000002e-02 2.7000000000000010e-02 4.0000000000000001e-03  1.6902837505355238e-03
3.3000000000000002e-02 2.9999999999999999e-02 4.0000000000000001e-03  1.7203611248117522e-03
3.3000000000000002e-02 3.3000000000000002e-02 4.0000000000000001e-03  1.7429243572735567e-03
3.3000000000000002e-02 3.6000000000000004e-02 4.0000000000000001e-03  1.7831685423582895e-03
3.3000000000000002e-02 3.9000000000000007e-02 4.0000000000000001e-03  1.8431549551534074e-03
3.3000000000000002e-02 4.2000000000000010e-02 4.0000000000000001e-03  1.8943056457140998e-03
3.3000000000000002e-02 4.4999999999999998e-02 4.0000000000000001e-03  1.9839490209985016e-03
3.6000000000000004e-02 -4.4999999999999998e-02 4.0000000000000001e-03  2.1731557014077149e-03
3.6000000000000004e-02 -4.1999999999999996e-02 4.0000000000000001e-03  2.0366798810795002e-03
3.6000000000000004e-02 -3.9000000000000000e-02 4.0000000000000001e-03  1.9254119225519495e-03
3.6000000000000004e-02 -3.5999999999999997e-02 4.0000000000000001e-03  1.8363311506521540e-03
3.6000000000000004e-02 -3.3000000000000002e-02 4.0000000000000001e-03  1.7852558880017951e-03
3.6000000000000004e-02 -2.9999999999999999e-02 4.0000000000000001e-03  1.7924894899066007e-03
3.6000000000000004e-02 -2.6999999999999996e-02 4.0000000000000001e-03  1.8124962058899815e-03
3.6000000000000004e-02 -2.3999999999999997e-02 4.0000000000000001e-03  1.7660753498328623e-03
3.6000000000000004e-02 -2.0999999999999998e-02 4.0000000000000001e-03  1.7188439683082381e-03
3.6000000000000004e-02 -1.7999999999999999e-02 4.0000000000000001e-03  1.6890617798756499e-03
3.6000000000000004e-02 -1.4999999999999999e-02 4.0000000000000001e-03  1.6679765244969219e-03
3.6000000000000004e-02 -1.1999999999999997e-02 4.0000000000000001e-03  1.6556134913030254e-03
3.6000000000000004e-02 -8.9999999999999941e-03 4.0000000000000001e-03  1.6520076363172932e-03
3.6000000000000004e-02 -5.9999999999999984e-03 4.0000000000000001e-03  1.6452246402116268e-03
3.6000000000000004e-02 -2.9999999999999957e-03 4.0000000000000001e-03  1.6545923572974051e-03
3.6000000000000004e-02 0.0000000000000000e+00 4.0000000000000001e-03  1.6649592858764147e-03
3.6000000000000004e-02 3.0000000000000027e-03 4.0000000000000001e-03  1.6709413626043693e-03
3.6000000000000004e-02 6.0000000000000053e-03 4.0000000000000001e-03  1.6782769199136279e-03
3.6000000000000004e-02 9.0000000000000011e-03 4.0000000000000001e-03  1.6870912177548811e-03
3.6000000000000004e-02 1.2000000000000004e-02 4.0000000000000001e-03  1.6975284164338252e-03
3.6000000000000004e-02 1.4999999999999999e-02 4.0000000000000001e-03  1.7014969356777859e-03
3.6000000000000004e-02 1.8000000000000002e-02 4.0000000000000001e-03  1.7108127408192691e-03
3.6000000000000004e-02 2.1000000000000005e-02 4.0000000000000001e-03  1.7102157829675772e-03
3.6000000000000004e-02 2.4000000000000007e-02 4.0000000000000001e-03  1.7269536485016767e-03
3.6000000000000004e-02 2.7000000000000010e-02 4.0000000000000001e-03  1.7630548661334380e-03
3.6000000000000004e-02 2.9999999999999999e-02 4.0000000000000001e-03  1.7914823834724242e-03
3.6000000000000004e-02 3.3000000000000002e-02 4.0000000000000001e-03  1.8122200025584758e-03
3.6000000000000004e-02 3.6000000000000004e-02 4.0000000000000001e-03  1.8460554957973731e-03
3.6000000000000004e-02 3.9000000000000007e-02 4.0000000000000001e-03  1.9190320602754699e-03
3.6000000000000004e-02 4.2000000000000010e-02 4.0000000000000001e-03  1.9445437036633684e-03
3.6000000000000004e-02 4.4999999999999998e-02 4.0000000000000001e-03  2.0291226837748210e-03
3.9000000000000007e-02 -4.4999999999999998e-02 4.0000000000000001e-03  2.2091638727966419e-03
3.9000000000000007e-02 -4.1999999999999996e-02 4.0000000000000001e-03  2.0710901883457542e-03
3.9000000000000007e-02 -3.9000000000000000e-02 4.0000000000000001e-03  1.9769912614399348e-03
3.9000000000000007e-02 -3.5999999999999997e-02 4.0000000000000001e-03  1.9123594021328984e-03
3.9000000000000007e-02 -3.3000000000000002e-02 4.0000000000000001e-03  1.9048965034378449e-03
3.9000000000000007e-02 -2.9999999999999999e-02 4.0000000000000001e-03  1.8991391564169549e-03
3.9000000000000007e-02 -2.6999999999999996e-02 4.0000000000000001e-03  1.8948170215612014e-03
3.9000000000000007e-02 -2.3999999999999997e-02 4.0000000000000001e-03  1.9152632554177431e-03
3.9000000000000007e-02 -2.0999999999999998e-02 4.0000000000000001e-03  1.8492341369999220e-03
3.9000000000000007e-02 -1.7999999999999999e-02 4.0000000000000001e-03  1.8067473538074612e-03
3.9000000000000007e-02 -1.4999999999999999e-02 4.0000000000000001e-03  1.7728407462078656e-03
3.9000000000000007e-02 -1.1999999999999997e-02 4.0000000000000001e-03  1.7475198424603798e-03
3.9000000000000007e-02 -8.9999999999999941e-03 4.0000000000000001e-03  1.7407439093505145e-03
3.9000000000000007e-02 -5.9999999999999984e-03 4.0000000000000001e-03  1.7368580836460105e-03
3.9000000000000007e-02 -2.9999999999999957e-03 4.0000000000000001e-03  1.7275412681772887e-03
3.9000000000000007e-02 0.0000000000000000e+00 4.0000000000000001e-03  1.7264488136917002e-03
3.9000000000000007e-02 3.0000000000000027e-03 4.0000000000000001e-03  1.7424606259250741e-03
3.9000000000000007e-02 6.0000000000000053e-03 4.0000000000000001e-03  1.7534952160138837e-03
3.9000000000000007e-02 9.0000000000000011e-03 4.0000000000000001e-03  1.7658343509630765e-03
3.9000000000000007e-02 1.2000000000000004e-02 4.0000000000000001e-03  1.7801352736162210e-03
3.9000000000000007e-02 1.4999999999999999e-02 4.0000000000000001e-03  1.7836199593991150e-03
3.9000000000000007e-02 1.8000000000000002e-02 4.0000000000000001e-03  1.7824947429181616e-03
3.9000000000000007e-02 2.1000000000000005e-02 4.0000000000000001e-03  1.7880604152063914e-03
3.9000000000000007e-02 2.4000000000000007e-02 4.0000000000000001e-03  1.8303689915357059e-03
3.9000000000000007e-02 2.7000000000000010e-02 4.0000000000000001e-03  1.8648571078662510e-03
3.9000000000000007e-02 2.9999999999999999e-02 4.0000000000000001e-03  1.8915032144907124e-03
3.9000000000000007e-02 3.3000000000000002e-02 4.0000000000000001e-03  1.9103124503509982e-03
3.9000000000000007e-02 3.6000000000000004e-02 4.0000000000000001e-03  1.9213166430382045e-03
3.9000000000000007e-02 3.9000000000000007e-02 4.0000000000000001e-03  2.0044963563539625e-03
3.9000000000000007e-02 4.2000000000000010e-02 4.0000000000000001e-03  2.0343562546434905e-03
3.9000000000000007e-02 4.4999999999999998e-02 4.0000000000000001e-03  2.0804240065656690e-03
4.2000000000000010e-02 -4.4999999999999998e-02 4.0000000000000001e-03  2.2439731872520709e-03
4.2000000000000010e-02 -4.1999999999999996e-02 4.0000000000000001e-03  2.1892808053264761e-03
4.2000000000000010e-02 -3.9000000000000000e-02 4.0000000000000001e-03  2.0835493457364543e-03
4.2000000000000010e-02 -3.5999999999999997e-02 4.0000000000000001e-03  2.0606663137467617e-03
4.2000000000000010e-02 -3.3000000000000002e-02 4.0000000000000001e-03  2.0400805106303038e-03
4.2000000000000010e-02 -2.9999999999999999e-02 4.0000000000000001e-03  2.0213501709999354e-03
4.2000000000000010e-02 -2.6999999999999996e-02 4.0000000000000001e-03  2.0041499767223781e-03
4.2000000000000010e-02 -2.3999999999999997e-02 4.0000000000000001e-03  1.9882710569182047e-03
4.2000000000000010e-02 -2.0999999999999998e-02 4.0000000000000001e-03  2.0034777551242180e-03
4.2000000000000010e-02 -1.7999999999999999e-02 4.0000000000000001e-03  1.9269837308213142e-03
4.2000000000000010e-02 -1.4999999999999999e-02 4.0000000000000001e-03  1.8807483787828580e-03
4.2000000000000010e-02 -1.1999999999999997e-02 4.0000000000000001e-03  1.8571894468978585e-03
4.2000000000000010e-02 -8.9999999999999941e-03 4.0000000000000001e-03  1.8630977046288533e-03
4.2000000000000010e-02 -5.9999999999999984e-03 4.0000000000000001e-03  1.8629314882137235e-03
4.2000000000000010e-02 -2.9999999999999957e-03 4.0000000000000001e-03  1.8567858070631629e-03
4.2000000000000010e-02 0.0000000000000000e+00 4.0000000000000001e-03  1.8447891748022717e-03
4.2000000000000010e-02 3.0000000000000027e-03 4.0000000000000001e-03  1.8271036092705887e-03
4.2000000000000010e-02 6.0000000000000053e-03 4.0000000000000001e-03  1.8435118264922277e-03
4.2000000000000010e-02 9.0000000000000011e-03 4.0000000000000001e-03  1.8612551890543484e-03
4.2000000000000010e-02 1.2000000000000004e-02 4.0000000000000001e-03  1.8801477038325781e-03
4.2000000000000010e-02 1.4999999999999999e-02 4.0000000000000001e-03  1.8827611595487719e-03
4.2000000000000010e-02 1.8000000000000002e-02 4.0000000000000001e-03  1.8752590664918873e-03
4.2000000000000010e-02 2.1000000000000005e-02 4.0000000000000001e-03  1.9239338436594937e-03
4.2000000000000010e-02 2.4000000000000007e-02 4.0000000000000001e-03  1.9646541998946925e-03
4.2000000000000010e-02 2.7000000000000010e-02 4.0000000000000001e-03  1.9973932337430250e-03
4.2000000000000010e-02 2.9999999999999999e-02 4.0000000000000001e-03  2.0221507323992388e-03
4.2000000000000010e-02 3.3000000000000002e-02 4.0000000000000001e-03  2.0389531717072882e-03
4.2000000000000010e-02 3.6000000000000004e-02 4.0000000000000001e-03  2.0478537161603225e-03
4.2000000000000010e-02 3.9000000000000007e-02 4.0000000000000001e-03  2.1050861710331711e-03
4.2000000000000010e-02 4.2000000000000010e-02 4.0000000000000001e-03  2.1639047689602240e-03
4.2000000000000010e-02 4.4999999999999998e-02 4.0000000000000001e-03  2.1424181250967980e-03
4.4999999999999998e-02 -4.4999999999999998e-02 4.0000000000000001e-03  2.4451846565223217e-03
4.4999999999999998e-02 -4.1999999999999996e-02 4.0000000000000001e-03  2.3053906399163292e-03
4.4999999999999998e-02 -3.9000000000000000e-02 4.0000000000000001e-03  2.2661051409813750e-03
4.4999999999999998e-02 -3.5999999999999997e-02 4.0000000000000001e-03  2.2299539854207990e-03
4.4999999999999998e-02 -3.3000000000000002e-02 4.0000000000000001e-03  2.1963239819693262e-03
4.4999999999999998e-02 -2.9999999999999999e-02 4.0000000000000001e-03  2.1647183866155568e-03
4.4999999999999998e-02 -2.6999999999999996e-02 4.0000000000000001e-03  2.1347569026019457e-03
4.4999999999999998e-02 -2.3999999999999997e-02 4.0000000000000001e-03  2.1061756804248086e-03
4.4999999999999998e-02 -2.0999999999999998e-02 4.0000000000000001e-03  2.0788273178343232e-03
4.4999999999999998e-02 -1.7999999999999999e-02 4.0000000000000001e-03  2.0570613091927181e-03
4.4999999999999998e-02 -1.4999999999999999e-02 4.0000000000000001e-03  1.9973764123903674e-03
4.4999999999999998e-02 -1.1999999999999997e-02 4.0000000000000001e-03  2.0145449855671765e-03
4.4999999999999998e-02 -8.9999999999999941e-03 4.0000000000000001e-03  2.0252132125177179e-03
4.4999999999999998e-02 -5.9999999999999984e-03 4.0000000000000001e-03  2.0293854538212205e-03
4.4999999999999998e-02 -2.9999999999999957e-03 4.0000000000000001e-03  2.0270995742713268e-03
4.4999999999999998e-02 0.0000000000000000e+00 4.0000000000000001e-03  2.0184269428761186e-03
4.4999999999999998e-02 3.0000000000000027e-03 4.0000000000000001e-03  2.0034724328580797e-03
4.4999999999999998e-02 6.0000000000000053e-03 4.0000000000000001e-03  1.9823744216541307e-03
4.4999999999999998e-02 9.0000000000000011e-03 4.0000000000000001e-03  1.9729649952706985e-03
4.4999999999999998e-02 1.2000000000000004e-02 4.0000000000000001e-03  1.9985752491613437e-03
4.4999999999999998e-02 1.4999999999999999e-02 4.0000000000000001e-03  1.9902916144346199e-03
4.4999999999999998e-02 1.8000000000000002e-02 4.0000000000000001e-03  2.0454667613799766e-03
4.4999999999999998e-02 2.1000000000000005e-02 4.0000000000000001e-03  2.0925663252316512e-03
4.4999999999999998e-02 2.4000000000000007e-02 4.0000000000000001e-03  2.1315580527880335e-03
4.4999999999999998e-02 2.7000000000000010e-02 4.0000000000000001e-03  2.1624363794967125e-03
4.4999999999999998e-02 2.9999999999999999e-02 4.0000000000000001e-03  2.1852224294544964e-03
4.4999999999999998e-02 3.3000000000000002e-02 4.0000000000000001e-03  2.1999640154073941e-03
4.4999999999999998e-02 3.6000000000000004e-02 4.0000000000000001e-03  2.2067356387506084e-03
4.4999999999999998e-02 3.9000000000000007e-02 4.0000000000000001e-03  2.2231872606534352e-03
4.4999999999999998e-02 4.2000000000000010e-02 4.0000000000000001e-03  2.2542774778637107e-03
4.4999999999999998e-02 4.4999999999999998e-02 4.0000000000000001e-03  2.2178702254552350e-03
