Grid Output Min: [-45mm -45mm 4mm] Max: [45mm 45mm 4mm] Grid Size: [3mm 3mm 0mm]
X, Y, Z, Scalar data "Mag_B"
-4.4999999999999998e-002 -4.4999999999999998e-002 4.0000000000000001e-003  2.4332134116099376e-003
-4.4999999999999998e-002 -4.1999999999999996e-002 4.0000000000000001e-003  2.3701997911887100e-003
-4.4999999999999998e-002 -3.9000000000000000e-002 4.0000000000000001e-003  2.3258105821399471e-003
-4.4999999999999998e-002 -3.5999999999999997e-002 4.0000000000000001e-003  2.2417462762973849e-003
-4.4999999999999998e-002 -3.3000000000000002e-002 4.0000000000000001e-003  2.1827698482315516e-003
-4.4999999999999998e-002 -2.9999999999999999e-002 4.0000000000000001e-003  2.1423351180818221e-003
-4.4999999999999998e-002 -2.6999999999999996e-002 4.0000000000000001e-003  2.1198589853849226e-003
-4.4999999999999998e-002 -2.3999999999999997e-002 4.0000000000000001e-003  2.1149188510150726e-003
-4.4999999999999998e-002 -2.0999999999999998e-002 4.0000000000000001e-003  2.0979393339858234e-003
-4.4999999999999998e-002 -1.7999999999999999e-002 4.0000000000000001e-003  2.0828509403861268e-003
-4.4999999999999998e-002 -1.4999999999999999e-002 4.0000000000000001e-003  2.0698800688280696e-003
-4.4999999999999998e-002 -1.1999999999999997e-002 4.0000000000000001e-003  2.0590308744472615e-003
-4.4999999999999998e-002 -8.9999999999999941e-003 4.0000000000000001e-003  2.0472054346392498e-003
-4.4999999999999998e-002 -5.9999999999999984e-003 4.0000000000000001e-003  2.0136733476228087e-003
-4.4999999999999998e-002 -2.9999999999999957e-003 4.0000000000000001e-003  1.9987895690293592e-003
-4.4999999999999998e-002 0.0000000000000000e+000 4.0000000000000001e-003  1.9982296754972500e-003
-4.4999999999999998e-002 3.0000000000000027e-003 4.0000000000000001e-003  2.0018479212208606e-003
-4.4999999999999998e-002 6.0000000000000053e-003 4.0000000000000001e-003  2.0021748286996638e-003
-4.4999999999999998e-002 9.0000000000000011e-003 4.0000000000000001e-003  1.9991758888428875e-003
-4.4999999999999998e-002 1.2000000000000004e-002 4.0000000000000001e-003  1.9928295439913561e-003
-4.4999999999999998e-002 1.4999999999999999e-002 4.0000000000000001e-003  1.9831271879175139e-003
-4.4999999999999998e-002 1.8000000000000002e-002 4.0000000000000001e-003  2.0082498738608580e-003
-4.4999999999999998e-002 2.1000000000000005e-002 4.0000000000000001e-003  2.0253875256493908e-003
-4.4999999999999998e-002 2.4000000000000007e-002 4.0000000000000001e-003  2.0352370466813177e-003
-4.4999999999999998e-002 2.7000000000000010e-002 4.0000000000000001e-003  2.0262225807465210e-003
-4.4999999999999998e-002 2.9999999999999999e-002 4.0000000000000001e-003  2.0565598069298297e-003
-4.4999999999999998e-002 3.3000000000000002e-002 4.0000000000000001e-003  2.1143478051867809e-003
-4.4999999999999998e-002 3.6000000000000004e-002 4.0000000000000001e-003  2.1697269159482572e-003
-4.4999999999999998e-002 3.9000000000000007e-002 4.0000000000000001e-003  2.2225738275670264e-003
-4.4999999999999998e-002 4.2000000000000010e-002 4.0000000000000001e-003  2.2727990032959588e-003
-4.4999999999999998e-002 4.4999999999999998e-002 4.0000000000000001e-003  2.2385064910508852e-003
-4.1999999999999996e-002 -4.4999999999999998e-002 4.0000000000000001e-003  2.2639344383534035e-003
-4.1999999999999996e-002 -4.1999999999999996e-002 4.0000000000000001e-003  2.1987304282952203e-003
-4.1999999999999996e-002 -3.9000000000000000e-002 4.0000000000000001e-003  2.1931236213767126e-003
-4.1999999999999996e-002 -3.5999999999999997e-002 4.0000000000000001e-003  2.1433386062624819e-003
-4.1999999999999996e-002 -3.3000000000000002e-002 4.0000000000000001e-003  2.0793003509368096e-003
-4.1999999999999996e-002 -2.9999999999999999e-002 4.0000000000000001e-003  2.0342651888826755e-003
-4.1999999999999996e-002 -2.6999999999999996e-002 4.0000000000000001e-003  2.0072522707260238e-003
-4.1999999999999996e-002 -2.3999999999999997e-002 4.0000000000000001e-003  1.9977645659592235e-003
-4.1999999999999996e-002 -2.0999999999999998e-002 4.0000000000000001e-003  1.9845363471253314e-003
-4.1999999999999996e-002 -1.7999999999999999e-002 4.0000000000000001e-003  1.9695570675503727e-003
-4.1999999999999996e-002 -1.4999999999999999e-002 4.0000000000000001e-003  1.9567421214294611e-003
-4.1999999999999996e-002 -1.1999999999999997e-002 4.0000000000000001e-003  1.9460967115141618e-003
-4.1999999999999996e-002 -8.9999999999999941e-003 4.0000000000000001e-003  1.9253414620061273e-003
-4.1999999999999996e-002 -5.9999999999999984e-003 4.0000000000000001e-003  1.9011865296095010e-003
-4.1999999999999996e-002 -2.9999999999999957e-003 4.0000000000000001e-003  1.8899967529139750e-003
-4.1999999999999996e-002 0.0000000000000000e+000 4.0000000000000001e-003  1.8806837841677526e-003
-4.1999999999999996e-002 3.0000000000000027e-003 4.0000000000000001e-003  1.8845923711747167e-003
-4.1999999999999996e-002 6.0000000000000053e-003 4.0000000000000001e-003  1.8858608463296212e-003
-4.1999999999999996e-002 9.0000000000000011e-003 4.0000000000000001e-003  1.8839589737225891e-003
-4.1999999999999996e-002 1.2000000000000004e-002 4.0000000000000001e-003  1.8788511770861669e-003
-4.1999999999999996e-002 1.4999999999999999e-002 4.0000000000000001e-003  1.8891339640052414e-003
-4.1999999999999996e-002 1.8000000000000002e-002 4.0000000000000001e-003  1.9094052154386817e-003
-4.1999999999999996e-002 2.1000000000000005e-002 4.0000000000000001e-003  1.9257360994455637e-003
-4.1999999999999996e-002 2.4000000000000007e-002 4.0000000000000001e-003  1.9406415442906921e-003
-4.1999999999999996e-002 2.7000000000000010e-002 4.0000000000000001e-003  1.9449034243200129e-003
-4.1999999999999996e-002 2.9999999999999999e-002 4.0000000000000001e-003  1.9484180872925297e-003
-4.1999999999999996e-002 3.3000000000000002e-002 4.0000000000000001e-003  1.9628667477206035e-003
-4.1999999999999996e-002 3.6000000000000004e-002 4.0000000000000001e-003  2.0263935024218910e-003
-4.1999999999999996e-002 3.9000000000000007e-002 4.0000000000000001e-003  2.0879498649811990e-003
-4.1999999999999996e-002 4.2000000000000010e-002 4.0000000000000001e-003  2.1331382552472675e-003
-4.1999999999999996e-002 4.4999999999999998e-002 4.0000000000000001e-003  2.1079410937990487e-003
-3.9000000000000000e-002 -4.4999999999999998e-002 4.0000000000000001e-003  2.1558162446786546e-003
-3.9000000000000000e-002 -4.1999999999999996e-002 4.0000000000000001e-003  2.0979984261979348e-003
-3.9000000000000000e-002 -3.9000000000000000e-002 4.0000000000000001e-003  2.0681595387549989e-003
-3.9000000000000000e-002 -3.5999999999999997e-002 4.0000000000000001e-003  2.0422925644129702e-003
-3.9000000000000000e-002 -3.3000000000000002e-002 4.0000000000000001e-003  1.9922466553808802e-003
-3.9000000000000000e-002 -2.9999999999999999e-002 4.0000000000000001e-003  1.9426366830250911e-003
-3.9000000000000000e-002 -2.6999999999999996e-002 4.0000000000000001e-003  1.9111226105658864e-003
-3.9000000000000000e-002 -2.3999999999999997e-002 4.0000000000000001e-003  1.8971329761137592e-003
-3.9000000000000000e-002 -2.0999999999999998e-002 4.0000000000000001e-003  1.8864826222369682e-003
-3.9000000000000000e-002 -1.7999999999999999e-002 4.0000000000000001e-003  1.8717027097959180e-003
-3.9000000000000000e-002 -1.4999999999999999e-002 4.0000000000000001e-003  1.8591323895405412e-003
-3.9000000000000000e-002 -1.1999999999999997e-002 4.0000000000000001e-003  1.8476304640715493e-003
-3.9000000000000000e-002 -8.9999999999999941e-003 4.0000000000000001e-003  1.8258546802476286e-003
-3.9000000000000000e-002 -5.9999999999999984e-003 4.0000000000000001e-003  1.8094854232401812e-003
-3.9000000000000000e-002 -2.9999999999999957e-003 4.0000000000000001e-003  1.8016998554357879e-003
-3.9000000000000000e-002 0.0000000000000000e+000 4.0000000000000001e-003  1.7957202944756216e-003
-3.9000000000000000e-002 3.0000000000000027e-003 4.0000000000000001e-003  1.7935955881507937e-003
-3.9000000000000000e-002 6.0000000000000053e-003 4.0000000000000001e-003  1.7955648410735215e-003
-3.9000000000000000e-002 9.0000000000000011e-003 4.0000000000000001e-003  1.7945308426342780e-003
-3.9000000000000000e-002 1.2000000000000004e-002 4.0000000000000001e-003  1.7965454527977493e-003
-3.9000000000000000e-002 1.4999999999999999e-002 4.0000000000000001e-003  1.8081339662842449e-003
-3.9000000000000000e-002 1.8000000000000002e-002 4.0000000000000001e-003  1.8248439268458969e-003
-3.9000000000000000e-002 2.1000000000000005e-002 4.0000000000000001e-003  1.8417508064620964e-003
-3.9000000000000000e-002 2.4000000000000007e-002 4.0000000000000001e-003  1.8570694689288480e-003
-3.9000000000000000e-002 2.7000000000000010e-002 4.0000000000000001e-003  1.8706319946055199e-003
-3.9000000000000000e-002 2.9999999999999999e-002 4.0000000000000001e-003  1.8786252842819670e-003
-3.9000000000000000e-002 3.3000000000000002e-002 4.0000000000000001e-003  1.8942105507722684e-003
-3.9000000000000000e-002 3.6000000000000004e-002 4.0000000000000001e-003  1.9174420170303473e-003
-3.9000000000000000e-002 3.9000000000000007e-002 4.0000000000000001e-003  1.9705402893180658e-003
-3.9000000000000000e-002 4.2000000000000010e-002 4.0000000000000001e-003  2.0087083582211785e-003
-3.9000000000000000e-002 4.4999999999999998e-002 4.0000000000000001e-003  2.0588681449357333e-003
-3.5999999999999997e-002 -4.4999999999999998e-002 4.0000000000000001e-003  2.1052122403760606e-003
-3.5999999999999997e-002 -4.1999999999999996e-002 4.0000000000000001e-003  2.0347876629735434e-003
-3.5999999999999997e-002 -3.9000000000000000e-002 4.0000000000000001e-003  1.9843764615035337e-003
-3.5999999999999997e-002 -3.5999999999999997e-002 4.0000000000000001e-003  1.9532906083013627e-003
-3.5999999999999997e-002 -3.3000000000000002e-002 4.0000000000000001e-003  1.9163754859693309e-003
-3.5999999999999997e-002 -2.9999999999999999e-002 4.0000000000000001e-003  1.8665916071993168e-003
-3.5999999999999997e-002 -2.6999999999999996e-002 4.0000000000000001e-003  1.8306238515870257e-003
-3.5999999999999997e-002 -2.3999999999999997e-002 4.0000000000000001e-003  1.8121897681534773e-003
-3.5999999999999997e-002 -2.0999999999999998e-002 4.0000000000000001e-003  1.8029039419954263e-003
-3.5999999999999997e-002 -1.7999999999999999e-002 4.0000000000000001e-003  1.7883981288416410e-003
-3.5999999999999997e-002 -1.4999999999999999e-002 4.0000000000000001e-003  1.7761456139243599e-003
-3.5999999999999997e-002 -1.1999999999999997e-002 4.0000000000000001e-003  1.7615629806409839e-003
-3.5999999999999997e-002 -8.9999999999999941e-003 4.0000000000000001e-003  1.7468292452649920e-003
-3.5999999999999997e-002 -5.9999999999999984e-003 4.0000000000000001e-003  1.7369224466389594e-003
-3.5999999999999997e-002 -2.9999999999999957e-003 4.0000000000000001e-003  1.7322975097120146e-003
-3.5999999999999997e-002 0.0000000000000000e+000 4.0000000000000001e-003  1.7294230153361476e-003
-3.5999999999999997e-002 3.0000000000000027e-003 4.0000000000000001e-003  1.7282942810699288e-003
-3.5999999999999997e-002 6.0000000000000053e-003 4.0000000000000001e-003  1.7294778657211888e-003
-3.5999999999999997e-002 9.0000000000000011e-003 4.0000000000000001e-003  1.7293297524540365e-003
-3.5999999999999997e-002 1.2000000000000004e-002 4.0000000000000001e-003  1.7309140348881747e-003
-3.5999999999999997e-002 1.4999999999999999e-002 4.0000000000000001e-003  1.7364125523633364e-003
-3.5999999999999997e-002 1.8000000000000002e-002 4.0000000000000001e-003  1.7552045486201419e-003
-3.5999999999999997e-002 2.1000000000000005e-002 4.0000000000000001e-003  1.7723240580364917e-003
-3.5999999999999997e-002 2.4000000000000007e-002 4.0000000000000001e-003  1.7877280041126509e-003
-3.5999999999999997e-002 2.7000000000000010e-002 4.0000000000000001e-003  1.8013838792631993e-003
-3.5999999999999997e-002 2.9999999999999999e-002 4.0000000000000001e-003  1.8145276755154698e-003
-3.5999999999999997e-002 3.3000000000000002e-002 4.0000000000000001e-003  1.8341935296816813e-003
-3.5999999999999997e-002 3.6000000000000004e-002 4.0000000000000001e-003  1.8614338249354574e-003
-3.5999999999999997e-002 3.9000000000000007e-002 4.0000000000000001e-003  1.8997713948326355e-003
-3.5999999999999997e-002 4.2000000000000010e-002 4.0000000000000001e-003  1.9554599852664315e-003
-3.5999999999999997e-002 4.4999999999999998e-002 4.0000000000000001e-003  2.0189345994854075e-003
-3.3000000000000002e-002 -4.4999999999999998e-002 4.0000000000000001e-003  2.0990084616282663e-003
-3.3000000000000002e-002 -4.1999999999999996e-002 4.0000000000000001e-003  2.0071546337388714e-003
-3.3000000000000002e-002 -3.9000000000000000e-002 4.0000000000000001e-003  1.9358562160036127e-003
-3.3000000000000002e-002 -3.5999999999999997e-002 4.0000000000000001e-003  1.8843911928112475e-003
-3.3000000000000002e-002 -3.3000000000000002e-002 4.0000000000000001e-003  1.8520305139933530e-003
-3.3000000000000002e-002 -2.9999999999999999e-002 4.0000000000000001e-003  1.8140636489301122e-003
-3.3000000000000002e-002 -2.6999999999999996e-002 4.0000000000000001e-003  1.7649424727806853e-003
-3.3000000000000002e-002 -2.3999999999999997e-002 4.0000000000000001e-003  1.7421332610618957e-003
-3.3000000000000002e-002 -2.0999999999999998e-002 4.0000000000000001e-003  1.7329808459387516e-003
-3.3000000000000002e-002 -1.7999999999999999e-002 4.0000000000000001e-003  1.7188083432697657e-003
-3.3000000000000002e-002 -1.4999999999999999e-002 4.0000000000000001e-003  1.7067951047910327e-003
-3.3000000000000002e-002 -1.1999999999999997e-002 4.0000000000000001e-003  1.6949815436329259e-003
-3.3000000000000002e-002 -8.9999999999999941e-003 4.0000000000000001e-003  1.6866282339260360e-003
-3.3000000000000002e-002 -5.9999999999999984e-003 4.0000000000000001e-003  1.6820954057621767e-003
-3.3000000000000002e-002 -2.9999999999999957e-003 4.0000000000000001e-003  1.6804187868490696e-003
-3.3000000000000002e-002 0.0000000000000000e+000 4.0000000000000001e-003  1.6804522830058341e-003
-3.3000000000000002e-002 3.0000000000000027e-003 4.0000000000000001e-003  1.6821934334250250e-003
-3.3000000000000002e-002 6.0000000000000053e-003 4.0000000000000001e-003  1.6853580871644819e-003
-3.3000000000000002e-002 9.0000000000000011e-003 4.0000000000000001e-003  1.6781376192736982e-003
-3.3000000000000002e-002 1.2000000000000004e-002 4.0000000000000001e-003  1.6735683868339451e-003
-3.3000000000000002e-002 1.4999999999999999e-002 4.0000000000000001e-003  1.6805775368734486e-003
-3.3000000000000002e-002 1.8000000000000002e-002 4.0000000000000001e-003  1.6993839109548860e-003
-3.3000000000000002e-002 2.1000000000000005e-002 4.0000000000000001e-003  1.7164072781455542e-003
-3.3000000000000002e-002 2.4000000000000007e-002 4.0000000000000001e-003  1.7316231676022481e-003
-3.3000000000000002e-002 2.7000000000000010e-002 4.0000000000000001e-003  1.7450176773960570e-003
-3.3000000000000002e-002 2.9999999999999999e-002 4.0000000000000001e-003  1.7565874745123959e-003
-3.3000000000000002e-002 3.3000000000000002e-002 4.0000000000000001e-003  1.7787776484891244e-003
-3.3000000000000002e-002 3.6000000000000004e-002 4.0000000000000001e-003  1.8223619451674985e-003
-3.3000000000000002e-002 3.9000000000000007e-002 4.0000000000000001e-003  1.8790843238230676e-003
-3.3000000000000002e-002 4.2000000000000010e-002 4.0000000000000001e-003  1.9476045377088077e-003
-3.3000000000000002e-002 4.4999999999999998e-002 4.0000000000000001e-003  1.9918673920873114e-003
-2.9999999999999999e-002 -4.4999999999999998e-002 4.0000000000000001e-003  2.1287171175730546e-003
-2.9999999999999999e-002 -4.1999999999999996e-002 4.0000000000000001e-003  2.0146881249323359e-003
-2.9999999999999999e-002 -3.9000000000000000e-002 4.0000000000000001e-003  1.9218848105150737e-003
-2.9999999999999999e-002 -3.5999999999999997e-002 4.0000000000000001e-003  1.8495511707634573e-003
-2.9999999999999999e-002 -3.3000000000000002e-002 4.0000000000000001e-003  1.7969241675624794e-003
-2.9999999999999999e-002 -2.9999999999999999e-002 4.0000000000000001e-003  1.7632337282399390e-003
-2.9999999999999999e-002 -2.6999999999999996e-002 4.0000000000000001e-003  1.7340707133921226e-003
-2.9999999999999999e-002 -2.3999999999999997e-002 4.0000000000000001e-003  1.6861944061312382e-003
-2.9999999999999999e-002 -2.0999999999999998e-002 4.0000000000000001e-003  1.6759486304683492e-003
-2.9999999999999999e-002 -1.7999999999999999e-002 4.0000000000000001e-003  1.6621531285258655e-003
-2.9999999999999999e-002 -1.4999999999999999e-002 4.0000000000000001e-003  1.6521032260247367e-003
-2.9999999999999999e-002 -1.1999999999999997e-002 4.0000000000000001e-003  1.6463585820258835e-003
-2.9999999999999999e-002 -8.9999999999999941e-003 4.0000000000000001e-003  1.6438936440651775e-003
-2.9999999999999999e-002 -5.9999999999999984e-003 4.0000000000000001e-003  1.6424904299785215e-003
-2.9999999999999999e-002 -2.9999999999999957e-003 4.0000000000000001e-003  1.6410630107910208e-003
-2.9999999999999999e-002 0.0000000000000000e+000 4.0000000000000001e-003  1.6403180533483179e-003
-2.9999999999999999e-002 3.0000000000000027e-003 4.0000000000000001e-003  1.6402470576165080e-003
-2.9999999999999999e-002 6.0000000000000053e-003 4.0000000000000001e-003  1.6408549137870332e-003
-2.9999999999999999e-002 9.0000000000000011e-003 4.0000000000000001e-003  1.6344840646187837e-003
-2.9999999999999999e-002 1.2000000000000004e-002 4.0000000000000001e-003  1.6238966787387962e-003
-2.9999999999999999e-002 1.4999999999999999e-002 4.0000000000000001e-003  1.6378067148162497e-003
-2.9999999999999999e-002 1.8000000000000002e-002 4.0000000000000001e-003  1.6563378566828791e-003
-2.9999999999999999e-002 2.1000000000000005e-002 4.0000000000000001e-003  1.6730109034053795e-003
-2.9999999999999999e-002 2.4000000000000007e-002 4.0000000000000001e-003  1.6878199897970663e-003
-2.9999999999999999e-002 2.7000000000000010e-002 4.0000000000000001e-003  1.7043521822142642e-003
-2.9999999999999999e-002 2.9999999999999999e-002 4.0000000000000001e-003  1.7212656451253559e-003
-2.9999999999999999e-002 3.3000000000000002e-002 4.0000000000000001e-003  1.7440784979869386e-003
-2.9999999999999999e-002 3.6000000000000004e-002 4.0000000000000001e-003  1.7898429230029959e-003
-2.9999999999999999e-002 3.9000000000000007e-002 4.0000000000000001e-003  1.8502464857857192e-003
-2.9999999999999999e-002 4.2000000000000010e-002 4.0000000000000001e-003  1.9226409490333283e-003
-2.9999999999999999e-002 4.4999999999999998e-002 4.0000000000000001e-003  1.9948145335772567e-003
-2.6999999999999996e-002 -4.4999999999999998e-002 4.0000000000000001e-003  2.0660220694741736e-003
-2.6999999999999996e-002 -4.1999999999999996e-002 4.0000000000000001e-003  1.9444882660695955e-003
-2.6999999999999996e-002 -3.9000000000000000e-002 4.0000000000000001e-003  1.8781941203592026e-003
-2.6999999999999996e-002 -3.5999999999999997e-002 4.0000000000000001e-003  1.8275308811983592e-003
-2.6999999999999996e-002 -3.3000000000000002e-002 4.0000000000000001e-003  1.7748624159054378e-003
-2.6999999999999996e-002 -2.9999999999999999e-002 4.0000000000000001e-003  1.7209381993771511e-003
-2.6999999999999996e-002 -2.6999999999999996e-002 4.0000000000000001e-003  1.6858359896286313e-003
-2.6999999999999996e-002 -2.3999999999999997e-002 4.0000000000000001e-003  1.6687376569267077e-003
-2.6999999999999996e-002 -2.0999999999999998e-002 4.0000000000000001e-003  1.6292453866717145e-003
-2.6999999999999996e-002 -1.7999999999999999e-002 4.0000000000000001e-003  1.6178281710182082e-003
-2.6999999999999996e-002 -1.4999999999999999e-002 4.0000000000000001e-003  1.6145635393670782e-003
-2.6999999999999996e-002 -1.1999999999999997e-002 4.0000000000000001e-003  1.6118911338221292e-003
-2.6999999999999996e-002 -8.9999999999999941e-003 4.0000000000000001e-003  1.6068736299395640e-003
-2.6999999999999996e-002 -5.9999999999999984e-003 4.0000000000000001e-003  1.6034632441602149e-003
-2.6999999999999996e-002 -2.9999999999999957e-003 4.0000000000000001e-003  1.6007558449379535e-003
-2.6999999999999996e-002 0.0000000000000000e+000 4.0000000000000001e-003  1.5987037527940826e-003
-2.6999999999999996e-002 3.0000000000000027e-003 4.0000000000000001e-003  1.5973041930441580e-003
-2.6999999999999996e-002 6.0000000000000053e-003 4.0000000000000001e-003  1.5965677812290692e-003
-2.6999999999999996e-002 9.0000000000000011e-003 4.0000000000000001e-003  1.5917828162657723e-003
-2.6999999999999996e-002 1.2000000000000004e-002 4.0000000000000001e-003  1.5871395313286655e-003
-2.6999999999999996e-002 1.4999999999999999e-002 4.0000000000000001e-003  1.6077078365322277e-003
-2.6999999999999996e-002 1.8000000000000002e-002 4.0000000000000001e-003  1.6279282809167298e-003
-2.6999999999999996e-002 2.1000000000000005e-002 4.0000000000000001e-003  1.6473021449617689e-003
-2.6999999999999996e-002 2.4000000000000007e-002 4.0000000000000001e-003  1.6658288115348882e-003
-2.6999999999999996e-002 2.7000000000000010e-002 4.0000000000000001e-003  1.6835110128157033e-003
-2.6999999999999996e-002 2.9999999999999999e-002 4.0000000000000001e-003  1.6989641841718022e-003
-2.6999999999999996e-002 3.3000000000000002e-002 4.0000000000000001e-003  1.7256866470380461e-003
-2.6999999999999996e-002 3.6000000000000004e-002 4.0000000000000001e-003  1.7611666327072438e-003
-2.6999999999999996e-002 3.9000000000000007e-002 4.0000000000000001e-003  1.8136410297377105e-003
-2.6999999999999996e-002 4.2000000000000010e-002 4.0000000000000001e-003  1.8902262609244470e-003
-2.6999999999999996e-002 4.4999999999999998e-002 4.0000000000000001e-003  1.9791674372298812e-003
-2.3999999999999997e-002 -4.4999999999999998e-002 4.0000000000000001e-003  2.0568946560830339e-003
-2.3999999999999997e-002 -4.1999999999999996e-002 4.0000000000000001e-003  1.9352911915351133e-003
-2.3999999999999997e-002 -3.9000000000000000e-002 4.0000000000000001e-003  1.8324522261566520e-003
-2.3999999999999997e-002 -3.5999999999999997e-002 4.0000000000000001e-003  1.7483152486555415e-003
-2.3999999999999997e-002 -3.3000000000000002e-002 4.0000000000000001e-003  1.6941608637224524e-003
-2.3999999999999997e-002 -2.9999999999999999e-002 4.0000000000000001e-003  1.6642459087482405e-003
-2.3999999999999997e-002 -2.6999999999999996e-002 4.0000000000000001e-003  1.6387827742656879e-003
-2.3999999999999997e-002 -2.3999999999999997e-002 4.0000000000000001e-003  1.6171814174763544e-003
-2.3999999999999997e-002 -2.0999999999999998e-002 4.0000000000000001e-003  1.6001327586386981e-003
-2.3999999999999997e-002 -1.7999999999999999e-002 4.0000000000000001e-003  1.5890159160151746e-003
-2.3999999999999997e-002 -1.4999999999999999e-002 4.0000000000000001e-003  1.5822854152237847e-003
-2.3999999999999997e-002 -1.1999999999999997e-002 4.0000000000000001e-003  1.5754510039910814e-003
-2.3999999999999997e-002 -8.9999999999999941e-003 4.0000000000000001e-003  1.5692984242856316e-003
-2.3999999999999997e-002 -5.9999999999999984e-003 4.0000000000000001e-003  1.5646019130328617e-003
-2.3999999999999997e-002 -2.9999999999999957e-003 4.0000000000000001e-003  1.5605517704104580e-003
-2.3999999999999997e-002 0.0000000000000000e+000 4.0000000000000001e-003  1.5571375568580849e-003
-2.3999999999999997e-002 3.0000000000000027e-003 4.0000000000000001e-003  1.5543622230407550e-003
-2.3999999999999997e-002 6.0000000000000053e-003 4.0000000000000001e-003  1.5565411503705407e-003
-2.3999999999999997e-002 9.0000000000000011e-003 4.0000000000000001e-003  1.5591721080206189e-003
-2.3999999999999997e-002 1.2000000000000004e-002 4.0000000000000001e-003  1.5664629632644611e-003
-2.3999999999999997e-002 1.4999999999999999e-002 4.0000000000000001e-003  1.5874871812542584e-003
-2.3999999999999997e-002 1.8000000000000002e-002 4.0000000000000001e-003  1.6075021843394704e-003
-2.3999999999999997e-002 2.1000000000000005e-002 4.0000000000000001e-003  1.6252076134694743e-003
-2.3999999999999997e-002 2.4000000000000007e-002 4.0000000000000001e-003  1.6411454995557983e-003
-2.3999999999999997e-002 2.7000000000000010e-002 4.0000000000000001e-003  1.6553226724995698e-003
-2.3999999999999997e-002 2.9999999999999999e-002 4.0000000000000001e-003  1.6677482570382339e-003
-2.3999999999999997e-002 3.3000000000000002e-002 4.0000000000000001e-003  1.6979810468933782e-003
-2.3999999999999997e-002 3.6000000000000004e-002 4.0000000000000001e-003  1.7418931112266700e-003
-2.3999999999999997e-002 3.9000000000000007e-002 4.0000000000000001e-003  1.7937460579766445e-003
-2.3999999999999997e-002 4.2000000000000010e-002 4.0000000000000001e-003  1.8531209520601380e-003
-2.3999999999999997e-002 4.4999999999999998e-002 4.0000000000000001e-003  1.9448919908812133e-003
-2.0999999999999998e-002 -4.4999999999999998e-002 4.0000000000000001e-003  2.0467161358740920e-003
-2.0999999999999998e-002 -4.1999999999999996e-002 4.0000000000000001e-003  1.9248820633845809e-003
-2.0999999999999998e-002 -3.9000000000000000e-002 4.0000000000000001e-003  1.8218077685236301e-003
-2.0999999999999998e-002 -3.5999999999999997e-002 4.0000000000000001e-003  1.7374252677638262e-003
-2.0999999999999998e-002 -3.3000000000000002e-002 4.0000000000000001e-003  1.6716980501128712e-003
-2.0999999999999998e-002 -2.9999999999999999e-002 4.0000000000000001e-003  1.6246210771135663e-003
-2.0999999999999998e-002 -2.6999999999999996e-002 4.0000000000000001e-003  1.5975727575613804e-003
-2.0999999999999998e-002 -2.3999999999999997e-002 4.0000000000000001e-003  1.5828284076743250e-003
-2.0999999999999998e-002 -2.0999999999999998e-002 4.0000000000000001e-003  1.5686925853166294e-003
-2.0999999999999998e-002 -1.7999999999999999e-002 4.0000000000000001e-003  1.5546071740438309e-003
-2.0999999999999998e-002 -1.4999999999999999e-002 4.0000000000000001e-003  1.5467332532062574e-003
-2.0999999999999998e-002 -1.1999999999999997e-002 4.0000000000000001e-003  1.5386009823224582e-003
-2.0999999999999998e-002 -8.9999999999999941e-003 4.0000000000000001e-003  1.5341319066831493e-003
-2.0999999999999998e-002 -5.9999999999999984e-003 4.0000000000000001e-003  1.5335681448441188e-003
-2.0999999999999998e-002 -2.9999999999999957e-003 4.0000000000000001e-003  1.5337893412748452e-003
-2.0999999999999998e-002 0.0000000000000000e+000 4.0000000000000001e-003  1.5347925634078856e-003
-2.0999999999999998e-002 3.0000000000000027e-003 4.0000000000000001e-003  1.5365862116775149e-003
-2.0999999999999998e-002 6.0000000000000053e-003 4.0000000000000001e-003  1.5391900195197102e-003
-2.0999999999999998e-002 9.0000000000000011e-003 4.0000000000000001e-003  1.5413044258598438e-003
-2.0999999999999998e-002 1.2000000000000004e-002 4.0000000000000001e-003  1.5472188608481119e-003
-2.0999999999999998e-002 1.4999999999999999e-002 4.0000000000000001e-003  1.5668486204697524e-003
-2.0999999999999998e-002 1.8000000000000002e-002 4.0000000000000001e-003  1.5849470983936951e-003
-2.0999999999999998e-002 2.1000000000000005e-002 4.0000000000000001e-003  1.6012726106984423e-003
-2.0999999999999998e-002 2.4000000000000007e-002 4.0000000000000001e-003  1.6158314845806992e-003
-2.0999999999999998e-002 2.7000000000000010e-002 4.0000000000000001e-003  1.6286323420734866e-003
-2.0999999999999998e-002 2.9999999999999999e-002 4.0000000000000001e-003  1.6396861000461326e-003
-2.0999999999999998e-002 3.3000000000000002e-002 4.0000000000000001e-003  1.6698858315635102e-003
-2.0999999999999998e-002 3.6000000000000004e-002 4.0000000000000001e-003  1.7137488128307011e-003
-2.0999999999999998e-002 3.9000000000000007e-002 4.0000000000000001e-003  1.7696347674978543e-003
-2.0999999999999998e-002 4.2000000000000010e-002 4.0000000000000001e-003  1.8388248153647065e-003
-2.0999999999999998e-002 4.4999999999999998e-002 4.0000000000000001e-003  1.9181940810308038e-003
-1.7999999999999999e-002 -4.4999999999999998e-002 4.0000000000000001e-003  2.0353791993747848e-003
-1.7999999999999999e-002 -4.1999999999999996e-002 4.0000000000000001e-003  1.9131536200645324e-003
-1.7999999999999999e-002 -3.9000000000000000e-002 4.0000000000000001e-003  1.8096742053771656e-003
-1.7999999999999999e-002 -3.5999999999999997e-002 4.0000000000000001e-003  1.7248674995499690e-003
-1.7999999999999999e-002 -3.3000000000000002e-002 4.0000000000000001e-003  1.6586915193553325e-003
-1.7999999999999999e-002 -2.9999999999999999e-002 4.0000000000000001e-003  1.6165844679041001e-003
-1.7999999999999999e-002 -2.6999999999999996e-002 4.0000000000000001e-003  1.5898755090817673e-003
-1.7999999999999999e-002 -2.3999999999999997e-002 4.0000000000000001e-003  1.5687015333526494e-003
-1.7999999999999999e-002 -2.0999999999999998e-002 4.0000000000000001e-003  1.5475140433688752e-003
-1.7999999999999999e-002 -1.7999999999999999e-002 4.0000000000000001e-003  1.5265009117918142e-003
-1.7999999999999999e-002 -1.4999999999999999e-002 4.0000000000000001e-003  1.5193339424286380e-003
-1.7999999999999999e-002 -1.1999999999999997e-002 4.0000000000000001e-003  1.5212182138578459e-003
-1.7999999999999999e-002 -8.9999999999999941e-003 4.0000000000000001e-003  1.5223347539142550e-003
-1.7999999999999999e-002 -5.9999999999999984e-003 4.0000000000000001e-003  1.5208794993003675e-003
-1.7999999999999999e-002 -2.9999999999999957e-003 4.0000000000000001e-003  1.5202051802796893e-003
-1.7999999999999999e-002 0.0000000000000000e+000 4.0000000000000001e-003  1.5203102813331015e-003
-1.7999999999999999e-002 3.0000000000000027e-003 4.0000000000000001e-003  1.5212046199431942e-003
-1.7999999999999999e-002 6.0000000000000053e-003 4.0000000000000001e-003  1.5229093465942689e-003
-1.7999999999999999e-002 9.0000000000000011e-003 4.0000000000000001e-003  1.5250106010150403e-003
-1.7999999999999999e-002 1.2000000000000004e-002 4.0000000000000001e-003  1.5311565044681971e-003
-1.7999999999999999e-002 1.4999999999999999e-002 4.0000000000000001e-003  1.5489803334312172e-003
-1.7999999999999999e-002 1.8000000000000002e-002 4.0000000000000001e-003  1.5655181054808340e-003
-1.7999999999999999e-002 2.1000000000000005e-002 4.0000000000000001e-003  1.5804616114794136e-003
-1.7999999999999999e-002 2.4000000000000007e-002 4.0000000000000001e-003  1.5936423507097158e-003
-1.7999999999999999e-002 2.7000000000000010e-002 4.0000000000000001e-003  1.6050707373366441e-003
-1.7999999999999999e-002 2.9999999999999999e-002 4.0000000000000001e-003  1.6147594803614181e-003
-1.7999999999999999e-002 3.3000000000000002e-002 4.0000000000000001e-003  1.6449665526306924e-003
-1.7999999999999999e-002 3.6000000000000004e-002 4.0000000000000001e-003  1.6888029814847252e-003
-1.7999999999999999e-002 3.9000000000000007e-002 4.0000000000000001e-003  1.7447607559086568e-003
-1.7999999999999999e-002 4.2000000000000010e-002 4.0000000000000001e-003  1.8141648820163632e-003
-1.7999999999999999e-002 4.4999999999999998e-002 4.0000000000000001e-003  1.8983801694593997e-003
-1.4999999999999999e-002 -4.4999999999999998e-002 4.0000000000000001e-003  2.0228909397829028e-003
-1.4999999999999999e-002 -4.1999999999999996e-002 4.0000000000000001e-003  1.9001130026918514e-003
-1.4999999999999999e-002 -3.9000000000000000e-002 4.0000000000000001e-003  1.7960587257532367e-003
-1.4999999999999999e-002 -3.5999999999999997e-002 4.0000000000000001e-003  1.7106491809690324e-003
-1.4999999999999999e-002 -3.3000000000000002e-002 4.0000000000000001e-003  1.6544037331187938e-003
-1.4999999999999999e-002 -2.9999999999999999e-002 4.0000000000000001e-003  1.6130786428568858e-003
-1.4999999999999999e-002 -2.6999999999999996e-002 4.0000000000000001e-003  1.5828158566455323e-003
-1.4999999999999999e-002 -2.3999999999999997e-002 4.0000000000000001e-003  1.5607893634357142e-003
-1.4999999999999999e-002 -2.0999999999999998e-002 4.0000000000000001e-003  1.5390642058162643e-003
-1.4999999999999999e-002 -1.7999999999999999e-002 4.0000000000000001e-003  1.5176307151303745e-003
-1.4999999999999999e-002 -1.4999999999999999e-002 4.0000000000000001e-003  1.5084645532900348e-003
-1.4999999999999999e-002 -1.1999999999999997e-002 4.0000000000000001e-003  1.5077939145117906e-003
-1.4999999999999999e-002 -8.9999999999999941e-003 4.0000000000000001e-003  1.5091404966985705e-003
-1.4999999999999999e-002 -5.9999999999999984e-003 4.0000000000000001e-003  1.5092731785100132e-003
-1.4999999999999999e-002 -2.9999999999999957e-003 4.0000000000000001e-003  1.5076991632739191e-003
-1.4999999999999999e-002 0.0000000000000000e+000 4.0000000000000001e-003  1.5069023479750605e-003
-1.4999999999999999e-002 3.0000000000000027e-003 4.0000000000000001e-003  1.5068939671443473e-003
-1.4999999999999999e-002 6.0000000000000053e-003 4.0000000000000001e-003  1.5076965883143981e-003
-1.4999999999999999e-002 9.0000000000000011e-003 4.0000000000000001e-003  1.5097787479052196e-003
-1.4999999999999999e-002 1.2000000000000004e-002 4.0000000000000001e-003  1.5161600773240338e-003
-1.4999999999999999e-002 1.4999999999999999e-002 4.0000000000000001e-003  1.5338794742072856e-003
-1.4999999999999999e-002 1.8000000000000002e-002 4.0000000000000001e-003  1.5492739048727920e-003
-1.4999999999999999e-002 2.1000000000000005e-002 4.0000000000000001e-003  1.5627725656953495e-003
-1.4999999999999999e-002 2.4000000000000007e-002 4.0000000000000001e-003  1.5745718914089045e-003
-1.4999999999999999e-002 2.7000000000000010e-002 4.0000000000000001e-003  1.5846274953381998e-003
-1.4999999999999999e-002 2.9999999999999999e-002 4.0000000000000001e-003  1.5929538786163412e-003
-1.4999999999999999e-002 3.3000000000000002e-002 4.0000000000000001e-003  1.6232131944661544e-003
-1.4999999999999999e-002 3.6000000000000004e-002 4.0000000000000001e-003  1.6670517126381142e-003
-1.4999999999999999e-002 3.9000000000000007e-002 4.0000000000000001e-003  1.7231257646756065e-003
-1.4999999999999999e-002 4.2000000000000010e-002 4.0000000000000001e-003  1.7928042430066403e-003
-1.4999999999999999e-002 4.4999999999999998e-002 4.0000000000000001e-003  1.8774958435969038e-003
-1.1999999999999997e-002 -4.4999999999999998e-002 4.0000000000000001e-003  2.0093728529665990e-003
-1.1999999999999997e-002 -4.1999999999999996e-002 4.0000000000000001e-003  1.8858817550537906e-003
-1.1999999999999997e-002 -3.9000000000000000e-002 4.0000000000000001e-003  1.7821765547328988e-003
-1.1999999999999997e-002 -3.5999999999999997e-002 4.0000000000000001e-003  1.7113089498092869e-003
-1.1999999999999997e-002 -3.3000000000000002e-002 4.0000000000000001e-003  1.6534838053542948e-003
-1.1999999999999997e-002 -2.9999999999999999e-002 4.0000000000000001e-003  1.6073240930723712e-003
-1.1999999999999997e-002 -2.6999999999999996e-002 4.0000000000000001e-003  1.5766196070587663e-003
-1.1999999999999997e-002 -2.3999999999999997e-002 4.0000000000000001e-003  1.5540660450314250e-003
-1.1999999999999997e-002 -2.0999999999999998e-002 4.0000000000000001e-003  1.5317123020523954e-003
-1.1999999999999997e-002 -1.7999999999999999e-002 4.0000000000000001e-003  1.5096665258318570e-003
-1.1999999999999997e-002 -1.4999999999999999e-002 4.0000000000000001e-003  1.5010948728650310e-003
-1.1999999999999997e-002 -1.1999999999999997e-002 4.0000000000000001e-003  1.4966328896369103e-003
-1.1999999999999997e-002 -8.9999999999999941e-003 4.0000000000000001e-003  1.4962708886395288e-003
-1.1999999999999997e-002 -5.9999999999999984e-003 4.0000000000000001e-003  1.4970275447177531e-003
-1.1999999999999997e-002 -2.9999999999999957e-003 4.0000000000000001e-003  1.4962676452240072e-003
-1.1999999999999997e-002 0.0000000000000000e+000 4.0000000000000001e-003  1.4945657890861861e-003
-1.1999999999999997e-002 3.0000000000000027e-003 4.0000000000000001e-003  1.4936519498193466e-003
-1.1999999999999997e-002 6.0000000000000053e-003 4.0000000000000001e-003  1.4935501120044235e-003
-1.1999999999999997e-002 9.0000000000000011e-003 4.0000000000000001e-003  1.4956071490770440e-003
-1.1999999999999997e-002 1.2000000000000004e-002 4.0000000000000001e-003  1.5022276890105583e-003
-1.1999999999999997e-002 1.4999999999999999e-002 4.0000000000000001e-003  1.5198411656945612e-003
-1.1999999999999997e-002 1.8000000000000002e-002 4.0000000000000001e-003  1.5351286210392072e-003
-1.1999999999999997e-002 2.1000000000000005e-002 4.0000000000000001e-003  1.5480935765624366e-003
-1.1999999999999997e-002 2.4000000000000007e-002 4.0000000000000001e-003  1.5586176136106553e-003
-1.1999999999999997e-002 2.7000000000000010e-002 4.0000000000000001e-003  1.5672959665936339e-003
-1.1999999999999997e-002 2.9999999999999999e-002 4.0000000000000001e-003  1.5742584889094787e-003
-1.1999999999999997e-002 3.3000000000000002e-002 4.0000000000000001e-003  1.6046199982502822e-003
-1.1999999999999997e-002 3.6000000000000004e-002 4.0000000000000001e-003  1.6484953585493946e-003
-1.1999999999999997e-002 3.9000000000000007e-002 4.0000000000000001e-003  1.7047362571353643e-003
-1.1999999999999997e-002 4.2000000000000010e-002 4.0000000000000001e-003  1.7747554727503354e-003
-1.1999999999999997e-002 4.4999999999999998e-002 4.0000000000000001e-003  1.8613911624946211e-003
-8.9999999999999941e-003 -4.4999999999999998e-002 4.0000000000000001e-003  1.9950608374643794e-003
-8.9999999999999941e-003 -4.1999999999999996e-002 4.0000000000000001e-003  1.8754890401846270e-003
-8.9999999999999941e-003 -3.9000000000000000e-002 4.0000000000000001e-003  1.7874639918207319e-003
-8.9999999999999941e-003 -3.5999999999999997e-002 4.0000000000000001e-003  1.7088313844587104e-003
-8.9999999999999941e-003 -3.3000000000000002e-002 4.0000000000000001e-003  1.6470899590602637e-003
-8.9999999999999941e-003 -2.9999999999999999e-002 4.0000000000000001e-003  1.6015543010738321e-003
-8.9999999999999941e-003 -2.6999999999999996e-002 4.0000000000000001e-003  1.5714363326950443e-003
-8.9999999999999941e-003 -2.3999999999999997e-002 4.0000000000000001e-003  1.5482527301373030e-003
-8.9999999999999941e-003 -2.0999999999999998e-002 4.0000000000000001e-003  1.5252659366901502e-003
-8.9999999999999941e-003 -1.7999999999999999e-002 4.0000000000000001e-003  1.5026045947152994e-003
-8.9999999999999941e-003 -1.4999999999999999e-002 4.0000000000000001e-003  1.4946391829931387e-003
-8.9999999999999941e-003 -1.1999999999999997e-002 4.0000000000000001e-003  1.4896560993820304e-003
-8.9999999999999941e-003 -8.9999999999999941e-003 4.0000000000000001e-003  1.4848669244487535e-003
-8.9999999999999941e-003 -5.9999999999999984e-003 4.0000000000000001e-003  1.4846994515386586e-003
-8.9999999999999941e-003 -2.9999999999999957e-003 4.0000000000000001e-003  1.4848365038131312e-003
-8.9999999999999941e-003 0.0000000000000000e+000 4.0000000000000001e-003  1.4832985410230309e-003
-8.9999999999999941e-003 3.0000000000000027e-003 4.0000000000000001e-003  1.4814771751106900e-003
-8.9999999999999941e-003 6.0000000000000053e-003 4.0000000000000001e-003  1.4804691955927942e-003
-8.9999999999999941e-003 9.0000000000000011e-003 4.0000000000000001e-003  1.4824950089460439e-003
-8.9999999999999941e-003 1.2000000000000004e-002 4.0000000000000001e-003  1.4893583633814858e-003
-8.9999999999999941e-003 1.4999999999999999e-002 4.0000000000000001e-003  1.5068647489947288e-003
-8.9999999999999941e-003 1.8000000000000002e-002 4.0000000000000001e-003  1.5220443223966458e-003
-8.9999999999999941e-003 2.1000000000000005e-002 4.0000000000000001e-003  1.5349015079382455e-003
-8.9999999999999941e-003 2.4000000000000007e-002 4.0000000000000001e-003  1.5454479023030441e-003
-8.9999999999999941e-003 2.7000000000000010e-002 4.0000000000000001e-003  1.5530732150847648e-003
-8.9999999999999941e-003 2.9999999999999999e-002 4.0000000000000001e-003  1.5586662188057439e-003
-8.9999999999999941e-003 3.3000000000000002e-002 4.0000000000000001e-003  1.5891854619726118e-003
-8.9999999999999941e-003 3.6000000000000004e-002 4.0000000000000001e-003  1.6331385282862339e-003
-8.9999999999999941e-003 3.9000000000000007e-002 4.0000000000000001e-003  1.6897620388037419e-003
-8.9999999999999941e-003 4.2000000000000010e-002 4.0000000000000001e-003  1.7629372130940728e-003
-8.9999999999999941e-003 4.4999999999999998e-002 4.0000000000000001e-003  1.8515671101779342e-003
-5.9999999999999984e-003 -4.4999999999999998e-002 4.0000000000000001e-003  1.9890073488064049e-003
-5.9999999999999984e-003 -4.1999999999999996e-002 4.0000000000000001e-003  1.8770508438293906e-003
-5.9999999999999984e-003 -3.9000000000000000e-002 4.0000000000000001e-003  1.7809440477825095e-003
-5.9999999999999984e-003 -3.5999999999999997e-002 4.0000000000000001e-003  1.7028168481766038e-003
-5.9999999999999984e-003 -3.3000000000000002e-002 4.0000000000000001e-003  1.6417247563200827e-003
-5.9999999999999984e-003 -2.9999999999999999e-002 4.0000000000000001e-003  1.5968033025987698e-003
-5.9999999999999984e-003 -2.6999999999999996e-002 4.0000000000000001e-003  1.5672680364759025e-003
-5.9999999999999984e-003 -2.3999999999999997e-002 4.0000000000000001e-003  1.5433485879368105e-003
-5.9999999999999984e-003 -2.0999999999999998e-002 4.0000000000000001e-003  1.5197231124189721e-003
-5.9999999999999984e-003 -1.7999999999999999e-002 4.0000000000000001e-003  1.4964417579761214e-003
-5.9999999999999984e-003 -1.4999999999999999e-002 4.0000000000000001e-003  1.4890948698815935e-003
-5.9999999999999984e-003 -1.1999999999999997e-002 4.0000000000000001e-003  1.4835908956557944e-003
-5.9999999999999984e-003 -8.9999999999999941e-003 4.0000000000000001e-003  1.4782690646905374e-003
-5.9999999999999984e-003 -5.9999999999999984e-003 4.0000000000000001e-003  1.4733839246143503e-003
-5.9999999999999984e-003 -2.9999999999999957e-003 4.0000000000000001e-003  1.4730395955113694e-003
-5.9999999999999984e-003 0.0000000000000000e+000 4.0000000000000001e-003  1.4725499254578179e-003
-5.9999999999999984e-003 3.0000000000000027e-003 4.0000000000000001e-003  1.4703691607650179e-003
-5.9999999999999984e-003 6.0000000000000053e-003 4.0000000000000001e-003  1.4684540276120933e-003
-5.9999999999999984e-003 9.0000000000000011e-003 4.0000000000000001e-003  1.4704424537966231e-003
-5.9999999999999984e-003 1.2000000000000004e-002 4.0000000000000001e-003  1.4775520385493662e-003
-5.9999999999999984e-003 1.4999999999999999e-002 4.0000000000000001e-003  1.4949504794682896e-003
-5.9999999999999984e-003 1.8000000000000002e-002 4.0000000000000001e-003  1.5100215815535567e-003
-5.9999999999999984e-003 2.1000000000000005e-002 4.0000000000000001e-003  1.5227706719892595e-003
-5.9999999999999984e-003 2.4000000000000007e-002 4.0000000000000001e-003  1.5332102502919926e-003
-5.9999999999999984e-003 2.7000000000000010e-002 4.0000000000000001e-003  1.5413599883108342e-003
-5.9999999999999984e-003 2.9999999999999999e-002 4.0000000000000001e-003  1.5461736893363890e-003
-5.9999999999999984e-003 3.3000000000000002e-002 4.0000000000000001e-003  1.5769123404318201e-003
-5.9999999999999984e-003 3.6000000000000004e-002 4.0000000000000001e-003  1.6222449745528565e-003
-5.9999999999999984e-003 3.9000000000000007e-002 4.0000000000000001e-003  1.6810993843621841e-003
-5.9999999999999984e-003 4.2000000000000010e-002 4.0000000000000001e-003  1.7542549649026886e-003
-5.9999999999999984e-003 4.4999999999999998e-002 4.0000000000000001e-003  1.8428756164989234e-003
-2.9999999999999957e-003 -4.4999999999999998e-002 4.0000000000000001e-003  1.9850847634536729e-003
-2.9999999999999957e-003 -4.1999999999999996e-002 4.0000000000000001e-003  1.8707161075052514e-003
-2.9999999999999957e-003 -3.9000000000000000e-002 4.0000000000000001e-003  1.7753115793386486e-003
-2.9999999999999957e-003 -3.5999999999999997e-002 4.0000000000000001e-003  1.6978502984524712e-003
-2.9999999999999957e-003 -3.3000000000000002e-002 4.0000000000000001e-003  1.6373914034227353e-003
-2.9999999999999957e-003 -2.9999999999999999e-002 4.0000000000000001e-003  1.5930740519028786e-003
-2.9999999999999957e-003 -2.6999999999999996e-002 4.0000000000000001e-003  1.5641174206237505e-003
-2.9999999999999957e-003 -2.3999999999999997e-002 4.0000000000000001e-003  1.5393533729897834e-003
-2.9999999999999957e-003 -2.0999999999999998e-002 4.0000000000000001e-003  1.5150824173046841e-003
-2.9999999999999957e-003 -1.7999999999999999e-002 4.0000000000000001e-003  1.4911754371861367e-003
-2.9999999999999957e-003 -1.4999999999999999e-002 4.0000000000000001e-003  1.4844601535607693e-003
-2.9999999999999957e-003 -1.1999999999999997e-002 4.0000000000000001e-003  1.4784352423512989e-003
-2.9999999999999957e-003 -8.9999999999999941e-003 4.0000000000000001e-003  1.4725815742968719e-003
-2.9999999999999957e-003 -5.9999999999999984e-003 4.0000000000000001e-003  1.4668759714253695e-003
-2.9999999999999957e-003 -2.9999999999999957e-003 4.0000000000000001e-003  1.4622559478043259e-003
-2.9999999999999957e-003 0.0000000000000000e+000 4.0000000000000001e-003  1.4612767184352257e-003
-2.9999999999999957e-003 3.0000000000000027e-003 4.0000000000000001e-003  1.4601757667003106e-003
-2.9999999999999957e-003 6.0000000000000053e-003 4.0000000000000001e-003  1.4575057071990389e-003
-2.9999999999999957e-003 9.0000000000000011e-003 4.0000000000000001e-003  1.4594505317820474e-003
-2.9999999999999957e-003 1.2000000000000004e-002 4.0000000000000001e-003  1.4668095668855514e-003
-2.9999999999999957e-003 1.4999999999999999e-002 4.0000000000000001e-003  1.4840995267345577e-003
-2.9999999999999957e-003 1.8000000000000002e-002 4.0000000000000001e-003  1.4990618853772183e-003
-2.9999999999999957e-003 2.1000000000000005e-002 4.0000000000000001e-003  1.5117028728307089e-003
-2.9999999999999957e-003 2.4000000000000007e-002 4.0000000000000001e-003  1.5220358914446990e-003
-2.9999999999999957e-003 2.7000000000000010e-002 4.0000000000000001e-003  1.5300815159013494e-003
-2.9999999999999957e-003 2.9999999999999999e-002 4.0000000000000001e-003  1.5371439464323710e-003
-2.9999999999999957e-003 3.3000000000000002e-002 4.0000000000000001e-003  1.5689154886119776e-003
-2.9999999999999957e-003 3.6000000000000004e-002 4.0000000000000001e-003  1.6146593489192755e-003
-2.9999999999999957e-003 3.9000000000000007e-002 4.0000000000000001e-003  1.6735167713320667e-003
-2.9999999999999957e-003 4.2000000000000010e-002 4.0000000000000001e-003  1.7466817611020236e-003
-2.9999999999999957e-003 4.4999999999999998e-002 4.0000000000000001e-003  1.8353208596621883e-003
0.0000000000000000e+000 -4.4999999999999998e-002 4.0000000000000001e-003  1.9826239700130211e-003
0.0000000000000000e+000 -4.1999999999999996e-002 4.0000000000000001e-003  1.8654843968135229e-003
0.0000000000000000e+000 -3.9000000000000000e-002 4.0000000000000001e-003  1.7707536784758160e-003
0.0000000000000000e+000 -3.5999999999999997e-002 4.0000000000000001e-003  1.6939358929094566e-003
0.0000000000000000e+000 -3.3000000000000002e-002 4.0000000000000001e-003  1.6340938059580740e-003
0.0000000000000000e+000 -2.9999999999999999e-002 4.0000000000000001e-003  1.5903702025427235e-003
0.0000000000000000e+000 -2.6999999999999996e-002 4.0000000000000001e-003  1.5617035686186372e-003
0.0000000000000000e+000 -2.3999999999999997e-002 4.0000000000000001e-003  1.5362674252324565e-003
0.0000000000000000e+000 -2.0999999999999998e-002 4.0000000000000001e-003  1.5113430247895015e-003
0.0000000000000000e+000 -1.7999999999999999e-002 4.0000000000000001e-003  1.4874672846640782e-003
0.0000000000000000e+000 -1.4999999999999999e-002 4.0000000000000001e-003  1.4807340878841696e-003
0.0000000000000000e+000 -1.1999999999999997e-002 4.0000000000000001e-003  1.4741879371847635e-003
0.0000000000000000e+000 -8.9999999999999941e-003 4.0000000000000001e-003  1.4678029948467005e-003
0.0000000000000000e+000 -5.9999999999999984e-003 4.0000000000000001e-003  1.4615591560120434e-003
0.0000000000000000e+000 -2.9999999999999957e-003 4.0000000000000001e-003  1.4554420486840641e-003
0.0000000000000000e+000 0.0000000000000000e+000 4.0000000000000001e-003  1.4510166698677050e-003
0.0000000000000000e+000 3.0000000000000027e-003 4.0000000000000001e-003  1.4494216237631685e-003
0.0000000000000000e+000 6.0000000000000053e-003 4.0000000000000001e-003  1.4476262440944758e-003
0.0000000000000000e+000 9.0000000000000011e-003 4.0000000000000001e-003  1.4495212129244611e-003
0.0000000000000000e+000 1.2000000000000004e-002 4.0000000000000001e-003  1.4571327150202096e-003
0.0000000000000000e+000 1.4999999999999999e-002 4.0000000000000001e-003  1.4743139746716497e-003
0.0000000000000000e+000 1.8000000000000002e-002 4.0000000000000001e-003  1.4891676349937071e-003
0.0000000000000000e+000 2.1000000000000005e-002 4.0000000000000001e-003  1.5017008288366297e-003
0.0000000000000000e+000 2.4000000000000007e-002 4.0000000000000001e-003  1.5126414392440052e-003
0.0000000000000000e+000 2.7000000000000010e-002 4.0000000000000001e-003  1.5236045245649837e-003
0.0000000000000000e+000 2.9999999999999999e-002 4.0000000000000001e-003  1.5316497259819522e-003
0.0000000000000000e+000 3.3000000000000002e-002 4.0000000000000001e-003  1.5629955174114938e-003
0.0000000000000000e+000 3.6000000000000004e-002 4.0000000000000001e-003  1.6020727782405369e-003
0.0000000000000000e+000 3.9000000000000007e-002 4.0000000000000001e-003  1.6670195825733444e-003
0.0000000000000000e+000 4.2000000000000010e-002 4.0000000000000001e-003  1.7402227488732161e-003
0.0000000000000000e+000 4.4999999999999998e-002 4.0000000000000001e-003  1.8289077511700464e-003
3.0000000000000027e-003 -4.4999999999999998e-002 4.0000000000000001e-003  1.9834512040021531e-003
3.0000000000000027e-003 -4.1999999999999996e-002 4.0000000000000001e-003  1.8680492154514545e-003
3.0000000000000027e-003 -3.9000000000000000e-002 4.0000000000000001e-003  1.7672754541513112e-003
3.0000000000000027e-003 -3.5999999999999997e-002 4.0000000000000001e-003  1.6910784884715730e-003
3.0000000000000027e-003 -3.3000000000000002e-002 4.0000000000000001e-003  1.6318365688168324e-003
3.0000000000000027e-003 -2.9999999999999999e-002 4.0000000000000001e-003  1.5886961073757525e-003
3.0000000000000027e-003 -2.6999999999999996e-002 4.0000000000000001e-003  1.5602095677339416e-003
3.0000000000000027e-003 -2.3999999999999997e-002 4.0000000000000001e-003  1.5340916699774514e-003
3.0000000000000027e-003 -2.0999999999999998e-002 4.0000000000000001e-003  1.5085046936920308e-003
3.0000000000000027e-003 -1.7999999999999999e-002 4.0000000000000001e-003  1.4851593128457352e-003
3.0000000000000027e-003 -1.4999999999999999e-002 4.0000000000000001e-003  1.4779165605284365e-003
3.0000000000000027e-003 -1.1999999999999997e-002 4.0000000000000001e-003  1.4708486116955498e-003
3.0000000000000027e-003 -8.9999999999999941e-003 4.0000000000000001e-003  1.4639327017421017e-003
3.0000000000000027e-003 -5.9999999999999984e-003 4.0000000000000001e-003  1.4571517989243356e-003
3.0000000000000027e-003 -2.9999999999999957e-003 4.0000000000000001e-003  1.4504946043597154e-003
3.0000000000000027e-003 0.0000000000000000e+000 4.0000000000000001e-003  1.4439555520269129e-003
3.0000000000000027e-003 3.0000000000000027e-003 4.0000000000000001e-003  1.4396797406618835e-003
3.0000000000000027e-003 6.0000000000000053e-003 4.0000000000000001e-003  1.4375105205235161e-003
3.0000000000000027e-003 9.0000000000000011e-003 4.0000000000000001e-003  1.4406573891148709e-003
3.0000000000000027e-003 1.2000000000000004e-002 4.0000000000000001e-003  1.4485241638423113e-003
3.0000000000000027e-003 1.4999999999999999e-002 4.0000000000000001e-003  1.4655968214165066e-003
3.0000000000000027e-003 1.8000000000000002e-002 4.0000000000000001e-003  1.4803661705560505e-003
3.0000000000000027e-003 2.1000000000000005e-002 4.0000000000000001e-003  1.4961794556632040e-003
3.0000000000000027e-003 2.4000000000000007e-002 4.0000000000000001e-003  1.5090515513781759e-003
3.0000000000000027e-003 2.7000000000000010e-002 4.0000000000000001e-003  1.5189916208341390e-003
3.0000000000000027e-003 2.9999999999999999e-002 4.0000000000000001e-003  1.5324272451898494e-003
3.0000000000000027e-003 3.3000000000000002e-002 4.0000000000000001e-003  1.5611398615305002e-003
3.0000000000000027e-003 3.6000000000000004e-002 4.0000000000000001e-003  1.5899276682764096e-003
3.0000000000000027e-003 3.9000000000000007e-002 4.0000000000000001e-003  1.6368541834761794e-003
3.0000000000000027e-003 4.2000000000000010e-002 4.0000000000000001e-003  1.7157170476384185e-003
3.0000000000000027e-003 4.4999999999999998e-002 4.0000000000000001e-003  1.8236419358225312e-003
6.0000000000000053e-003 -4.4999999999999998e-002 4.0000000000000001e-003  1.9794956810710034e-003
6.0000000000000053e-003 -4.1999999999999996e-002 4.0000000000000001e-003  1.8676084977320446e-003
6.0000000000000053e-003 -3.9000000000000000e-002 4.0000000000000001e-003  1.7705898179852418e-003
6.0000000000000053e-003 -3.5999999999999997e-002 4.0000000000000001e-003  1.6893114138226432e-003
6.0000000000000053e-003 -3.3000000000000002e-002 4.0000000000000001e-003  1.6306249961906107e-003
6.0000000000000053e-003 -2.9999999999999999e-002 4.0000000000000001e-003  1.5880568185602782e-003
6.0000000000000053e-003 -2.6999999999999996e-002 4.0000000000000001e-003  1.5596387525080805e-003
6.0000000000000053e-003 -2.3999999999999997e-002 4.0000000000000001e-003  1.5328276179137749e-003
6.0000000000000053e-003 -2.0999999999999998e-002 4.0000000000000001e-003  1.5065677682072677e-003
6.0000000000000053e-003 -1.7999999999999999e-002 4.0000000000000001e-003  1.4837622809406514e-003
6.0000000000000053e-003 -1.4999999999999999e-002 4.0000000000000001e-003  1.4760082929933410e-003
6.0000000000000053e-003 -1.1999999999999997e-002 4.0000000000000001e-003  1.4684177312461514e-003
6.0000000000000053e-003 -8.9999999999999941e-003 4.0000000000000001e-003  1.4609709042082866e-003
6.0000000000000053e-003 -5.9999999999999984e-003 4.0000000000000001e-003  1.4536538532501824e-003
6.0000000000000053e-003 -2.9999999999999957e-003 4.0000000000000001e-003  1.4464583526034762e-003
6.0000000000000053e-003 0.0000000000000000e+000 4.0000000000000001e-003  1.4393819093610287e-003
6.0000000000000053e-003 3.0000000000000027e-003 4.0000000000000001e-003  1.4324277634769141e-003
6.0000000000000053e-003 6.0000000000000053e-003 4.0000000000000001e-003  1.4300414314986267e-003
6.0000000000000053e-003 9.0000000000000011e-003 4.0000000000000001e-003  1.4334583346188288e-003
6.0000000000000053e-003 1.2000000000000004e-002 4.0000000000000001e-003  1.4409875084996470e-003
6.0000000000000053e-003 1.4999999999999999e-002 4.0000000000000001e-003  1.4609090892359732e-003
6.0000000000000053e-003 1.8000000000000002e-002 4.0000000000000001e-003  1.4786598096791781e-003
6.0000000000000053e-003 2.1000000000000005e-002 4.0000000000000001e-003  1.4934615855539020e-003
6.0000000000000053e-003 2.4000000000000007e-002 4.0000000000000001e-003  1.5098810964802754e-003
6.0000000000000053e-003 2.7000000000000010e-002 4.0000000000000001e-003  1.5259706353446055e-003
6.0000000000000053e-003 2.9999999999999999e-002 4.0000000000000001e-003  1.5397758614522292e-003
6.0000000000000053e-003 3.3000000000000002e-002 4.0000000000000001e-003  1.5692213648592344e-003
6.0000000000000053e-003 3.6000000000000004e-002 4.0000000000000001e-003  1.5971440384980116e-003
6.0000000000000053e-003 3.9000000000000007e-002 4.0000000000000001e-003  1.6361651015931991e-003
6.0000000000000053e-003 4.2000000000000010e-002 4.0000000000000001e-003  1.6956690043217510e-003
6.0000000000000053e-003 4.4999999999999998e-002 4.0000000000000001e-003  1.7773035945806424e-003
9.0000000000000011e-003 -4.4999999999999998e-002 4.0000000000000001e-003  1.9764799508500898e-003
9.0000000000000011e-003 -4.1999999999999996e-002 4.0000000000000001e-003  1.8661556809275658e-003
9.0000000000000011e-003 -3.9000000000000000e-002 4.0000000000000001e-003  1.7707979122851239e-003
9.0000000000000011e-003 -3.5999999999999997e-002 4.0000000000000001e-003  1.6894693725747266e-003
9.0000000000000011e-003 -3.3000000000000002e-002 4.0000000000000001e-003  1.6278348291427999e-003
9.0000000000000011e-003 -2.9999999999999999e-002 4.0000000000000001e-003  1.5884580875554907e-003
9.0000000000000011e-003 -2.6999999999999996e-002 4.0000000000000001e-003  1.5599943855004669e-003
9.0000000000000011e-003 -2.3999999999999997e-002 4.0000000000000001e-003  1.5324773651068336e-003
9.0000000000000011e-003 -2.0999999999999998e-002 4.0000000000000001e-003  1.5055331779065977e-003
9.0000000000000011e-003 -1.7999999999999999e-002 4.0000000000000001e-003  1.4832780004090090e-003
9.0000000000000011e-003 -1.4999999999999999e-002 4.0000000000000001e-003  1.4750108406017916e-003
9.0000000000000011e-003 -1.1999999999999997e-002 4.0000000000000001e-003  1.4668965950221909e-003
9.0000000000000011e-003 -8.9999999999999941e-003 4.0000000000000001e-003  1.4589186452936029e-003
9.0000000000000011e-003 -5.9999999999999984e-003 4.0000000000000001e-003  1.4510661059006457e-003
9.0000000000000011e-003 -2.9999999999999957e-003 4.0000000000000001e-003  1.4433338241891360e-003
9.0000000000000011e-003 0.0000000000000000e+000 4.0000000000000001e-003  1.4360302275053121e-003
9.0000000000000011e-003 3.0000000000000027e-003 4.0000000000000001e-003  1.4316467935483787e-003
9.0000000000000011e-003 6.0000000000000053e-003 4.0000000000000001e-003  1.4281677643989985e-003
9.0000000000000011e-003 9.0000000000000011e-003 4.0000000000000001e-003  1.4317106064245793e-003
9.0000000000000011e-003 1.2000000000000004e-002 4.0000000000000001e-003  1.4403825370454017e-003
9.0000000000000011e-003 1.4999999999999999e-002 4.0000000000000001e-003  1.4600802660496299e-003
9.0000000000000011e-003 1.8000000000000002e-002 4.0000000000000001e-003  1.4797553089693166e-003
9.0000000000000011e-003 2.1000000000000005e-002 4.0000000000000001e-003  1.5000939077647651e-003
9.0000000000000011e-003 2.4000000000000007e-002 4.0000000000000001e-003  1.5180337621428989e-003
9.0000000000000011e-003 2.7000000000000010e-002 4.0000000000000001e-003  1.5335842594310267e-003
9.0000000000000011e-003 2.9999999999999999e-002 4.0000000000000001e-003  1.5475944944095250e-003
9.0000000000000011e-003 3.3000000000000002e-002 4.0000000000000001e-003  1.5771550901369541e-003
9.0000000000000011e-003 3.6000000000000004e-002 4.0000000000000001e-003  1.6057457894080049e-003
9.0000000000000011e-003 3.9000000000000007e-002 4.0000000000000001e-003  1.6478195150221677e-003
9.0000000000000011e-003 4.2000000000000010e-002 4.0000000000000001e-003  1.7103190495174399e-003
9.0000000000000011e-003 4.4999999999999998e-002 4.0000000000000001e-003  1.7948417095535812e-003
1.2000000000000004e-002 -4.4999999999999998e-002 4.0000000000000001e-003  1.9743917231304733e-003
1.2000000000000004e-002 -4.1999999999999996e-002 4.0000000000000001e-003  1.8656513751763857e-003
1.2000000000000004e-002 -3.9000000000000000e-002 4.0000000000000001e-003  1.7718450616051398e-003
1.2000000000000004e-002 -3.5999999999999997e-002 4.0000000000000001e-003  1.6920379593166328e-003
1.2000000000000004e-002 -3.3000000000000002e-002 4.0000000000000001e-003  1.6253606266339784e-003
1.2000000000000004e-002 -2.9999999999999999e-002 4.0000000000000001e-003  1.5808220197118734e-003
1.2000000000000004e-002 -2.6999999999999996e-002 4.0000000000000001e-003  1.5602834702975138e-003
1.2000000000000004e-002 -2.3999999999999997e-002 4.0000000000000001e-003  1.5330435929984067e-003
1.2000000000000004e-002 -2.0999999999999998e-002 4.0000000000000001e-003  1.5054024377377916e-003
1.2000000000000004e-002 -1.7999999999999999e-002 4.0000000000000001e-003  1.4837091165341388e-003
1.2000000000000004e-002 -1.4999999999999999e-002 4.0000000000000001e-003  1.4749265924998295e-003
1.2000000000000004e-002 -1.1999999999999997e-002 4.0000000000000001e-003  1.4662873360324299e-003
1.2000000000000004e-002 -8.9999999999999941e-003 4.0000000000000001e-003  1.4577778018695306e-003
1.2000000000000004e-002 -5.9999999999999984e-003 4.0000000000000001e-003  1.4504875592734291e-003
1.2000000000000004e-002 -2.9999999999999957e-003 4.0000000000000001e-003  1.4447939063537360e-003
1.2000000000000004e-002 0.0000000000000000e+000 4.0000000000000001e-003  1.4396447794272637e-003
1.2000000000000004e-002 3.0000000000000027e-003 4.0000000000000001e-003  1.4350492029556407e-003
1.2000000000000004e-002 6.0000000000000053e-003 4.0000000000000001e-003  1.4310173763544829e-003
1.2000000000000004e-002 9.0000000000000011e-003 4.0000000000000001e-003  1.4310730352791324e-003
1.2000000000000004e-002 1.2000000000000004e-002 4.0000000000000001e-003  1.4419773532623097e-003
1.2000000000000004e-002 1.4999999999999999e-002 4.0000000000000001e-003  1.4665811613201333e-003
1.2000000000000004e-002 1.8000000000000002e-002 4.0000000000000001e-003  1.4887879806172210e-003
1.2000000000000004e-002 2.1000000000000005e-002 4.0000000000000001e-003  1.5085913025732526e-003
1.2000000000000004e-002 2.4000000000000007e-002 4.0000000000000001e-003  1.5259936488608587e-003
1.2000000000000004e-002 2.7000000000000010e-002 4.0000000000000001e-003  1.5410065714056319e-003
1.2000000000000004e-002 2.9999999999999999e-002 4.0000000000000001e-003  1.5552742228920418e-003
1.2000000000000004e-002 3.3000000000000002e-002 4.0000000000000001e-003  1.5849346423439049e-003
1.2000000000000004e-002 3.6000000000000004e-002 4.0000000000000001e-003  1.6143838074714736e-003
1.2000000000000004e-002 3.9000000000000007e-002 4.0000000000000001e-003  1.6594948441354279e-003
1.2000000000000004e-002 4.2000000000000010e-002 4.0000000000000001e-003  1.7249723355435744e-003
1.2000000000000004e-002 4.4999999999999998e-002 4.0000000000000001e-003  1.8123630671184501e-003
1.4999999999999999e-002 -4.4999999999999998e-002 4.0000000000000001e-003  1.9732281132262856e-003
1.4999999999999999e-002 -4.1999999999999996e-002 4.0000000000000001e-003  1.8660933196570145e-003
1.4999999999999999e-002 -3.9000000000000000e-002 4.0000000000000001e-003  1.7738573183258923e-003
1.4999999999999999e-002 -3.5999999999999997e-002 4.0000000000000001e-003  1.6955877353807478e-003
1.4999999999999999e-002 -3.3000000000000002e-002 4.0000000000000001e-003  1.6304175783926319e-003
1.4999999999999999e-002 -2.9999999999999999e-002 4.0000000000000001e-003  1.5775452363558141e-003
1.4999999999999999e-002 -2.6999999999999996e-002 4.0000000000000001e-003  1.5475682077248051e-003
1.4999999999999999e-002 -2.3999999999999997e-002 4.0000000000000001e-003  1.5304546615847060e-003
1.4999999999999999e-002 -2.0999999999999998e-002 4.0000000000000001e-003  1.5061776480250115e-003
1.4999999999999999e-002 -1.7999999999999999e-002 4.0000000000000001e-003  1.4850591084224886e-003
1.4999999999999999e-002 -1.4999999999999999e-002 4.0000000000000001e-003  1.4757587716566253e-003
1.4999999999999999e-002 -1.1999999999999997e-002 4.0000000000000001e-003  1.4680234900960130e-003
1.4999999999999999e-002 -8.9999999999999941e-003 4.0000000000000001e-003  1.4610233190476293e-003
1.4999999999999999e-002 -5.9999999999999984e-003 4.0000000000000001e-003  1.4545632833423380e-003
1.4999999999999999e-002 -2.9999999999999957e-003 4.0000000000000001e-003  1.4486504536624738e-003
1.4999999999999999e-002 0.0000000000000000e+000 4.0000000000000001e-003  1.4432930756443677e-003
1.4999999999999999e-002 3.0000000000000027e-003 4.0000000000000001e-003  1.4406164373483763e-003
1.4999999999999999e-002 6.0000000000000053e-003 4.0000000000000001e-003  1.4391433151578720e-003
1.4999999999999999e-002 9.0000000000000011e-003 4.0000000000000001e-003  1.4509121150085280e-003
1.4999999999999999e-002 1.2000000000000004e-002 4.0000000000000001e-003  1.4663306367156896e-003
1.4999999999999999e-002 1.4999999999999999e-002 4.0000000000000001e-003  1.4759483519326646e-003
1.4999999999999999e-002 1.8000000000000002e-002 4.0000000000000001e-003  1.4976238587383411e-003
1.4999999999999999e-002 2.1000000000000005e-002 4.0000000000000001e-003  1.5168920131606891e-003
1.4999999999999999e-002 2.4000000000000007e-002 4.0000000000000001e-003  1.5337575014706141e-003
1.4999999999999999e-002 2.7000000000000010e-002 4.0000000000000001e-003  1.5482340401919738e-003
1.4999999999999999e-002 2.9999999999999999e-002 4.0000000000000001e-003  1.5628093484473565e-003
1.4999999999999999e-002 3.3000000000000002e-002 4.0000000000000001e-003  1.5925549892136740e-003
1.4999999999999999e-002 3.6000000000000004e-002 4.0000000000000001e-003  1.6230544698705341e-003
1.4999999999999999e-002 3.9000000000000007e-002 4.0000000000000001e-003  1.6711898427520463e-003
1.4999999999999999e-002 4.2000000000000010e-002 4.0000000000000001e-003  1.7396299928561733e-003
1.4999999999999999e-002 4.4999999999999998e-002 4.0000000000000001e-003  1.8298711743682263e-003
1.8000000000000002e-002 -4.4999999999999998e-002 4.0000000000000001e-003  1.9729956419747259e-003
1.8000000000000002e-002 -4.1999999999999996e-002 4.0000000000000001e-003  1.8674886590710395e-003
1.8000000000000002e-002 -3.9000000000000000e-002 4.0000000000000001e-003  1.7768424510133480e-003
1.8000000000000002e-002 -3.5999999999999997e-002 4.0000000000000001e-003  1.7001270931974190e-003
1.8000000000000002e-002 -3.3000000000000002e-002 4.0000000000000001e-003  1.6364780424422353e-003
1.8000000000000002e-002 -2.9999999999999999e-002 4.0000000000000001e-003  1.5850961369900185e-003
1.8000000000000002e-002 -2.6999999999999996e-002 4.0000000000000001e-003  1.5452475965061724e-003
1.8000000000000002e-002 -2.3999999999999997e-002 4.0000000000000001e-003  1.5235508282940859e-003
1.8000000000000002e-002 -2.0999999999999998e-002 4.0000000000000001e-003  1.5024861869898771e-003
1.8000000000000002e-002 -1.7999999999999999e-002 4.0000000000000001e-003  1.4886517571187073e-003
1.8000000000000002e-002 -1.4999999999999999e-002 4.0000000000000001e-003  1.4803374173424538e-003
1.8000000000000002e-002 -1.1999999999999997e-002 4.0000000000000001e-003  1.4725632630980981e-003
1.8000000000000002e-002 -8.9999999999999941e-003 4.0000000000000001e-003  1.4653344112886886e-003
1.8000000000000002e-002 -5.9999999999999984e-003 4.0000000000000001e-003  1.4593285886573568e-003
1.8000000000000002e-002 -2.9999999999999957e-003 4.0000000000000001e-003  1.4569919212686624e-003
1.8000000000000002e-002 0.0000000000000000e+000 4.0000000000000001e-003  1.4553596872635868e-003
1.8000000000000002e-002 3.0000000000000027e-003 4.0000000000000001e-003  1.4544479424501171e-003
1.8000000000000002e-002 6.0000000000000053e-003 4.0000000000000001e-003  1.4542729113205290e-003
1.8000000000000002e-002 9.0000000000000011e-003 4.0000000000000001e-003  1.4642982931364194e-003
1.8000000000000002e-002 1.2000000000000004e-002 4.0000000000000001e-003  1.4832612597990907e-003
1.8000000000000002e-002 1.4999999999999999e-002 4.0000000000000001e-003  1.4980458926013801e-003
1.8000000000000002e-002 1.8000000000000002e-002 4.0000000000000001e-003  1.5062614447549983e-003
1.8000000000000002e-002 2.1000000000000005e-002 4.0000000000000001e-003  1.5249942650365021e-003
1.8000000000000002e-002 2.4000000000000007e-002 4.0000000000000001e-003  1.5413232695686903e-003
1.8000000000000002e-002 2.7000000000000010e-002 4.0000000000000001e-003  1.5552643394736963e-003
1.8000000000000002e-002 2.9999999999999999e-002 4.0000000000000001e-003  1.5701955353763905e-003
1.8000000000000002e-002 3.3000000000000002e-002 4.0000000000000001e-003  1.6000124612331613e-003
1.8000000000000002e-002 3.6000000000000004e-002 4.0000000000000001e-003  1.6317557977485867e-003
1.8000000000000002e-002 3.9000000000000007e-002 4.0000000000000001e-003  1.6829049086523841e-003
1.8000000000000002e-002 4.2000000000000010e-002 4.0000000000000001e-003  1.7542947958725480e-003
1.8000000000000002e-002 4.4999999999999998e-002 4.0000000000000001e-003  1.8511164202949684e-003
2.1000000000000005e-002 -4.4999999999999998e-002 4.0000000000000001e-003  1.9737102357360627e-003
2.1000000000000005e-002 -4.1999999999999996e-002 4.0000000000000001e-003  1.8698539436431036e-003
2.1000000000000005e-002 -3.9000000000000000e-002 4.0000000000000001e-003  1.7808176337565315e-003
2.1000000000000005e-002 -3.5999999999999997e-002 4.0000000000000001e-003  1.7088493879387975e-003
2.1000000000000005e-002 -3.3000000000000002e-002 4.0000000000000001e-003  1.6495702910543884e-003
2.1000000000000005e-002 -2.9999999999999999e-002 4.0000000000000001e-003  1.6010927200697488e-003
2.1000000000000005e-002 -2.6999999999999996e-002 4.0000000000000001e-003  1.5626966851580554e-003
2.1000000000000005e-002 -2.3999999999999997e-002 4.0000000000000001e-003  1.5337139545737904e-003
2.1000000000000005e-002 -2.0999999999999998e-002 4.0000000000000001e-003  1.5140588349521992e-003
2.1000000000000005e-002 -1.7999999999999999e-002 4.0000000000000001e-003  1.4966958406156870e-003
2.1000000000000005e-002 -1.4999999999999999e-002 4.0000000000000001e-003  1.4851099669115843e-003
2.1000000000000005e-002 -1.1999999999999997e-002 4.0000000000000001e-003  1.4798082106095068e-003
2.1000000000000005e-002 -8.9999999999999941e-003 4.0000000000000001e-003  1.4773111147313547e-003
2.1000000000000005e-002 -5.9999999999999984e-003 4.0000000000000001e-003  1.4755318148559327e-003
2.1000000000000005e-002 -2.9999999999999957e-003 4.0000000000000001e-003  1.4744853279976980e-003
2.1000000000000005e-002 0.0000000000000000e+000 4.0000000000000001e-003  1.4741868398553807e-003
2.1000000000000005e-002 3.0000000000000027e-003 4.0000000000000001e-003  1.4746517048119941e-003
2.1000000000000005e-002 6.0000000000000053e-003 4.0000000000000001e-003  1.4758954459348380e-003
2.1000000000000005e-002 9.0000000000000011e-003 4.0000000000000001e-003  1.4842914742565529e-003
2.1000000000000005e-002 1.2000000000000004e-002 4.0000000000000001e-003  1.4990960165397224e-003
2.1000000000000005e-002 1.4999999999999999e-002 4.0000000000000001e-003  1.5127023631390246e-003
2.1000000000000005e-002 1.8000000000000002e-002 4.0000000000000001e-003  1.5245883649914779e-003
2.1000000000000005e-002 2.1000000000000005e-002 4.0000000000000001e-003  1.5333085773406390e-003
2.1000000000000005e-002 2.4000000000000007e-002 4.0000000000000001e-003  1.5486901075117002e-003
2.1000000000000005e-002 2.7000000000000010e-002 4.0000000000000001e-003  1.5620963476945214e-003
2.1000000000000005e-002 2.9999999999999999e-002 4.0000000000000001e-003  1.5774298107333782e-003
2.1000000000000005e-002 3.3000000000000002e-002 4.0000000000000001e-003  1.6073047516426018e-003
2.1000000000000005e-002 3.6000000000000004e-002 4.0000000000000001e-003  1.6404874562103223e-003
2.1000000000000005e-002 3.9000000000000007e-002 4.0000000000000001e-003  1.6946420835780706e-003
2.1000000000000005e-002 4.2000000000000010e-002 4.0000000000000001e-003  1.7651393113917344e-003
2.1000000000000005e-002 4.4999999999999998e-002 4.0000000000000001e-003  1.8653159505784105e-003
2.4000000000000007e-002 -4.4999999999999998e-002 4.0000000000000001e-003  2.0130462774210971e-003
2.4000000000000007e-002 -4.1999999999999996e-002 4.0000000000000001e-003  1.9127713840816742e-003
2.4000000000000007e-002 -3.9000000000000000e-002 4.0000000000000001e-003  1.8252239987473357e-003
2.4000000000000007e-002 -3.5999999999999997e-002 4.0000000000000001e-003  1.7503053710034371e-003
2.4000000000000007e-002 -3.3000000000000002e-002 4.0000000000000001e-003  1.6871706269190184e-003
2.4000000000000007e-002 -2.9999999999999999e-002 4.0000000000000001e-003  1.6350264526778303e-003
2.4000000000000007e-002 -2.6999999999999996e-002 4.0000000000000001e-003  1.5931310945783350e-003
2.4000000000000007e-002 -2.3999999999999997e-002 4.0000000000000001e-003  1.5607943590336822e-003
2.4000000000000007e-002 -2.0999999999999998e-002 4.0000000000000001e-003  1.5375023329330863e-003
2.4000000000000007e-002 -1.7999999999999999e-002 4.0000000000000001e-003  1.5199491412087637e-003
2.4000000000000007e-002 -1.4999999999999999e-002 4.0000000000000001e-003  1.5042389299885523e-003
2.4000000000000007e-002 -1.1999999999999997e-002 4.0000000000000001e-003  1.4996612320487997e-003
2.4000000000000007e-002 -8.9999999999999941e-003 4.0000000000000001e-003  1.4984884980652009e-003
2.4000000000000007e-002 -5.9999999999999984e-003 4.0000000000000001e-003  1.4980827047922113e-003
2.4000000000000007e-002 -2.9999999999999957e-003 4.0000000000000001e-003  1.4984581678192991e-003
2.4000000000000007e-002 0.0000000000000000e+000 4.0000000000000001e-003  1.4996293714202268e-003
2.4000000000000007e-002 3.0000000000000027e-003 4.0000000000000001e-003  1.5016109685530316e-003
2.4000000000000007e-002 6.0000000000000053e-003 4.0000000000000001e-003  1.5044177808600323e-003
2.4000000000000007e-002 9.0000000000000011e-003 4.0000000000000001e-003  1.5113112355725096e-003
2.4000000000000007e-002 1.2000000000000004e-002 4.0000000000000001e-003  1.5216517762503541e-003
2.4000000000000007e-002 1.4999999999999999e-002 4.0000000000000001e-003  1.5310188341259284e-003
2.4000000000000007e-002 1.8000000000000002e-002 4.0000000000000001e-003  1.5392273502645270e-003
2.4000000000000007e-002 2.1000000000000005e-002 4.0000000000000001e-003  1.5461211246240710e-003
2.4000000000000007e-002 2.4000000000000007e-002 4.0000000000000001e-003  1.5564991684558346e-003
2.4000000000000007e-002 2.7000000000000010e-002 4.0000000000000001e-003  1.5687301480582540e-003
2.4000000000000007e-002 2.9999999999999999e-002 4.0000000000000001e-003  1.5845105643258800e-003
2.4000000000000007e-002 3.3000000000000002e-002 4.0000000000000001e-003  1.6144309164355536e-003
2.4000000000000007e-002 3.6000000000000004e-002 4.0000000000000001e-003  1.6492507543216948e-003
2.4000000000000007e-002 3.9000000000000007e-002 4.0000000000000001e-003  1.6967967028306446e-003
2.4000000000000007e-002 4.2000000000000010e-002 4.0000000000000001e-003  1.7685939843015662e-003
2.4000000000000007e-002 4.4999999999999998e-002 4.0000000000000001e-003  1.8722441322764798e-003
2.7000000000000010e-002 -4.4999999999999998e-002 4.0000000000000001e-003  2.0400721027878594e-003
2.7000000000000010e-002 -4.1999999999999996e-002 4.0000000000000001e-003  1.9540527032171477e-003
2.7000000000000010e-002 -3.9000000000000000e-002 4.0000000000000001e-003  1.8644304502251560e-003
2.7000000000000010e-002 -3.5999999999999997e-002 4.0000000000000001e-003  1.7876924065478232e-003
2.7000000000000010e-002 -3.3000000000000002e-002 4.0000000000000001e-003  1.7231430131368357e-003
2.7000000000000010e-002 -2.9999999999999999e-002 4.0000000000000001e-003  1.6701085661514840e-003
2.7000000000000010e-002 -2.6999999999999996e-002 4.0000000000000001e-003  1.6263961769813560e-003
2.7000000000000010e-002 -2.3999999999999997e-002 4.0000000000000001e-003  1.5916058643593370e-003
2.7000000000000010e-002 -2.0999999999999998e-002 4.0000000000000001e-003  1.5659238549728058e-003
2.7000000000000010e-002 -1.7999999999999999e-002 4.0000000000000001e-003  1.5479679181607951e-003
2.7000000000000010e-002 -1.4999999999999999e-002 4.0000000000000001e-003  1.5358430414007041e-003
2.7000000000000010e-002 -1.1999999999999997e-002 4.0000000000000001e-003  1.5274416046101229e-003
2.7000000000000010e-002 -8.9999999999999941e-003 4.0000000000000001e-003  1.5262651784535917e-003
2.7000000000000010e-002 -5.9999999999999984e-003 4.0000000000000001e-003  1.5273841023524855e-003
2.7000000000000010e-002 -2.9999999999999957e-003 4.0000000000000001e-003  1.5293369023599730e-003
2.7000000000000010e-002 0.0000000000000000e+000 4.0000000000000001e-003  1.5321373613248429e-003
2.7000000000000010e-002 3.0000000000000027e-003 4.0000000000000001e-003  1.5357994307801518e-003
2.7000000000000010e-002 6.0000000000000053e-003 4.0000000000000001e-003  1.5403372309432434e-003
2.7000000000000010e-002 9.0000000000000011e-003 4.0000000000000001e-003  1.5458721196133164e-003
2.7000000000000010e-002 1.2000000000000004e-002 4.0000000000000001e-003  1.5513988102216169e-003
2.7000000000000010e-002 1.4999999999999999e-002 4.0000000000000001e-003  1.5561995132716284e-003
2.7000000000000010e-002 1.8000000000000002e-002 4.0000000000000001e-003  1.5600744847147356e-003
2.7000000000000010e-002 2.1000000000000005e-002 4.0000000000000001e-003  1.5628528393949450e-003
2.7000000000000010e-002 2.4000000000000007e-002 4.0000000000000001e-003  1.5643925510488799e-003
2.7000000000000010e-002 2.7000000000000010e-002 4.0000000000000001e-003  1.5745490521335036e-003
2.7000000000000010e-002 2.9999999999999999e-002 4.0000000000000001e-003  1.5914375487147835e-003
2.7000000000000010e-002 3.3000000000000002e-002 4.0000000000000001e-003  1.6222956239904458e-003
2.7000000000000010e-002 3.6000000000000004e-002 4.0000000000000001e-003  1.6585294508416582e-003
2.7000000000000010e-002 3.9000000000000007e-002 4.0000000000000001e-003  1.7036230309165142e-003
2.7000000000000010e-002 4.2000000000000010e-002 4.0000000000000001e-003  1.7781958993706173e-003
2.7000000000000010e-002 4.4999999999999998e-002 4.0000000000000001e-003  1.8844240909445141e-003
2.9999999999999999e-002 -4.4999999999999998e-002 4.0000000000000001e-003  2.0930264520326088e-003
2.9999999999999999e-002 -4.1999999999999996e-002 4.0000000000000001e-003  1.9946546461005964e-003
2.9999999999999999e-002 -3.9000000000000000e-002 4.0000000000000001e-003  1.9193254275226264e-003
2.9999999999999999e-002 -3.5999999999999997e-002 4.0000000000000001e-003  1.8410601856326243e-003
2.9999999999999999e-002 -3.3000000000000002e-002 4.0000000000000001e-003  1.7699172008313864e-003
2.9999999999999999e-002 -2.9999999999999999e-002 4.0000000000000001e-003  1.7103338084134324e-003
2.9999999999999999e-002 -2.6999999999999996e-002 4.0000000000000001e-003  1.6616704281936178e-003
2.9999999999999999e-002 -2.3999999999999997e-002 4.0000000000000001e-003  1.6233093351943929e-003
2.9999999999999999e-002 -2.0999999999999998e-002 4.0000000000000001e-003  1.5946546596458226e-003
2.9999999999999999e-002 -1.7999999999999999e-002 4.0000000000000001e-003  1.5751323869855744e-003
2.9999999999999999e-002 -1.4999999999999999e-002 4.0000000000000001e-003  1.5688936430527018e-003
2.9999999999999999e-002 -1.1999999999999997e-002 4.0000000000000001e-003  1.5640202422934236e-003
2.9999999999999999e-002 -8.9999999999999941e-003 4.0000000000000001e-003  1.5617083996639369e-003
2.9999999999999999e-002 -5.9999999999999984e-003 4.0000000000000001e-003  1.5639293044109610e-003
2.9999999999999999e-002 -2.9999999999999957e-003 4.0000000000000001e-003  1.5676384462341376e-003
2.9999999999999999e-002 0.0000000000000000e+000 4.0000000000000001e-003  1.5722513419238492e-003
2.9999999999999999e-002 3.0000000000000027e-003 4.0000000000000001e-003  1.5777812415881825e-003
2.9999999999999999e-002 6.0000000000000053e-003 4.0000000000000001e-003  1.5842415640195053e-003
2.9999999999999999e-002 9.0000000000000011e-003 4.0000000000000001e-003  1.5885836342334695e-003
2.9999999999999999e-002 1.2000000000000004e-002 4.0000000000000001e-003  1.5889023550696095e-003
2.9999999999999999e-002 1.4999999999999999e-002 4.0000000000000001e-003  1.5887653659538256e-003
2.9999999999999999e-002 1.8000000000000002e-002 4.0000000000000001e-003  1.5879582377235956e-003
2.9999999999999999e-002 2.1000000000000005e-002 4.0000000000000001e-003  1.5862954001090073e-003
2.9999999999999999e-002 2.4000000000000007e-002 4.0000000000000001e-003  1.5852925888415459e-003
2.9999999999999999e-002 2.7000000000000010e-002 4.0000000000000001e-003  1.6027572698133808e-003
2.9999999999999999e-002 2.9999999999999999e-002 4.0000000000000001e-003  1.6187125549973144e-003
2.9999999999999999e-002 3.3000000000000002e-002 4.0000000000000001e-003  1.6508312663312745e-003
2.9999999999999999e-002 3.6000000000000004e-002 4.0000000000000001e-003  1.7187112845221840e-003
2.9999999999999999e-002 3.9000000000000007e-002 4.0000000000000001e-003  1.7609081654796574e-003
2.9999999999999999e-002 4.2000000000000010e-002 4.0000000000000001e-003  1.8272885960015667e-003
2.9999999999999999e-002 4.4999999999999998e-002 4.0000000000000001e-003  1.9230336274684064e-003
3.3000000000000002e-002 -4.4999999999999998e-002 4.0000000000000001e-003  2.1957108463187673e-003
3.3000000000000002e-002 -4.1999999999999996e-002 4.0000000000000001e-003  2.0448279483241956e-003
3.3000000000000002e-002 -3.9000000000000000e-002 4.0000000000000001e-003  1.9778370380382441e-003
3.3000000000000002e-002 -3.5999999999999997e-002 4.0000000000000001e-003  1.9125044832666801e-003
3.3000000000000002e-002 -3.3000000000000002e-002 4.0000000000000001e-003  1.8470521258945019e-003
3.3000000000000002e-002 -2.9999999999999999e-002 4.0000000000000001e-003  1.7809240008371955e-003
3.3000000000000002e-002 -2.6999999999999996e-002 4.0000000000000001e-003  1.7257779511971156e-003
3.3000000000000002e-002 -2.3999999999999997e-002 4.0000000000000001e-003  1.6810085204446591e-003
3.3000000000000002e-002 -2.0999999999999998e-002 4.0000000000000001e-003  1.6460321072578419e-003
3.3000000000000002e-002 -1.7999999999999999e-002 4.0000000000000001e-003  1.6202869655222831e-003
3.3000000000000002e-002 -1.4999999999999999e-002 4.0000000000000001e-003  1.6105658832557684e-003
3.3000000000000002e-002 -1.1999999999999997e-002 4.0000000000000001e-003  1.6029730042521554e-003
3.3000000000000002e-002 -8.9999999999999941e-003 4.0000000000000001e-003  1.6043995049978385e-003
3.3000000000000002e-002 -5.9999999999999984e-003 4.0000000000000001e-003  1.6082927361819120e-003
3.3000000000000002e-002 -2.9999999999999957e-003 4.0000000000000001e-003  1.6139701670440968e-003
3.3000000000000002e-002 0.0000000000000000e+000 4.0000000000000001e-003  1.6206022985597627e-003
3.3000000000000002e-002 3.0000000000000027e-003 4.0000000000000001e-003  1.6282110040598532e-003
3.3000000000000002e-002 6.0000000000000053e-003 4.0000000000000001e-003  1.6368090009117521e-003
3.3000000000000002e-002 9.0000000000000011e-003 4.0000000000000001e-003  1.6401502526129218e-003
3.3000000000000002e-002 1.2000000000000004e-002 4.0000000000000001e-003  1.6348226127358828e-003
3.3000000000000002e-002 1.4999999999999999e-002 4.0000000000000001e-003  1.6293323228756770e-003
3.3000000000000002e-002 1.8000000000000002e-002 4.0000000000000001e-003  1.6234502687558629e-003
3.3000000000000002e-002 2.1000000000000005e-002 4.0000000000000001e-003  1.6169761949926162e-003
3.3000000000000002e-002 2.4000000000000007e-002 4.0000000000000001e-003  1.6360787782477317e-003
3.3000000000000002e-002 2.7000000000000010e-002 4.0000000000000001e-003  1.6541063263545968e-003
3.3000000000000002e-002 2.9999999999999999e-002 4.0000000000000001e-003  1.6642738683001097e-003
3.3000000000000002e-002 3.3000000000000002e-002 4.0000000000000001e-003  1.6875475060321088e-003
3.3000000000000002e-002 3.6000000000000004e-002 4.0000000000000001e-003  1.7642256377438420e-003
3.3000000000000002e-002 3.9000000000000007e-002 4.0000000000000001e-003  1.8001930648721064e-003
3.3000000000000002e-002 4.2000000000000010e-002 4.0000000000000001e-003  1.8656756554952878e-003
3.3000000000000002e-002 4.4999999999999998e-002 4.0000000000000001e-003  1.9626607501735255e-003
3.6000000000000004e-002 -4.4999999999999998e-002 4.0000000000000001e-003  2.3080171403710480e-003
3.6000000000000004e-002 -4.1999999999999996e-002 4.0000000000000001e-003  2.1332742979094637e-003
3.6000000000000004e-002 -3.9000000000000000e-002 4.0000000000000001e-003  2.0453941569292095e-003
3.6000000000000004e-002 -3.5999999999999997e-002 4.0000000000000001e-003  1.9894168272529917e-003
3.6000000000000004e-002 -3.3000000000000002e-002 4.0000000000000001e-003  1.9340929710212832e-003
3.6000000000000004e-002 -2.9999999999999999e-002 4.0000000000000001e-003  1.8793526735159610e-003
3.6000000000000004e-002 -2.6999999999999996e-002 4.0000000000000001e-003  1.8217172859254535e-003
3.6000000000000004e-002 -2.3999999999999997e-002 4.0000000000000001e-003  1.7705563370488109e-003
3.6000000000000004e-002 -2.0999999999999998e-002 4.0000000000000001e-003  1.7292801546662873e-003
3.6000000000000004e-002 -1.7999999999999999e-002 4.0000000000000001e-003  1.6973392611114386e-003
3.6000000000000004e-002 -1.4999999999999999e-002 4.0000000000000001e-003  1.6791146670543000e-003
3.6000000000000004e-002 -1.1999999999999997e-002 4.0000000000000001e-003  1.6733113924933451e-003
3.6000000000000004e-002 -8.9999999999999941e-003 4.0000000000000001e-003  1.6568303994871920e-003
3.6000000000000004e-002 -5.9999999999999984e-003 4.0000000000000001e-003  1.6583764603024939e-003
3.6000000000000004e-002 -2.9999999999999957e-003 4.0000000000000001e-003  1.6686601769227800e-003
3.6000000000000004e-002 0.0000000000000000e+000 4.0000000000000001e-003  1.6779116695630027e-003
3.6000000000000004e-002 3.0000000000000027e-003 4.0000000000000001e-003  1.6878337742657853e-003
3.6000000000000004e-002 6.0000000000000053e-003 4.0000000000000001e-003  1.6988082154308212e-003
3.6000000000000004e-002 9.0000000000000011e-003 4.0000000000000001e-003  1.7013714132570841e-003
3.6000000000000004e-002 1.2000000000000004e-002 4.0000000000000001e-003  1.6899147504874582e-003
3.6000000000000004e-002 1.4999999999999999e-002 4.0000000000000001e-003  1.6786112800658021e-003
3.6000000000000004e-002 1.8000000000000002e-002 4.0000000000000001e-003  1.6672172026017595e-003
3.6000000000000004e-002 2.1000000000000005e-002 4.0000000000000001e-003  1.6817454462241821e-003
3.6000000000000004e-002 2.4000000000000007e-002 4.0000000000000001e-003  1.7018387635726079e-003
3.6000000000000004e-002 2.7000000000000010e-002 4.0000000000000001e-003  1.7203137640727456e-003
3.6000000000000004e-002 2.9999999999999999e-002 4.0000000000000001e-003  1.7191933514193109e-003
3.6000000000000004e-002 3.3000000000000002e-002 4.0000000000000001e-003  1.7515571527712990e-003
3.6000000000000004e-002 3.6000000000000004e-002 4.0000000000000001e-003  1.8102652463697214e-003
3.6000000000000004e-002 3.9000000000000007e-002 4.0000000000000001e-003  1.8593937093328110e-003
3.6000000000000004e-002 4.2000000000000010e-002 4.0000000000000001e-003  1.9270282609613941e-003
3.6000000000000004e-002 4.4999999999999998e-002 4.0000000000000001e-003  2.0254007755724970e-003
3.9000000000000007e-002 -4.4999999999999998e-002 4.0000000000000001e-003  2.4063829759799742e-003
3.9000000000000007e-002 -4.1999999999999996e-002 4.0000000000000001e-003  2.1761719961017794e-003
3.9000000000000007e-002 -3.9000000000000000e-002 4.0000000000000001e-003  2.1277224923225875e-003
3.9000000000000007e-002 -3.5999999999999997e-002 4.0000000000000001e-003  2.0758206493243260e-003
3.9000000000000007e-002 -3.3000000000000002e-002 4.0000000000000001e-003  2.0299358938668812e-003
3.9000000000000007e-002 -2.9999999999999999e-002 4.0000000000000001e-003  1.9844992055155011e-003
3.9000000000000007e-002 -2.6999999999999996e-002 4.0000000000000001e-003  1.9394532349228603e-003
3.9000000000000007e-002 -2.3999999999999997e-002 4.0000000000000001e-003  1.8935243067082334e-003
3.9000000000000007e-002 -2.0999999999999998e-002 4.0000000000000001e-003  1.8459726327813373e-003
3.9000000000000007e-002 -1.7999999999999999e-002 4.0000000000000001e-003  1.8078654138720431e-003
3.9000000000000007e-002 -1.4999999999999999e-002 4.0000000000000001e-003  1.7786872959694624e-003
3.9000000000000007e-002 -1.1999999999999997e-002 4.0000000000000001e-003  1.7750186899559697e-003
3.9000000000000007e-002 -8.9999999999999941e-003 4.0000000000000001e-003  1.7627409115715980e-003
3.9000000000000007e-002 -5.9999999999999984e-003 4.0000000000000001e-003  1.7398095063574784e-003
3.9000000000000007e-002 -2.9999999999999957e-003 4.0000000000000001e-003  1.7275588807227340e-003
3.9000000000000007e-002 0.0000000000000000e+000 4.0000000000000001e-003  1.7444884263720687e-003
3.9000000000000007e-002 3.0000000000000027e-003 4.0000000000000001e-003  1.7574850612645074e-003
3.9000000000000007e-002 6.0000000000000053e-003 4.0000000000000001e-003  1.7710983343754410e-003
3.9000000000000007e-002 9.0000000000000011e-003 4.0000000000000001e-003  1.7731415199968180e-003
3.9000000000000007e-002 1.2000000000000004e-002 4.0000000000000001e-003  1.7550289009168069e-003
3.9000000000000007e-002 1.4999999999999999e-002 4.0000000000000001e-003  1.7374080988782760e-003
3.9000000000000007e-002 1.8000000000000002e-002 4.0000000000000001e-003  1.7465500790818703e-003
3.9000000000000007e-002 2.1000000000000005e-002 4.0000000000000001e-003  1.7637018178458693e-003
3.9000000000000007e-002 2.4000000000000007e-002 4.0000000000000001e-003  1.7843904893579416e-003
3.9000000000000007e-002 2.7000000000000010e-002 4.0000000000000001e-003  1.7995319689520953e-003
3.9000000000000007e-002 2.9999999999999999e-002 4.0000000000000001e-003  1.8336437706833806e-003
3.9000000000000007e-002 3.3000000000000002e-002 4.0000000000000001e-003  1.8470897144841954e-003
3.9000000000000007e-002 3.6000000000000004e-002 4.0000000000000001e-003  1.8886760030025409e-003
3.9000000000000007e-002 3.9000000000000007e-002 4.0000000000000001e-003  1.9435011065213616e-003
3.9000000000000007e-002 4.2000000000000010e-002 4.0000000000000001e-003  2.0133891733861470e-003
3.9000000000000007e-002 4.4999999999999998e-002 4.0000000000000001e-003  2.1016891214010610e-003
4.2000000000000010e-002 -4.4999999999999998e-002 4.0000000000000001e-003  2.4968605917735811e-003
4.2000000000000010e-002 -4.1999999999999996e-002 4.0000000000000001e-003  2.2973827753935460e-003
4.2000000000000010e-002 -3.9000000000000000e-002 4.0000000000000001e-003  2.2051237447853781e-003
4.2000000000000010e-002 -3.5999999999999997e-002 4.0000000000000001e-003  2.1730053252690825e-003
4.2000000000000010e-002 -3.3000000000000002e-002 4.0000000000000001e-003  2.1367020780014962e-003
4.2000000000000010e-002 -2.9999999999999999e-002 4.0000000000000001e-003  2.1006804494717742e-003
4.2000000000000010e-002 -2.6999999999999996e-002 4.0000000000000001e-003  2.0648758329482437e-003
4.2000000000000010e-002 -2.3999999999999997e-002 4.0000000000000001e-003  2.0292434444543735e-003
4.2000000000000010e-002 -2.0999999999999998e-002 4.0000000000000001e-003  1.9937583227687700e-003
4.2000000000000010e-002 -1.7999999999999999e-002 4.0000000000000001e-003  1.9535532764593773e-003
4.2000000000000010e-002 -1.4999999999999999e-002 4.0000000000000001e-003  1.9183671523273478e-003
4.2000000000000010e-002 -1.1999999999999997e-002 4.0000000000000001e-003  1.9074763684615351e-003
4.2000000000000010e-002 -8.9999999999999941e-003 4.0000000000000001e-003  1.8993460609862882e-003
4.2000000000000010e-002 -5.9999999999999984e-003 4.0000000000000001e-003  1.8806542841861287e-003
4.2000000000000010e-002 -2.9999999999999957e-003 4.0000000000000001e-003  1.8513820723040984e-003
4.2000000000000010e-002 0.0000000000000000e+000 4.0000000000000001e-003  1.8137666805007112e-003
4.2000000000000010e-002 3.0000000000000027e-003 4.0000000000000001e-003  1.8376673307421143e-003
4.2000000000000010e-002 6.0000000000000053e-003 4.0000000000000001e-003  1.8546289375322509e-003
4.2000000000000010e-002 9.0000000000000011e-003 4.0000000000000001e-003  1.8564499419884614e-003
4.2000000000000010e-002 1.2000000000000004e-002 4.0000000000000001e-003  1.8311101619418485e-003
4.2000000000000010e-002 1.4999999999999999e-002 4.0000000000000001e-003  1.8336737907604275e-003
4.2000000000000010e-002 1.8000000000000002e-002 4.0000000000000001e-003  1.8474250384743452e-003
4.2000000000000010e-002 2.1000000000000005e-002 4.0000000000000001e-003  1.8647094747489196e-003
4.2000000000000010e-002 2.4000000000000007e-002 4.0000000000000001e-003  1.8855691665095003e-003
4.2000000000000010e-002 2.7000000000000010e-002 4.0000000000000001e-003  1.8889484658365201e-003
4.2000000000000010e-002 2.9999999999999999e-002 4.0000000000000001e-003  1.9793495594112639e-003
4.2000000000000010e-002 3.3000000000000002e-002 4.0000000000000001e-003  1.9732193750189603e-003
4.2000000000000010e-002 3.6000000000000004e-002 4.0000000000000001e-003  2.0118341215698311e-003
4.2000000000000010e-002 3.9000000000000007e-002 4.0000000000000001e-003  2.0548681245998734e-003
4.2000000000000010e-002 4.2000000000000010e-002 4.0000000000000001e-003  2.1270665465071654e-003
4.2000000000000010e-002 4.4999999999999998e-002 4.0000000000000001e-003  2.1538786303334236e-003
4.4999999999999998e-002 -4.4999999999999998e-002 4.0000000000000001e-003  2.5726960350780106e-003
4.4999999999999998e-002 -4.1999999999999996e-002 4.0000000000000001e-003  2.4235286233382407e-003
4.4999999999999998e-002 -3.9000000000000000e-002 4.0000000000000001e-003  2.3128357628013638e-003
4.4999999999999998e-002 -3.5999999999999997e-002 4.0000000000000001e-003  2.2893404466509831e-003
4.4999999999999998e-002 -3.3000000000000002e-002 4.0000000000000001e-003  2.2567364152071873e-003
4.4999999999999998e-002 -2.9999999999999999e-002 4.0000000000000001e-003  2.2302025514154026e-003
4.4999999999999998e-002 -2.6999999999999996e-002 4.0000000000000001e-003  2.2036810371293858e-003
4.4999999999999998e-002 -2.3999999999999997e-002 4.0000000000000001e-003  2.1771198309882629e-003
4.4999999999999998e-002 -2.0999999999999998e-002 4.0000000000000001e-003  2.1504867143862906e-003
4.4999999999999998e-002 -1.7999999999999999e-002 4.0000000000000001e-003  2.1237692914728564e-003
4.4999999999999998e-002 -1.4999999999999999e-002 4.0000000000000001e-003  2.0950474773994985e-003
4.4999999999999998e-002 -1.1999999999999997e-002 4.0000000000000001e-003  2.0725979156206525e-003
4.4999999999999998e-002 -8.9999999999999941e-003 4.0000000000000001e-003  2.0685327124164779e-003
4.4999999999999998e-002 -5.9999999999999984e-003 4.0000000000000001e-003  2.0540221685932196e-003
4.4999999999999998e-002 -2.9999999999999957e-003 4.0000000000000001e-003  2.0290421755770516e-003
4.4999999999999998e-002 0.0000000000000000e+000 4.0000000000000001e-003  1.9936040393593113e-003
4.4999999999999998e-002 3.0000000000000027e-003 4.0000000000000001e-003  1.9477544804964917e-003
4.4999999999999998e-002 6.0000000000000053e-003 4.0000000000000001e-003  1.9502988779720540e-003
4.4999999999999998e-002 9.0000000000000011e-003 4.0000000000000001e-003  1.9523810137137970e-003
4.4999999999999998e-002 1.2000000000000004e-002 4.0000000000000001e-003  1.9467975693118473e-003
4.4999999999999998e-002 1.4999999999999999e-002 4.0000000000000001e-003  1.9564899636270051e-003
4.4999999999999998e-002 1.8000000000000002e-002 4.0000000000000001e-003  1.9698160581731149e-003
4.4999999999999998e-002 2.1000000000000005e-002 4.0000000000000001e-003  1.9866658130424436e-003
4.4999999999999998e-002 2.4000000000000007e-002 4.0000000000000001e-003  2.0072272722970346e-003
4.4999999999999998e-002 2.7000000000000010e-002 4.0000000000000001e-003  2.0731991042798621e-003
4.4999999999999998e-002 2.9999999999999999e-002 4.0000000000000001e-003  2.1809681042989030e-003
4.4999999999999998e-002 3.3000000000000002e-002 4.0000000000000001e-003  2.1681314803482983e-003
4.4999999999999998e-002 3.6000000000000004e-002 4.0000000000000001e-003  2.1669580655352188e-003
4.4999999999999998e-002 3.9000000000000007e-002 4.0000000000000001e-003  2.2019474066919142e-003
4.4999999999999998e-002 4.2000000000000010e-002 4.0000000000000001e-003  2.2237400028190519e-003
4.4999999999999998e-002 4.4999999999999998e-002 4.0000000000000001e-003  2.2155344841537070e-003
