Grid Output Min: [-45mm -45mm 4mm] Max: [45mm 45mm 4mm] Grid Size: [3mm 3mm 0mm]
X, Y, Z, Scalar data "Mag_B"
-4.4999999999999998e-02 -4.4999999999999998e-02 4.0000000000000001e-03  2.5070932796388838e-03
-4.4999999999999998e-02 -4.1999999999999996e-02 4.0000000000000001e-03  2.2832229416036671e-03
-4.4999999999999998e-02 -3.9000000000000000e-02 4.0000000000000001e-03  2.1349180592354620e-03
-4.4999999999999998e-02 -3.5999999999999997e-02 4.0000000000000001e-03  2.0764704503837992e-03
-4.4999999999999998e-02 -3.3000000000000002e-02 4.0000000000000001e-03  2.0262451012774702e-03
-4.4999999999999998e-02 -2.9999999999999999e-02 4.0000000000000001e-03  1.9735968535205856e-03
-4.4999999999999998e-02 -2.6999999999999996e-02 4.0000000000000001e-03  1.9206118548405983e-03
-4.4999999999999998e-02 -2.3999999999999997e-02 4.0000000000000001e-03  1.9237453114470226e-03
-4.4999999999999998e-02 -2.0999999999999998e-02 4.0000000000000001e-03  1.9387890146414200e-03
-4.4999999999999998e-02 -1.7999999999999999e-02 4.0000000000000001e-03  1.9559683240311676e-03
-4.4999999999999998e-02 -1.4999999999999999e-02 4.0000000000000001e-03  1.9581820755024768e-03
-4.4999999999999998e-02 -1.1999999999999997e-02 4.0000000000000001e-03  1.9447840929827731e-03
-4.4999999999999998e-02 -8.9999999999999941e-03 4.0000000000000001e-03  1.9154101141823586e-03
-4.4999999999999998e-02 -5.9999999999999984e-03 4.0000000000000001e-03  1.9082962918277708e-03
-4.4999999999999998e-02 -2.9999999999999957e-03 4.0000000000000001e-03  1.9321955654186761e-03
-4.4999999999999998e-02 0.0000000000000000e+00 4.0000000000000001e-03  1.9266814800453004e-03
-4.4999999999999998e-02 3.0000000000000027e-03 4.0000000000000001e-03  2.0321108626315540e-03
-4.4999999999999998e-02 6.0000000000000053e-03 4.0000000000000001e-03  2.0823308854901958e-03
-4.4999999999999998e-02 9.0000000000000011e-03 4.0000000000000001e-03  2.0579705124294705e-03
-4.4999999999999998e-02 1.2000000000000004e-02 4.0000000000000001e-03  2.0673186569955255e-03
-4.4999999999999998e-02 1.4999999999999999e-02 4.0000000000000001e-03  2.0820574049043631e-03
-4.4999999999999998e-02 1.8000000000000002e-02 4.0000000000000001e-03  2.1021748275113464e-03
-4.4999999999999998e-02 2.1000000000000005e-02 4.0000000000000001e-03  2.1276686253947578e-03
-4.4999999999999998e-02 2.4000000000000007e-02 4.0000000000000001e-03  2.1585461283557803e-03
-4.4999999999999998e-02 2.7000000000000010e-02 4.0000000000000001e-03  2.1948242954184911e-03
-4.4999999999999998e-02 2.9999999999999999e-02 4.0000000000000001e-03  2.2365297148298794e-03
-4.4999999999999998e-02 3.3000000000000002e-02 4.0000000000000001e-03  2.2798603696032264e-03
-4.4999999999999998e-02 3.6000000000000004e-02 4.0000000000000001e-03  2.3211533298084508e-03
-4.4999999999999998e-02 3.9000000000000007e-02 4.0000000000000001e-03  2.3629618923019513e-03
-4.4999999999999998e-02 4.2000000000000010e-02 4.0000000000000001e-03  2.4561007742328004e-03
-4.4999999999999998e-02 4.4999999999999998e-02 4.0000000000000001e-03  2.4498589455991893e-03
-4.1999999999999996e-02 -4.4999999999999998e-02 4.0000000000000001e-03  2.3843500827357314e-03
-4.1999999999999996e-02 -4.1999999999999996e-02 4.0000000000000001e-03  2.1847249879930922e-03
-4.1999999999999996e-02 -3.9000000000000000e-02 4.0000000000000001e-03  2.0188140433919591e-03
-4.1999999999999996e-02 -3.5999999999999997e-02 4.0000000000000001e-03  1.9022120841949699e-03
-4.1999999999999996e-02 -3.3000000000000002e-02 4.0000000000000001e-03  1.8815994304490044e-03
-4.1999999999999996e-02 -2.9999999999999999e-02 4.0000000000000001e-03  1.8334781775084243e-03
-4.1999999999999996e-02 -2.6999999999999996e-02 4.0000000000000001e-03  1.8186705070529874e-03
-4.1999999999999996e-02 -2.3999999999999997e-02 4.0000000000000001e-03  1.8133541172929376e-03
-4.1999999999999996e-02 -2.0999999999999998e-02 4.0000000000000001e-03  1.8204994971862732e-03
-4.1999999999999996e-02 -1.7999999999999999e-02 4.0000000000000001e-03  1.8216904741678501e-03
-4.1999999999999996e-02 -1.4999999999999999e-02 4.0000000000000001e-03  1.8070618187150526e-03
-4.1999999999999996e-02 -1.1999999999999997e-02 4.0000000000000001e-03  1.7761266865194646e-03
-4.1999999999999996e-02 -8.9999999999999941e-03 4.0000000000000001e-03  1.7920034084704332e-03
-4.1999999999999996e-02 -5.9999999999999984e-03 4.0000000000000001e-03  1.8161808632470111e-03
-4.1999999999999996e-02 -2.9999999999999957e-03 4.0000000000000001e-03  1.8374470533248605e-03
-4.1999999999999996e-02 0.0000000000000000e+00 4.0000000000000001e-03  1.8330963835485681e-03
-4.1999999999999996e-02 3.0000000000000027e-03 4.0000000000000001e-03  1.8307584395735460e-03
-4.1999999999999996e-02 6.0000000000000053e-03 4.0000000000000001e-03  1.8307458334725002e-03
-4.1999999999999996e-02 9.0000000000000011e-03 4.0000000000000001e-03  1.9390338087487936e-03
-4.1999999999999996e-02 1.2000000000000004e-02 4.0000000000000001e-03  1.9625141909281238e-03
-4.1999999999999996e-02 1.4999999999999999e-02 4.0000000000000001e-03  1.9772264238877100e-03
-4.1999999999999996e-02 1.8000000000000002e-02 4.0000000000000001e-03  1.9973777765061253e-03
-4.1999999999999996e-02 2.1000000000000005e-02 4.0000000000000001e-03  2.0229527468575816e-03
-4.1999999999999996e-02 2.4000000000000007e-02 4.0000000000000001e-03  2.0542053938874196e-03
-4.1999999999999996e-02 2.7000000000000010e-02 4.0000000000000001e-03  2.0875785394131210e-03
-4.1999999999999996e-02 2.9999999999999999e-02 4.0000000000000001e-03  2.1211991124695981e-03
-4.1999999999999996e-02 3.3000000000000002e-02 4.0000000000000001e-03  2.1550807125575353e-03
-4.1999999999999996e-02 3.6000000000000004e-02 4.0000000000000001e-03  2.1892554154070800e-03
-4.1999999999999996e-02 3.9000000000000007e-02 4.0000000000000001e-03  2.2182721322557405e-03
-4.1999999999999996e-02 4.2000000000000010e-02 4.0000000000000001e-03  2.2086647403880707e-03
-4.1999999999999996e-02 4.4999999999999998e-02 4.0000000000000001e-03  2.2859175628828885e-03
-3.9000000000000000e-02 -4.4999999999999998e-02 4.0000000000000001e-03  2.3259423396008692e-03
-3.9000000000000000e-02 -4.1999999999999996e-02 4.0000000000000001e-03  2.1275740718383661e-03
-3.9000000000000000e-02 -3.9000000000000000e-02 4.0000000000000001e-03  1.9686769786427315e-03
-3.9000000000000000e-02 -3.5999999999999997e-02 4.0000000000000001e-03  1.8591888901618846e-03
-3.9000000000000000e-02 -3.3000000000000002e-02 4.0000000000000001e-03  1.7940626637553123e-03
-3.9000000000000000e-02 -2.9999999999999999e-02 4.0000000000000001e-03  1.7576574720197297e-03
-3.9000000000000000e-02 -2.6999999999999996e-02 4.0000000000000001e-03  1.7403191297820960e-03
-3.9000000000000000e-02 -2.3999999999999997e-02 4.0000000000000001e-03  1.7251413939491480e-03
-3.9000000000000000e-02 -2.0999999999999998e-02 4.0000000000000001e-03  1.7224887292316320e-03
-3.9000000000000000e-02 -1.7999999999999999e-02 4.0000000000000001e-03  1.7068001698697416e-03
-3.9000000000000000e-02 -1.4999999999999999e-02 4.0000000000000001e-03  1.6923760510270641e-03
-3.9000000000000000e-02 -1.1999999999999997e-02 4.0000000000000001e-03  1.7010614608390651e-03
-3.9000000000000000e-02 -8.9999999999999941e-03 4.0000000000000001e-03  1.7152063545843490e-03
-3.9000000000000000e-02 -5.9999999999999984e-03 4.0000000000000001e-03  1.7348408448169684e-03
-3.9000000000000000e-02 -2.9999999999999957e-03 4.0000000000000001e-03  1.7534626940766550e-03
-3.9000000000000000e-02 0.0000000000000000e+00 4.0000000000000001e-03  1.7501967622245438e-03
-3.9000000000000000e-02 3.0000000000000027e-03 4.0000000000000001e-03  1.7489220917002615e-03
-3.9000000000000000e-02 6.0000000000000053e-03 4.0000000000000001e-03  1.7496466154637736e-03
-3.9000000000000000e-02 9.0000000000000011e-03 4.0000000000000001e-03  1.7523792246828388e-03
-3.9000000000000000e-02 1.2000000000000004e-02 4.0000000000000001e-03  1.7830017258096227e-03
-3.9000000000000000e-02 1.4999999999999999e-02 4.0000000000000001e-03  1.8026599522058141e-03
-3.9000000000000000e-02 1.8000000000000002e-02 4.0000000000000001e-03  1.8291728431124527e-03
-3.9000000000000000e-02 2.1000000000000005e-02 4.0000000000000001e-03  1.8558854997812969e-03
-3.9000000000000000e-02 2.4000000000000007e-02 4.0000000000000001e-03  1.8827494442076780e-03
-3.9000000000000000e-02 2.7000000000000010e-02 4.0000000000000001e-03  1.9097346746163816e-03
-3.9000000000000000e-02 2.9999999999999999e-02 4.0000000000000001e-03  1.9368296654616709e-03
-3.9000000000000000e-02 3.3000000000000002e-02 4.0000000000000001e-03  1.9640413674272507e-03
-3.9000000000000000e-02 3.6000000000000004e-02 4.0000000000000001e-03  1.9850186181429759e-03
-3.9000000000000000e-02 3.9000000000000007e-02 4.0000000000000001e-03  2.0299542449351980e-03
-3.9000000000000000e-02 4.2000000000000010e-02 4.0000000000000001e-03  2.1221247692385973e-03
-3.9000000000000000e-02 4.4999999999999998e-02 4.0000000000000001e-03  2.2502836045457252e-03
-3.5999999999999997e-02 -4.4999999999999998e-02 4.0000000000000001e-03  2.2585647597803912e-03
-3.5999999999999997e-02 -4.1999999999999996e-02 4.0000000000000001e-03  2.0615483824950216e-03
-3.5999999999999997e-02 -3.9000000000000000e-02 4.0000000000000001e-03  1.9108694763561996e-03
-3.5999999999999997e-02 -3.5999999999999997e-02 4.0000000000000001e-03  1.8096661410787508e-03
-3.5999999999999997e-02 -3.3000000000000002e-02 4.0000000000000001e-03  1.7440282867551412e-03
-3.5999999999999997e-02 -2.9999999999999999e-02 4.0000000000000001e-03  1.6937385372264603e-03
-3.5999999999999997e-02 -2.6999999999999996e-02 4.0000000000000001e-03  1.6823436544645199e-03
-3.5999999999999997e-02 -2.3999999999999997e-02 4.0000000000000001e-03  1.6593444563271678e-03
-3.5999999999999997e-02 -2.0999999999999998e-02 4.0000000000000001e-03  1.6425853590520201e-03
-3.5999999999999997e-02 -1.7999999999999999e-02 4.0000000000000001e-03  1.6347440980310202e-03
-3.5999999999999997e-02 -1.4999999999999999e-02 4.0000000000000001e-03  1.6339888285243265e-03
-3.5999999999999997e-02 -1.1999999999999997e-02 4.0000000000000001e-03  1.6385870485940953e-03
-3.5999999999999997e-02 -8.9999999999999941e-03 4.0000000000000001e-03  1.6485637807335555e-03
-3.5999999999999997e-02 -5.9999999999999984e-03 4.0000000000000001e-03  1.6590103533211454e-03
-3.5999999999999997e-02 -2.9999999999999957e-03 4.0000000000000001e-03  1.6637469510850272e-03
-3.5999999999999997e-02 0.0000000000000000e+00 4.0000000000000001e-03  1.6624715196204051e-03
-3.5999999999999997e-02 3.0000000000000027e-03 4.0000000000000001e-03  1.6630146935696654e-03
-3.5999999999999997e-02 6.0000000000000053e-03 4.0000000000000001e-03  1.6655084941041333e-03
-3.5999999999999997e-02 9.0000000000000011e-03 4.0000000000000001e-03  1.6699625538970976e-03
-3.5999999999999997e-02 1.2000000000000004e-02 4.0000000000000001e-03  1.6763875441069896e-03
-3.5999999999999997e-02 1.4999999999999999e-02 4.0000000000000001e-03  1.6868527538325077e-03
-3.5999999999999997e-02 1.8000000000000002e-02 4.0000000000000001e-03  1.7111770108132977e-03
-3.5999999999999997e-02 2.1000000000000005e-02 4.0000000000000001e-03  1.7356265751187036e-03
-3.5999999999999997e-02 2.4000000000000007e-02 4.0000000000000001e-03  1.7601583823956073e-03
-3.5999999999999997e-02 2.7000000000000010e-02 4.0000000000000001e-03  1.7847478445203546e-03
-3.5999999999999997e-02 2.9999999999999999e-02 4.0000000000000001e-03  1.8093888495987393e-03
-3.5999999999999997e-02 3.3000000000000002e-02 4.0000000000000001e-03  1.8340937619660273e-03
-3.5999999999999997e-02 3.6000000000000004e-02 4.0000000000000001e-03  1.8889775723041936e-03
-3.5999999999999997e-02 3.9000000000000007e-02 4.0000000000000001e-03  2.0029184839430308e-03
-3.5999999999999997e-02 4.2000000000000010e-02 4.0000000000000001e-03  2.1418334412578520e-03
-3.5999999999999997e-02 4.4999999999999998e-02 4.0000000000000001e-03  2.2365772050062386e-03
-3.3000000000000002e-02 -4.4999999999999998e-02 4.0000000000000001e-03  2.1815691629480023e-03
-3.3000000000000002e-02 -4.1999999999999996e-02 4.0000000000000001e-03  1.9860799179024905e-03
-3.3000000000000002e-02 -3.9000000000000000e-02 4.0000000000000001e-03  1.8447441306214251e-03
-3.3000000000000002e-02 -3.5999999999999997e-02 4.0000000000000001e-03  1.7596768332315696e-03
-3.3000000000000002e-02 -3.3000000000000002e-02 4.0000000000000001e-03  1.6960472929984840e-03
-3.3000000000000002e-02 -2.9999999999999999e-02 4.0000000000000001e-03  1.6462237650919642e-03
-3.3000000000000002e-02 -2.6999999999999996e-02 4.0000000000000001e-03  1.6260953987418765e-03
-3.3000000000000002e-02 -2.3999999999999997e-02 4.0000000000000001e-03  1.6147862509378842e-03
-3.3000000000000002e-02 -2.0999999999999998e-02 4.0000000000000001e-03  1.5996023695371859e-03
-3.3000000000000002e-02 -1.7999999999999999e-02 4.0000000000000001e-03  1.5896907735929980e-03
-3.3000000000000002e-02 -1.4999999999999999e-02 4.0000000000000001e-03  1.5850718692024355e-03
-3.3000000000000002e-02 -1.1999999999999997e-02 4.0000000000000001e-03  1.5855401821698453e-03
-3.3000000000000002e-02 -8.9999999999999941e-03 4.0000000000000001e-03  1.5834077095708075e-03
-3.3000000000000002e-02 -5.9999999999999984e-03 4.0000000000000001e-03  1.5865651401681452e-03
-3.3000000000000002e-02 -2.9999999999999957e-03 4.0000000000000001e-03  1.5875678790850144e-03
-3.3000000000000002e-02 0.0000000000000000e+00 4.0000000000000001e-03  1.5876949261623805e-03
-3.3000000000000002e-02 3.0000000000000027e-03 4.0000000000000001e-03  1.5894252803742139e-03
-3.3000000000000002e-02 6.0000000000000053e-03 4.0000000000000001e-03  1.5933307545234867e-03
-3.3000000000000002e-02 9.0000000000000011e-03 4.0000000000000001e-03  1.5991775619912264e-03
-3.3000000000000002e-02 1.2000000000000004e-02 4.0000000000000001e-03  1.6069760998061590e-03
-3.3000000000000002e-02 1.4999999999999999e-02 4.0000000000000001e-03  1.6167378034821656e-03
-3.3000000000000002e-02 1.8000000000000002e-02 4.0000000000000001e-03  1.6309184109026720e-03
-3.3000000000000002e-02 2.1000000000000005e-02 4.0000000000000001e-03  1.6539188877823169e-03
-3.3000000000000002e-02 2.4000000000000007e-02 4.0000000000000001e-03  1.6769491057405616e-03
-3.3000000000000002e-02 2.7000000000000010e-02 4.0000000000000001e-03  1.6999926708352784e-03
-3.3000000000000002e-02 2.9999999999999999e-02 4.0000000000000001e-03  1.7230516653538002e-03
-3.3000000000000002e-02 3.3000000000000002e-02 4.0000000000000001e-03  1.7655032177987815e-03
-3.3000000000000002e-02 3.6000000000000004e-02 4.0000000000000001e-03  1.8730449596623701e-03
-3.3000000000000002e-02 3.9000000000000007e-02 4.0000000000000001e-03  1.9924812112551665e-03
-3.3000000000000002e-02 4.2000000000000010e-02 4.0000000000000001e-03  2.0948497491270249e-03
-3.3000000000000002e-02 4.4999999999999998e-02 4.0000000000000001e-03  2.1913785225019422e-03
-2.9999999999999999e-02 -4.4999999999999998e-02 4.0000000000000001e-03  2.0868359803081281e-03
-2.9999999999999999e-02 -4.1999999999999996e-02 4.0000000000000001e-03  1.9008253774605776e-03
-2.9999999999999999e-02 -3.9000000000000000e-02 4.0000000000000001e-03  1.7937696860764040e-03
-2.9999999999999999e-02 -3.5999999999999997e-02 4.0000000000000001e-03  1.7169936441493526e-03
-2.9999999999999999e-02 -3.3000000000000002e-02 4.0000000000000001e-03  1.6708956583365354e-03
-2.9999999999999999e-02 -2.9999999999999999e-02 4.0000000000000001e-03  1.6316156351704556e-03
-2.9999999999999999e-02 -2.6999999999999996e-02 4.0000000000000001e-03  1.6085894617468258e-03
-2.9999999999999999e-02 -2.3999999999999997e-02 4.0000000000000001e-03  1.5870191277907774e-03
-2.9999999999999999e-02 -2.0999999999999998e-02 4.0000000000000001e-03  1.5674594405880040e-03
-2.9999999999999999e-02 -1.7999999999999999e-02 4.0000000000000001e-03  1.5537966228116951e-03
-2.9999999999999999e-02 -1.4999999999999999e-02 4.0000000000000001e-03  1.5417813223020118e-03
-2.9999999999999999e-02 -1.1999999999999997e-02 4.0000000000000001e-03  1.5313483936498951e-03
-2.9999999999999999e-02 -8.9999999999999941e-03 4.0000000000000001e-03  1.5261028665103716e-03
-2.9999999999999999e-02 -5.9999999999999984e-03 4.0000000000000001e-03  1.5260178747222267e-03
-2.9999999999999999e-02 -2.9999999999999957e-03 4.0000000000000001e-03  1.5263150160814492e-03
-2.9999999999999999e-02 0.0000000000000000e+00 4.0000000000000001e-03  1.5278259673112472e-03
-2.9999999999999999e-02 3.0000000000000027e-03 4.0000000000000001e-03  1.5305428332665044e-03
-2.9999999999999999e-02 6.0000000000000053e-03 4.0000000000000001e-03  1.5353139843824577e-03
-2.9999999999999999e-02 9.0000000000000011e-03 4.0000000000000001e-03  1.5425130883118486e-03
-2.9999999999999999e-02 1.2000000000000004e-02 4.0000000000000001e-03  1.5516542354719663e-03
-2.9999999999999999e-02 1.4999999999999999e-02 4.0000000000000001e-03  1.5627485872469868e-03
-2.9999999999999999e-02 1.8000000000000002e-02 4.0000000000000001e-03  1.5758083435062236e-03
-2.9999999999999999e-02 2.1000000000000005e-02 4.0000000000000001e-03  1.5927572046869410e-03
-2.9999999999999999e-02 2.4000000000000007e-02 4.0000000000000001e-03  1.6142513398118433e-03
-2.9999999999999999e-02 2.7000000000000010e-02 4.0000000000000001e-03  1.6357208602592287e-03
-2.9999999999999999e-02 2.9999999999999999e-02 4.0000000000000001e-03  1.6657871201048332e-03
-2.9999999999999999e-02 3.3000000000000002e-02 4.0000000000000001e-03  1.7629733492768951e-03
-2.9999999999999999e-02 3.6000000000000004e-02 4.0000000000000001e-03  1.8366954401141087e-03
-2.9999999999999999e-02 3.9000000000000007e-02 4.0000000000000001e-03  1.9250452701686301e-03
-2.9999999999999999e-02 4.2000000000000010e-02 4.0000000000000001e-03  2.0321291141921936e-03
-2.9999999999999999e-02 4.4999999999999998e-02 4.0000000000000001e-03  2.1484673431375252e-03
-2.6999999999999996e-02 -4.4999999999999998e-02 4.0000000000000001e-03  1.9799424886449545e-03
-2.6999999999999996e-02 -4.1999999999999996e-02 4.0000000000000001e-03  1.8479879470452109e-03
-2.6999999999999996e-02 -3.9000000000000000e-02 4.0000000000000001e-03  1.7671259953363013e-03
-2.6999999999999996e-02 -3.5999999999999997e-02 4.0000000000000001e-03  1.7074199262900917e-03
-2.6999999999999996e-02 -3.3000000000000002e-02 4.0000000000000001e-03  1.6560469517267263e-03
-2.6999999999999996e-02 -2.9999999999999999e-02 4.0000000000000001e-03  1.6116725880285692e-03
-2.6999999999999996e-02 -2.6999999999999996e-02 4.0000000000000001e-03  1.5787191876161630e-03
-2.6999999999999996e-02 -2.3999999999999997e-02 4.0000000000000001e-03  1.5580993806882800e-03
-2.6999999999999996e-02 -2.0999999999999998e-02 4.0000000000000001e-03  1.5389371108101334e-03
-2.6999999999999996e-02 -1.7999999999999999e-02 4.0000000000000001e-03  1.5206803672270044e-03
-2.6999999999999996e-02 -1.4999999999999999e-02 4.0000000000000001e-03  1.5021029185758354e-03
-2.6999999999999996e-02 -1.1999999999999997e-02 4.0000000000000001e-03  1.4886843154268085e-03
-2.6999999999999996e-02 -8.9999999999999941e-03 4.0000000000000001e-03  1.4804161142925988e-03
-2.6999999999999996e-02 -5.9999999999999984e-03 4.0000000000000001e-03  1.4779485980274990e-03
-2.6999999999999996e-02 -2.9999999999999957e-03 4.0000000000000001e-03  1.4795820142506771e-03
-2.6999999999999996e-02 0.0000000000000000e+00 4.0000000000000001e-03  1.4824174026038662e-03
-2.6999999999999996e-02 3.0000000000000027e-03 4.0000000000000001e-03  1.4864480838612999e-03
-2.6999999999999996e-02 6.0000000000000053e-03 4.0000000000000001e-03  1.4916695695759092e-03
-2.6999999999999996e-02 9.0000000000000011e-03 4.0000000000000001e-03  1.4995685988769152e-03
-2.6999999999999996e-02 1.2000000000000004e-02 4.0000000000000001e-03  1.5100428567705127e-03
-2.6999999999999996e-02 1.4999999999999999e-02 4.0000000000000001e-03  1.5224698709861068e-03
-2.6999999999999996e-02 1.8000000000000002e-02 4.0000000000000001e-03  1.5368615672633184e-03
-2.6999999999999996e-02 2.1000000000000005e-02 4.0000000000000001e-03  1.5532309098268942e-03
-2.6999999999999996e-02 2.4000000000000007e-02 4.0000000000000001e-03  1.5720093919507619e-03
-2.6999999999999996e-02 2.7000000000000010e-02 4.0000000000000001e-03  1.5918882637097446e-03
-2.6999999999999996e-02 2.9999999999999999e-02 4.0000000000000001e-03  1.6538658809058619e-03
-2.6999999999999996e-02 3.3000000000000002e-02 4.0000000000000001e-03  1.7048113341423391e-03
-2.6999999999999996e-02 3.6000000000000004e-02 4.0000000000000001e-03  1.7738179935745794e-03
-2.6999999999999996e-02 3.9000000000000007e-02 4.0000000000000001e-03  1.8614770846328507e-03
-2.6999999999999996e-02 4.2000000000000010e-02 4.0000000000000001e-03  1.9683537512948388e-03
-2.6999999999999996e-02 4.4999999999999998e-02 4.0000000000000001e-03  2.0949870560856552e-03
-2.3999999999999997e-02 -4.4999999999999998e-02 4.0000000000000001e-03  1.9279182325807975e-03
-2.3999999999999997e-02 -4.1999999999999996e-02 4.0000000000000001e-03  1.8410910694994257e-03
-2.3999999999999997e-02 -3.9000000000000000e-02 4.0000000000000001e-03  1.7642006617454614e-03
-2.3999999999999997e-02 -3.5999999999999997e-02 4.0000000000000001e-03  1.6900250194197678e-03
-2.3999999999999997e-02 -3.3000000000000002e-02 4.0000000000000001e-03  1.6287174165395156e-03
-2.3999999999999997e-02 -2.9999999999999999e-02 4.0000000000000001e-03  1.5787422299251056e-03
-2.3999999999999997e-02 -2.6999999999999996e-02 4.0000000000000001e-03  1.5445871286568962e-03
-2.3999999999999997e-02 -2.3999999999999997e-02 4.0000000000000001e-03  1.5185657196301703e-03
-2.3999999999999997e-02 -2.0999999999999998e-02 4.0000000000000001e-03  1.5020082383006709e-03
-2.3999999999999997e-02 -1.7999999999999999e-02 4.0000000000000001e-03  1.4869127237583473e-03
-2.3999999999999997e-02 -1.4999999999999999e-02 4.0000000000000001e-03  1.4732724853687986e-03
-2.3999999999999997e-02 -1.1999999999999997e-02 4.0000000000000001e-03  1.4574086711965667e-03
-2.3999999999999997e-02 -8.9999999999999941e-03 4.0000000000000001e-03  1.4461850257810346e-03
-2.3999999999999997e-02 -5.9999999999999984e-03 4.0000000000000001e-03  1.4441322397152976e-03
-2.3999999999999997e-02 -2.9999999999999957e-03 4.0000000000000001e-03  1.4470548366464224e-03
-2.3999999999999997e-02 0.0000000000000000e+00 4.0000000000000001e-03  1.4511709010923786e-03
-2.3999999999999997e-02 3.0000000000000027e-03 4.0000000000000001e-03  1.4564749697467509e-03
-2.3999999999999997e-02 6.0000000000000053e-03 4.0000000000000001e-03  1.4629637700818185e-03
-2.3999999999999997e-02 9.0000000000000011e-03 4.0000000000000001e-03  1.4706362203485569e-03
-2.3999999999999997e-02 1.2000000000000004e-02 4.0000000000000001e-03  1.4818093078397948e-03
-2.3999999999999997e-02 1.4999999999999999e-02 4.0000000000000001e-03  1.4955904384856822e-03
-2.3999999999999997e-02 1.8000000000000002e-02 4.0000000000000001e-03  1.5113450417238460e-03
-2.3999999999999997e-02 2.1000000000000005e-02 4.0000000000000001e-03  1.5290858076493349e-03
-2.3999999999999997e-02 2.4000000000000007e-02 4.0000000000000001e-03  1.5480933465095421e-03
-2.3999999999999997e-02 2.7000000000000010e-02 4.0000000000000001e-03  1.5672740366724893e-03
-2.3999999999999997e-02 2.9999999999999999e-02 4.0000000000000001e-03  1.5965083871670018e-03
-2.3999999999999997e-02 3.3000000000000002e-02 4.0000000000000001e-03  1.6463733472157792e-03
-2.3999999999999997e-02 3.6000000000000004e-02 4.0000000000000001e-03  1.7148396853927702e-03
-2.3999999999999997e-02 3.9000000000000007e-02 4.0000000000000001e-03  1.8024947694811860e-03
-2.3999999999999997e-02 4.2000000000000010e-02 4.0000000000000001e-03  1.9098998858116654e-03
-2.3999999999999997e-02 4.4999999999999998e-02 4.0000000000000001e-03  2.0375902392622725e-03
-2.0999999999999998e-02 -4.4999999999999998e-02 4.0000000000000001e-03  1.9220557571982650e-03
-2.0999999999999998e-02 -4.1999999999999996e-02 4.0000000000000001e-03  1.8185267049691382e-03
-2.0999999999999998e-02 -3.9000000000000000e-02 4.0000000000000001e-03  1.7313346863528987e-03
-2.0999999999999998e-02 -3.5999999999999997e-02 4.0000000000000001e-03  1.6587537993896437e-03
-2.0999999999999998e-02 -3.3000000000000002e-02 4.0000000000000001e-03  1.5991272558378922e-03
-2.0999999999999998e-02 -2.9999999999999999e-02 4.0000000000000001e-03  1.5508673811745768e-03
-2.0999999999999998e-02 -2.6999999999999996e-02 4.0000000000000001e-03  1.5192258728910109e-03
-2.0999999999999998e-02 -2.3999999999999997e-02 4.0000000000000001e-03  1.4932383349457903e-03
-2.0999999999999998e-02 -2.0999999999999998e-02 4.0000000000000001e-03  1.4685330007637250e-03
-2.0999999999999998e-02 -1.7999999999999999e-02 4.0000000000000001e-03  1.4558737986513663e-03
-2.0999999999999998e-02 -1.4999999999999999e-02 4.0000000000000001e-03  1.4448497606692318e-03
-2.0999999999999998e-02 -1.1999999999999997e-02 4.0000000000000001e-03  1.4352839370130989e-03
-2.0999999999999998e-02 -8.9999999999999941e-03 4.0000000000000001e-03  1.4232867507517355e-03
-2.0999999999999998e-02 -5.9999999999999984e-03 4.0000000000000001e-03  1.4243313677182868e-03
-2.0999999999999998e-02 -2.9999999999999957e-03 4.0000000000000001e-03  1.4285117571997659e-03
-2.0999999999999998e-02 0.0000000000000000e+00 4.0000000000000001e-03  1.4338804427062814e-03
-2.0999999999999998e-02 3.0000000000000027e-03 4.0000000000000001e-03  1.4402473004743517e-03
-2.0999999999999998e-02 6.0000000000000053e-03 4.0000000000000001e-03  1.4478116654320615e-03
-2.0999999999999998e-02 9.0000000000000011e-03 4.0000000000000001e-03  1.4570681263164835e-03
-2.0999999999999998e-02 1.2000000000000004e-02 4.0000000000000001e-03  1.4655654873389390e-03
-2.0999999999999998e-02 1.4999999999999999e-02 4.0000000000000001e-03  1.4741555491986963e-03
-2.0999999999999998e-02 1.8000000000000002e-02 4.0000000000000001e-03  1.4835641116175561e-03
-2.0999999999999998e-02 2.1000000000000005e-02 4.0000000000000001e-03  1.4961017180076229e-03
-2.0999999999999998e-02 2.4000000000000007e-02 4.0000000000000001e-03  1.5177726874126983e-03
-2.0999999999999998e-02 2.7000000000000010e-02 4.0000000000000001e-03  1.5538980744824421e-03
-2.0999999999999998e-02 2.9999999999999999e-02 4.0000000000000001e-03  1.5925911512931254e-03
-2.0999999999999998e-02 3.3000000000000002e-02 4.0000000000000001e-03  1.6445958805319763e-03
-2.0999999999999998e-02 3.6000000000000004e-02 4.0000000000000001e-03  1.7145059938902447e-03
-2.0999999999999998e-02 3.9000000000000007e-02 4.0000000000000001e-03  1.8029397727183944e-03
-2.0999999999999998e-02 4.2000000000000010e-02 4.0000000000000001e-03  1.9105003823219689e-03
-2.0999999999999998e-02 4.4999999999999998e-02 4.0000000000000001e-03  2.0377758719616031e-03
-1.7999999999999999e-02 -4.4999999999999998e-02 4.0000000000000001e-03  1.8915288581856982e-03
-1.7999999999999999e-02 -4.1999999999999996e-02 4.0000000000000001e-03  1.7892587903912305e-03
-1.7999999999999999e-02 -3.9000000000000000e-02 4.0000000000000001e-03  1.7035172082640894e-03
-1.7999999999999999e-02 -3.5999999999999997e-02 4.0000000000000001e-03  1.6325261585009119e-03
-1.7999999999999999e-02 -3.3000000000000002e-02 4.0000000000000001e-03  1.5745768015167395e-03
-1.7999999999999999e-02 -2.9999999999999999e-02 4.0000000000000001e-03  1.5280294114450419e-03
-1.7999999999999999e-02 -2.6999999999999996e-02 4.0000000000000001e-03  1.4989481666796559e-03
-1.7999999999999999e-02 -2.3999999999999997e-02 4.0000000000000001e-03  1.4749166246235839e-03
-1.7999999999999999e-02 -2.0999999999999998e-02 4.0000000000000001e-03  1.4521668178906762e-03
-1.7999999999999999e-02 -1.7999999999999999e-02 4.0000000000000001e-03  1.4307016660329347e-03
-1.7999999999999999e-02 -1.4999999999999999e-02 4.0000000000000001e-03  1.4196715512190491e-03
-1.7999999999999999e-02 -1.1999999999999997e-02 4.0000000000000001e-03  1.4127253819399394e-03
-1.7999999999999999e-02 -8.9999999999999941e-03 4.0000000000000001e-03  1.4086476003825634e-03
-1.7999999999999999e-02 -5.9999999999999984e-03 4.0000000000000001e-03  1.4099955992092762e-03
-1.7999999999999999e-02 -2.9999999999999957e-03 4.0000000000000001e-03  1.4143968631121840e-03
-1.7999999999999999e-02 0.0000000000000000e+00 4.0000000000000001e-03  1.4204984086375542e-03
-1.7999999999999999e-02 3.0000000000000027e-03 4.0000000000000001e-03  1.4282972153292534e-03
-1.7999999999999999e-02 6.0000000000000053e-03 4.0000000000000001e-03  1.4377908046081930e-03
-1.7999999999999999e-02 9.0000000000000011e-03 4.0000000000000001e-03  1.4463923832292959e-03
-1.7999999999999999e-02 1.2000000000000004e-02 4.0000000000000001e-03  1.4548301863957739e-03
-1.7999999999999999e-02 1.4999999999999999e-02 4.0000000000000001e-03  1.4640798083602256e-03
-1.7999999999999999e-02 1.8000000000000002e-02 4.0000000000000001e-03  1.4741378334826361e-03
-1.7999999999999999e-02 2.1000000000000005e-02 4.0000000000000001e-03  1.4845643113762090e-03
-1.7999999999999999e-02 2.4000000000000007e-02 4.0000000000000001e-03  1.4996333110620767e-03
-1.7999999999999999e-02 2.7000000000000010e-02 4.0000000000000001e-03  1.5354761728958513e-03
-1.7999999999999999e-02 2.9999999999999999e-02 4.0000000000000001e-03  1.5766459693035389e-03
-1.7999999999999999e-02 3.3000000000000002e-02 4.0000000000000001e-03  1.6244396120475690e-03
-1.7999999999999999e-02 3.6000000000000004e-02 4.0000000000000001e-03  1.7021778617935068e-03
-1.7999999999999999e-02 3.9000000000000007e-02 4.0000000000000001e-03  1.7988669074089677e-03
-1.7999999999999999e-02 4.2000000000000010e-02 4.0000000000000001e-03  1.9150699610437371e-03
-1.7999999999999999e-02 4.4999999999999998e-02 4.0000000000000001e-03  2.0513351188026869e-03
-1.4999999999999999e-02 -4.4999999999999998e-02 4.0000000000000001e-03  1.8850044172642553e-03
-1.4999999999999999e-02 -4.1999999999999996e-02 4.0000000000000001e-03  1.7650424632653012e-03
-1.4999999999999999e-02 -3.9000000000000000e-02 4.0000000000000001e-03  1.6807422968965829e-03
-1.4999999999999999e-02 -3.5999999999999997e-02 4.0000000000000001e-03  1.6113331090042377e-03
-1.4999999999999999e-02 -3.3000000000000002e-02 4.0000000000000001e-03  1.5550540086598527e-03
-1.4999999999999999e-02 -2.9999999999999999e-02 4.0000000000000001e-03  1.5102132186534268e-03
-1.4999999999999999e-02 -2.6999999999999996e-02 4.0000000000000001e-03  1.4837389209134586e-03
-1.4999999999999999e-02 -2.3999999999999997e-02 4.0000000000000001e-03  1.4616625907211865e-03
-1.4999999999999999e-02 -2.0999999999999998e-02 4.0000000000000001e-03  1.4408675808405703e-03
-1.4999999999999999e-02 -1.7999999999999999e-02 4.0000000000000001e-03  1.4213555543168834e-03
-1.4999999999999999e-02 -1.4999999999999999e-02 4.0000000000000001e-03  1.4031313423882071e-03
-1.4999999999999999e-02 -1.1999999999999997e-02 4.0000000000000001e-03  1.3943497592550165e-03
-1.4999999999999999e-02 -8.9999999999999941e-03 4.0000000000000001e-03  1.3937013212393511e-03
-1.4999999999999999e-02 -5.9999999999999984e-03 4.0000000000000001e-03  1.3950003026322122e-03
-1.4999999999999999e-02 -2.9999999999999957e-03 4.0000000000000001e-03  1.4002397479984585e-03
-1.4999999999999999e-02 0.0000000000000000e+00 4.0000000000000001e-03  1.4082653445565336e-03
-1.4999999999999999e-02 3.0000000000000027e-03 4.0000000000000001e-03  1.4179939433690146e-03
-1.4999999999999999e-02 6.0000000000000053e-03 4.0000000000000001e-03  1.4267374038820068e-03
-1.4999999999999999e-02 9.0000000000000011e-03 4.0000000000000001e-03  1.4350283709878820e-03
-1.4999999999999999e-02 1.2000000000000004e-02 4.0000000000000001e-03  1.4441313769847294e-03
-1.4999999999999999e-02 1.4999999999999999e-02 4.0000000000000001e-03  1.4540395515421443e-03
-1.4999999999999999e-02 1.8000000000000002e-02 4.0000000000000001e-03  1.4646072746302230e-03
-1.4999999999999999e-02 2.1000000000000005e-02 4.0000000000000001e-03  1.4742196106844994e-03
-1.4999999999999999e-02 2.4000000000000007e-02 4.0000000000000001e-03  1.4858415752342343e-03
-1.4999999999999999e-02 2.7000000000000010e-02 4.0000000000000001e-03  1.5213288378391520e-03
-1.4999999999999999e-02 2.9999999999999999e-02 4.0000000000000001e-03  1.5646527418845715e-03
-1.4999999999999999e-02 3.3000000000000002e-02 4.0000000000000001e-03  1.6121679210862969e-03
-1.4999999999999999e-02 3.6000000000000004e-02 4.0000000000000001e-03  1.6632373633935923e-03
-1.4999999999999999e-02 3.9000000000000007e-02 4.0000000000000001e-03  1.7676989174565507e-03
-1.4999999999999999e-02 4.2000000000000010e-02 4.0000000000000001e-03  1.8921164867059558e-03
-1.4999999999999999e-02 4.4999999999999998e-02 4.0000000000000001e-03  2.0369982140909246e-03
-1.1999999999999997e-02 -4.4999999999999998e-02 4.0000000000000001e-03  1.8842668085388560e-03
-1.1999999999999997e-02 -4.1999999999999996e-02 4.0000000000000001e-03  1.7805289815818412e-03
-1.1999999999999997e-02 -3.9000000000000000e-02 4.0000000000000001e-03  1.6744456256696685e-03
-1.1999999999999997e-02 -3.5999999999999997e-02 4.0000000000000001e-03  1.5951691913991470e-03
-1.1999999999999997e-02 -3.3000000000000002e-02 4.0000000000000001e-03  1.5405503605998886e-03
-1.1999999999999997e-02 -2.9999999999999999e-02 4.0000000000000001e-03  1.4974072289655135e-03
-1.1999999999999997e-02 -2.6999999999999996e-02 4.0000000000000001e-03  1.4735874409270335e-03
-1.1999999999999997e-02 -2.3999999999999997e-02 4.0000000000000001e-03  1.4534663897116148e-03
-1.1999999999999997e-02 -2.0999999999999998e-02 4.0000000000000001e-03  1.4346262972248405e-03
-1.1999999999999997e-02 -1.7999999999999999e-02 4.0000000000000001e-03  1.4170675700052454e-03
-1.1999999999999997e-02 -1.4999999999999999e-02 4.0000000000000001e-03  1.4003847595749550e-03
-1.1999999999999997e-02 -1.1999999999999997e-02 4.0000000000000001e-03  1.3843037938593163e-03
-1.1999999999999997e-02 -8.9999999999999941e-03 4.0000000000000001e-03  1.3800208438305463e-03
-1.1999999999999997e-02 -5.9999999999999984e-03 4.0000000000000001e-03  1.3833270840786158e-03
-1.1999999999999997e-02 -2.9999999999999957e-03 4.0000000000000001e-03  1.3885671617836321e-03
-1.1999999999999997e-02 0.0000000000000000e+00 4.0000000000000001e-03  1.3976801759914589e-03
-1.1999999999999997e-02 3.0000000000000027e-03 4.0000000000000001e-03  1.4065913283924693e-03
-1.1999999999999997e-02 6.0000000000000053e-03 4.0000000000000001e-03  1.4147282172333486e-03
-1.1999999999999997e-02 9.0000000000000011e-03 4.0000000000000001e-03  1.4236842669123218e-03
-1.1999999999999997e-02 1.2000000000000004e-02 4.0000000000000001e-03  1.4334491524086084e-03
-1.1999999999999997e-02 1.4999999999999999e-02 4.0000000000000001e-03  1.4440592908667735e-03
-1.1999999999999997e-02 1.8000000000000002e-02 4.0000000000000001e-03  1.4548529721613195e-03
-1.1999999999999997e-02 2.1000000000000005e-02 4.0000000000000001e-03  1.4647156733518783e-03
-1.1999999999999997e-02 2.4000000000000007e-02 4.0000000000000001e-03  1.4737066943397614e-03
-1.1999999999999997e-02 2.7000000000000010e-02 4.0000000000000001e-03  1.5081813397397139e-03
-1.1999999999999997e-02 2.9999999999999999e-02 4.0000000000000001e-03  1.5513459744785647e-03
-1.1999999999999997e-02 3.3000000000000002e-02 4.0000000000000001e-03  1.6030026738465340e-03
-1.1999999999999997e-02 3.6000000000000004e-02 4.0000000000000001e-03  1.6611036616537554e-03
-1.1999999999999997e-02 3.9000000000000007e-02 4.0000000000000001e-03  1.7181151121846260e-03
-1.1999999999999997e-02 4.2000000000000010e-02 4.0000000000000001e-03  1.8415892243492146e-03
-1.1999999999999997e-02 4.4999999999999998e-02 4.0000000000000001e-03  1.9946585836205749e-03
-8.9999999999999941e-03 -4.4999999999999998e-02 4.0000000000000001e-03  1.8826996709049673e-03
-8.9999999999999941e-03 -4.1999999999999996e-02 4.0000000000000001e-03  1.7789141893566859e-03
-8.9999999999999941e-03 -3.9000000000000000e-02 4.0000000000000001e-03  1.6931737035291593e-03
-8.9999999999999941e-03 -3.5999999999999997e-02 4.0000000000000001e-03  1.5956541733360358e-03
-8.9999999999999941e-03 -3.3000000000000002e-02 4.0000000000000001e-03  1.5311297684352807e-03
-8.9999999999999941e-03 -2.9999999999999999e-02 4.0000000000000001e-03  1.4896033967959435e-03
-8.9999999999999941e-03 -2.6999999999999996e-02 4.0000000000000001e-03  1.4684874264989786e-03
-8.9999999999999941e-03 -2.3999999999999997e-02 4.0000000000000001e-03  1.4503225725118838e-03
-8.9999999999999941e-03 -2.0999999999999998e-02 4.0000000000000001e-03  1.4331062188790524e-03
-8.9999999999999941e-03 -1.7999999999999999e-02 4.0000000000000001e-03  1.4148816725318963e-03
-8.9999999999999941e-03 -1.4999999999999999e-02 4.0000000000000001e-03  1.3990824233399918e-03
-8.9999999999999941e-03 -1.1999999999999997e-02 4.0000000000000001e-03  1.3833985835264022e-03
-8.9999999999999941e-03 -8.9999999999999941e-03 4.0000000000000001e-03  1.3719985237640746e-03
-8.9999999999999941e-03 -5.9999999999999984e-03 4.0000000000000001e-03  1.3728987137640518e-03
-8.9999999999999941e-03 -2.9999999999999957e-03 4.0000000000000001e-03  1.3801734025004316e-03
-8.9999999999999941e-03 0.0000000000000000e+00 4.0000000000000001e-03  1.3861705376768771e-03
-8.9999999999999941e-03 3.0000000000000027e-03 4.0000000000000001e-03  1.3939320543285521e-03
-8.9999999999999941e-03 6.0000000000000053e-03 4.0000000000000001e-03  1.4027281425023179e-03
-8.9999999999999941e-03 9.0000000000000011e-03 4.0000000000000001e-03  1.4123436356042629e-03
-8.9999999999999941e-03 1.2000000000000004e-02 4.0000000000000001e-03  1.4228777113323985e-03
-8.9999999999999941e-03 1.4999999999999999e-02 4.0000000000000001e-03  1.4349035238339605e-03
-8.9999999999999941e-03 1.8000000000000002e-02 4.0000000000000001e-03  1.4459470571743767e-03
-8.9999999999999941e-03 2.1000000000000005e-02 4.0000000000000001e-03  1.4560455778787290e-03
-8.9999999999999941e-03 2.4000000000000007e-02 4.0000000000000001e-03  1.4652525191794822e-03
-8.9999999999999941e-03 2.7000000000000010e-02 4.0000000000000001e-03  1.4957369373024944e-03
-8.9999999999999941e-03 2.9999999999999999e-02 4.0000000000000001e-03  1.5387919306563728e-03
-8.9999999999999941e-03 3.3000000000000002e-02 4.0000000000000001e-03  1.5902333716239078e-03
-8.9999999999999941e-03 3.6000000000000004e-02 4.0000000000000001e-03  1.6508313757353779e-03
-8.9999999999999941e-03 3.9000000000000007e-02 4.0000000000000001e-03  1.7213610290124509e-03
-8.9999999999999941e-03 4.2000000000000010e-02 4.0000000000000001e-03  1.7886560823840540e-03
-8.9999999999999941e-03 4.4999999999999998e-02 4.0000000000000001e-03  1.9243175166587063e-03
-5.9999999999999984e-03 -4.4999999999999998e-02 4.0000000000000001e-03  1.8802206001353404e-03
-5.9999999999999984e-03 -4.1999999999999996e-02 4.0000000000000001e-03  1.7767419120058605e-03
-5.9999999999999984e-03 -3.9000000000000000e-02 4.0000000000000001e-03  1.6993756127225952e-03
-5.9999999999999984e-03 -3.5999999999999997e-02 4.0000000000000001e-03  1.5955673307982588e-03
-5.9999999999999984e-03 -3.3000000000000002e-02 4.0000000000000001e-03  1.5194243522790606e-03
-5.9999999999999984e-03 -2.9999999999999999e-02 4.0000000000000001e-03  1.4840573939688970e-03
-5.9999999999999984e-03 -2.6999999999999996e-02 4.0000000000000001e-03  1.4684369718518770e-03
-5.9999999999999984e-03 -2.3999999999999997e-02 4.0000000000000001e-03  1.4501107070716036e-03
-5.9999999999999984e-03 -2.0999999999999998e-02 4.0000000000000001e-03  1.4305532372733414e-03
-5.9999999999999984e-03 -1.7999999999999999e-02 4.0000000000000001e-03  1.4134174621574251e-03
-5.9999999999999984e-03 -1.4999999999999999e-02 4.0000000000000001e-03  1.3981258323907337e-03
-5.9999999999999984e-03 -1.1999999999999997e-02 4.0000000000000001e-03  1.3833139691149117e-03
-5.9999999999999984e-03 -8.9999999999999941e-03 4.0000000000000001e-03  1.3729515808625600e-03
-5.9999999999999984e-03 -5.9999999999999984e-03 4.0000000000000001e-03  1.3670480808367651e-03
-5.9999999999999984e-03 -2.9999999999999957e-03 4.0000000000000001e-03  1.3730053884438303e-03
-5.9999999999999984e-03 0.0000000000000000e+00 4.0000000000000001e-03  1.3791293026424892e-03
-5.9999999999999984e-03 3.0000000000000027e-03 4.0000000000000001e-03  1.3812768830520799e-03
-5.9999999999999984e-03 6.0000000000000053e-03 4.0000000000000001e-03  1.3907242155894151e-03
-5.9999999999999984e-03 9.0000000000000011e-03 4.0000000000000001e-03  1.4010467401921658e-03
-5.9999999999999984e-03 1.2000000000000004e-02 4.0000000000000001e-03  1.4143270507340111e-03
-5.9999999999999984e-03 1.4999999999999999e-02 4.0000000000000001e-03  1.4266012180931956e-03
-5.9999999999999984e-03 1.8000000000000002e-02 4.0000000000000001e-03  1.4378844754185617e-03
-5.9999999999999984e-03 2.1000000000000005e-02 4.0000000000000001e-03  1.4482082225663480e-03
-5.9999999999999984e-03 2.4000000000000007e-02 4.0000000000000001e-03  1.4576200261001797e-03
-5.9999999999999984e-03 2.7000000000000010e-02 4.0000000000000001e-03  1.4839761242133591e-03
-5.9999999999999984e-03 2.9999999999999999e-02 4.0000000000000001e-03  1.5269671171938635e-03
-5.9999999999999984e-03 3.3000000000000002e-02 4.0000000000000001e-03  1.5782508272747602e-03
-5.9999999999999984e-03 3.6000000000000004e-02 4.0000000000000001e-03  1.6385934791526449e-03
-5.9999999999999984e-03 3.9000000000000007e-02 4.0000000000000001e-03  1.7087662680154944e-03
-5.9999999999999984e-03 4.2000000000000010e-02 4.0000000000000001e-03  1.7895453595426719e-03
-5.9999999999999984e-03 4.4999999999999998e-02 4.0000000000000001e-03  1.8745603787635209e-03
-2.9999999999999957e-03 -4.4999999999999998e-02 4.0000000000000001e-03  1.8767849735971745e-03
-2.9999999999999957e-03 -4.1999999999999996e-02 4.0000000000000001e-03  1.7739550323046965e-03
-2.9999999999999957e-03 -3.9000000000000000e-02 4.0000000000000001e-03  1.6973680252359610e-03
-2.9999999999999957e-03 -3.5999999999999997e-02 4.0000000000000001e-03  1.5914557462822121e-03
-2.9999999999999957e-03 -3.3000000000000002e-02 4.0000000000000001e-03  1.5050842646391516e-03
-2.9999999999999957e-03 -2.9999999999999999e-02 4.0000000000000001e-03  1.4823454595281262e-03
-2.9999999999999957e-03 -2.6999999999999996e-02 4.0000000000000001e-03  1.4682841535503934e-03
-2.9999999999999957e-03 -2.3999999999999997e-02 4.0000000000000001e-03  1.4473969463786038e-03
-2.9999999999999957e-03 -2.0999999999999998e-02 4.0000000000000001e-03  1.4289262070243198e-03
-2.9999999999999957e-03 -1.7999999999999999e-02 4.0000000000000001e-03  1.4128740334934339e-03
-2.9999999999999957e-03 -1.4999999999999999e-02 4.0000000000000001e-03  1.3978249061654591e-03
-2.9999999999999957e-03 -1.1999999999999997e-02 4.0000000000000001e-03  1.3840494408177140e-03
-2.9999999999999957e-03 -8.9999999999999941e-03 4.0000000000000001e-03  1.3747258930121558e-03
-2.9999999999999957e-03 -5.9999999999999984e-03 4.0000000000000001e-03  1.3698644684658045e-03
-2.9999999999999957e-03 -2.9999999999999957e-03 4.0000000000000001e-03  1.3694775154654000e-03
-2.9999999999999957e-03 0.0000000000000000e+00 4.0000000000000001e-03  1.3730490231232077e-03
-2.9999999999999957e-03 3.0000000000000027e-03 4.0000000000000001e-03  1.3691026400449457e-03
-2.9999999999999957e-03 6.0000000000000053e-03 4.0000000000000001e-03  1.3787071523603187e-03
-2.9999999999999957e-03 9.0000000000000011e-03 4.0000000000000001e-03  1.3931061908115825e-03
-2.9999999999999957e-03 1.2000000000000004e-02 4.0000000000000001e-03  1.4066323749249644e-03
-2.9999999999999957e-03 1.4999999999999999e-02 4.0000000000000001e-03  1.4191491866424202e-03
-2.9999999999999957e-03 1.8000000000000002e-02 4.0000000000000001e-03  1.4306659924439480e-03
-2.9999999999999957e-03 2.1000000000000005e-02 4.0000000000000001e-03  1.4412083255169452e-03
-2.9999999999999957e-03 2.4000000000000007e-02 4.0000000000000001e-03  1.4508178857561935e-03
-2.9999999999999957e-03 2.7000000000000010e-02 4.0000000000000001e-03  1.4728884148622265e-03
-2.9999999999999957e-03 2.9999999999999999e-02 4.0000000000000001e-03  1.5158570615709588e-03
-2.9999999999999957e-03 3.3000000000000002e-02 4.0000000000000001e-03  1.5670365813690126e-03
-2.9999999999999957e-03 3.6000000000000004e-02 4.0000000000000001e-03  1.6271893081193022e-03
-2.9999999999999957e-03 3.9000000000000007e-02 4.0000000000000001e-03  1.6970825461761247e-03
-2.9999999999999957e-03 4.2000000000000010e-02 4.0000000000000001e-03  1.7774885703851454e-03
-2.9999999999999957e-03 4.4999999999999998e-02 4.0000000000000001e-03  1.8691846260834265e-03
0.0000000000000000e+00 -4.4999999999999998e-02 4.0000000000000001e-03  1.8723859502521075e-03
0.0000000000000000e+00 -4.1999999999999996e-02 4.0000000000000001e-03  1.7705342146229681e-03
0.0000000000000000e+00 -3.9000000000000000e-02 4.0000000000000001e-03  1.6950758811653094e-03
0.0000000000000000e+00 -3.5999999999999997e-02 4.0000000000000001e-03  1.5871743077829148e-03
0.0000000000000000e+00 -3.3000000000000002e-02 4.0000000000000001e-03  1.5141087615204438e-03
0.0000000000000000e+00 -2.9999999999999999e-02 4.0000000000000001e-03  1.4828593269826723e-03
0.0000000000000000e+00 -2.6999999999999996e-02 4.0000000000000001e-03  1.4654252095370203e-03
0.0000000000000000e+00 -2.3999999999999997e-02 4.0000000000000001e-03  1.4456158473633981e-03
0.0000000000000000e+00 -2.0999999999999998e-02 4.0000000000000001e-03  1.4282201124224791e-03
0.0000000000000000e+00 -1.7999999999999999e-02 4.0000000000000001e-03  1.4132522090135782e-03
0.0000000000000000e+00 -1.4999999999999999e-02 4.0000000000000001e-03  1.3983426382997970e-03
0.0000000000000000e+00 -1.1999999999999997e-02 4.0000000000000001e-03  1.3856045050421898e-03
0.0000000000000000e+00 -8.9999999999999941e-03 4.0000000000000001e-03  1.3773209313971790e-03
0.0000000000000000e+00 -5.9999999999999984e-03 4.0000000000000001e-03  1.3735029155957010e-03
0.0000000000000000e+00 -2.9999999999999957e-03 4.0000000000000001e-03  1.3729304397238603e-03
0.0000000000000000e+00 0.0000000000000000e+00 4.0000000000000001e-03  1.3675797807153457e-03
0.0000000000000000e+00 3.0000000000000027e-03 4.0000000000000001e-03  1.3679202894441521e-03
0.0000000000000000e+00 6.0000000000000053e-03 4.0000000000000001e-03  1.3760571355934420e-03
0.0000000000000000e+00 9.0000000000000011e-03 4.0000000000000001e-03  1.3888385238083492e-03
0.0000000000000000e+00 1.2000000000000004e-02 4.0000000000000001e-03  1.4010135179561487e-03
0.0000000000000000e+00 1.4999999999999999e-02 4.0000000000000001e-03  1.4125569981272795e-03
0.0000000000000000e+00 1.8000000000000002e-02 4.0000000000000001e-03  1.4242981936015233e-03
0.0000000000000000e+00 2.1000000000000005e-02 4.0000000000000001e-03  1.4350564246336421e-03
0.0000000000000000e+00 2.4000000000000007e-02 4.0000000000000001e-03  1.4448605886027877e-03
0.0000000000000000e+00 2.7000000000000010e-02 4.0000000000000001e-03  1.4624723443430819e-03
0.0000000000000000e+00 2.9999999999999999e-02 4.0000000000000001e-03  1.5054563119716320e-03
0.0000000000000000e+00 3.3000000000000002e-02 4.0000000000000001e-03  1.5565811951806427e-03
0.0000000000000000e+00 3.6000000000000004e-02 4.0000000000000001e-03  1.6166054369993296e-03
0.0000000000000000e+00 3.9000000000000007e-02 4.0000000000000001e-03  1.6862924509483096e-03
0.0000000000000000e+00 4.2000000000000010e-02 4.0000000000000001e-03  1.7664106210395630e-03
0.0000000000000000e+00 4.4999999999999998e-02 4.0000000000000001e-03  1.8577333017764680e-03
3.0000000000000027e-03 -4.4999999999999998e-02 4.0000000000000001e-03  1.8670544706562398e-03
3.0000000000000027e-03 -4.1999999999999996e-02 4.0000000000000001e-03  1.7664979049248975e-03
3.0000000000000027e-03 -3.9000000000000000e-02 4.0000000000000001e-03  1.6925035126346111e-03
3.0000000000000027e-03 -3.5999999999999997e-02 4.0000000000000001e-03  1.5790207703122985e-03
3.0000000000000027e-03 -3.3000000000000002e-02 4.0000000000000001e-03  1.5264390571319111e-03
3.0000000000000027e-03 -2.9999999999999999e-02 4.0000000000000001e-03  1.4900553676655691e-03
3.0000000000000027e-03 -2.6999999999999996e-02 4.0000000000000001e-03  1.4636145414366891e-03
3.0000000000000027e-03 -2.3999999999999997e-02 4.0000000000000001e-03  1.4447586901169525e-03
3.0000000000000027e-03 -2.0999999999999998e-02 4.0000000000000001e-03  1.4284320717419577e-03
3.0000000000000027e-03 -1.7999999999999999e-02 4.0000000000000001e-03  1.4145549451751607e-03
3.0000000000000027e-03 -1.4999999999999999e-02 4.0000000000000001e-03  1.3996785866387165e-03
3.0000000000000027e-03 -1.1999999999999997e-02 4.0000000000000001e-03  1.3879786844102416e-03
3.0000000000000027e-03 -8.9999999999999941e-03 4.0000000000000001e-03  1.3807361834164485e-03
3.0000000000000027e-03 -5.9999999999999984e-03 4.0000000000000001e-03  1.3764853210201980e-03
3.0000000000000027e-03 -2.9999999999999957e-03 4.0000000000000001e-03  1.3697823957319994e-03
3.0000000000000027e-03 0.0000000000000000e+00 4.0000000000000001e-03  1.3694311877925384e-03
3.0000000000000027e-03 3.0000000000000027e-03 4.0000000000000001e-03  1.3698268947711330e-03
3.0000000000000027e-03 6.0000000000000053e-03 4.0000000000000001e-03  1.3757064281705346e-03
3.0000000000000027e-03 9.0000000000000011e-03 4.0000000000000001e-03  1.3875570361395191e-03
3.0000000000000027e-03 1.2000000000000004e-02 4.0000000000000001e-03  1.3993191224326465e-03
3.0000000000000027e-03 1.4999999999999999e-02 4.0000000000000001e-03  1.4104655068110288e-03
3.0000000000000027e-03 1.8000000000000002e-02 4.0000000000000001e-03  1.4209807741954350e-03
3.0000000000000027e-03 2.1000000000000005e-02 4.0000000000000001e-03  1.4308615231268648e-03
3.0000000000000027e-03 2.4000000000000007e-02 4.0000000000000001e-03  1.4401163657665611e-03
3.0000000000000027e-03 2.7000000000000010e-02 4.0000000000000001e-03  1.4527354684539496e-03
3.0000000000000027e-03 2.9999999999999999e-02 4.0000000000000001e-03  1.4966690630525371e-03
3.0000000000000027e-03 3.3000000000000002e-02 4.0000000000000001e-03  1.5460930523509069e-03
3.0000000000000027e-03 3.6000000000000004e-02 4.0000000000000001e-03  1.6014937025231296e-03
3.0000000000000027e-03 3.9000000000000007e-02 4.0000000000000001e-03  1.6635557465886064e-03
3.0000000000000027e-03 4.2000000000000010e-02 4.0000000000000001e-03  1.7329775190747009e-03
3.0000000000000027e-03 4.4999999999999998e-02 4.0000000000000001e-03  1.8202422503209032e-03
6.0000000000000053e-03 -4.4999999999999998e-02 4.0000000000000001e-03  1.8608592569601080e-03
6.0000000000000053e-03 -4.1999999999999996e-02 4.0000000000000001e-03  1.7619023307691517e-03
6.0000000000000053e-03 -3.9000000000000000e-02 4.0000000000000001e-03  1.6514645440029614e-03
6.0000000000000053e-03 -3.5999999999999997e-02 4.0000000000000001e-03  1.5869075880079056e-03
6.0000000000000053e-03 -3.3000000000000002e-02 4.0000000000000001e-03  1.5358909691022453e-03
6.0000000000000053e-03 -2.9999999999999999e-02 4.0000000000000001e-03  1.4955868297686127e-03
6.0000000000000053e-03 -2.6999999999999996e-02 4.0000000000000001e-03  1.4653593929304387e-03
6.0000000000000053e-03 -2.3999999999999997e-02 4.0000000000000001e-03  1.4448188887138753e-03
6.0000000000000053e-03 -2.0999999999999998e-02 4.0000000000000001e-03  1.4295613372405226e-03
6.0000000000000053e-03 -1.7999999999999999e-02 4.0000000000000001e-03  1.4167873324191229e-03
6.0000000000000053e-03 -1.4999999999999999e-02 4.0000000000000001e-03  1.4018323252416947e-03
6.0000000000000053e-03 -1.1999999999999997e-02 4.0000000000000001e-03  1.3911715177582686e-03
6.0000000000000053e-03 -8.9999999999999941e-03 4.0000000000000001e-03  1.3837990039711168e-03
6.0000000000000053e-03 -5.9999999999999984e-03 4.0000000000000001e-03  1.3763847398489454e-03
6.0000000000000053e-03 -2.9999999999999957e-03 4.0000000000000001e-03  1.3746592076706980e-03
6.0000000000000053e-03 0.0000000000000000e+00 4.0000000000000001e-03  1.3735985791592841e-03
6.0000000000000053e-03 3.0000000000000027e-03 4.0000000000000001e-03  1.3744014380894336e-03
6.0000000000000053e-03 6.0000000000000053e-03 4.0000000000000001e-03  1.3807978363011150e-03
6.0000000000000053e-03 9.0000000000000011e-03 4.0000000000000001e-03  1.3914244815833806e-03
6.0000000000000053e-03 1.2000000000000004e-02 4.0000000000000001e-03  1.4013559566208715e-03
6.0000000000000053e-03 1.4999999999999999e-02 4.0000000000000001e-03  1.4105774513466557e-03
6.0000000000000053e-03 1.8000000000000002e-02 4.0000000000000001e-03  1.4190825736227737e-03
6.0000000000000053e-03 2.1000000000000005e-02 4.0000000000000001e-03  1.4284810797265748e-03
6.0000000000000053e-03 2.4000000000000007e-02 4.0000000000000001e-03  1.4373796546205426e-03
6.0000000000000053e-03 2.7000000000000010e-02 4.0000000000000001e-03  1.4563118420165475e-03
6.0000000000000053e-03 2.9999999999999999e-02 4.0000000000000001e-03  1.4942110535595505e-03
6.0000000000000053e-03 3.3000000000000002e-02 4.0000000000000001e-03  1.5395698272511317e-03
6.0000000000000053e-03 3.6000000000000004e-02 4.0000000000000001e-03  1.5865486197801321e-03
6.0000000000000053e-03 3.9000000000000007e-02 4.0000000000000001e-03  1.6492380827939673e-03
6.0000000000000053e-03 4.2000000000000010e-02 4.0000000000000001e-03  1.7293646899636372e-03
6.0000000000000053e-03 4.4999999999999998e-02 4.0000000000000001e-03  1.8279065492517363e-03
9.0000000000000011e-03 -4.4999999999999998e-02 4.0000000000000001e-03  1.8539068129086970e-03
9.0000000000000011e-03 -4.1999999999999996e-02 4.0000000000000001e-03  1.7499108626232861e-03
9.0000000000000011e-03 -3.9000000000000000e-02 4.0000000000000001e-03  1.6713002775398374e-03
9.0000000000000011e-03 -3.5999999999999997e-02 4.0000000000000001e-03  1.6047737419304347e-03
9.0000000000000011e-03 -3.3000000000000002e-02 4.0000000000000001e-03  1.5496842329395229e-03
9.0000000000000011e-03 -2.9999999999999999e-02 4.0000000000000001e-03  1.5054046222071045e-03
9.0000000000000011e-03 -2.6999999999999996e-02 4.0000000000000001e-03  1.4713276758687552e-03
9.0000000000000011e-03 -2.3999999999999997e-02 4.0000000000000001e-03  1.4468660545556085e-03
9.0000000000000011e-03 -2.0999999999999998e-02 4.0000000000000001e-03  1.4316092951595879e-03
9.0000000000000011e-03 -1.7999999999999999e-02 4.0000000000000001e-03  1.4188767785591808e-03
9.0000000000000011e-03 -1.4999999999999999e-02 4.0000000000000001e-03  1.4048034443827212e-03
9.0000000000000011e-03 -1.1999999999999997e-02 4.0000000000000001e-03  1.3948619710233898e-03
9.0000000000000011e-03 -8.9999999999999941e-03 4.0000000000000001e-03  1.3867773573084990e-03
9.0000000000000011e-03 -5.9999999999999984e-03 4.0000000000000001e-03  1.3836000608044674e-03
9.0000000000000011e-03 -2.9999999999999957e-03 4.0000000000000001e-03  1.3810859991261804e-03
9.0000000000000011e-03 0.0000000000000000e+00 4.0000000000000001e-03  1.3779160865860043e-03
9.0000000000000011e-03 3.0000000000000027e-03 4.0000000000000001e-03  1.3791517013203791e-03
9.0000000000000011e-03 6.0000000000000053e-03 4.0000000000000001e-03  1.3854594429187769e-03
9.0000000000000011e-03 9.0000000000000011e-03 4.0000000000000001e-03  1.3960034520784095e-03
9.0000000000000011e-03 1.2000000000000004e-02 4.0000000000000001e-03  1.4058508054206546e-03
9.0000000000000011e-03 1.4999999999999999e-02 4.0000000000000001e-03  1.4149890173809636e-03
9.0000000000000011e-03 1.8000000000000002e-02 4.0000000000000001e-03  1.4234140203237648e-03
9.0000000000000011e-03 2.1000000000000005e-02 4.0000000000000001e-03  1.4311301645424401e-03
9.0000000000000011e-03 2.4000000000000007e-02 4.0000000000000001e-03  1.4414167266928581e-03
9.0000000000000011e-03 2.7000000000000010e-02 4.0000000000000001e-03  1.4640740788672154e-03
9.0000000000000011e-03 2.9999999999999999e-02 4.0000000000000001e-03  1.4906639235122189e-03
9.0000000000000011e-03 3.3000000000000002e-02 4.0000000000000001e-03  1.5339795450330029e-03
9.0000000000000011e-03 3.6000000000000004e-02 4.0000000000000001e-03  1.5855912505888564e-03
9.0000000000000011e-03 3.9000000000000007e-02 4.0000000000000001e-03  1.6496076477497624e-03
9.0000000000000011e-03 4.2000000000000010e-02 4.0000000000000001e-03  1.7319651636164622e-03
9.0000000000000011e-03 4.4999999999999998e-02 4.0000000000000001e-03  1.8327684305807419e-03
1.2000000000000004e-02 -4.4999999999999998e-02 4.0000000000000001e-03  1.8763121581370390e-03
1.2000000000000004e-02 -4.1999999999999996e-02 4.0000000000000001e-03  1.7806911343890351e-03
1.2000000000000004e-02 -3.9000000000000000e-02 4.0000000000000001e-03  1.6978350794856108e-03
1.2000000000000004e-02 -3.5999999999999997e-02 4.0000000000000001e-03  1.6271056192877777e-03
1.2000000000000004e-02 -3.3000000000000002e-02 4.0000000000000001e-03  1.5678842741521076e-03
1.2000000000000004e-02 -2.9999999999999999e-02 4.0000000000000001e-03  1.5195724589307316e-03
1.2000000000000004e-02 -2.6999999999999996e-02 4.0000000000000001e-03  1.4815914829713576e-03
1.2000000000000004e-02 -2.3999999999999997e-02 4.0000000000000001e-03  1.4533825501172437e-03
1.2000000000000004e-02 -2.0999999999999998e-02 4.0000000000000001e-03  1.4345794657242038e-03
1.2000000000000004e-02 -1.7999999999999999e-02 4.0000000000000001e-03  1.4216268159823083e-03
1.2000000000000004e-02 -1.4999999999999999e-02 4.0000000000000001e-03  1.4096664523250417e-03
1.2000000000000004e-02 -1.1999999999999997e-02 4.0000000000000001e-03  1.4008760463149047e-03
1.2000000000000004e-02 -8.9999999999999941e-03 4.0000000000000001e-03  1.3962500050898748e-03
1.2000000000000004e-02 -5.9999999999999984e-03 4.0000000000000001e-03  1.3922852852069152e-03
1.2000000000000004e-02 -2.9999999999999957e-03 4.0000000000000001e-03  1.3844130218713590e-03
1.2000000000000004e-02 0.0000000000000000e+00 4.0000000000000001e-03  1.3813464139034908e-03
1.2000000000000004e-02 3.0000000000000027e-03 4.0000000000000001e-03  1.3831409141800875e-03
1.2000000000000004e-02 6.0000000000000053e-03 4.0000000000000001e-03  1.3897934053640130e-03
1.2000000000000004e-02 9.0000000000000011e-03 4.0000000000000001e-03  1.4001490448294445e-03
1.2000000000000004e-02 1.2000000000000004e-02 4.0000000000000001e-03  1.4099177081702391e-03
1.2000000000000004e-02 1.4999999999999999e-02 4.0000000000000001e-03  1.4189771442587953e-03
1.2000000000000004e-02 1.8000000000000002e-02 4.0000000000000001e-03  1.4273256099619274e-03
1.2000000000000004e-02 2.1000000000000005e-02 4.0000000000000001e-03  1.4381636110280792e-03
1.2000000000000004e-02 2.4000000000000007e-02 4.0000000000000001e-03  1.4537122112268485e-03
1.2000000000000004e-02 2.7000000000000010e-02 4.0000000000000001e-03  1.4758459660345990e-03
1.2000000000000004e-02 2.9999999999999999e-02 4.0000000000000001e-03  1.5016496799767115e-03
1.2000000000000004e-02 3.3000000000000002e-02 4.0000000000000001e-03  1.5418159349216570e-03
1.2000000000000004e-02 3.6000000000000004e-02 4.0000000000000001e-03  1.5933378460488371e-03
1.2000000000000004e-02 3.9000000000000007e-02 4.0000000000000001e-03  1.6544328288792248e-03
1.2000000000000004e-02 4.2000000000000010e-02 4.0000000000000001e-03  1.7317056028796172e-03
1.2000000000000004e-02 4.4999999999999998e-02 4.0000000000000001e-03  1.8348203866356333e-03
1.4999999999999999e-02 -4.4999999999999998e-02 4.0000000000000001e-03  1.8987081520835411e-03
1.4999999999999999e-02 -4.1999999999999996e-02 4.0000000000000001e-03  1.7890321705442617e-03
1.4999999999999999e-02 -3.9000000000000000e-02 4.0000000000000001e-03  1.6952032776425324e-03
1.4999999999999999e-02 -3.5999999999999997e-02 4.0000000000000001e-03  1.6238720918395394e-03
1.4999999999999999e-02 -3.3000000000000002e-02 4.0000000000000001e-03  1.5683592252542318e-03
1.4999999999999999e-02 -2.9999999999999999e-02 4.0000000000000001e-03  1.5226253935340681e-03
1.4999999999999999e-02 -2.6999999999999996e-02 4.0000000000000001e-03  1.4861573166740632e-03
1.4999999999999999e-02 -2.3999999999999997e-02 4.0000000000000001e-03  1.4584630395018414e-03
1.4999999999999999e-02 -2.0999999999999998e-02 4.0000000000000001e-03  1.4390719316776266e-03
1.4999999999999999e-02 -1.7999999999999999e-02 4.0000000000000001e-03  1.4282064257253560e-03
1.4999999999999999e-02 -1.4999999999999999e-02 4.0000000000000001e-03  1.4186777382953169e-03
1.4999999999999999e-02 -1.1999999999999997e-02 4.0000000000000001e-03  1.4126058445931408e-03
1.4999999999999999e-02 -8.9999999999999941e-03 4.0000000000000001e-03  1.4061312772867163e-03
1.4999999999999999e-02 -5.9999999999999984e-03 4.0000000000000001e-03  1.3938903291138868e-03
1.4999999999999999e-02 -2.9999999999999957e-03 4.0000000000000001e-03  1.3865299837253066e-03
1.4999999999999999e-02 0.0000000000000000e+00 4.0000000000000001e-03  1.3840314144305177e-03
1.4999999999999999e-02 3.0000000000000027e-03 4.0000000000000001e-03  1.3863837304755060e-03
1.4999999999999999e-02 6.0000000000000053e-03 4.0000000000000001e-03  1.3935839770427012e-03
1.4999999999999999e-02 9.0000000000000011e-03 4.0000000000000001e-03  1.4038648597121167e-03
1.4999999999999999e-02 1.2000000000000004e-02 4.0000000000000001e-03  1.4135528594850747e-03
1.4999999999999999e-02 1.4999999999999999e-02 4.0000000000000001e-03  1.4225306213354145e-03
1.4999999999999999e-02 1.8000000000000002e-02 4.0000000000000001e-03  1.4337936703831516e-03
1.4999999999999999e-02 2.1000000000000005e-02 4.0000000000000001e-03  1.4491129104365584e-03
1.4999999999999999e-02 2.4000000000000007e-02 4.0000000000000001e-03  1.4672753854426842e-03
1.4999999999999999e-02 2.7000000000000010e-02 4.0000000000000001e-03  1.4896882569074728e-03
1.4999999999999999e-02 2.9999999999999999e-02 4.0000000000000001e-03  1.5142101088098361e-03
1.4999999999999999e-02 3.3000000000000002e-02 4.0000000000000001e-03  1.5554822551489341e-03
1.4999999999999999e-02 3.6000000000000004e-02 4.0000000000000001e-03  1.6079104596079090e-03
1.4999999999999999e-02 3.9000000000000007e-02 4.0000000000000001e-03  1.6727818162311403e-03
1.4999999999999999e-02 4.2000000000000010e-02 4.0000000000000001e-03  1.7487306564321055e-03
1.4999999999999999e-02 4.4999999999999998e-02 4.0000000000000001e-03  1.8340641457450597e-03
1.8000000000000002e-02 -4.4999999999999998e-02 4.0000000000000001e-03  1.9585537829361374e-03
1.8000000000000002e-02 -4.1999999999999996e-02 4.0000000000000001e-03  1.8472802961306579e-03
1.8000000000000002e-02 -3.9000000000000000e-02 4.0000000000000001e-03  1.7489191348633133e-03
1.8000000000000002e-02 -3.5999999999999997e-02 4.0000000000000001e-03  1.6631634600855817e-03
1.8000000000000002e-02 -3.3000000000000002e-02 4.0000000000000001e-03  1.5904934896365413e-03
1.8000000000000002e-02 -2.9999999999999999e-02 4.0000000000000001e-03  1.5342530069451183e-03
1.8000000000000002e-02 -2.6999999999999996e-02 4.0000000000000001e-03  1.4909475146967213e-03
1.8000000000000002e-02 -2.3999999999999997e-02 4.0000000000000001e-03  1.4600444904898995e-03
1.8000000000000002e-02 -2.0999999999999998e-02 4.0000000000000001e-03  1.4412225764996011e-03
1.8000000000000002e-02 -1.7999999999999999e-02 4.0000000000000001e-03  1.4291923880737538e-03
1.8000000000000002e-02 -1.4999999999999999e-02 4.0000000000000001e-03  1.4263392550702878e-03
1.8000000000000002e-02 -1.1999999999999997e-02 4.0000000000000001e-03  1.4228837939826179e-03
1.8000000000000002e-02 -8.9999999999999941e-03 4.0000000000000001e-03  1.4063476135759805e-03
1.8000000000000002e-02 -5.9999999999999984e-03 4.0000000000000001e-03  1.3947048860012067e-03
1.8000000000000002e-02 -2.9999999999999957e-03 4.0000000000000001e-03  1.3879290111509606e-03
1.8000000000000002e-02 0.0000000000000000e+00 4.0000000000000001e-03  1.3860013248543539e-03
1.8000000000000002e-02 3.0000000000000027e-03 4.0000000000000001e-03  1.3889110988769375e-03
1.8000000000000002e-02 6.0000000000000053e-03 4.0000000000000001e-03  1.3966555409207109e-03
1.8000000000000002e-02 9.0000000000000011e-03 4.0000000000000001e-03  1.4071754344628332e-03
1.8000000000000002e-02 1.2000000000000004e-02 4.0000000000000001e-03  1.4167733918413693e-03
1.8000000000000002e-02 1.4999999999999999e-02 4.0000000000000001e-03  1.4283214052269390e-03
1.8000000000000002e-02 1.8000000000000002e-02 4.0000000000000001e-03  1.4434048915691253e-03
1.8000000000000002e-02 2.1000000000000005e-02 4.0000000000000001e-03  1.4613329888121254e-03
1.8000000000000002e-02 2.4000000000000007e-02 4.0000000000000001e-03  1.4821083538006450e-03
1.8000000000000002e-02 2.7000000000000010e-02 4.0000000000000001e-03  1.5055978014852267e-03
1.8000000000000002e-02 2.9999999999999999e-02 4.0000000000000001e-03  1.5302345041131261e-03
1.8000000000000002e-02 3.3000000000000002e-02 4.0000000000000001e-03  1.5707278172766024e-03
1.8000000000000002e-02 3.6000000000000004e-02 4.0000000000000001e-03  1.6241332861304965e-03
1.8000000000000002e-02 3.9000000000000007e-02 4.0000000000000001e-03  1.6897203397280795e-03
1.8000000000000002e-02 4.2000000000000010e-02 4.0000000000000001e-03  1.7688432603854059e-03
1.8000000000000002e-02 4.4999999999999998e-02 4.0000000000000001e-03  1.8629446400570935e-03
2.1000000000000005e-02 -4.4999999999999998e-02 4.0000000000000001e-03  2.0107712807094710e-03
2.1000000000000005e-02 -4.1999999999999996e-02 4.0000000000000001e-03  1.8991819406228914e-03
2.1000000000000005e-02 -3.9000000000000000e-02 4.0000000000000001e-03  1.8003184611187265e-03
2.1000000000000005e-02 -3.5999999999999997e-02 4.0000000000000001e-03  1.7138690406180311e-03
2.1000000000000005e-02 -3.3000000000000002e-02 4.0000000000000001e-03  1.6395391960597916e-03
2.1000000000000005e-02 -2.9999999999999999e-02 4.0000000000000001e-03  1.5770517629009220e-03
2.1000000000000005e-02 -2.6999999999999996e-02 4.0000000000000001e-03  1.5261468951162796e-03
2.1000000000000005e-02 -2.3999999999999997e-02 4.0000000000000001e-03  1.4865820651986546e-03
2.1000000000000005e-02 -2.0999999999999998e-02 4.0000000000000001e-03  1.4612326870834104e-03
2.1000000000000005e-02 -1.7999999999999999e-02 4.0000000000000001e-03  1.4447697978624842e-03
2.1000000000000005e-02 -1.4999999999999999e-02 4.0000000000000001e-03  1.4360930775249865e-03
2.1000000000000005e-02 -1.1999999999999997e-02 4.0000000000000001e-03  1.4363986593710373e-03
2.1000000000000005e-02 -8.9999999999999941e-03 4.0000000000000001e-03  1.4172674017966045e-03
2.1000000000000005e-02 -5.9999999999999984e-03 4.0000000000000001e-03  1.4028339359664420e-03
2.1000000000000005e-02 -2.9999999999999957e-03 4.0000000000000001e-03  1.3930648006601912e-03
2.1000000000000005e-02 0.0000000000000000e+00 4.0000000000000001e-03  1.3879282856469519e-03
2.1000000000000005e-02 3.0000000000000027e-03 4.0000000000000001e-03  1.3907702629180380e-03
2.1000000000000005e-02 6.0000000000000053e-03 4.0000000000000001e-03  1.3990560525147324e-03
2.1000000000000005e-02 9.0000000000000011e-03 4.0000000000000001e-03  1.4101262446787643e-03
2.1000000000000005e-02 1.2000000000000004e-02 4.0000000000000001e-03  1.4218019600260880e-03
2.1000000000000005e-02 1.4999999999999999e-02 4.0000000000000001e-03  1.4366245785565992e-03
2.1000000000000005e-02 1.8000000000000002e-02 4.0000000000000001e-03  1.4543002332805450e-03
2.1000000000000005e-02 2.1000000000000005e-02 4.0000000000000001e-03  1.4748296916554072e-03
2.1000000000000005e-02 2.4000000000000007e-02 4.0000000000000001e-03  1.4982151868288840e-03
2.1000000000000005e-02 2.7000000000000010e-02 4.0000000000000001e-03  1.5235749447285241e-03
2.1000000000000005e-02 2.9999999999999999e-02 4.0000000000000001e-03  1.5483354762669283e-03
2.1000000000000005e-02 3.3000000000000002e-02 4.0000000000000001e-03  1.5875368292219512e-03
2.1000000000000005e-02 3.6000000000000004e-02 4.0000000000000001e-03  1.6419815082828932e-03
2.1000000000000005e-02 3.9000000000000007e-02 4.0000000000000001e-03  1.7083693498587081e-03
2.1000000000000005e-02 4.2000000000000010e-02 4.0000000000000001e-03  1.7880015183070117e-03
2.1000000000000005e-02 4.4999999999999998e-02 4.0000000000000001e-03  1.8822674876239930e-03
2.4000000000000007e-02 -4.4999999999999998e-02 4.0000000000000001e-03  2.0538972279112470e-03
2.4000000000000007e-02 -4.1999999999999996e-02 4.0000000000000001e-03  1.9415476988113116e-03
2.4000000000000007e-02 -3.9000000000000000e-02 4.0000000000000001e-03  1.8417578858743548e-03
2.4000000000000007e-02 -3.5999999999999997e-02 4.0000000000000001e-03  1.7542110249909968e-03
2.4000000000000007e-02 -3.3000000000000002e-02 4.0000000000000001e-03  1.6786076705697886e-03
2.4000000000000007e-02 -2.9999999999999999e-02 4.0000000000000001e-03  1.6146656955372061e-03
2.4000000000000007e-02 -2.6999999999999996e-02 4.0000000000000001e-03  1.5621202913376692e-03
2.4000000000000007e-02 -2.3999999999999997e-02 4.0000000000000001e-03  1.5207239679335305e-03
2.4000000000000007e-02 -2.0999999999999998e-02 4.0000000000000001e-03  1.4747228928196153e-03
2.4000000000000007e-02 -1.7999999999999999e-02 4.0000000000000001e-03  1.4614468253925207e-03
2.4000000000000007e-02 -1.4999999999999999e-02 4.0000000000000001e-03  1.4551287648273024e-03
2.4000000000000007e-02 -1.1999999999999997e-02 4.0000000000000001e-03  1.4578169192960774e-03
2.4000000000000007e-02 -8.9999999999999941e-03 4.0000000000000001e-03  1.4403062392285609e-03
2.4000000000000007e-02 -5.9999999999999984e-03 4.0000000000000001e-03  1.4255890993329070e-03
2.4000000000000007e-02 -2.9999999999999957e-03 4.0000000000000001e-03  1.4155599630339547e-03
2.4000000000000007e-02 0.0000000000000000e+00 4.0000000000000001e-03  1.4101914601812348e-03
2.4000000000000007e-02 3.0000000000000027e-03 4.0000000000000001e-03  1.4094579716137311e-03
2.4000000000000007e-02 6.0000000000000053e-03 4.0000000000000001e-03  1.4133356291598737e-03
2.4000000000000007e-02 9.0000000000000011e-03 4.0000000000000001e-03  1.4158232208541319e-03
2.4000000000000007e-02 1.2000000000000004e-02 4.0000000000000001e-03  1.4288490393288013e-03
2.4000000000000007e-02 1.4999999999999999e-02 4.0000000000000001e-03  1.4462354662431631e-03
2.4000000000000007e-02 1.8000000000000002e-02 4.0000000000000001e-03  1.4664892820583661e-03
2.4000000000000007e-02 2.1000000000000005e-02 4.0000000000000001e-03  1.4896108305348880e-03
2.4000000000000007e-02 2.4000000000000007e-02 4.0000000000000001e-03  1.5156019211234148e-03
2.4000000000000007e-02 2.7000000000000010e-02 4.0000000000000001e-03  1.5436235265592882e-03
2.4000000000000007e-02 2.9999999999999999e-02 4.0000000000000001e-03  1.5685126624089285e-03
2.4000000000000007e-02 3.3000000000000002e-02 4.0000000000000001e-03  1.6058979918186643e-03
2.4000000000000007e-02 3.6000000000000004e-02 4.0000000000000001e-03  1.6614348016477725e-03
2.4000000000000007e-02 3.9000000000000007e-02 4.0000000000000001e-03  1.7286994969546951e-03
2.4000000000000007e-02 4.2000000000000010e-02 4.0000000000000001e-03  1.8089401241386134e-03
2.4000000000000007e-02 4.4999999999999998e-02 4.0000000000000001e-03  1.8844376908002045e-03
2.7000000000000010e-02 -4.4999999999999998e-02 4.0000000000000001e-03  2.0869422203893253e-03
2.7000000000000010e-02 -4.1999999999999996e-02 4.0000000000000001e-03  1.9734578492828902e-03
2.7000000000000010e-02 -3.9000000000000000e-02 4.0000000000000001e-03  1.8723873704562812e-03
2.7000000000000010e-02 -3.5999999999999997e-02 4.0000000000000001e-03  1.7834090572696759e-03
2.7000000000000010e-02 -3.3000000000000002e-02 4.0000000000000001e-03  1.7062185016011909e-03
2.7000000000000010e-02 -2.9999999999999999e-02 4.0000000000000001e-03  1.6405286138468751e-03
2.7000000000000010e-02 -2.6999999999999996e-02 4.0000000000000001e-03  1.5722419593547201e-03
2.7000000000000010e-02 -2.3999999999999997e-02 4.0000000000000001e-03  1.5212885614551857e-03
2.7000000000000010e-02 -2.0999999999999998e-02 4.0000000000000001e-03  1.4991243274237933e-03
2.7000000000000010e-02 -1.7999999999999999e-02 4.0000000000000001e-03  1.4845561121611065e-03
2.7000000000000010e-02 -1.4999999999999999e-02 4.0000000000000001e-03  1.4840975005213516e-03
2.7000000000000010e-02 -1.1999999999999997e-02 4.0000000000000001e-03  1.4881006008591957e-03
2.7000000000000010e-02 -8.9999999999999941e-03 4.0000000000000001e-03  1.4736756595695639e-03
2.7000000000000010e-02 -5.9999999999999984e-03 4.0000000000000001e-03  1.4585630112800816e-03
2.7000000000000010e-02 -2.9999999999999957e-03 4.0000000000000001e-03  1.4481627896081983e-03
2.7000000000000010e-02 0.0000000000000000e+00 4.0000000000000001e-03  1.4424519644838914e-03
2.7000000000000010e-02 3.0000000000000027e-03 4.0000000000000001e-03  1.4414092568265891e-03
2.7000000000000010e-02 6.0000000000000053e-03 4.0000000000000001e-03  1.4414700405335210e-03
2.7000000000000010e-02 9.0000000000000011e-03 4.0000000000000001e-03  1.4375151633269116e-03
2.7000000000000010e-02 1.2000000000000004e-02 4.0000000000000001e-03  1.4502316213198024e-03
2.7000000000000010e-02 1.4999999999999999e-02 4.0000000000000001e-03  1.4668397900206925e-03
2.7000000000000010e-02 1.8000000000000002e-02 4.0000000000000001e-03  1.4858342441156395e-03
2.7000000000000010e-02 2.1000000000000005e-02 4.0000000000000001e-03  1.5071830560708800e-03
2.7000000000000010e-02 2.4000000000000007e-02 4.0000000000000001e-03  1.5342765593481303e-03
2.7000000000000010e-02 2.7000000000000010e-02 4.0000000000000001e-03  1.5657508818607325e-03
2.7000000000000010e-02 2.9999999999999999e-02 4.0000000000000001e-03  1.5907691946380961e-03
2.7000000000000010e-02 3.3000000000000002e-02 4.0000000000000001e-03  1.6224939044448782e-03
2.7000000000000010e-02 3.6000000000000004e-02 4.0000000000000001e-03  1.6674818037118041e-03
2.7000000000000010e-02 3.9000000000000007e-02 4.0000000000000001e-03  1.7180539811421406e-03
2.7000000000000010e-02 4.2000000000000010e-02 4.0000000000000001e-03  1.7753270761297420e-03
2.7000000000000010e-02 4.4999999999999998e-02 4.0000000000000001e-03  1.8670250569685829e-03
2.9999999999999999e-02 -4.4999999999999998e-02 4.0000000000000001e-03  2.1093908673317208e-03
2.9999999999999999e-02 -4.1999999999999996e-02 4.0000000000000001e-03  1.9944666839647528e-03
2.9999999999999999e-02 -3.9000000000000000e-02 4.0000000000000001e-03  1.8918308895307379e-03
2.9999999999999999e-02 -3.5999999999999997e-02 4.0000000000000001e-03  1.8011567948594204e-03
2.9999999999999999e-02 -3.3000000000000002e-02 4.0000000000000001e-03  1.7182651535089283e-03
2.9999999999999999e-02 -2.9999999999999999e-02 4.0000000000000001e-03  1.6469916180557626e-03
2.9999999999999999e-02 -2.6999999999999996e-02 4.0000000000000001e-03  1.5948364273668523e-03
2.9999999999999999e-02 -2.3999999999999997e-02 4.0000000000000001e-03  1.5623883589932163e-03
2.9999999999999999e-02 -2.0999999999999998e-02 4.0000000000000001e-03  1.5379095169193572e-03
2.9999999999999999e-02 -1.7999999999999999e-02 4.0000000000000001e-03  1.5212046105028795e-03
2.9999999999999999e-02 -1.4999999999999999e-02 4.0000000000000001e-03  1.5210113077620744e-03
2.9999999999999999e-02 -1.1999999999999997e-02 4.0000000000000001e-03  1.5290311883232172e-03
2.9999999999999999e-02 -8.9999999999999941e-03 4.0000000000000001e-03  1.5180491747414499e-03
2.9999999999999999e-02 -5.9999999999999984e-03 4.0000000000000001e-03  1.5024466503685656e-03
2.9999999999999999e-02 -2.9999999999999957e-03 4.0000000000000001e-03  1.4915817255823042e-03
2.9999999999999999e-02 0.0000000000000000e+00 4.0000000000000001e-03  1.4854357103930814e-03
2.9999999999999999e-02 3.0000000000000027e-03 4.0000000000000001e-03  1.4837673356305982e-03
2.9999999999999999e-02 6.0000000000000053e-03 4.0000000000000001e-03  1.4811324787576058e-03
2.9999999999999999e-02 9.0000000000000011e-03 4.0000000000000001e-03  1.4796609730059398e-03
2.9999999999999999e-02 1.2000000000000004e-02 4.0000000000000001e-03  1.4883669177760339e-03
2.9999999999999999e-02 1.4999999999999999e-02 4.0000000000000001e-03  1.5058323174609400e-03
2.9999999999999999e-02 1.8000000000000002e-02 4.0000000000000001e-03  1.5258285360624437e-03
2.9999999999999999e-02 2.1000000000000005e-02 4.0000000000000001e-03  1.5483042325797898e-03
2.9999999999999999e-02 2.4000000000000007e-02 4.0000000000000001e-03  1.5732220607248336e-03
2.9999999999999999e-02 2.7000000000000010e-02 4.0000000000000001e-03  1.5965816442153097e-03
2.9999999999999999e-02 2.9999999999999999e-02 4.0000000000000001e-03  1.6086483147957774e-03
2.9999999999999999e-02 3.3000000000000002e-02 4.0000000000000001e-03  1.6324654578547312e-03
2.9999999999999999e-02 3.6000000000000004e-02 4.0000000000000001e-03  1.6678997679816939e-03
2.9999999999999999e-02 3.9000000000000007e-02 4.0000000000000001e-03  1.7128962427666377e-03
2.9999999999999999e-02 4.2000000000000010e-02 4.0000000000000001e-03  1.7996854301099720e-03
2.9999999999999999e-02 4.4999999999999998e-02 4.0000000000000001e-03  1.9113151920482020e-03
3.3000000000000002e-02 -4.4999999999999998e-02 4.0000000000000001e-03  2.1212017912665962e-03
3.3000000000000002e-02 -4.1999999999999996e-02 4.0000000000000001e-03  2.0046025081241858e-03
3.3000000000000002e-02 -3.9000000000000000e-02 4.0000000000000001e-03  1.9021705959423902e-03
3.3000000000000002e-02 -3.5999999999999997e-02 4.0000000000000001e-03  1.8178594301421032e-03
3.3000000000000002e-02 -3.3000000000000002e-02 4.0000000000000001e-03  1.7499007127390147e-03
3.3000000000000002e-02 -2.9999999999999999e-02 4.0000000000000001e-03  1.6973386223428047e-03
3.3000000000000002e-02 -2.6999999999999996e-02 4.0000000000000001e-03  1.6537910318689965e-03
3.3000000000000002e-02 -2.3999999999999997e-02 4.0000000000000001e-03  1.6187377277994120e-03
3.3000000000000002e-02 -2.0999999999999998e-02 4.0000000000000001e-03  1.5918467093954489e-03
3.3000000000000002e-02 -1.7999999999999999e-02 4.0000000000000001e-03  1.5729002896884112e-03
3.3000000000000002e-02 -1.4999999999999999e-02 4.0000000000000001e-03  1.5650581260486301e-03
3.3000000000000002e-02 -1.1999999999999997e-02 4.0000000000000001e-03  1.5811773683825834e-03
3.3000000000000002e-02 -8.9999999999999941e-03 4.0000000000000001e-03  1.5740908553228425e-03
3.3000000000000002e-02 -5.9999999999999984e-03 4.0000000000000001e-03  1.5579215538157650e-03
3.3000000000000002e-02 -2.9999999999999957e-03 4.0000000000000001e-03  1.5465157748124493e-03
3.3000000000000002e-02 0.0000000000000000e+00 4.0000000000000001e-03  1.5398591684037477e-03
3.3000000000000002e-02 3.0000000000000027e-03 4.0000000000000001e-03  1.5382582163295951e-03
3.3000000000000002e-02 6.0000000000000053e-03 4.0000000000000001e-03  1.5382839241790123e-03
3.3000000000000002e-02 9.0000000000000011e-03 4.0000000000000001e-03  1.5393792005578830e-03
3.3000000000000002e-02 1.2000000000000004e-02 4.0000000000000001e-03  1.5449813608287653e-03
3.3000000000000002e-02 1.4999999999999999e-02 4.0000000000000001e-03  1.5628285254834448e-03
3.3000000000000002e-02 1.8000000000000002e-02 4.0000000000000001e-03  1.5833826066574399e-03
3.3000000000000002e-02 2.1000000000000005e-02 4.0000000000000001e-03  1.6065728498830135e-03
3.3000000000000002e-02 2.4000000000000007e-02 4.0000000000000001e-03  1.6323424954050396e-03
3.3000000000000002e-02 2.7000000000000010e-02 4.0000000000000001e-03  1.6404230398111704e-03
3.3000000000000002e-02 2.9999999999999999e-02 4.0000000000000001e-03  1.6522436626441805e-03
3.3000000000000002e-02 3.3000000000000002e-02 4.0000000000000001e-03  1.6866812499380943e-03
3.3000000000000002e-02 3.6000000000000004e-02 4.0000000000000001e-03  1.7238245366337475e-03
3.3000000000000002e-02 3.9000000000000007e-02 4.0000000000000001e-03  1.7613086612781425e-03
3.3000000000000002e-02 4.2000000000000010e-02 4.0000000000000001e-03  1.8471831857133747e-03
3.3000000000000002e-02 4.4999999999999998e-02 4.0000000000000001e-03  1.9634958359534267e-03
3.6000000000000004e-02 -4.4999999999999998e-02 4.0000000000000001e-03  2.1267845045967707e-03
3.6000000000000004e-02 -4.1999999999999996e-02 4.0000000000000001e-03  2.0275711515150958e-03
3.6000000000000004e-02 -3.9000000000000000e-02 4.0000000000000001e-03  1.9464257716964833e-03
3.6000000000000004e-02 -3.5999999999999997e-02 4.0000000000000001e-03  1.8831109731948052e-03
3.6000000000000004e-02 -3.3000000000000002e-02 4.0000000000000001e-03  1.8309931126154538e-03
3.6000000000000004e-02 -2.9999999999999999e-02 4.0000000000000001e-03  1.7753617949645200e-03
3.6000000000000004e-02 -2.6999999999999996e-02 4.0000000000000001e-03  1.7289016763956350e-03
3.6000000000000004e-02 -2.3999999999999997e-02 4.0000000000000001e-03  1.6911440460739813e-03
3.6000000000000004e-02 -2.0999999999999998e-02 4.0000000000000001e-03  1.6617345069346544e-03
3.6000000000000004e-02 -1.7999999999999999e-02 4.0000000000000001e-03  1.6404329756826547e-03
3.6000000000000004e-02 -1.4999999999999999e-02 4.0000000000000001e-03  1.6271136827928903e-03
3.6000000000000004e-02 -1.1999999999999997e-02 4.0000000000000001e-03  1.6451009576094393e-03
3.6000000000000004e-02 -8.9999999999999941e-03 4.0000000000000001e-03  1.6424553305491481e-03
3.6000000000000004e-02 -5.9999999999999984e-03 4.0000000000000001e-03  1.6256598174958638e-03
3.6000000000000004e-02 -2.9999999999999957e-03 4.0000000000000001e-03  1.6136544998115916e-03
3.6000000000000004e-02 0.0000000000000000e+00 4.0000000000000001e-03  1.6095803280938496e-03
3.6000000000000004e-02 3.0000000000000027e-03 4.0000000000000001e-03  1.6113599002180782e-03
3.6000000000000004e-02 6.0000000000000053e-03 4.0000000000000001e-03  1.6141171995347487e-03
3.6000000000000004e-02 9.0000000000000011e-03 4.0000000000000001e-03  1.6178492814730731e-03
3.6000000000000004e-02 1.2000000000000004e-02 4.0000000000000001e-03  1.6225603453563001e-03
3.6000000000000004e-02 1.4999999999999999e-02 4.0000000000000001e-03  1.6394474093178826e-03
3.6000000000000004e-02 1.8000000000000002e-02 4.0000000000000001e-03  1.6600815423041383e-03
3.6000000000000004e-02 2.1000000000000005e-02 4.0000000000000001e-03  1.6835400855578942e-03
3.6000000000000004e-02 2.4000000000000007e-02 4.0000000000000001e-03  1.6954373997187804e-03
3.6000000000000004e-02 2.7000000000000010e-02 4.0000000000000001e-03  1.6969264788003217e-03
3.6000000000000004e-02 2.9999999999999999e-02 4.0000000000000001e-03  1.7156237580144252e-03
3.6000000000000004e-02 3.3000000000000002e-02 4.0000000000000001e-03  1.7403182197516145e-03
3.6000000000000004e-02 3.6000000000000004e-02 4.0000000000000001e-03  1.7725183909363049e-03
3.6000000000000004e-02 3.9000000000000007e-02 4.0000000000000001e-03  1.8366230678694673e-03
3.6000000000000004e-02 4.2000000000000010e-02 4.0000000000000001e-03  1.9022685182743082e-03
3.6000000000000004e-02 4.4999999999999998e-02 4.0000000000000001e-03  2.0234060116414657e-03
3.9000000000000007e-02 -4.4999999999999998e-02 4.0000000000000001e-03  2.1830663919056958e-03
3.9000000000000007e-02 -4.1999999999999996e-02 4.0000000000000001e-03  2.1061904850108669e-03
3.9000000000000007e-02 -3.9000000000000000e-02 4.0000000000000001e-03  2.0489881063416007e-03
3.9000000000000007e-02 -3.5999999999999997e-02 4.0000000000000001e-03  1.9982236988614500e-03
3.9000000000000007e-02 -3.3000000000000002e-02 4.0000000000000001e-03  1.9293559316374037e-03
3.9000000000000007e-02 -2.9999999999999999e-02 4.0000000000000001e-03  1.8704881287466084e-03
3.9000000000000007e-02 -2.6999999999999996e-02 4.0000000000000001e-03  1.8210148692580290e-03
3.9000000000000007e-02 -2.3999999999999997e-02 4.0000000000000001e-03  1.7804450460105589e-03
3.9000000000000007e-02 -2.0999999999999998e-02 4.0000000000000001e-03  1.7484018656129805e-03
3.9000000000000007e-02 -1.7999999999999999e-02 4.0000000000000001e-03  1.7246228484439968e-03
3.9000000000000007e-02 -1.4999999999999999e-02 4.0000000000000001e-03  1.7089598286522099e-03
3.9000000000000007e-02 -1.1999999999999997e-02 4.0000000000000001e-03  1.7161513988617743e-03
3.9000000000000007e-02 -8.9999999999999941e-03 4.0000000000000001e-03  1.7237877883125629e-03
3.9000000000000007e-02 -5.9999999999999984e-03 4.0000000000000001e-03  1.7063240959398240e-03
3.9000000000000007e-02 -2.9999999999999957e-03 4.0000000000000001e-03  1.6957450950377234e-03
3.9000000000000007e-02 0.0000000000000000e+00 4.0000000000000001e-03  1.6995162137316785e-03
3.9000000000000007e-02 3.0000000000000027e-03 4.0000000000000001e-03  1.7041803236497604e-03
3.9000000000000007e-02 6.0000000000000053e-03 4.0000000000000001e-03  1.7097268539318460e-03
3.9000000000000007e-02 9.0000000000000011e-03 4.0000000000000001e-03  1.7161523776118503e-03
3.9000000000000007e-02 1.2000000000000004e-02 4.0000000000000001e-03  1.7234606116177361e-03
3.9000000000000007e-02 1.4999999999999999e-02 4.0000000000000001e-03  1.7372181734415192e-03
3.9000000000000007e-02 1.8000000000000002e-02 4.0000000000000001e-03  1.7574206386536408e-03
3.9000000000000007e-02 2.1000000000000005e-02 4.0000000000000001e-03  1.7767376324213714e-03
3.9000000000000007e-02 2.4000000000000007e-02 4.0000000000000001e-03  1.7681681618632729e-03
3.9000000000000007e-02 2.7000000000000010e-02 4.0000000000000001e-03  1.7711388893178975e-03
3.9000000000000007e-02 2.9999999999999999e-02 4.0000000000000001e-03  1.7798561605908247e-03
3.9000000000000007e-02 3.3000000000000002e-02 4.0000000000000001e-03  1.7942787983190290e-03
3.9000000000000007e-02 3.6000000000000004e-02 4.0000000000000001e-03  1.8232336842063982e-03
3.9000000000000007e-02 3.9000000000000007e-02 4.0000000000000001e-03  1.9193267108364512e-03
3.9000000000000007e-02 4.2000000000000010e-02 4.0000000000000001e-03  1.9649321315861382e-03
3.9000000000000007e-02 4.4999999999999998e-02 4.0000000000000001e-03  2.0888407605958717e-03
4.2000000000000010e-02 -4.4999999999999998e-02 4.0000000000000001e-03  2.2996038540521882e-03
4.2000000000000010e-02 -4.1999999999999996e-02 4.0000000000000001e-03  2.2501217962259709e-03
4.2000000000000010e-02 -3.9000000000000000e-02 4.0000000000000001e-03  2.2016800162016630e-03
4.2000000000000010e-02 -3.5999999999999997e-02 4.0000000000000001e-03  2.1182545596894957e-03
4.2000000000000010e-02 -3.3000000000000002e-02 4.0000000000000001e-03  2.0458096853351493e-03
4.2000000000000010e-02 -2.9999999999999999e-02 4.0000000000000001e-03  1.9836032621113890e-03
4.2000000000000010e-02 -2.6999999999999996e-02 4.0000000000000001e-03  1.9310074727608897e-03
4.2000000000000010e-02 -2.3999999999999997e-02 4.0000000000000001e-03  1.8875088137962270e-03
4.2000000000000010e-02 -2.0999999999999998e-02 4.0000000000000001e-03  1.8527080954998903e-03
4.2000000000000010e-02 -1.7999999999999999e-02 4.0000000000000001e-03  1.8263204419242660e-03
4.2000000000000010e-02 -1.4999999999999999e-02 4.0000000000000001e-03  1.8081752908916627e-03
4.2000000000000010e-02 -1.1999999999999997e-02 4.0000000000000001e-03  1.7982163939942938e-03
4.2000000000000010e-02 -8.9999999999999941e-03 4.0000000000000001e-03  1.8187239751620706e-03
4.2000000000000010e-02 -5.9999999999999984e-03 4.0000000000000001e-03  1.8005676023354084e-03
4.2000000000000010e-02 -2.9999999999999957e-03 4.0000000000000001e-03  1.8033385062647183e-03
4.2000000000000010e-02 0.0000000000000000e+00 4.0000000000000001e-03  1.8101352460690142e-03
4.2000000000000010e-02 3.0000000000000027e-03 4.0000000000000001e-03  1.8177291493483628e-03
4.2000000000000010e-02 6.0000000000000053e-03 4.0000000000000001e-03  1.8261091628473448e-03
4.2000000000000010e-02 9.0000000000000011e-03 4.0000000000000001e-03  1.8352713772045782e-03
4.2000000000000010e-02 1.2000000000000004e-02 4.0000000000000001e-03  1.8452190269527343e-03
4.2000000000000010e-02 1.4999999999999999e-02 4.0000000000000001e-03  1.8575802315792108e-03
4.2000000000000010e-02 1.8000000000000002e-02 4.0000000000000001e-03  1.8768054006046316e-03
4.2000000000000010e-02 2.1000000000000005e-02 4.0000000000000001e-03  1.8690106927362145e-03
4.2000000000000010e-02 2.4000000000000007e-02 4.0000000000000001e-03  1.8563883725543281e-03
4.2000000000000010e-02 2.7000000000000010e-02 4.0000000000000001e-03  1.8492550514546341e-03
4.2000000000000010e-02 2.9999999999999999e-02 4.0000000000000001e-03  1.8681661489384771e-03
4.2000000000000010e-02 3.3000000000000002e-02 4.0000000000000001e-03  1.9035082782878688e-03
4.2000000000000010e-02 3.6000000000000004e-02 4.0000000000000001e-03  1.9381069901556059e-03
4.2000000000000010e-02 3.9000000000000007e-02 4.0000000000000001e-03  2.0130722680155714e-03
4.2000000000000010e-02 4.2000000000000010e-02 4.0000000000000001e-03  2.0593162198010357e-03
4.2000000000000010e-02 4.4999999999999998e-02 4.0000000000000001e-03  2.1410602633685971e-03
4.4999999999999998e-02 -4.4999999999999998e-02 4.0000000000000001e-03  2.4893257040226441e-03
4.4999999999999998e-02 -4.1999999999999996e-02 4.0000000000000001e-03  2.4442375342012099e-03
4.4999999999999998e-02 -3.9000000000000000e-02 4.0000000000000001e-03  2.3447646313668616e-03
4.4999999999999998e-02 -3.5999999999999997e-02 4.0000000000000001e-03  2.2574047810883001e-03
4.4999999999999998e-02 -3.3000000000000002e-02 4.0000000000000001e-03  2.1812791422420688e-03
4.4999999999999998e-02 -2.9999999999999999e-02 4.0000000000000001e-03  2.1156231874746270e-03
4.4999999999999998e-02 -2.6999999999999996e-02 4.0000000000000001e-03  2.0597867032023428e-03
4.4999999999999998e-02 -2.3999999999999997e-02 4.0000000000000001e-03  2.0132337896114883e-03
4.4999999999999998e-02 -2.0999999999999998e-02 4.0000000000000001e-03  1.9755428606582498e-03
4.4999999999999998e-02 -1.7999999999999999e-02 4.0000000000000001e-03  1.9464066440687128e-03
4.4999999999999998e-02 -1.4999999999999999e-02 4.0000000000000001e-03  1.9256321813388819e-03
4.4999999999999998e-02 -1.1999999999999997e-02 4.0000000000000001e-03  1.9131408277346610e-03
4.4999999999999998e-02 -8.9999999999999941e-03 4.0000000000000001e-03  1.9278901963034410e-03
4.4999999999999998e-02 -5.9999999999999984e-03 4.0000000000000001e-03  1.9233707482984943e-03
4.4999999999999998e-02 -2.9999999999999957e-03 4.0000000000000001e-03  1.9325069688949871e-03
4.4999999999999998e-02 0.0000000000000000e+00 4.0000000000000001e-03  1.9423622014462856e-03
4.4999999999999998e-02 3.0000000000000027e-03 4.0000000000000001e-03  1.9529177664076248e-03
4.4999999999999998e-02 6.0000000000000053e-03 4.0000000000000001e-03  1.9641621281282972e-03
4.4999999999999998e-02 9.0000000000000011e-03 4.0000000000000001e-03  1.9760908948516262e-03
4.4999999999999998e-02 1.2000000000000004e-02 4.0000000000000001e-03  1.9887068187149815e-03
4.4999999999999998e-02 1.4999999999999999e-02 4.0000000000000001e-03  2.0020197957497979e-03
4.4999999999999998e-02 1.8000000000000002e-02 4.0000000000000001e-03  2.0024174922090264e-03
4.4999999999999998e-02 2.1000000000000005e-02 4.0000000000000001e-03  1.9746201289089493e-03
4.4999999999999998e-02 2.4000000000000007e-02 4.0000000000000001e-03  1.9833650692558298e-03
4.4999999999999998e-02 2.7000000000000010e-02 4.0000000000000001e-03  2.0172487845225131e-03
4.4999999999999998e-02 2.9999999999999999e-02 4.0000000000000001e-03  2.0506596702793479e-03
4.4999999999999998e-02 3.3000000000000002e-02 4.0000000000000001e-03  2.0836133080957167e-03
4.4999999999999998e-02 3.6000000000000004e-02 4.0000000000000001e-03  2.1162705319682988e-03
4.4999999999999998e-02 3.9000000000000007e-02 4.0000000000000001e-03  2.1570153284480652e-03
4.4999999999999998e-02 4.2000000000000010e-02 4.0000000000000001e-03  2.1411651729211461e-03
4.4999999999999998e-02 4.4999999999999998e-02 4.0000000000000001e-03  2.2242648837090171e-03
