Grid Output Min: [-45mm -45mm 4mm] Max: [45mm 45mm 4mm] Grid Size: [3mm 3mm 0mm]
X, Y, Z, Scalar data "Mag_B"
-4.4999999999999998e-02 -4.4999999999999998e-02 4.0000000000000001e-03  2.3659034900765509e-03
-4.4999999999999998e-02 -4.1999999999999996e-02 4.0000000000000001e-03  2.3034684621669127e-03
-4.4999999999999998e-02 -3.9000000000000000e-02 4.0000000000000001e-03  2.2152077565716112e-03
-4.4999999999999998e-02 -3.5999999999999997e-02 4.0000000000000001e-03  2.1366888057934522e-03
-4.4999999999999998e-02 -3.3000000000000002e-02 4.0000000000000001e-03  2.0987768678038129e-03
-4.4999999999999998e-02 -2.9999999999999999e-02 4.0000000000000001e-03  2.0569334651310339e-03
-4.4999999999999998e-02 -2.6999999999999996e-02 4.0000000000000001e-03  2.0113788847243175e-03
-4.4999999999999998e-02 -2.3999999999999997e-02 4.0000000000000001e-03  1.9623820215547046e-03
-4.4999999999999998e-02 -2.0999999999999998e-02 4.0000000000000001e-03  1.9362134922594801e-03
-4.4999999999999998e-02 -1.7999999999999999e-02 4.0000000000000001e-03  1.9499448411946642e-03
-4.4999999999999998e-02 -1.4999999999999999e-02 4.0000000000000001e-03  1.9280719214216961e-03
-4.4999999999999998e-02 -1.1999999999999997e-02 4.0000000000000001e-03  1.9060742213811291e-03
-4.4999999999999998e-02 -8.9999999999999941e-03 4.0000000000000001e-03  1.8939552349340730e-03
-4.4999999999999998e-02 -5.9999999999999984e-03 4.0000000000000001e-03  1.9342986153413986e-03
-4.4999999999999998e-02 -2.9999999999999957e-03 4.0000000000000001e-03  1.9665623153171455e-03
-4.4999999999999998e-02 0.0000000000000000e+00 4.0000000000000001e-03  1.9905368849227620e-03
-4.4999999999999998e-02 3.0000000000000027e-03 4.0000000000000001e-03  2.0060493845092454e-03
-4.4999999999999998e-02 6.0000000000000053e-03 4.0000000000000001e-03  2.0129633847171535e-03
-4.4999999999999998e-02 9.0000000000000011e-03 4.0000000000000001e-03  2.0111789664765890e-03
-4.4999999999999998e-02 1.2000000000000004e-02 4.0000000000000001e-03  2.0006327210071962e-03
-4.4999999999999998e-02 1.4999999999999999e-02 4.0000000000000001e-03  2.0025196638673560e-03
-4.4999999999999998e-02 1.8000000000000002e-02 4.0000000000000001e-03  2.0461216168468697e-03
-4.4999999999999998e-02 2.1000000000000005e-02 4.0000000000000001e-03  2.0514031829722001e-03
-4.4999999999999998e-02 2.4000000000000007e-02 4.0000000000000001e-03  2.0562918784493055e-03
-4.4999999999999998e-02 2.7000000000000010e-02 4.0000000000000001e-03  2.0591019922316664e-03
-4.4999999999999998e-02 2.9999999999999999e-02 4.0000000000000001e-03  2.0781970716275714e-03
-4.4999999999999998e-02 3.3000000000000002e-02 4.0000000000000001e-03  2.1070973987143121e-03
-4.4999999999999998e-02 3.6000000000000004e-02 4.0000000000000001e-03  2.1726388967779693e-03
-4.4999999999999998e-02 3.9000000000000007e-02 4.0000000000000001e-03  2.3062706644564647e-03
-4.4999999999999998e-02 4.2000000000000010e-02 4.0000000000000001e-03  2.3778697465516052e-03
-4.4999999999999998e-02 4.4999999999999998e-02 4.0000000000000001e-03  2.4035211097078795e-03
-4.1999999999999996e-02 -4.4999999999999998e-02 4.0000000000000001e-03  2.2660613341227596e-03
-4.1999999999999996e-02 -4.1999999999999996e-02 4.0000000000000001e-03  2.1181537380446872e-03
-4.1999999999999996e-02 -3.9000000000000000e-02 4.0000000000000001e-03  2.0588478916365904e-03
-4.1999999999999996e-02 -3.5999999999999997e-02 4.0000000000000001e-03  2.0061252911743365e-03
-4.1999999999999996e-02 -3.3000000000000002e-02 4.0000000000000001e-03  1.9606101500542401e-03
-4.1999999999999996e-02 -2.9999999999999999e-02 4.0000000000000001e-03  1.9171352476563613e-03
-4.1999999999999996e-02 -2.6999999999999996e-02 4.0000000000000001e-03  1.8698370995427344e-03
-4.1999999999999996e-02 -2.3999999999999997e-02 4.0000000000000001e-03  1.8536194187442159e-03
-4.1999999999999996e-02 -2.0999999999999998e-02 4.0000000000000001e-03  1.8723468972939626e-03
-4.1999999999999996e-02 -1.7999999999999999e-02 4.0000000000000001e-03  1.8508864111767989e-03
-4.1999999999999996e-02 -1.4999999999999999e-02 4.0000000000000001e-03  1.8315000464836485e-03
-4.1999999999999996e-02 -1.1999999999999997e-02 4.0000000000000001e-03  1.8137520461192437e-03
-4.1999999999999996e-02 -8.9999999999999941e-03 4.0000000000000001e-03  1.7961470577164838e-03
-4.1999999999999996e-02 -5.9999999999999984e-03 4.0000000000000001e-03  1.7999706136681917e-03
-4.1999999999999996e-02 -2.9999999999999957e-03 4.0000000000000001e-03  1.8279075481509076e-03
-4.1999999999999996e-02 0.0000000000000000e+00 4.0000000000000001e-03  1.8473339226471985e-03
-4.1999999999999996e-02 3.0000000000000027e-03 4.0000000000000001e-03  1.8581044881119102e-03
-4.1999999999999996e-02 6.0000000000000053e-03 4.0000000000000001e-03  1.8601105057894321e-03
-4.1999999999999996e-02 9.0000000000000011e-03 4.0000000000000001e-03  1.8571898479757508e-03
-4.1999999999999996e-02 1.2000000000000004e-02 4.0000000000000001e-03  1.8738184992657676e-03
-4.1999999999999996e-02 1.4999999999999999e-02 4.0000000000000001e-03  1.8830383772804116e-03
-4.1999999999999996e-02 1.8000000000000002e-02 4.0000000000000001e-03  1.8689596288851804e-03
-4.1999999999999996e-02 2.1000000000000005e-02 4.0000000000000001e-03  1.8974108430568630e-03
-4.1999999999999996e-02 2.4000000000000007e-02 4.0000000000000001e-03  1.9287476217144492e-03
-4.1999999999999996e-02 2.7000000000000010e-02 4.0000000000000001e-03  1.9785291149475438e-03
-4.1999999999999996e-02 2.9999999999999999e-02 4.0000000000000001e-03  1.9934374572659263e-03
-4.1999999999999996e-02 3.3000000000000002e-02 4.0000000000000001e-03  2.0234917607257316e-03
-4.1999999999999996e-02 3.6000000000000004e-02 4.0000000000000001e-03  2.0408894016706496e-03
-4.1999999999999996e-02 3.9000000000000007e-02 4.0000000000000001e-03  2.1349015493313207e-03
-4.1999999999999996e-02 4.2000000000000010e-02 4.0000000000000001e-03  2.2010950544847875e-03
-4.1999999999999996e-02 4.4999999999999998e-02 4.0000000000000001e-03  2.2708520285694422e-03
-3.9000000000000000e-02 -4.4999999999999998e-02 4.0000000000000001e-03  2.2077151291374744e-03
-3.9000000000000000e-02 -4.1999999999999996e-02 4.0000000000000001e-03  2.0645824556828492e-03
-3.9000000000000000e-02 -3.9000000000000000e-02 4.0000000000000001e-03  1.9479163704946996e-03
-3.9000000000000000e-02 -3.5999999999999997e-02 4.0000000000000001e-03  1.8636208042571677e-03
-3.9000000000000000e-02 -3.3000000000000002e-02 4.0000000000000001e-03  1.8424581591622207e-03
-3.9000000000000000e-02 -2.9999999999999999e-02 4.0000000000000001e-03  1.7975486607752947e-03
-3.9000000000000000e-02 -2.6999999999999996e-02 4.0000000000000001e-03  1.7874799228217502e-03
-3.9000000000000000e-02 -2.3999999999999997e-02 4.0000000000000001e-03  1.8038241129264146e-03
-3.9000000000000000e-02 -2.0999999999999998e-02 4.0000000000000001e-03  1.7867081358627743e-03
-3.9000000000000000e-02 -1.7999999999999999e-02 4.0000000000000001e-03  1.7680610539739601e-03
-3.9000000000000000e-02 -1.4999999999999999e-02 4.0000000000000001e-03  1.7513225705738308e-03
-3.9000000000000000e-02 -1.1999999999999997e-02 4.0000000000000001e-03  1.7365754080642375e-03
-3.9000000000000000e-02 -8.9999999999999941e-03 4.0000000000000001e-03  1.7237986302895136e-03
-3.9000000000000000e-02 -5.9999999999999984e-03 4.0000000000000001e-03  1.7129650583743797e-03
-3.9000000000000000e-02 -2.9999999999999957e-03 4.0000000000000001e-03  1.7233784617827724e-03
-3.9000000000000000e-02 0.0000000000000000e+00 4.0000000000000001e-03  1.7379581164476275e-03
-3.9000000000000000e-02 3.0000000000000027e-03 4.0000000000000001e-03  1.7437091094480923e-03
-3.9000000000000000e-02 6.0000000000000053e-03 4.0000000000000001e-03  1.7474941269202111e-03
-3.9000000000000000e-02 9.0000000000000011e-03 4.0000000000000001e-03  1.7606485220211161e-03
-3.9000000000000000e-02 1.2000000000000004e-02 4.0000000000000001e-03  1.7735463712076102e-03
-3.9000000000000000e-02 1.4999999999999999e-02 4.0000000000000001e-03  1.7844415175455302e-03
-3.9000000000000000e-02 1.8000000000000002e-02 4.0000000000000001e-03  1.7774320322806088e-03
-3.9000000000000000e-02 2.1000000000000005e-02 4.0000000000000001e-03  1.7754562042892478e-03
-3.9000000000000000e-02 2.4000000000000007e-02 4.0000000000000001e-03  1.7784901813670258e-03
-3.9000000000000000e-02 2.7000000000000010e-02 4.0000000000000001e-03  1.8332119123987839e-03
-3.9000000000000000e-02 2.9999999999999999e-02 4.0000000000000001e-03  1.9032963569020095e-03
-3.9000000000000000e-02 3.3000000000000002e-02 4.0000000000000001e-03  1.9346749683931529e-03
-3.9000000000000000e-02 3.6000000000000004e-02 4.0000000000000001e-03  1.9645399511896886e-03
-3.9000000000000000e-02 3.9000000000000007e-02 4.0000000000000001e-03  2.0005515711379982e-03
-3.9000000000000000e-02 4.2000000000000010e-02 4.0000000000000001e-03  2.0822455231466197e-03
-3.9000000000000000e-02 4.4999999999999998e-02 4.0000000000000001e-03  2.2009788594955448e-03
-3.5999999999999997e-02 -4.4999999999999998e-02 4.0000000000000001e-03  2.1546935183233006e-03
-3.5999999999999997e-02 -4.1999999999999996e-02 4.0000000000000001e-03  2.0155519312883116e-03
-3.5999999999999997e-02 -3.9000000000000000e-02 4.0000000000000001e-03  1.9025437598587916e-03
-3.5999999999999997e-02 -3.5999999999999997e-02 4.0000000000000001e-03  1.8146109161825729e-03
-3.5999999999999997e-02 -3.3000000000000002e-02 4.0000000000000001e-03  1.7519737416661753e-03
-3.5999999999999997e-02 -2.9999999999999999e-02 4.0000000000000001e-03  1.7358288156164232e-03
-3.5999999999999997e-02 -2.6999999999999996e-02 4.0000000000000001e-03  1.7428049212201157e-03
-3.5999999999999997e-02 -2.3999999999999997e-02 4.0000000000000001e-03  1.7331798317145575e-03
-3.5999999999999997e-02 -2.0999999999999998e-02 4.0000000000000001e-03  1.7157389814269435e-03
-3.5999999999999997e-02 -1.7999999999999999e-02 4.0000000000000001e-03  1.7000256785692630e-03
-3.5999999999999997e-02 -1.4999999999999999e-02 4.0000000000000001e-03  1.6860813396833629e-03
-3.5999999999999997e-02 -1.1999999999999997e-02 4.0000000000000001e-03  1.6739806146001254e-03
-3.5999999999999997e-02 -8.9999999999999941e-03 4.0000000000000001e-03  1.6651734314574011e-03
-3.5999999999999997e-02 -5.9999999999999984e-03 4.0000000000000001e-03  1.6588372465627345e-03
-3.5999999999999997e-02 -2.9999999999999957e-03 4.0000000000000001e-03  1.6543994332756259e-03
-3.5999999999999997e-02 0.0000000000000000e+00 4.0000000000000001e-03  1.6617729628347544e-03
-3.5999999999999997e-02 3.0000000000000027e-03 4.0000000000000001e-03  1.6687411748732043e-03
-3.5999999999999997e-02 6.0000000000000053e-03 4.0000000000000001e-03  1.6784223446001563e-03
-3.5999999999999997e-02 9.0000000000000011e-03 4.0000000000000001e-03  1.6878524215125867e-03
-3.5999999999999997e-02 1.2000000000000004e-02 4.0000000000000001e-03  1.6970281772049297e-03
-3.5999999999999997e-02 1.4999999999999999e-02 4.0000000000000001e-03  1.7059470424854279e-03
-3.5999999999999997e-02 1.8000000000000002e-02 4.0000000000000001e-03  1.7065866260565867e-03
-3.5999999999999997e-02 2.1000000000000005e-02 4.0000000000000001e-03  1.7116001531473988e-03
-3.5999999999999997e-02 2.4000000000000007e-02 4.0000000000000001e-03  1.7291963272780884e-03
-3.5999999999999997e-02 2.7000000000000010e-02 4.0000000000000001e-03  1.7590612565573705e-03
-3.5999999999999997e-02 2.9999999999999999e-02 4.0000000000000001e-03  1.7935097720460165e-03
-3.5999999999999997e-02 3.3000000000000002e-02 4.0000000000000001e-03  1.8325797509680974e-03
-3.5999999999999997e-02 3.6000000000000004e-02 4.0000000000000001e-03  1.8813137043486407e-03
-3.5999999999999997e-02 3.9000000000000007e-02 4.0000000000000001e-03  1.9344126380079006e-03
-3.5999999999999997e-02 4.2000000000000010e-02 4.0000000000000001e-03  2.0071567878947013e-03
-3.5999999999999997e-02 4.4999999999999998e-02 4.0000000000000001e-03  2.1428951539941795e-03
-3.3000000000000002e-02 -4.4999999999999998e-02 4.0000000000000001e-03  2.1067302765537914e-03
-3.3000000000000002e-02 -4.1999999999999996e-02 4.0000000000000001e-03  1.9715476319256213e-03
-3.3000000000000002e-02 -3.9000000000000000e-02 4.0000000000000001e-03  1.8625531072363375e-03
-3.3000000000000002e-02 -3.5999999999999997e-02 4.0000000000000001e-03  1.7764826938468209e-03
-3.3000000000000002e-02 -3.3000000000000002e-02 4.0000000000000001e-03  1.7148958009320682e-03
-3.3000000000000002e-02 -2.9999999999999999e-02 4.0000000000000001e-03  1.6944883013406884e-03
-3.3000000000000002e-02 -2.6999999999999996e-02 4.0000000000000001e-03  1.6882170392379641e-03
-3.3000000000000002e-02 -2.3999999999999997e-02 4.0000000000000001e-03  1.6722991900992052e-03
-3.3000000000000002e-02 -2.0999999999999998e-02 4.0000000000000001e-03  1.6580031041810279e-03
-3.3000000000000002e-02 -1.7999999999999999e-02 4.0000000000000001e-03  1.6453288921652711e-03
-3.3000000000000002e-02 -1.4999999999999999e-02 4.0000000000000001e-03  1.6343098980228024e-03
-3.3000000000000002e-02 -1.1999999999999997e-02 4.0000000000000001e-03  1.6250126990135466e-03
-3.3000000000000002e-02 -8.9999999999999941e-03 4.0000000000000001e-03  1.6191301725536299e-03
-3.3000000000000002e-02 -5.9999999999999984e-03 4.0000000000000001e-03  1.6170019064797299e-03
-3.3000000000000002e-02 -2.9999999999999957e-03 4.0000000000000001e-03  1.6167409781781170e-03
-3.3000000000000002e-02 0.0000000000000000e+00 4.0000000000000001e-03  1.6228815262296285e-03
-3.3000000000000002e-02 3.0000000000000027e-03 4.0000000000000001e-03  1.6283815615328262e-03
-3.3000000000000002e-02 6.0000000000000053e-03 4.0000000000000001e-03  1.6332089877123829e-03
-3.3000000000000002e-02 9.0000000000000011e-03 4.0000000000000001e-03  1.6386622366927749e-03
-3.3000000000000002e-02 1.2000000000000004e-02 4.0000000000000001e-03  1.6441290247048914e-03
-3.3000000000000002e-02 1.4999999999999999e-02 4.0000000000000001e-03  1.6493400043843945e-03
-3.3000000000000002e-02 1.8000000000000002e-02 4.0000000000000001e-03  1.6572435896204489e-03
-3.3000000000000002e-02 2.1000000000000005e-02 4.0000000000000001e-03  1.6779729609245901e-03
-3.3000000000000002e-02 2.4000000000000007e-02 4.0000000000000001e-03  1.7032765323326542e-03
-3.3000000000000002e-02 2.7000000000000010e-02 4.0000000000000001e-03  1.7331510939830031e-03
-3.3000000000000002e-02 2.9999999999999999e-02 4.0000000000000001e-03  1.7676140653802082e-03
-3.3000000000000002e-02 3.3000000000000002e-02 4.0000000000000001e-03  1.8044790957365898e-03
-3.3000000000000002e-02 3.6000000000000004e-02 4.0000000000000001e-03  1.8466761838397371e-03
-3.3000000000000002e-02 3.9000000000000007e-02 4.0000000000000001e-03  1.9001467664231460e-03
-3.3000000000000002e-02 4.2000000000000010e-02 4.0000000000000001e-03  1.9606684991294379e-03
-3.3000000000000002e-02 4.4999999999999998e-02 4.0000000000000001e-03  2.0859613859711391e-03
-2.9999999999999999e-02 -4.4999999999999998e-02 4.0000000000000001e-03  2.0635876024885252e-03
-2.9999999999999999e-02 -4.1999999999999996e-02 4.0000000000000001e-03  1.9323483703222346e-03
-2.9999999999999999e-02 -3.9000000000000000e-02 4.0000000000000001e-03  1.8273344176530718e-03
-2.9999999999999999e-02 -3.5999999999999997e-02 4.0000000000000001e-03  1.7452046910857615e-03
-2.9999999999999999e-02 -3.3000000000000002e-02 4.0000000000000001e-03  1.6845915322517271e-03
-2.9999999999999999e-02 -2.9999999999999999e-02 4.0000000000000001e-03  1.6622026532932723e-03
-2.9999999999999999e-02 -2.6999999999999996e-02 4.0000000000000001e-03  1.6427527064514561e-03
-2.9999999999999999e-02 -2.3999999999999997e-02 4.0000000000000001e-03  1.6267785139853894e-03
-2.9999999999999999e-02 -2.0999999999999998e-02 4.0000000000000001e-03  1.6144880116317117e-03
-2.9999999999999999e-02 -1.7999999999999999e-02 4.0000000000000001e-03  1.6037873386770666e-03
-2.9999999999999999e-02 -1.4999999999999999e-02 4.0000000000000001e-03  1.5946932038173756e-03
-2.9999999999999999e-02 -1.1999999999999997e-02 4.0000000000000001e-03  1.5881818407425150e-03
-2.9999999999999999e-02 -8.9999999999999941e-03 4.0000000000000001e-03  1.5845073334000950e-03
-2.9999999999999999e-02 -5.9999999999999984e-03 4.0000000000000001e-03  1.5901579070372273e-03
-2.9999999999999999e-02 -2.9999999999999957e-03 4.0000000000000001e-03  1.5962986707151563e-03
-2.9999999999999999e-02 0.0000000000000000e+00 4.0000000000000001e-03  1.6017767372868315e-03
-2.9999999999999999e-02 3.0000000000000027e-03 4.0000000000000001e-03  1.6065888501319791e-03
-2.9999999999999999e-02 6.0000000000000053e-03 4.0000000000000001e-03  1.6107320148666267e-03
-2.9999999999999999e-02 9.0000000000000011e-03 4.0000000000000001e-03  1.6142034993430834e-03
-2.9999999999999999e-02 1.2000000000000004e-02 4.0000000000000001e-03  1.6170008336499379e-03
-2.9999999999999999e-02 1.4999999999999999e-02 4.0000000000000001e-03  1.6191218101120695e-03
-2.9999999999999999e-02 1.8000000000000002e-02 4.0000000000000001e-03  1.6306308309961758e-03
-2.9999999999999999e-02 2.1000000000000005e-02 4.0000000000000001e-03  1.6513490191465839e-03
-2.9999999999999999e-02 2.4000000000000007e-02 4.0000000000000001e-03  1.6766422197043429e-03
-2.9999999999999999e-02 2.7000000000000010e-02 4.0000000000000001e-03  1.7039865833800775e-03
-2.9999999999999999e-02 2.9999999999999999e-02 4.0000000000000001e-03  1.7334693197878902e-03
-2.9999999999999999e-02 3.3000000000000002e-02 4.0000000000000001e-03  1.7688768768229295e-03
-2.9999999999999999e-02 3.6000000000000004e-02 4.0000000000000001e-03  1.8102255639524615e-03
-2.9999999999999999e-02 3.9000000000000007e-02 4.0000000000000001e-03  1.8609630864081900e-03
-2.9999999999999999e-02 4.2000000000000010e-02 4.0000000000000001e-03  1.9373318179615323e-03
-2.9999999999999999e-02 4.4999999999999998e-02 4.0000000000000001e-03  2.0482871445420855e-03
-2.6999999999999996e-02 -4.4999999999999998e-02 4.0000000000000001e-03  2.0250561185731104e-03
-2.6999999999999996e-02 -4.1999999999999996e-02 4.0000000000000001e-03  1.8977613829916468e-03
-2.6999999999999996e-02 -3.9000000000000000e-02 4.0000000000000001e-03  1.7967115416903567e-03
-2.6999999999999996e-02 -3.5999999999999997e-02 4.0000000000000001e-03  1.7184884965178245e-03
-2.6999999999999996e-02 -3.3000000000000002e-02 4.0000000000000001e-03  1.6763201909232579e-03
-2.6999999999999996e-02 -2.9999999999999999e-02 4.0000000000000001e-03  1.6522473991257426e-03
-2.6999999999999996e-02 -2.6999999999999996e-02 4.0000000000000001e-03  1.6342580165277971e-03
-2.6999999999999996e-02 -2.3999999999999997e-02 4.0000000000000001e-03  1.6183952793034026e-03
-2.6999999999999996e-02 -2.0999999999999998e-02 4.0000000000000001e-03  1.6046540552227908e-03
-2.6999999999999996e-02 -1.7999999999999999e-02 4.0000000000000001e-03  1.5930574199750571e-03
-2.6999999999999996e-02 -1.4999999999999999e-02 4.0000000000000001e-03  1.5836566571681386e-03
-2.6999999999999996e-02 -1.1999999999999997e-02 4.0000000000000001e-03  1.5728513764877623e-03
-2.6999999999999996e-02 -8.9999999999999941e-03 4.0000000000000001e-03  1.5698390394387604e-03
-2.6999999999999996e-02 -5.9999999999999984e-03 4.0000000000000001e-03  1.5743806882808345e-03
-2.6999999999999996e-02 -2.9999999999999957e-03 4.0000000000000001e-03  1.5786569430705059e-03
-2.6999999999999996e-02 0.0000000000000000e+00 4.0000000000000001e-03  1.5826667744381633e-03
-2.6999999999999996e-02 3.0000000000000027e-03 4.0000000000000001e-03  1.5864095270511306e-03
-2.6999999999999996e-02 6.0000000000000053e-03 4.0000000000000001e-03  1.5898849196136699e-03
-2.6999999999999996e-02 9.0000000000000011e-03 4.0000000000000001e-03  1.5930382114508349e-03
-2.6999999999999996e-02 1.2000000000000004e-02 4.0000000000000001e-03  1.5951455107353824e-03
-2.6999999999999996e-02 1.4999999999999999e-02 4.0000000000000001e-03  1.5965827796847348e-03
-2.6999999999999996e-02 1.8000000000000002e-02 4.0000000000000001e-03  1.6040091019162241e-03
-2.6999999999999996e-02 2.1000000000000005e-02 4.0000000000000001e-03  1.6236970624249239e-03
-2.6999999999999996e-02 2.4000000000000007e-02 4.0000000000000001e-03  1.6404971558551980e-03
-2.6999999999999996e-02 2.7000000000000010e-02 4.0000000000000001e-03  1.6632142424568394e-03
-2.6999999999999996e-02 2.9999999999999999e-02 4.0000000000000001e-03  1.6918687771572652e-03
-2.6999999999999996e-02 3.3000000000000002e-02 4.0000000000000001e-03  1.7264791062548794e-03
-2.6999999999999996e-02 3.6000000000000004e-02 4.0000000000000001e-03  1.7670614674190619e-03
-2.6999999999999996e-02 3.9000000000000007e-02 4.0000000000000001e-03  1.8184706497228580e-03
-2.6999999999999996e-02 4.2000000000000010e-02 4.0000000000000001e-03  1.9109515239632512e-03
-2.6999999999999996e-02 4.4999999999999998e-02 4.0000000000000001e-03  2.0381961380194513e-03
-2.3999999999999997e-02 -4.4999999999999998e-02 4.0000000000000001e-03  1.9909548710391801e-03
-2.3999999999999997e-02 -4.1999999999999996e-02 4.0000000000000001e-03  1.8676223302333697e-03
-2.3999999999999997e-02 -3.9000000000000000e-02 4.0000000000000001e-03  1.7705367537155928e-03
-2.3999999999999997e-02 -3.5999999999999997e-02 4.0000000000000001e-03  1.7063779242438648e-03
-2.3999999999999997e-02 -3.3000000000000002e-02 4.0000000000000001e-03  1.6660620728625672e-03
-2.3999999999999997e-02 -2.9999999999999999e-02 4.0000000000000001e-03  1.6378975169189266e-03
-2.3999999999999997e-02 -2.6999999999999996e-02 4.0000000000000001e-03  1.6213759272696766e-03
-2.3999999999999997e-02 -2.3999999999999997e-02 4.0000000000000001e-03  1.6069900539183294e-03
-2.3999999999999997e-02 -2.0999999999999998e-02 4.0000000000000001e-03  1.5947412268577923e-03
-2.3999999999999997e-02 -1.7999999999999999e-02 4.0000000000000001e-03  1.5846589839998268e-03
-2.3999999999999997e-02 -1.4999999999999999e-02 4.0000000000000001e-03  1.5723730554704648e-03
-2.3999999999999997e-02 -1.1999999999999997e-02 4.0000000000000001e-03  1.5590690124749011e-03
-2.3999999999999997e-02 -8.9999999999999941e-03 4.0000000000000001e-03  1.5544474893564378e-03
-2.3999999999999997e-02 -5.9999999999999984e-03 4.0000000000000001e-03  1.5571438224194411e-03
-2.3999999999999997e-02 -2.9999999999999957e-03 4.0000000000000001e-03  1.5595725390283777e-03
-2.3999999999999997e-02 0.0000000000000000e+00 4.0000000000000001e-03  1.5617328571860788e-03
-2.3999999999999997e-02 3.0000000000000027e-03 4.0000000000000001e-03  1.5636243689323369e-03
-2.3999999999999997e-02 6.0000000000000053e-03 4.0000000000000001e-03  1.5652470403438759e-03
-2.3999999999999997e-02 9.0000000000000011e-03 4.0000000000000001e-03  1.5666012115343546e-03
-2.3999999999999997e-02 1.2000000000000004e-02 4.0000000000000001e-03  1.5676875966543823e-03
-2.3999999999999997e-02 1.4999999999999999e-02 4.0000000000000001e-03  1.5713537011581391e-03
-2.3999999999999997e-02 1.8000000000000002e-02 4.0000000000000001e-03  1.5828226279101354e-03
-2.3999999999999997e-02 2.1000000000000005e-02 4.0000000000000001e-03  1.5962034765001876e-03
-2.3999999999999997e-02 2.4000000000000007e-02 4.0000000000000001e-03  1.6136596568846924e-03
-2.3999999999999997e-02 2.7000000000000010e-02 4.0000000000000001e-03  1.6365904565665054e-03
-2.3999999999999997e-02 2.9999999999999999e-02 4.0000000000000001e-03  1.6621334617582017e-03
-2.3999999999999997e-02 3.3000000000000002e-02 4.0000000000000001e-03  1.6900510628167216e-03
-2.3999999999999997e-02 3.6000000000000004e-02 4.0000000000000001e-03  1.7225703290223106e-03
-2.3999999999999997e-02 3.9000000000000007e-02 4.0000000000000001e-03  1.7734750502095091e-03
-2.3999999999999997e-02 4.2000000000000010e-02 4.0000000000000001e-03  1.8663240023963660e-03
-2.3999999999999997e-02 4.4999999999999998e-02 4.0000000000000001e-03  2.0233402659260258e-03
-2.0999999999999998e-02 -4.4999999999999998e-02 4.0000000000000001e-03  1.9611313299044103e-03
-2.0999999999999998e-02 -4.1999999999999996e-02 4.0000000000000001e-03  1.8417952961329587e-03
-2.0999999999999998e-02 -3.9000000000000000e-02 4.0000000000000001e-03  1.7518323106449974e-03
-2.0999999999999998e-02 -3.5999999999999997e-02 4.0000000000000001e-03  1.6992844942353082e-03
-2.0999999999999998e-02 -3.3000000000000002e-02 4.0000000000000001e-03  1.6538294390303987e-03
-2.0999999999999998e-02 -2.9999999999999999e-02 4.0000000000000001e-03  1.6191458545326129e-03
-2.0999999999999998e-02 -2.6999999999999996e-02 4.0000000000000001e-03  1.6041008723210696e-03
-2.0999999999999998e-02 -2.3999999999999997e-02 4.0000000000000001e-03  1.5912047105778790e-03
-2.0999999999999998e-02 -2.0999999999999998e-02 4.0000000000000001e-03  1.5804651615186189e-03
-2.0999999999999998e-02 -1.7999999999999999e-02 4.0000000000000001e-03  1.5698821815988224e-03
-2.0999999999999998e-02 -1.4999999999999999e-02 4.0000000000000001e-03  1.5564011317277960e-03
-2.0999999999999998e-02 -1.1999999999999997e-02 4.0000000000000001e-03  1.5417279511406377e-03
-2.0999999999999998e-02 -8.9999999999999941e-03 4.0000000000000001e-03  1.5358924401797120e-03
-2.0999999999999998e-02 -5.9999999999999984e-03 4.0000000000000001e-03  1.5364857847380714e-03
-2.0999999999999998e-02 -2.9999999999999957e-03 4.0000000000000001e-03  1.5370604431674468e-03
-2.0999999999999998e-02 0.0000000000000000e+00 4.0000000000000001e-03  1.5373651213131431e-03
-2.0999999999999998e-02 3.0000000000000027e-03 4.0000000000000001e-03  1.5373996585874039e-03
-2.0999999999999998e-02 6.0000000000000053e-03 4.0000000000000001e-03  1.5371642684394139e-03
-2.0999999999999998e-02 9.0000000000000011e-03 4.0000000000000001e-03  1.5366595383552984e-03
-2.0999999999999998e-02 1.2000000000000004e-02 4.0000000000000001e-03  1.5441861696791999e-03
-2.0999999999999998e-02 1.4999999999999999e-02 4.0000000000000001e-03  1.5542851528844584e-03
-2.0999999999999998e-02 1.8000000000000002e-02 4.0000000000000001e-03  1.5624129120376240e-03
-2.0999999999999998e-02 2.1000000000000005e-02 4.0000000000000001e-03  1.5736539831603560e-03
-2.0999999999999998e-02 2.4000000000000007e-02 4.0000000000000001e-03  1.5888783756540807e-03
-2.0999999999999998e-02 2.7000000000000010e-02 4.0000000000000001e-03  1.6076975177146946e-03
-2.0999999999999998e-02 2.9999999999999999e-02 4.0000000000000001e-03  1.6301143307598516e-03
-2.0999999999999998e-02 3.3000000000000002e-02 4.0000000000000001e-03  1.6561304081652833e-03
-2.0999999999999998e-02 3.6000000000000004e-02 4.0000000000000001e-03  1.6859780187781677e-03
-2.0999999999999998e-02 3.9000000000000007e-02 4.0000000000000001e-03  1.7429828897461751e-03
-2.0999999999999998e-02 4.2000000000000010e-02 4.0000000000000001e-03  1.8341124478697866e-03
-2.0999999999999998e-02 4.4999999999999998e-02 4.0000000000000001e-03  1.9970991293493455e-03
-1.7999999999999999e-02 -4.4999999999999998e-02 4.0000000000000001e-03  1.9354613889724949e-03
-1.7999999999999999e-02 -4.1999999999999996e-02 4.0000000000000001e-03  1.8201727885619903e-03
-1.7999999999999999e-02 -3.9000000000000000e-02 4.0000000000000001e-03  1.7483036340847939e-03
-1.7999999999999999e-02 -3.5999999999999997e-02 4.0000000000000001e-03  1.6903162694823163e-03
-1.7999999999999999e-02 -3.3000000000000002e-02 4.0000000000000001e-03  1.6396441513451818e-03
-1.7999999999999999e-02 -2.9999999999999999e-02 4.0000000000000001e-03  1.5959874151138221e-03
-1.7999999999999999e-02 -2.6999999999999996e-02 4.0000000000000001e-03  1.5824294406131985e-03
-1.7999999999999999e-02 -2.3999999999999997e-02 4.0000000000000001e-03  1.5710374239974708e-03
-1.7999999999999999e-02 -2.0999999999999998e-02 4.0000000000000001e-03  1.5618816646546865e-03
-1.7999999999999999e-02 -1.7999999999999999e-02 4.0000000000000001e-03  1.5507514423456705e-03
-1.7999999999999999e-02 -1.4999999999999999e-02 4.0000000000000001e-03  1.5368003088101201e-03
-1.7999999999999999e-02 -1.1999999999999997e-02 4.0000000000000001e-03  1.5208124005084284e-03
-1.7999999999999999e-02 -8.9999999999999941e-03 4.0000000000000001e-03  1.5140225267684111e-03
-1.7999999999999999e-02 -5.9999999999999984e-03 4.0000000000000001e-03  1.5123874277152853e-03
-1.7999999999999999e-02 -2.9999999999999957e-03 4.0000000000000001e-03  1.5111032211259606e-03
-1.7999999999999999e-02 0.0000000000000000e+00 4.0000000000000001e-03  1.5095478456172706e-03
-1.7999999999999999e-02 3.0000000000000027e-03 4.0000000000000001e-03  1.5077213879739245e-03
-1.7999999999999999e-02 6.0000000000000053e-03 4.0000000000000001e-03  1.5089150744894198e-03
-1.7999999999999999e-02 9.0000000000000011e-03 4.0000000000000001e-03  1.5176046616450284e-03
-1.7999999999999999e-02 1.2000000000000004e-02 4.0000000000000001e-03  1.5264484845876286e-03
-1.7999999999999999e-02 1.4999999999999999e-02 4.0000000000000001e-03  1.5327771154303104e-03
-1.7999999999999999e-02 1.8000000000000002e-02 4.0000000000000001e-03  1.5397534376170438e-03
-1.7999999999999999e-02 2.1000000000000005e-02 4.0000000000000001e-03  1.5492620745000724e-03
-1.7999999999999999e-02 2.4000000000000007e-02 4.0000000000000001e-03  1.5625925317004697e-03
-1.7999999999999999e-02 2.7000000000000010e-02 4.0000000000000001e-03  1.5795151418653334e-03
-1.7999999999999999e-02 2.9999999999999999e-02 4.0000000000000001e-03  1.6000331060120549e-03
-1.7999999999999999e-02 3.3000000000000002e-02 4.0000000000000001e-03  1.6241482971161251e-03
-1.7999999999999999e-02 3.6000000000000004e-02 4.0000000000000001e-03  1.6606768252145896e-03
-1.7999999999999999e-02 3.9000000000000007e-02 4.0000000000000001e-03  1.7236041557951308e-03
-1.7999999999999999e-02 4.2000000000000010e-02 4.0000000000000001e-03  1.8124825111575998e-03
-1.7999999999999999e-02 4.4999999999999998e-02 4.0000000000000001e-03  1.9549316462139999e-03
-1.4999999999999999e-02 -4.4999999999999998e-02 4.0000000000000001e-03  1.9138493658331589e-03
-1.4999999999999999e-02 -4.1999999999999996e-02 4.0000000000000001e-03  1.8150582043845365e-03
-1.4999999999999999e-02 -3.9000000000000000e-02 4.0000000000000001e-03  1.7430434197197517e-03
-1.4999999999999999e-02 -3.5999999999999997e-02 4.0000000000000001e-03  1.6795149694193087e-03
-1.4999999999999999e-02 -3.3000000000000002e-02 4.0000000000000001e-03  1.6235376726830310e-03
-1.4999999999999999e-02 -2.9999999999999999e-02 4.0000000000000001e-03  1.5741863543675238e-03
-1.4999999999999999e-02 -2.6999999999999996e-02 4.0000000000000001e-03  1.5563603763645375e-03
-1.4999999999999999e-02 -2.3999999999999997e-02 4.0000000000000001e-03  1.5483419365204425e-03
-1.4999999999999999e-02 -2.0999999999999998e-02 4.0000000000000001e-03  1.5395780280495009e-03
-1.4999999999999999e-02 -1.7999999999999999e-02 4.0000000000000001e-03  1.5279847587892526e-03
-1.4999999999999999e-02 -1.4999999999999999e-02 4.0000000000000001e-03  1.5135652986054706e-03
-1.4999999999999999e-02 -1.1999999999999997e-02 4.0000000000000001e-03  1.4963253112410210e-03
-1.4999999999999999e-02 -8.9999999999999941e-03 4.0000000000000001e-03  1.4885727334546586e-03
-1.4999999999999999e-02 -5.9999999999999984e-03 4.0000000000000001e-03  1.4848371270749772e-03
-1.4999999999999999e-02 -2.9999999999999957e-03 4.0000000000000001e-03  1.4816909617874883e-03
-1.4999999999999999e-02 0.0000000000000000e+00 4.0000000000000001e-03  1.4782728321417163e-03
-1.4999999999999999e-02 3.0000000000000027e-03 4.0000000000000001e-03  1.4837062962248339e-03
-1.4999999999999999e-02 6.0000000000000053e-03 4.0000000000000001e-03  1.4916094889006705e-03
-1.4999999999999999e-02 9.0000000000000011e-03 4.0000000000000001e-03  1.4981955391045712e-03
-1.4999999999999999e-02 1.2000000000000004e-02 4.0000000000000001e-03  1.5043356265096433e-03
-1.4999999999999999e-02 1.4999999999999999e-02 4.0000000000000001e-03  1.5111220347409546e-03
-1.4999999999999999e-02 1.8000000000000002e-02 4.0000000000000001e-03  1.5185559580035354e-03
-1.4999999999999999e-02 2.1000000000000005e-02 4.0000000000000001e-03  1.5268166188535468e-03
-1.4999999999999999e-02 2.4000000000000007e-02 4.0000000000000001e-03  1.5382489897860464e-03
-1.4999999999999999e-02 2.7000000000000010e-02 4.0000000000000001e-03  1.5532728345459441e-03
-1.4999999999999999e-02 2.9999999999999999e-02 4.0000000000000001e-03  1.5718916337503954e-03
-1.4999999999999999e-02 3.3000000000000002e-02 4.0000000000000001e-03  1.5950457207361698e-03
-1.4999999999999999e-02 3.6000000000000004e-02 4.0000000000000001e-03  1.6462997496269778e-03
-1.4999999999999999e-02 3.9000000000000007e-02 4.0000000000000001e-03  1.7072022980918389e-03
-1.4999999999999999e-02 4.2000000000000010e-02 4.0000000000000001e-03  1.7853001157760960e-03
-1.4999999999999999e-02 4.4999999999999998e-02 4.0000000000000001e-03  1.8978636071822113e-03
-1.1999999999999997e-02 -4.4999999999999998e-02 4.0000000000000001e-03  1.9016315564612534e-03
-1.1999999999999997e-02 -4.1999999999999996e-02 4.0000000000000001e-03  1.8140311067325937e-03
-1.1999999999999997e-02 -3.9000000000000000e-02 4.0000000000000001e-03  1.7361132445002901e-03
-1.1999999999999997e-02 -3.5999999999999997e-02 4.0000000000000001e-03  1.6669319144383998e-03
-1.1999999999999997e-02 -3.3000000000000002e-02 4.0000000000000001e-03  1.6055510668777503e-03
-1.1999999999999997e-02 -2.9999999999999999e-02 4.0000000000000001e-03  1.5510446578059502e-03
-1.1999999999999997e-02 -2.6999999999999996e-02 4.0000000000000001e-03  1.5292544068231211e-03
-1.1999999999999997e-02 -2.3999999999999997e-02 4.0000000000000001e-03  1.5228605933032733e-03
-1.1999999999999997e-02 -2.0999999999999998e-02 4.0000000000000001e-03  1.5136374313801154e-03
-1.1999999999999997e-02 -1.7999999999999999e-02 4.0000000000000001e-03  1.5015831396825400e-03
-1.1999999999999997e-02 -1.4999999999999999e-02 4.0000000000000001e-03  1.4866984307165434e-03
-1.1999999999999997e-02 -1.1999999999999997e-02 4.0000000000000001e-03  1.4689865108652171e-03
-1.1999999999999997e-02 -8.9999999999999941e-03 4.0000000000000001e-03  1.4595383743577514e-03
-1.1999999999999997e-02 -5.9999999999999984e-03 4.0000000000000001e-03  1.4538307817863751e-03
-1.1999999999999997e-02 -2.9999999999999957e-03 4.0000000000000001e-03  1.4525877868255379e-03
-1.1999999999999997e-02 0.0000000000000000e+00 4.0000000000000001e-03  1.4590860594160774e-03
-1.1999999999999997e-02 3.0000000000000027e-03 4.0000000000000001e-03  1.4658312747773954e-03
-1.1999999999999997e-02 6.0000000000000053e-03 4.0000000000000001e-03  1.4711369982083439e-03
-1.1999999999999997e-02 9.0000000000000011e-03 4.0000000000000001e-03  1.4770884572463865e-03
-1.1999999999999997e-02 1.2000000000000004e-02 4.0000000000000001e-03  1.4836847627482514e-03
-1.1999999999999997e-02 1.4999999999999999e-02 4.0000000000000001e-03  1.4909267436455738e-03
-1.1999999999999997e-02 1.8000000000000002e-02 4.0000000000000001e-03  1.4988169469449290e-03
-1.1999999999999997e-02 2.1000000000000005e-02 4.0000000000000001e-03  1.5063167076656702e-03
-1.1999999999999997e-02 2.4000000000000007e-02 4.0000000000000001e-03  1.5158478054254981e-03
-1.1999999999999997e-02 2.7000000000000010e-02 4.0000000000000001e-03  1.5289716153410343e-03
-1.1999999999999997e-02 2.9999999999999999e-02 4.0000000000000001e-03  1.5456918976291915e-03
-1.1999999999999997e-02 3.3000000000000002e-02 4.0000000000000001e-03  1.5829840387326028e-03
-1.1999999999999997e-02 3.6000000000000004e-02 4.0000000000000001e-03  1.6355066961297844e-03
-1.1999999999999997e-02 3.9000000000000007e-02 4.0000000000000001e-03  1.6979183146656064e-03
-1.1999999999999997e-02 4.2000000000000010e-02 4.0000000000000001e-03  1.7707763063731666e-03
-1.1999999999999997e-02 4.4999999999999998e-02 4.0000000000000001e-03  1.8638050748927474e-03
-8.9999999999999941e-03 -4.4999999999999998e-02 4.0000000000000001e-03  1.9054441868639391e-03
-8.9999999999999941e-03 -4.1999999999999996e-02 4.0000000000000001e-03  1.8115406985943891e-03
-8.9999999999999941e-03 -3.9000000000000000e-02 4.0000000000000001e-03  1.7325568400493241e-03
-8.9999999999999941e-03 -3.5999999999999997e-02 4.0000000000000001e-03  1.6653817807453419e-03
-8.9999999999999941e-03 -3.3000000000000002e-02 4.0000000000000001e-03  1.6065753137091601e-03
-8.9999999999999941e-03 -2.9999999999999999e-02 4.0000000000000001e-03  1.5552770671402507e-03
-8.9999999999999941e-03 -2.6999999999999996e-02 4.0000000000000001e-03  1.5123738186369616e-03
-8.9999999999999941e-03 -2.3999999999999997e-02 4.0000000000000001e-03  1.5047771654847974e-03
-8.9999999999999941e-03 -2.0999999999999998e-02 4.0000000000000001e-03  1.4934865233997428e-03
-8.9999999999999941e-03 -1.7999999999999999e-02 4.0000000000000001e-03  1.4784793249532206e-03
-8.9999999999999941e-03 -1.4999999999999999e-02 4.0000000000000001e-03  1.4597420365831614e-03
-8.9999999999999941e-03 -1.1999999999999997e-02 4.0000000000000001e-03  1.4380312521903576e-03
-8.9999999999999941e-03 -8.9999999999999941e-03 4.0000000000000001e-03  1.4283147113109370e-03
-8.9999999999999941e-03 -5.9999999999999984e-03 4.0000000000000001e-03  1.4293443601601636e-03
-8.9999999999999941e-03 -2.9999999999999957e-03 4.0000000000000001e-03  1.4350550661579424e-03
-8.9999999999999941e-03 0.0000000000000000e+00 4.0000000000000001e-03  1.4401555916046479e-03
-8.9999999999999941e-03 3.0000000000000027e-03 4.0000000000000001e-03  1.4452738031662973e-03
-8.9999999999999941e-03 6.0000000000000053e-03 4.0000000000000001e-03  1.4510365374014011e-03
-8.9999999999999941e-03 9.0000000000000011e-03 4.0000000000000001e-03  1.4574425398932880e-03
-8.9999999999999941e-03 1.2000000000000004e-02 4.0000000000000001e-03  1.4644922743002199e-03
-8.9999999999999941e-03 1.4999999999999999e-02 4.0000000000000001e-03  1.4721879223553813e-03
-8.9999999999999941e-03 1.8000000000000002e-02 4.0000000000000001e-03  1.4805333838668788e-03
-8.9999999999999941e-03 2.1000000000000005e-02 4.0000000000000001e-03  1.4877615698000413e-03
-8.9999999999999941e-03 2.4000000000000007e-02 4.0000000000000001e-03  1.4953891715522437e-03
-8.9999999999999941e-03 2.7000000000000010e-02 4.0000000000000001e-03  1.5066126412538333e-03
-8.9999999999999941e-03 2.9999999999999999e-02 4.0000000000000001e-03  1.5301343887373269e-03
-8.9999999999999941e-03 3.3000000000000002e-02 4.0000000000000001e-03  1.5744491739994434e-03
-8.9999999999999941e-03 3.6000000000000004e-02 4.0000000000000001e-03  1.6283369425811563e-03
-8.9999999999999941e-03 3.9000000000000007e-02 4.0000000000000001e-03  1.6923733650294143e-03
-8.9999999999999941e-03 4.2000000000000010e-02 4.0000000000000001e-03  1.7671343561085162e-03
-8.9999999999999941e-03 4.4999999999999998e-02 4.0000000000000001e-03  1.8531960748001302e-03
-5.9999999999999984e-03 -4.4999999999999998e-02 4.0000000000000001e-03  1.9142679720721711e-03
-5.9999999999999984e-03 -4.1999999999999996e-02 4.0000000000000001e-03  1.8236981302265992e-03
-5.9999999999999984e-03 -3.9000000000000000e-02 4.0000000000000001e-03  1.7435693708889892e-03
-5.9999999999999984e-03 -3.5999999999999997e-02 4.0000000000000001e-03  1.6730053010401407e-03
-5.9999999999999984e-03 -3.3000000000000002e-02 4.0000000000000001e-03  1.6111285401689084e-03
-5.9999999999999984e-03 -2.9999999999999999e-02 4.0000000000000001e-03  1.5570607202721955e-03
-5.9999999999999984e-03 -2.6999999999999996e-02 4.0000000000000001e-03  1.5099224858549486e-03
-5.9999999999999984e-03 -2.3999999999999997e-02 4.0000000000000001e-03  1.4893119299144090e-03
-5.9999999999999984e-03 -2.0999999999999998e-02 4.0000000000000001e-03  1.4815520732548413e-03
-5.9999999999999984e-03 -1.7999999999999999e-02 4.0000000000000001e-03  1.4683752107878198e-03
-5.9999999999999984e-03 -1.4999999999999999e-02 4.0000000000000001e-03  1.4515011920462697e-03
-5.9999999999999984e-03 -1.1999999999999997e-02 4.0000000000000001e-03  1.4309064579731093e-03
-5.9999999999999984e-03 -8.9999999999999941e-03 4.0000000000000001e-03  1.4168624435915472e-03
-5.9999999999999984e-03 -5.9999999999999984e-03 4.0000000000000001e-03  1.4193396325846330e-03
-5.9999999999999984e-03 -2.9999999999999957e-03 4.0000000000000001e-03  1.4203624309776313e-03
-5.9999999999999984e-03 0.0000000000000000e+00 4.0000000000000001e-03  1.4222162615777751e-03
-5.9999999999999984e-03 3.0000000000000027e-03 4.0000000000000001e-03  1.4261817145256174e-03
-5.9999999999999984e-03 6.0000000000000053e-03 4.0000000000000001e-03  1.4323972022205140e-03
-5.9999999999999984e-03 9.0000000000000011e-03 4.0000000000000001e-03  1.4392543745054263e-03
-5.9999999999999984e-03 1.2000000000000004e-02 4.0000000000000001e-03  1.4467550478401586e-03
-5.9999999999999984e-03 1.4999999999999999e-02 4.0000000000000001e-03  1.4549027567594250e-03
-5.9999999999999984e-03 1.8000000000000002e-02 4.0000000000000001e-03  1.4637027538728757e-03
-5.9999999999999984e-03 2.1000000000000005e-02 4.0000000000000001e-03  1.4711505715390028e-03
-5.9999999999999984e-03 2.4000000000000007e-02 4.0000000000000001e-03  1.4768734185184240e-03
-5.9999999999999984e-03 2.7000000000000010e-02 4.0000000000000001e-03  1.4876563110911632e-03
-5.9999999999999984e-03 2.9999999999999999e-02 4.0000000000000001e-03  1.5239459589448012e-03
-5.9999999999999984e-03 3.3000000000000002e-02 4.0000000000000001e-03  1.5694751022172625e-03
-5.9999999999999984e-03 3.6000000000000004e-02 4.0000000000000001e-03  1.6248376699693368e-03
-5.9999999999999984e-03 3.9000000000000007e-02 4.0000000000000001e-03  1.6906278354791716e-03
-5.9999999999999984e-03 4.2000000000000010e-02 4.0000000000000001e-03  1.7674400162422720e-03
-5.9999999999999984e-03 4.4999999999999998e-02 4.0000000000000001e-03  1.8558688739715138e-03
-2.9999999999999957e-03 -4.4999999999999998e-02 4.0000000000000001e-03  1.8794843624186164e-03
-2.9999999999999957e-03 -4.1999999999999996e-02 4.0000000000000001e-03  1.7857247798464117e-03
-2.9999999999999957e-03 -3.9000000000000000e-02 4.0000000000000001e-03  1.7072651533471066e-03
-2.9999999999999957e-03 -3.5999999999999997e-02 4.0000000000000001e-03  1.6386302375204166e-03
-2.9999999999999957e-03 -3.3000000000000002e-02 4.0000000000000001e-03  1.5788902679203286e-03
-2.9999999999999957e-03 -2.9999999999999999e-02 4.0000000000000001e-03  1.5271144926088673e-03
-2.9999999999999957e-03 -2.6999999999999996e-02 4.0000000000000001e-03  1.4823711721561107e-03
-2.9999999999999957e-03 -2.3999999999999997e-02 4.0000000000000001e-03  1.4622656435106243e-03
-2.9999999999999957e-03 -2.0999999999999998e-02 4.0000000000000001e-03  1.4582286917692619e-03
-2.9999999999999957e-03 -1.7999999999999999e-02 4.0000000000000001e-03  1.4500132009530042e-03
-2.9999999999999957e-03 -1.4999999999999999e-02 4.0000000000000001e-03  1.4375988706157206e-03
-2.9999999999999957e-03 -1.1999999999999997e-02 4.0000000000000001e-03  1.4209693498385208e-03
-2.9999999999999957e-03 -8.9999999999999941e-03 4.0000000000000001e-03  1.4089823649022749e-03
-2.9999999999999957e-03 -5.9999999999999984e-03 4.0000000000000001e-03  1.4071413922213567e-03
-2.9999999999999957e-03 -2.9999999999999957e-03 4.0000000000000001e-03  1.4084760481518376e-03
-2.9999999999999957e-03 0.0000000000000000e+00 4.0000000000000001e-03  1.4106480459405175e-03
-2.9999999999999957e-03 3.0000000000000027e-03 4.0000000000000001e-03  1.4136381753320612e-03
-2.9999999999999957e-03 6.0000000000000053e-03 4.0000000000000001e-03  1.4174314453093376e-03
-2.9999999999999957e-03 9.0000000000000011e-03 4.0000000000000001e-03  1.4225210542207947e-03
-2.9999999999999957e-03 1.2000000000000004e-02 4.0000000000000001e-03  1.4304704757204917e-03
-2.9999999999999957e-03 1.4999999999999999e-02 4.0000000000000001e-03  1.4390689384245774e-03
-2.9999999999999957e-03 1.8000000000000002e-02 4.0000000000000001e-03  1.4483230477442422e-03
-2.9999999999999957e-03 2.1000000000000005e-02 4.0000000000000001e-03  1.4564832165836132e-03
-2.9999999999999957e-03 2.4000000000000007e-02 4.0000000000000001e-03  1.4603010140949247e-03
-2.9999999999999957e-03 2.7000000000000010e-02 4.0000000000000001e-03  1.4839101003816769e-03
-2.9999999999999957e-03 2.9999999999999999e-02 4.0000000000000001e-03  1.5212565587837152e-03
-2.9999999999999957e-03 3.3000000000000002e-02 4.0000000000000001e-03  1.5681037021967065e-03
-2.9999999999999957e-03 3.6000000000000004e-02 4.0000000000000001e-03  1.6250639624126421e-03
-2.9999999999999957e-03 3.9000000000000007e-02 4.0000000000000001e-03  1.6927500154408780e-03
-2.9999999999999957e-03 4.2000000000000010e-02 4.0000000000000001e-03  1.7717747815081191e-03
-2.9999999999999957e-03 4.4999999999999998e-02 4.0000000000000001e-03  1.8627514250584402e-03
0.0000000000000000e+00 -4.4999999999999998e-02 4.0000000000000001e-03  1.8660480897648758e-03
0.0000000000000000e+00 -4.1999999999999996e-02 4.0000000000000001e-03  1.7640567060575843e-03
0.0000000000000000e+00 -3.9000000000000000e-02 4.0000000000000001e-03  1.6826162625492485e-03
0.0000000000000000e+00 -3.5999999999999997e-02 4.0000000000000001e-03  1.6125372218733771e-03
0.0000000000000000e+00 -3.3000000000000002e-02 4.0000000000000001e-03  1.5548763645186769e-03
0.0000000000000000e+00 -2.9999999999999999e-02 4.0000000000000001e-03  1.5053715251197822e-03
0.0000000000000000e+00 -2.6999999999999996e-02 4.0000000000000001e-03  1.4630385803118891e-03
0.0000000000000000e+00 -2.3999999999999997e-02 4.0000000000000001e-03  1.4434735540541203e-03
0.0000000000000000e+00 -2.0999999999999998e-02 4.0000000000000001e-03  1.4419332879058266e-03
0.0000000000000000e+00 -1.7999999999999999e-02 4.0000000000000001e-03  1.4362402007521847e-03
0.0000000000000000e+00 -1.4999999999999999e-02 4.0000000000000001e-03  1.4263682650005965e-03
0.0000000000000000e+00 -1.1999999999999997e-02 4.0000000000000001e-03  1.4205190117888675e-03
0.0000000000000000e+00 -8.9999999999999941e-03 4.0000000000000001e-03  1.4121100172578224e-03
0.0000000000000000e+00 -5.9999999999999984e-03 4.0000000000000001e-03  1.4059172293523407e-03
0.0000000000000000e+00 -2.9999999999999957e-03 4.0000000000000001e-03  1.4012498383380529e-03
0.0000000000000000e+00 0.0000000000000000e+00 4.0000000000000001e-03  1.4002718772293903e-03
0.0000000000000000e+00 3.0000000000000027e-03 4.0000000000000001e-03  1.4035868792108526e-03
0.0000000000000000e+00 6.0000000000000053e-03 4.0000000000000001e-03  1.4077122688261887e-03
0.0000000000000000e+00 9.0000000000000011e-03 4.0000000000000001e-03  1.4126378154927133e-03
0.0000000000000000e+00 1.2000000000000004e-02 4.0000000000000001e-03  1.4183575078659434e-03
0.0000000000000000e+00 1.4999999999999999e-02 4.0000000000000001e-03  1.4248695538396129e-03
0.0000000000000000e+00 1.8000000000000002e-02 4.0000000000000001e-03  1.4343927619401237e-03
0.0000000000000000e+00 2.1000000000000005e-02 4.0000000000000001e-03  1.4437591460536624e-03
0.0000000000000000e+00 2.4000000000000007e-02 4.0000000000000001e-03  1.4542514698977261e-03
0.0000000000000000e+00 2.7000000000000010e-02 4.0000000000000001e-03  1.4836018996621473e-03
0.0000000000000000e+00 2.9999999999999999e-02 4.0000000000000001e-03  1.5221027648871300e-03
0.0000000000000000e+00 3.3000000000000002e-02 4.0000000000000001e-03  1.5703847558785154e-03
0.0000000000000000e+00 3.6000000000000004e-02 4.0000000000000001e-03  1.6290788071594941e-03
0.0000000000000000e+00 3.9000000000000007e-02 4.0000000000000001e-03  1.6988160974706226e-03
0.0000000000000000e+00 4.2000000000000010e-02 4.0000000000000001e-03  1.7801929629976650e-03
0.0000000000000000e+00 4.4999999999999998e-02 4.0000000000000001e-03  1.8684362617014630e-03
3.0000000000000027e-03 -4.4999999999999998e-02 4.0000000000000001e-03  1.8869200030251973e-03
3.0000000000000027e-03 -4.1999999999999996e-02 4.0000000000000001e-03  1.7482575114145973e-03
3.0000000000000027e-03 -3.9000000000000000e-02 4.0000000000000001e-03  1.6703603521399072e-03
3.0000000000000027e-03 -3.5999999999999997e-02 4.0000000000000001e-03  1.6016732910495112e-03
3.0000000000000027e-03 -3.3000000000000002e-02 4.0000000000000001e-03  1.5400452250762559e-03
3.0000000000000027e-03 -2.9999999999999999e-02 4.0000000000000001e-03  1.4918106789313271e-03
3.0000000000000027e-03 -2.6999999999999996e-02 4.0000000000000001e-03  1.4518716536967757e-03
3.0000000000000027e-03 -2.3999999999999997e-02 4.0000000000000001e-03  1.4328773940646968e-03
3.0000000000000027e-03 -2.0999999999999998e-02 4.0000000000000001e-03  1.4338241467518993e-03
3.0000000000000027e-03 -1.7999999999999999e-02 4.0000000000000001e-03  1.4318107026838767e-03
3.0000000000000027e-03 -1.4999999999999999e-02 4.0000000000000001e-03  1.4291172849845225e-03
3.0000000000000027e-03 -1.1999999999999997e-02 4.0000000000000001e-03  1.4233091565571982e-03
3.0000000000000027e-03 -8.9999999999999941e-03 4.0000000000000001e-03  1.4143752394101981e-03
3.0000000000000027e-03 -5.9999999999999984e-03 4.0000000000000001e-03  1.4081895458470386e-03
3.0000000000000027e-03 -2.9999999999999957e-03 4.0000000000000001e-03  1.4035225740395701e-03
3.0000000000000027e-03 0.0000000000000000e+00 4.0000000000000001e-03  1.4003676580651614e-03
3.0000000000000027e-03 3.0000000000000027e-03 4.0000000000000001e-03  1.3987199357363544e-03
3.0000000000000027e-03 6.0000000000000053e-03 4.0000000000000001e-03  1.3991577905472492e-03
3.0000000000000027e-03 9.0000000000000011e-03 4.0000000000000001e-03  1.4044234598255398e-03
3.0000000000000027e-03 1.2000000000000004e-02 4.0000000000000001e-03  1.4104914592557752e-03
3.0000000000000027e-03 1.4999999999999999e-02 4.0000000000000001e-03  1.4173605379279102e-03
3.0000000000000027e-03 1.8000000000000002e-02 4.0000000000000001e-03  1.4250336641701182e-03
3.0000000000000027e-03 2.1000000000000005e-02 4.0000000000000001e-03  1.4340680554893453e-03
3.0000000000000027e-03 2.4000000000000007e-02 4.0000000000000001e-03  1.4536591647240111e-03
3.0000000000000027e-03 2.7000000000000010e-02 4.0000000000000001e-03  1.4812148025925868e-03
3.0000000000000027e-03 2.9999999999999999e-02 4.0000000000000001e-03  1.5170468095027239e-03
3.0000000000000027e-03 3.3000000000000002e-02 4.0000000000000001e-03  1.5616534896907143e-03
3.0000000000000027e-03 3.6000000000000004e-02 4.0000000000000001e-03  1.6155285159762426e-03
3.0000000000000027e-03 3.9000000000000007e-02 4.0000000000000001e-03  1.6791609297623768e-03
3.0000000000000027e-03 4.2000000000000010e-02 4.0000000000000001e-03  1.7579636194430643e-03
3.0000000000000027e-03 4.4999999999999998e-02 4.0000000000000001e-03  1.8522770202559615e-03
6.0000000000000053e-03 -4.4999999999999998e-02 4.0000000000000001e-03  1.9073935719977745e-03
6.0000000000000053e-03 -4.1999999999999996e-02 4.0000000000000001e-03  1.7666059899820658e-03
6.0000000000000053e-03 -3.9000000000000000e-02 4.0000000000000001e-03  1.6611323683588120e-03
6.0000000000000053e-03 -3.5999999999999997e-02 4.0000000000000001e-03  1.5976812766464164e-03
6.0000000000000053e-03 -3.3000000000000002e-02 4.0000000000000001e-03  1.5411414689867858e-03
6.0000000000000053e-03 -2.9999999999999999e-02 4.0000000000000001e-03  1.4911566017164659e-03
6.0000000000000053e-03 -2.6999999999999996e-02 4.0000000000000001e-03  1.4488362840280472e-03
6.0000000000000053e-03 -2.3999999999999997e-02 4.0000000000000001e-03  1.4304306482420888e-03
6.0000000000000053e-03 -2.0999999999999998e-02 4.0000000000000001e-03  1.4338867660167044e-03
6.0000000000000053e-03 -1.7999999999999999e-02 4.0000000000000001e-03  1.4341237747091335e-03
6.0000000000000053e-03 -1.4999999999999999e-02 4.0000000000000001e-03  1.4312858256301329e-03
6.0000000000000053e-03 -1.1999999999999997e-02 4.0000000000000001e-03  1.4253430231143515e-03
6.0000000000000053e-03 -8.9999999999999941e-03 4.0000000000000001e-03  1.4162829609122545e-03
6.0000000000000053e-03 -5.9999999999999984e-03 4.0000000000000001e-03  1.4095899683819538e-03
6.0000000000000053e-03 -2.9999999999999957e-03 4.0000000000000001e-03  1.4049241037534697e-03
6.0000000000000053e-03 0.0000000000000000e+00 4.0000000000000001e-03  1.4017657537430128e-03
6.0000000000000053e-03 3.0000000000000027e-03 4.0000000000000001e-03  1.4001119205590282e-03
6.0000000000000053e-03 6.0000000000000053e-03 4.0000000000000001e-03  1.3999614101451445e-03
6.0000000000000053e-03 9.0000000000000011e-03 4.0000000000000001e-03  1.4013148321801471e-03
6.0000000000000053e-03 1.2000000000000004e-02 4.0000000000000001e-03  1.4041746000779973e-03
6.0000000000000053e-03 1.4999999999999999e-02 4.0000000000000001e-03  1.4109923729076215e-03
6.0000000000000053e-03 1.8000000000000002e-02 4.0000000000000001e-03  1.4198652421200145e-03
6.0000000000000053e-03 2.1000000000000005e-02 4.0000000000000001e-03  1.4317609464198201e-03
6.0000000000000053e-03 2.4000000000000007e-02 4.0000000000000001e-03  1.4479250593208532e-03
6.0000000000000053e-03 2.7000000000000010e-02 4.0000000000000001e-03  1.4724987868308319e-03
6.0000000000000053e-03 2.9999999999999999e-02 4.0000000000000001e-03  1.5052288495510597e-03
6.0000000000000053e-03 3.3000000000000002e-02 4.0000000000000001e-03  1.5498425465399442e-03
6.0000000000000053e-03 3.6000000000000004e-02 4.0000000000000001e-03  1.6060946287710760e-03
6.0000000000000053e-03 3.9000000000000007e-02 4.0000000000000001e-03  1.6745996020578549e-03
6.0000000000000053e-03 4.2000000000000010e-02 4.0000000000000001e-03  1.7560572641089516e-03
6.0000000000000053e-03 4.4999999999999998e-02 4.0000000000000001e-03  1.8511665626560364e-03
9.0000000000000011e-03 -4.4999999999999998e-02 4.0000000000000001e-03  1.9274687539881496e-03
9.0000000000000011e-03 -4.1999999999999996e-02 4.0000000000000001e-03  1.7846388096059936e-03
9.0000000000000011e-03 -3.9000000000000000e-02 4.0000000000000001e-03  1.6732760290875700e-03
9.0000000000000011e-03 -3.5999999999999997e-02 4.0000000000000001e-03  1.5967245977085908e-03
9.0000000000000011e-03 -3.3000000000000002e-02 4.0000000000000001e-03  1.5452502584114456e-03
9.0000000000000011e-03 -2.9999999999999999e-02 4.0000000000000001e-03  1.5001670343368814e-03
9.0000000000000011e-03 -2.6999999999999996e-02 4.0000000000000001e-03  1.4610576992130351e-03
9.0000000000000011e-03 -2.3999999999999997e-02 4.0000000000000001e-03  1.4410567485110615e-03
9.0000000000000011e-03 -2.0999999999999998e-02 4.0000000000000001e-03  1.4356341802008279e-03
9.0000000000000011e-03 -1.7999999999999999e-02 4.0000000000000001e-03  1.4357084057925755e-03
9.0000000000000011e-03 -1.4999999999999999e-02 4.0000000000000001e-03  1.4327180630591462e-03
9.0000000000000011e-03 -1.1999999999999997e-02 4.0000000000000001e-03  1.4266324361792899e-03
9.0000000000000011e-03 -8.9999999999999941e-03 4.0000000000000001e-03  1.4174382987475823e-03
9.0000000000000011e-03 -5.9999999999999984e-03 4.0000000000000001e-03  1.4101225728931806e-03
9.0000000000000011e-03 -2.9999999999999957e-03 4.0000000000000001e-03  1.4054562868322932e-03
9.0000000000000011e-03 0.0000000000000000e+00 4.0000000000000001e-03  1.4022932436989464e-03
9.0000000000000011e-03 3.0000000000000027e-03 4.0000000000000001e-03  1.4006323100975015e-03
9.0000000000000011e-03 6.0000000000000053e-03 4.0000000000000001e-03  1.4004741563675041e-03
9.0000000000000011e-03 9.0000000000000011e-03 4.0000000000000001e-03  1.4018212565836488e-03
9.0000000000000011e-03 1.2000000000000004e-02 4.0000000000000001e-03  1.4046778885558162e-03
9.0000000000000011e-03 1.4999999999999999e-02 4.0000000000000001e-03  1.3994948878319410e-03
9.0000000000000011e-03 1.8000000000000002e-02 4.0000000000000001e-03  1.4208863393466670e-03
9.0000000000000011e-03 2.1000000000000005e-02 4.0000000000000001e-03  1.4319398117069975e-03
9.0000000000000011e-03 2.4000000000000007e-02 4.0000000000000001e-03  1.4445196512531231e-03
9.0000000000000011e-03 2.7000000000000010e-02 4.0000000000000001e-03  1.4678351198729907e-03
9.0000000000000011e-03 2.9999999999999999e-02 4.0000000000000001e-03  1.5019403111901745e-03
9.0000000000000011e-03 3.3000000000000002e-02 4.0000000000000001e-03  1.5469715097303433e-03
9.0000000000000011e-03 3.6000000000000004e-02 4.0000000000000001e-03  1.6036395188971384e-03
9.0000000000000011e-03 3.9000000000000007e-02 4.0000000000000001e-03  1.6726542921172084e-03
9.0000000000000011e-03 4.2000000000000010e-02 4.0000000000000001e-03  1.7547249328402133e-03
9.0000000000000011e-03 4.4999999999999998e-02 4.0000000000000001e-03  1.8505596945388196e-03
1.2000000000000004e-02 -4.4999999999999998e-02 4.0000000000000001e-03  1.9471524991875591e-03
1.2000000000000004e-02 -4.1999999999999996e-02 4.0000000000000001e-03  1.8023725409346703e-03
1.2000000000000004e-02 -3.9000000000000000e-02 4.0000000000000001e-03  1.6892658598016636e-03
1.2000000000000004e-02 -3.5999999999999997e-02 4.0000000000000001e-03  1.6059241774252528e-03
1.2000000000000004e-02 -3.3000000000000002e-02 4.0000000000000001e-03  1.5524386799982053e-03
1.2000000000000004e-02 -2.9999999999999999e-02 4.0000000000000001e-03  1.5122428791228403e-03
1.2000000000000004e-02 -2.6999999999999996e-02 4.0000000000000001e-03  1.4880204936876073e-03
1.2000000000000004e-02 -2.3999999999999997e-02 4.0000000000000001e-03  1.4723195650930151e-03
1.2000000000000004e-02 -2.0999999999999998e-02 4.0000000000000001e-03  1.4563930475508251e-03
1.2000000000000004e-02 -1.7999999999999999e-02 4.0000000000000001e-03  1.4402246721150226e-03
1.2000000000000004e-02 -1.4999999999999999e-02 4.0000000000000001e-03  1.4334470623397950e-03
1.2000000000000004e-02 -1.1999999999999997e-02 4.0000000000000001e-03  1.4272064164957425e-03
1.2000000000000004e-02 -8.9999999999999941e-03 4.0000000000000001e-03  1.4178657212334733e-03
1.2000000000000004e-02 -5.9999999999999984e-03 4.0000000000000001e-03  1.4098076100407025e-03
1.2000000000000004e-02 -2.9999999999999957e-03 4.0000000000000001e-03  1.4051371573524567e-03
1.2000000000000004e-02 0.0000000000000000e+00 4.0000000000000001e-03  1.4019659454258242e-03
1.2000000000000004e-02 3.0000000000000027e-03 4.0000000000000001e-03  1.4002947052610794e-03
1.2000000000000004e-02 6.0000000000000053e-03 4.0000000000000001e-03  1.3982867130737802e-03
1.2000000000000004e-02 9.0000000000000011e-03 4.0000000000000001e-03  1.3907015950555515e-03
1.2000000000000004e-02 1.2000000000000004e-02 4.0000000000000001e-03  1.3876838043913409e-03
1.2000000000000004e-02 1.4999999999999999e-02 4.0000000000000001e-03  1.3956738980250823e-03
1.2000000000000004e-02 1.8000000000000002e-02 4.0000000000000001e-03  1.4195840634534127e-03
1.2000000000000004e-02 2.1000000000000005e-02 4.0000000000000001e-03  1.4377572405846659e-03
1.2000000000000004e-02 2.4000000000000007e-02 4.0000000000000001e-03  1.4492496071283713e-03
1.2000000000000004e-02 2.7000000000000010e-02 4.0000000000000001e-03  1.4693719626667993e-03
1.2000000000000004e-02 2.9999999999999999e-02 4.0000000000000001e-03  1.5006359313884982e-03
1.2000000000000004e-02 3.3000000000000002e-02 4.0000000000000001e-03  1.5448941713846352e-03
1.2000000000000004e-02 3.6000000000000004e-02 4.0000000000000001e-03  1.6019041582333183e-03
1.2000000000000004e-02 3.9000000000000007e-02 4.0000000000000001e-03  1.6713547706062584e-03
1.2000000000000004e-02 4.2000000000000010e-02 4.0000000000000001e-03  1.7539644176941015e-03
1.2000000000000004e-02 4.4999999999999998e-02 4.0000000000000001e-03  1.8504506587105111e-03
1.4999999999999999e-02 -4.4999999999999998e-02 4.0000000000000001e-03  1.9664587506729400e-03
1.4999999999999999e-02 -4.1999999999999996e-02 4.0000000000000001e-03  1.8198307475020697e-03
1.4999999999999999e-02 -3.9000000000000000e-02 4.0000000000000001e-03  1.7050923550644304e-03
1.4999999999999999e-02 -3.5999999999999997e-02 4.0000000000000001e-03  1.6203095507530177e-03
1.4999999999999999e-02 -3.3000000000000002e-02 4.0000000000000001e-03  1.5634797506836379e-03
1.4999999999999999e-02 -2.9999999999999999e-02 4.0000000000000001e-03  1.5345702723280714e-03
1.4999999999999999e-02 -2.6999999999999996e-02 4.0000000000000001e-03  1.5172065752552307e-03
1.4999999999999999e-02 -2.3999999999999997e-02 4.0000000000000001e-03  1.4996704912813865e-03
1.4999999999999999e-02 -2.0999999999999998e-02 4.0000000000000001e-03  1.4819443226696039e-03
1.4999999999999999e-02 -1.7999999999999999e-02 4.0000000000000001e-03  1.4640106038170543e-03
1.4999999999999999e-02 -1.4999999999999999e-02 4.0000000000000001e-03  1.4458521012550071e-03
1.4999999999999999e-02 -1.1999999999999997e-02 4.0000000000000001e-03  1.4274518136488162e-03
1.4999999999999999e-02 -8.9999999999999941e-03 4.0000000000000001e-03  1.4176074008139263e-03
1.4999999999999999e-02 -5.9999999999999984e-03 4.0000000000000001e-03  1.4086815052083833e-03
1.4999999999999999e-02 -2.9999999999999957e-03 4.0000000000000001e-03  1.4040009241142748e-03
1.4999999999999999e-02 0.0000000000000000e+00 4.0000000000000001e-03  1.3970150785251724e-03
1.4999999999999999e-02 3.0000000000000027e-03 4.0000000000000001e-03  1.3874088135725003e-03
1.4999999999999999e-02 6.0000000000000053e-03 4.0000000000000001e-03  1.3823788582718005e-03
1.4999999999999999e-02 9.0000000000000011e-03 4.0000000000000001e-03  1.3819472242079130e-03
1.4999999999999999e-02 1.2000000000000004e-02 4.0000000000000001e-03  1.3861370503372814e-03
1.4999999999999999e-02 1.4999999999999999e-02 4.0000000000000001e-03  1.4006502341282366e-03
1.4999999999999999e-02 1.8000000000000002e-02 4.0000000000000001e-03  1.4200920276596590e-03
1.4999999999999999e-02 2.1000000000000005e-02 4.0000000000000001e-03  1.4411779381691624e-03
1.4999999999999999e-02 2.4000000000000007e-02 4.0000000000000001e-03  1.4564838379625214e-03
1.4999999999999999e-02 2.7000000000000010e-02 4.0000000000000001e-03  1.4741724049855975e-03
1.4999999999999999e-02 2.9999999999999999e-02 4.0000000000000001e-03  1.5044637469791866e-03
1.4999999999999999e-02 3.3000000000000002e-02 4.0000000000000001e-03  1.5465857314086780e-03
1.4999999999999999e-02 3.6000000000000004e-02 4.0000000000000001e-03  1.6016201698200946e-03
1.4999999999999999e-02 3.9000000000000007e-02 4.0000000000000001e-03  1.6707381095163668e-03
1.4999999999999999e-02 4.2000000000000010e-02 4.0000000000000001e-03  1.7538092414109308e-03
1.4999999999999999e-02 4.4999999999999998e-02 4.0000000000000001e-03  1.8508694286603902e-03
1.8000000000000002e-02 -4.4999999999999998e-02 4.0000000000000001e-03  1.9854084444069159e-03
1.8000000000000002e-02 -4.1999999999999996e-02 4.0000000000000001e-03  1.8370439857278568e-03
1.8000000000000002e-02 -3.9000000000000000e-02 4.0000000000000001e-03  1.7207956917525971e-03
1.8000000000000002e-02 -3.5999999999999997e-02 4.0000000000000001e-03  1.6347037956303823e-03
1.8000000000000002e-02 -3.3000000000000002e-02 4.0000000000000001e-03  1.5850085156149422e-03
1.8000000000000002e-02 -2.9999999999999999e-02 4.0000000000000001e-03  1.5586307776486587e-03
1.8000000000000002e-02 -2.6999999999999996e-02 4.0000000000000001e-03  1.5423605696891528e-03
1.8000000000000002e-02 -2.3999999999999997e-02 4.0000000000000001e-03  1.5229599930753699e-03
1.8000000000000002e-02 -2.0999999999999998e-02 4.0000000000000001e-03  1.5034062618387626e-03
1.8000000000000002e-02 -1.7999999999999999e-02 4.0000000000000001e-03  1.4836807137196854e-03
1.8000000000000002e-02 -1.4999999999999999e-02 4.0000000000000001e-03  1.4637649185925911e-03
1.8000000000000002e-02 -1.1999999999999997e-02 4.0000000000000001e-03  1.4436406784660292e-03
1.8000000000000002e-02 -8.9999999999999941e-03 4.0000000000000001e-03  1.4232900274826423e-03
1.8000000000000002e-02 -5.9999999999999984e-03 4.0000000000000001e-03  1.4012863453947099e-03
1.8000000000000002e-02 -2.9999999999999957e-03 4.0000000000000001e-03  1.3896329154341625e-03
1.8000000000000002e-02 0.0000000000000000e+00 4.0000000000000001e-03  1.3825705510275175e-03
1.8000000000000002e-02 3.0000000000000027e-03 4.0000000000000001e-03  1.3801179701764710e-03
1.8000000000000002e-02 6.0000000000000053e-03 4.0000000000000001e-03  1.3822950182543045e-03
1.8000000000000002e-02 9.0000000000000011e-03 4.0000000000000001e-03  1.3891226680059069e-03
1.8000000000000002e-02 1.2000000000000004e-02 4.0000000000000001e-03  1.4006057981773188e-03
1.8000000000000002e-02 1.4999999999999999e-02 4.0000000000000001e-03  1.4139294983052052e-03
1.8000000000000002e-02 1.8000000000000002e-02 4.0000000000000001e-03  1.4288778851613904e-03
1.8000000000000002e-02 2.1000000000000005e-02 4.0000000000000001e-03  1.4454673318473040e-03
1.8000000000000002e-02 2.4000000000000007e-02 4.0000000000000001e-03  1.4637204528899872e-03
1.8000000000000002e-02 2.7000000000000010e-02 4.0000000000000001e-03  1.4799506562454539e-03
1.8000000000000002e-02 2.9999999999999999e-02 4.0000000000000001e-03  1.5093083969653092e-03
1.8000000000000002e-02 3.3000000000000002e-02 4.0000000000000001e-03  1.5502587277826398e-03
1.8000000000000002e-02 3.6000000000000004e-02 4.0000000000000001e-03  1.6038414088764223e-03
1.8000000000000002e-02 3.9000000000000007e-02 4.0000000000000001e-03  1.6711706006629105e-03
1.8000000000000002e-02 4.2000000000000010e-02 4.0000000000000001e-03  1.7534348637956558e-03
1.8000000000000002e-02 4.4999999999999998e-02 4.0000000000000001e-03  1.8518817085607796e-03
2.1000000000000005e-02 -4.4999999999999998e-02 4.0000000000000001e-03  2.0040295092378221e-03
2.1000000000000005e-02 -4.1999999999999996e-02 4.0000000000000001e-03  1.8540498049174150e-03
2.1000000000000005e-02 -3.9000000000000000e-02 4.0000000000000001e-03  1.7396685022513486e-03
2.1000000000000005e-02 -3.5999999999999997e-02 4.0000000000000001e-03  1.6671218617829834e-03
2.1000000000000005e-02 -3.3000000000000002e-02 4.0000000000000001e-03  1.6155720959665850e-03
2.1000000000000005e-02 -2.9999999999999999e-02 4.0000000000000001e-03  1.5813456652888106e-03
2.1000000000000005e-02 -2.6999999999999996e-02 4.0000000000000001e-03  1.5552503826525652e-03
2.1000000000000005e-02 -2.3999999999999997e-02 4.0000000000000001e-03  1.5361110539994106e-03
2.1000000000000005e-02 -2.0999999999999998e-02 4.0000000000000001e-03  1.5206881128799060e-03
2.1000000000000005e-02 -1.7999999999999999e-02 4.0000000000000001e-03  1.4991570902872710e-03
2.1000000000000005e-02 -1.4999999999999999e-02 4.0000000000000001e-03  1.4774717830935518e-03
2.1000000000000005e-02 -1.1999999999999997e-02 4.0000000000000001e-03  1.4556127966504850e-03
2.1000000000000005e-02 -8.9999999999999941e-03 4.0000000000000001e-03  1.4258612823381132e-03
2.1000000000000005e-02 -5.9999999999999984e-03 4.0000000000000001e-03  1.3947917439314349e-03
2.1000000000000005e-02 -2.9999999999999957e-03 4.0000000000000001e-03  1.3837819672801786e-03
2.1000000000000005e-02 0.0000000000000000e+00 4.0000000000000001e-03  1.3839340308904916e-03
2.1000000000000005e-02 3.0000000000000027e-03 4.0000000000000001e-03  1.3887473449310300e-03
2.1000000000000005e-02 6.0000000000000053e-03 4.0000000000000001e-03  1.3982407159351215e-03
2.1000000000000005e-02 9.0000000000000011e-03 4.0000000000000001e-03  1.4124340778076936e-03
2.1000000000000005e-02 1.2000000000000004e-02 4.0000000000000001e-03  1.4267949681519758e-03
2.1000000000000005e-02 1.4999999999999999e-02 4.0000000000000001e-03  1.4355811973047006e-03
2.1000000000000005e-02 1.8000000000000002e-02 4.0000000000000001e-03  1.4460035428840838e-03
2.1000000000000005e-02 2.1000000000000005e-02 4.0000000000000001e-03  1.4580715428942352e-03
2.1000000000000005e-02 2.4000000000000007e-02 4.0000000000000001e-03  1.4718009767648913e-03
2.1000000000000005e-02 2.7000000000000010e-02 4.0000000000000001e-03  1.4872138653513947e-03
2.1000000000000005e-02 2.9999999999999999e-02 4.0000000000000001e-03  1.5151749138343125e-03
2.1000000000000005e-02 3.3000000000000002e-02 4.0000000000000001e-03  1.5550029251145995e-03
2.1000000000000005e-02 3.6000000000000004e-02 4.0000000000000001e-03  1.6071974987581206e-03
2.1000000000000005e-02 3.9000000000000007e-02 4.0000000000000001e-03  1.6728307438140862e-03
2.1000000000000005e-02 4.2000000000000010e-02 4.0000000000000001e-03  1.7530491695689886e-03
2.1000000000000005e-02 4.4999999999999998e-02 4.0000000000000001e-03  1.8490736855466196e-03
2.4000000000000007e-02 -4.4999999999999998e-02 4.0000000000000001e-03  2.0223568668996765e-03
2.4000000000000007e-02 -4.1999999999999996e-02 4.0000000000000001e-03  1.8842914107098999e-03
2.4000000000000007e-02 -3.9000000000000000e-02 4.0000000000000001e-03  1.7831684048684405e-03
2.4000000000000007e-02 -3.5999999999999997e-02 4.0000000000000001e-03  1.7054173357455033e-03
2.4000000000000007e-02 -3.3000000000000002e-02 4.0000000000000001e-03  1.6485765525781886e-03
2.4000000000000007e-02 -2.9999999999999999e-02 4.0000000000000001e-03  1.6069953123710979e-03
2.4000000000000007e-02 -2.6999999999999996e-02 4.0000000000000001e-03  1.5707231061066341e-03
2.4000000000000007e-02 -2.3999999999999997e-02 4.0000000000000001e-03  1.5413954419313694e-03
2.4000000000000007e-02 -2.0999999999999998e-02 4.0000000000000001e-03  1.5190395999371471e-03
2.4000000000000007e-02 -1.7999999999999999e-02 4.0000000000000001e-03  1.5036884329379496e-03
2.4000000000000007e-02 -1.4999999999999999e-02 4.0000000000000001e-03  1.4869535650446732e-03
2.4000000000000007e-02 -1.1999999999999997e-02 4.0000000000000001e-03  1.4579839078886834e-03
2.4000000000000007e-02 -8.9999999999999941e-03 4.0000000000000001e-03  1.4361271578840348e-03
2.4000000000000007e-02 -5.9999999999999984e-03 4.0000000000000001e-03  1.4180644789555962e-03
2.4000000000000007e-02 -2.9999999999999957e-03 4.0000000000000001e-03  1.3938524279626821e-03
2.4000000000000007e-02 0.0000000000000000e+00 4.0000000000000001e-03  1.4013346500664871e-03
2.4000000000000007e-02 3.0000000000000027e-03 4.0000000000000001e-03  1.4135266982329036e-03
2.4000000000000007e-02 6.0000000000000053e-03 4.0000000000000001e-03  1.4304463401553086e-03
2.4000000000000007e-02 9.0000000000000011e-03 4.0000000000000001e-03  1.4521124708986634e-03
2.4000000000000007e-02 1.2000000000000004e-02 4.0000000000000001e-03  1.4614790288069799e-03
2.4000000000000007e-02 1.4999999999999999e-02 4.0000000000000001e-03  1.4656799008103388e-03
2.4000000000000007e-02 1.8000000000000002e-02 4.0000000000000001e-03  1.4715359706881110e-03
2.4000000000000007e-02 2.1000000000000005e-02 4.0000000000000001e-03  1.4790499413470976e-03
2.4000000000000007e-02 2.4000000000000007e-02 4.0000000000000001e-03  1.4882307571197156e-03
2.4000000000000007e-02 2.7000000000000010e-02 4.0000000000000001e-03  1.5066470996614554e-03
2.4000000000000007e-02 2.9999999999999999e-02 4.0000000000000001e-03  1.5399102521139612e-03
2.4000000000000007e-02 3.3000000000000002e-02 4.0000000000000001e-03  1.5789072278546026e-03
2.4000000000000007e-02 3.6000000000000004e-02 4.0000000000000001e-03  1.6297608077866302e-03
2.4000000000000007e-02 3.9000000000000007e-02 4.0000000000000001e-03  1.6935154370339865e-03
2.4000000000000007e-02 4.2000000000000010e-02 4.0000000000000001e-03  1.7712916252895646e-03
2.4000000000000007e-02 4.4999999999999998e-02 4.0000000000000001e-03  1.8642859468152027e-03
2.7000000000000010e-02 -4.4999999999999998e-02 4.0000000000000001e-03  2.0669451638271694e-03
2.7000000000000010e-02 -4.1999999999999996e-02 4.0000000000000001e-03  1.9350023475081092e-03
2.7000000000000010e-02 -3.9000000000000000e-02 4.0000000000000001e-03  1.8289805317341415e-03
2.7000000000000010e-02 -3.5999999999999997e-02 4.0000000000000001e-03  1.7461056888806964e-03
2.7000000000000010e-02 -3.3000000000000002e-02 4.0000000000000001e-03  1.6840156455600382e-03
2.7000000000000010e-02 -2.9999999999999999e-02 4.0000000000000001e-03  1.6355687211142235e-03
2.7000000000000010e-02 -2.6999999999999996e-02 4.0000000000000001e-03  1.5891413468549832e-03
2.7000000000000010e-02 -2.3999999999999997e-02 4.0000000000000001e-03  1.5496506070096160e-03
2.7000000000000010e-02 -2.0999999999999998e-02 4.0000000000000001e-03  1.5171242996474584e-03
2.7000000000000010e-02 -1.7999999999999999e-02 4.0000000000000001e-03  1.5077807249486575e-03
2.7000000000000010e-02 -1.4999999999999999e-02 4.0000000000000001e-03  1.4910851107102663e-03
2.7000000000000010e-02 -1.1999999999999997e-02 4.0000000000000001e-03  1.4740098706556731e-03
2.7000000000000010e-02 -8.9999999999999941e-03 4.0000000000000001e-03  1.4695944331718713e-03
2.7000000000000010e-02 -5.9999999999999984e-03 4.0000000000000001e-03  1.4615022035471483e-03
2.7000000000000010e-02 -2.9999999999999957e-03 4.0000000000000001e-03  1.4305395371830123e-03
2.7000000000000010e-02 0.0000000000000000e+00 4.0000000000000001e-03  1.4350264064351198e-03
2.7000000000000010e-02 3.0000000000000027e-03 4.0000000000000001e-03  1.4547106564060464e-03
2.7000000000000010e-02 6.0000000000000053e-03 4.0000000000000001e-03  1.4791671456831472e-03
2.7000000000000010e-02 9.0000000000000011e-03 4.0000000000000001e-03  1.5068774884152314e-03
2.7000000000000010e-02 1.2000000000000004e-02 4.0000000000000001e-03  1.5047452125840927e-03
2.7000000000000010e-02 1.4999999999999999e-02 4.0000000000000001e-03  1.5043052414406481e-03
2.7000000000000010e-02 1.8000000000000002e-02 4.0000000000000001e-03  1.5055472013687659e-03
2.7000000000000010e-02 2.1000000000000005e-02 4.0000000000000001e-03  1.5084669601779376e-03
2.7000000000000010e-02 2.4000000000000007e-02 4.0000000000000001e-03  1.5130666271032649e-03
2.7000000000000010e-02 2.7000000000000010e-02 4.0000000000000001e-03  1.5396005715372684e-03
2.7000000000000010e-02 2.9999999999999999e-02 4.0000000000000001e-03  1.5722596269681956e-03
2.7000000000000010e-02 3.3000000000000002e-02 4.0000000000000001e-03  1.6108899930990536e-03
2.7000000000000010e-02 3.6000000000000004e-02 4.0000000000000001e-03  1.6616242059123343e-03
2.7000000000000010e-02 3.9000000000000007e-02 4.0000000000000001e-03  1.7248552018598018e-03
2.7000000000000010e-02 4.2000000000000010e-02 4.0000000000000001e-03  1.8016531802840261e-03
2.7000000000000010e-02 4.4999999999999998e-02 4.0000000000000001e-03  1.8924935916154191e-03
2.9999999999999999e-02 -4.4999999999999998e-02 4.0000000000000001e-03  2.1176199309850450e-03
2.9999999999999999e-02 -4.1999999999999996e-02 4.0000000000000001e-03  1.9873777980498370e-03
2.9999999999999999e-02 -3.9000000000000000e-02 4.0000000000000001e-03  1.8774726239819883e-03
2.9999999999999999e-02 -3.5999999999999997e-02 4.0000000000000001e-03  1.7891985660973421e-03
2.9999999999999999e-02 -3.3000000000000002e-02 4.0000000000000001e-03  1.7218963278387632e-03
2.9999999999999999e-02 -2.9999999999999999e-02 4.0000000000000001e-03  1.6670668801625531e-03
2.9999999999999999e-02 -2.6999999999999996e-02 4.0000000000000001e-03  1.6120970924040315e-03
2.9999999999999999e-02 -2.3999999999999997e-02 4.0000000000000001e-03  1.5766702864607851e-03
2.9999999999999999e-02 -2.0999999999999998e-02 4.0000000000000001e-03  1.5544369892615958e-03
2.9999999999999999e-02 -1.7999999999999999e-02 4.0000000000000001e-03  1.5348838053689728e-03
2.9999999999999999e-02 -1.4999999999999999e-02 4.0000000000000001e-03  1.5133335505054402e-03
2.9999999999999999e-02 -1.1999999999999997e-02 4.0000000000000001e-03  1.5107509690224581e-03
2.9999999999999999e-02 -8.9999999999999941e-03 4.0000000000000001e-03  1.5237781364035262e-03
2.9999999999999999e-02 -5.9999999999999984e-03 4.0000000000000001e-03  1.5255103450662656e-03
2.9999999999999999e-02 -2.9999999999999957e-03 4.0000000000000001e-03  1.5047694788933763e-03
2.9999999999999999e-02 0.0000000000000000e+00 4.0000000000000001e-03  1.4852881638032338e-03
2.9999999999999999e-02 3.0000000000000027e-03 4.0000000000000001e-03  1.5125787117016305e-03
2.9999999999999999e-02 6.0000000000000053e-03 4.0000000000000001e-03  1.5446832532141483e-03
2.9999999999999999e-02 9.0000000000000011e-03 4.0000000000000001e-03  1.5635632397024716e-03
2.9999999999999999e-02 1.2000000000000004e-02 4.0000000000000001e-03  1.5566858148599910e-03
2.9999999999999999e-02 1.4999999999999999e-02 4.0000000000000001e-03  1.5515419147490584e-03
2.9999999999999999e-02 1.8000000000000002e-02 4.0000000000000001e-03  1.5481143306562382e-03
2.9999999999999999e-02 2.1000000000000005e-02 4.0000000000000001e-03  1.5463920952937099e-03
2.9999999999999999e-02 2.4000000000000007e-02 4.0000000000000001e-03  1.5463704827992652e-03
2.9999999999999999e-02 2.7000000000000010e-02 4.0000000000000001e-03  1.5848951303719942e-03
2.9999999999999999e-02 2.9999999999999999e-02 4.0000000000000001e-03  1.6170516164492269e-03
2.9999999999999999e-02 3.3000000000000002e-02 4.0000000000000001e-03  1.6496457100964759e-03
2.9999999999999999e-02 3.6000000000000004e-02 4.0000000000000001e-03  1.7003819055664536e-03
2.9999999999999999e-02 3.9000000000000007e-02 4.0000000000000001e-03  1.7632346550225486e-03
2.9999999999999999e-02 4.2000000000000010e-02 4.0000000000000001e-03  1.8393953379648013e-03
2.9999999999999999e-02 4.4999999999999998e-02 4.0000000000000001e-03  1.9279808202128964e-03
3.3000000000000002e-02 -4.4999999999999998e-02 4.0000000000000001e-03  2.1420399917274941e-03
3.3000000000000002e-02 -4.1999999999999996e-02 4.0000000000000001e-03  2.0265240428454156e-03
3.3000000000000002e-02 -3.9000000000000000e-02 4.0000000000000001e-03  1.9308052400436380e-03
3.3000000000000002e-02 -3.5999999999999997e-02 4.0000000000000001e-03  1.8421422641085833e-03
3.3000000000000002e-02 -3.3000000000000002e-02 4.0000000000000001e-03  1.7711903035712358e-03
3.3000000000000002e-02 -2.9999999999999999e-02 4.0000000000000001e-03  1.7121815047547260e-03
3.3000000000000002e-02 -2.6999999999999996e-02 4.0000000000000001e-03  1.6588123230088679e-03
3.3000000000000002e-02 -2.3999999999999997e-02 4.0000000000000001e-03  1.6306207628222914e-03
3.3000000000000002e-02 -2.0999999999999998e-02 4.0000000000000001e-03  1.6079079534997919e-03
3.3000000000000002e-02 -1.7999999999999999e-02 4.0000000000000001e-03  1.5798879241699535e-03
3.3000000000000002e-02 -1.4999999999999999e-02 4.0000000000000001e-03  1.5569751290923420e-03
3.3000000000000002e-02 -1.1999999999999997e-02 4.0000000000000001e-03  1.5689739703143655e-03
3.3000000000000002e-02 -8.9999999999999941e-03 4.0000000000000001e-03  1.5990027830942153e-03
3.3000000000000002e-02 -5.9999999999999984e-03 4.0000000000000001e-03  1.6104464181333528e-03
3.3000000000000002e-02 -2.9999999999999957e-03 4.0000000000000001e-03  1.5998304247927999e-03
3.3000000000000002e-02 0.0000000000000000e+00 4.0000000000000001e-03  1.5666594194804870e-03
3.3000000000000002e-02 3.0000000000000027e-03 4.0000000000000001e-03  1.5874352222980566e-03
3.3000000000000002e-02 6.0000000000000053e-03 4.0000000000000001e-03  1.6272996493710396e-03
3.3000000000000002e-02 9.0000000000000011e-03 4.0000000000000001e-03  1.6290991051933911e-03
3.3000000000000002e-02 1.2000000000000004e-02 4.0000000000000001e-03  1.6173981939462416e-03
3.3000000000000002e-02 1.4999999999999999e-02 4.0000000000000001e-03  1.6074796792239076e-03
3.3000000000000002e-02 1.8000000000000002e-02 4.0000000000000001e-03  1.5993195172156324e-03
3.3000000000000002e-02 2.1000000000000005e-02 4.0000000000000001e-03  1.5928999055362788e-03
3.3000000000000002e-02 2.4000000000000007e-02 4.0000000000000001e-03  1.6034428552480261e-03
3.3000000000000002e-02 2.7000000000000010e-02 4.0000000000000001e-03  1.6425785252491833e-03
3.3000000000000002e-02 2.9999999999999999e-02 4.0000000000000001e-03  1.6741954119871686e-03
3.3000000000000002e-02 3.3000000000000002e-02 4.0000000000000001e-03  1.6982873460630397e-03
3.3000000000000002e-02 3.6000000000000004e-02 4.0000000000000001e-03  1.7459992125339358e-03
3.3000000000000002e-02 3.9000000000000007e-02 4.0000000000000001e-03  1.8099341652718329e-03
3.3000000000000002e-02 4.2000000000000010e-02 4.0000000000000001e-03  1.8861400580936537e-03
3.3000000000000002e-02 4.4999999999999998e-02 4.0000000000000001e-03  1.9731513414515084e-03
3.6000000000000004e-02 -4.4999999999999998e-02 4.0000000000000001e-03  2.1938246405475213e-03
3.6000000000000004e-02 -4.1999999999999996e-02 4.0000000000000001e-03  2.0715980893712439e-03
3.6000000000000004e-02 -3.9000000000000000e-02 4.0000000000000001e-03  1.9712602672152155e-03
3.6000000000000004e-02 -3.5999999999999997e-02 4.0000000000000001e-03  1.8898431288318840e-03
3.6000000000000004e-02 -3.3000000000000002e-02 4.0000000000000001e-03  1.8232191883400584e-03
3.6000000000000004e-02 -2.9999999999999999e-02 4.0000000000000001e-03  1.7601781535550092e-03
3.6000000000000004e-02 -2.6999999999999996e-02 4.0000000000000001e-03  1.7362420596019972e-03
3.6000000000000004e-02 -2.3999999999999997e-02 4.0000000000000001e-03  1.7104461594648680e-03
3.6000000000000004e-02 -2.0999999999999998e-02 4.0000000000000001e-03  1.6794520132874474e-03
3.6000000000000004e-02 -1.7999999999999999e-02 4.0000000000000001e-03  1.6436149778321055e-03
3.6000000000000004e-02 -1.4999999999999999e-02 4.0000000000000001e-03  1.6227304105309573e-03
3.6000000000000004e-02 -1.1999999999999997e-02 4.0000000000000001e-03  1.6539936270454499e-03
3.6000000000000004e-02 -8.9999999999999941e-03 4.0000000000000001e-03  1.6955639641643252e-03
3.6000000000000004e-02 -5.9999999999999984e-03 4.0000000000000001e-03  1.7166200246290298e-03
3.6000000000000004e-02 -2.9999999999999957e-03 4.0000000000000001e-03  1.7160459877221385e-03
3.6000000000000004e-02 0.0000000000000000e+00 4.0000000000000001e-03  1.6933085386835465e-03
3.6000000000000004e-02 3.0000000000000027e-03 4.0000000000000001e-03  1.6796094123009515e-03
3.6000000000000004e-02 6.0000000000000053e-03 4.0000000000000001e-03  1.7220814812272010e-03
3.6000000000000004e-02 9.0000000000000011e-03 4.0000000000000001e-03  1.7035951059577008e-03
3.6000000000000004e-02 1.2000000000000004e-02 4.0000000000000001e-03  1.6869847710893405e-03
3.6000000000000004e-02 1.4999999999999999e-02 4.0000000000000001e-03  1.6722133562884441e-03
3.6000000000000004e-02 1.8000000000000002e-02 4.0000000000000001e-03  1.6592499826469486e-03
3.6000000000000004e-02 2.1000000000000005e-02 4.0000000000000001e-03  1.6488693072153596e-03
3.6000000000000004e-02 2.4000000000000007e-02 4.0000000000000001e-03  1.6875680397252623e-03
3.6000000000000004e-02 2.7000000000000010e-02 4.0000000000000001e-03  1.7251711830633281e-03
3.6000000000000004e-02 2.9999999999999999e-02 4.0000000000000001e-03  1.7552929978730686e-03
3.6000000000000004e-02 3.3000000000000002e-02 4.0000000000000001e-03  1.7779180465158403e-03
3.6000000000000004e-02 3.6000000000000004e-02 4.0000000000000001e-03  1.8012126351583788e-03
3.6000000000000004e-02 3.9000000000000007e-02 4.0000000000000001e-03  1.8669181926035318e-03
3.6000000000000004e-02 4.2000000000000010e-02 4.0000000000000001e-03  1.9422464062582522e-03
3.6000000000000004e-02 4.4999999999999998e-02 4.0000000000000001e-03  2.0279205708916928e-03
3.9000000000000007e-02 -4.4999999999999998e-02 4.0000000000000001e-03  2.2766369072704518e-03
3.9000000000000007e-02 -4.1999999999999996e-02 4.0000000000000001e-03  2.1456629513290936e-03
3.9000000000000007e-02 -3.9000000000000000e-02 4.0000000000000001e-03  2.0368632194572660e-03
3.9000000000000007e-02 -3.5999999999999997e-02 4.0000000000000001e-03  1.9473022941359833e-03
3.9000000000000007e-02 -3.3000000000000002e-02 4.0000000000000001e-03  1.8891897621042724e-03
3.9000000000000007e-02 -2.9999999999999999e-02 4.0000000000000001e-03  1.8698005283898926e-03
3.9000000000000007e-02 -2.6999999999999996e-02 4.0000000000000001e-03  1.8424452274755053e-03
3.9000000000000007e-02 -2.3999999999999997e-02 4.0000000000000001e-03  1.8084754183035790e-03
3.9000000000000007e-02 -2.0999999999999998e-02 4.0000000000000001e-03  1.7697542635623366e-03
3.9000000000000007e-02 -1.7999999999999999e-02 4.0000000000000001e-03  1.7268077846588248e-03
3.9000000000000007e-02 -1.4999999999999999e-02 4.0000000000000001e-03  1.7112151300085799e-03
3.9000000000000007e-02 -1.1999999999999997e-02 4.0000000000000001e-03  1.7630951319689175e-03
3.9000000000000007e-02 -8.9999999999999941e-03 4.0000000000000001e-03  1.8137093577944713e-03
3.9000000000000007e-02 -5.9999999999999984e-03 4.0000000000000001e-03  1.8442928536941479e-03
3.9000000000000007e-02 -2.9999999999999957e-03 4.0000000000000001e-03  1.8536918677824839e-03
3.9000000000000007e-02 0.0000000000000000e+00 4.0000000000000001e-03  1.8413351541313315e-03
3.9000000000000007e-02 3.0000000000000027e-03 4.0000000000000001e-03  1.8072339727698565e-03
3.9000000000000007e-02 6.0000000000000053e-03 4.0000000000000001e-03  1.8107266723199106e-03
3.9000000000000007e-02 9.0000000000000011e-03 4.0000000000000001e-03  1.7871663260000353e-03
3.9000000000000007e-02 1.2000000000000004e-02 4.0000000000000001e-03  1.8069095455685437e-03
3.9000000000000007e-02 1.4999999999999999e-02 4.0000000000000001e-03  1.8191732501052149e-03
3.9000000000000007e-02 1.8000000000000002e-02 4.0000000000000001e-03  1.8099322090022996e-03
3.9000000000000007e-02 2.1000000000000005e-02 4.0000000000000001e-03  1.8197485752920657e-03
3.9000000000000007e-02 2.4000000000000007e-02 4.0000000000000001e-03  1.8551857330817299e-03
3.9000000000000007e-02 2.7000000000000010e-02 4.0000000000000001e-03  1.8832984624624612e-03
3.9000000000000007e-02 2.9999999999999999e-02 4.0000000000000001e-03  1.9075869785473870e-03
3.9000000000000007e-02 3.3000000000000002e-02 4.0000000000000001e-03  1.9246750631765181e-03
3.9000000000000007e-02 3.6000000000000004e-02 4.0000000000000001e-03  1.9338769661888470e-03
3.9000000000000007e-02 3.9000000000000007e-02 4.0000000000000001e-03  1.9367717711050651e-03
3.9000000000000007e-02 4.2000000000000010e-02 4.0000000000000001e-03  2.0076591433606278e-03
3.9000000000000007e-02 4.4999999999999998e-02 4.0000000000000001e-03  2.0922134194030191e-03
4.2000000000000010e-02 -4.4999999999999998e-02 4.0000000000000001e-03  2.3955244409353364e-03
4.2000000000000010e-02 -4.1999999999999996e-02 4.0000000000000001e-03  2.2536957044168560e-03
4.2000000000000010e-02 -3.9000000000000000e-02 4.0000000000000001e-03  2.1344281802160412e-03
4.2000000000000010e-02 -3.5999999999999997e-02 4.0000000000000001e-03  2.0815817474567669e-03
4.2000000000000010e-02 -3.3000000000000002e-02 4.0000000000000001e-03  2.0476546214845768e-03
4.2000000000000010e-02 -2.9999999999999999e-02 4.0000000000000001e-03  2.0104708864362138e-03
4.2000000000000010e-02 -2.6999999999999996e-02 4.0000000000000001e-03  1.9695856640044983e-03
4.2000000000000010e-02 -2.3999999999999997e-02 4.0000000000000001e-03  1.9252568327334700e-03
4.2000000000000010e-02 -2.0999999999999998e-02 4.0000000000000001e-03  1.8794207210851134e-03
4.2000000000000010e-02 -1.7999999999999999e-02 4.0000000000000001e-03  1.8301300847763748e-03
4.2000000000000010e-02 -1.4999999999999999e-02 4.0000000000000001e-03  1.8229401938397965e-03
4.2000000000000010e-02 -1.1999999999999997e-02 4.0000000000000001e-03  1.8940676784757686e-03
4.2000000000000010e-02 -8.9999999999999941e-03 4.0000000000000001e-03  1.9536387294254824e-03
4.2000000000000010e-02 -5.9999999999999984e-03 4.0000000000000001e-03  1.9936786817297764e-03
4.2000000000000010e-02 -2.9999999999999957e-03 4.0000000000000001e-03  2.0129958523351392e-03
4.2000000000000010e-02 0.0000000000000000e+00 4.0000000000000001e-03  2.0171992028856058e-03
4.2000000000000010e-02 3.0000000000000027e-03 4.0000000000000001e-03  2.0313079109480752e-03
4.2000000000000010e-02 6.0000000000000053e-03 4.0000000000000001e-03  2.0472460871370853e-03
4.2000000000000010e-02 9.0000000000000011e-03 4.0000000000000001e-03  2.0330453361593810e-03
4.2000000000000010e-02 1.2000000000000004e-02 4.0000000000000001e-03  1.9967119123710368e-03
4.2000000000000010e-02 1.4999999999999999e-02 4.0000000000000001e-03  1.9394288098485673e-03
4.2000000000000010e-02 1.8000000000000002e-02 4.0000000000000001e-03  1.9035947181994487e-03
4.2000000000000010e-02 2.1000000000000005e-02 4.0000000000000001e-03  1.9364450638720387e-03
4.2000000000000010e-02 2.4000000000000007e-02 4.0000000000000001e-03  1.9809356901544575e-03
4.2000000000000010e-02 2.7000000000000010e-02 4.0000000000000001e-03  2.0175969989791784e-03
4.2000000000000010e-02 2.9999999999999999e-02 4.0000000000000001e-03  2.0464203002178538e-03
4.2000000000000010e-02 3.3000000000000002e-02 4.0000000000000001e-03  2.0674264074204631e-03
4.2000000000000010e-02 3.6000000000000004e-02 4.0000000000000001e-03  2.0806656378153177e-03
4.2000000000000010e-02 3.9000000000000007e-02 4.0000000000000001e-03  2.0558739523046168e-03
4.2000000000000010e-02 4.2000000000000010e-02 4.0000000000000001e-03  2.0925891160560621e-03
4.2000000000000010e-02 4.4999999999999998e-02 4.0000000000000001e-03  2.1655939271898851e-03
4.4999999999999998e-02 -4.4999999999999998e-02 4.0000000000000001e-03  2.5569195097948812e-03
4.4999999999999998e-02 -4.1999999999999996e-02 4.0000000000000001e-03  2.4156854901211731e-03
4.4999999999999998e-02 -3.9000000000000000e-02 4.0000000000000001e-03  2.3669193584630937e-03
4.4999999999999998e-02 -3.5999999999999997e-02 4.0000000000000001e-03  2.3163634488434968e-03
4.4999999999999998e-02 -3.3000000000000002e-02 4.0000000000000001e-03  2.2632596610953305e-03
4.4999999999999998e-02 -2.9999999999999999e-02 4.0000000000000001e-03  2.2069840170070402e-03
4.4999999999999998e-02 -2.6999999999999996e-02 4.0000000000000001e-03  2.1470466603225719e-03
4.4999999999999998e-02 -2.3999999999999997e-02 4.0000000000000001e-03  2.0830918567413810e-03
4.4999999999999998e-02 -2.0999999999999998e-02 4.0000000000000001e-03  2.0148979939184149e-03
4.4999999999999998e-02 -1.7999999999999999e-02 4.0000000000000001e-03  1.9541665401339183e-03
4.4999999999999998e-02 -1.4999999999999999e-02 4.0000000000000001e-03  1.9613910222212607e-03
4.4999999999999998e-02 -1.1999999999999997e-02 4.0000000000000001e-03  2.0470491083068205e-03
4.4999999999999998e-02 -8.9999999999999941e-03 4.0000000000000001e-03  2.0836632347207059e-03
4.4999999999999998e-02 -5.9999999999999984e-03 4.0000000000000001e-03  2.0873181304669674e-03
4.4999999999999998e-02 -2.9999999999999957e-03 4.0000000000000001e-03  2.0922594960182160e-03
4.4999999999999998e-02 0.0000000000000000e+00 4.0000000000000001e-03  2.0982657867322529e-03
4.4999999999999998e-02 3.0000000000000027e-03 4.0000000000000001e-03  2.1051947820335203e-03
4.4999999999999998e-02 6.0000000000000053e-03 4.0000000000000001e-03  2.1129835854131322e-03
4.4999999999999998e-02 9.0000000000000011e-03 4.0000000000000001e-03  2.1216486244288618e-03
4.4999999999999998e-02 1.2000000000000004e-02 4.0000000000000001e-03  2.0448996144712883e-03
4.4999999999999998e-02 1.4999999999999999e-02 4.0000000000000001e-03  1.9553567608843803e-03
4.4999999999999998e-02 1.8000000000000002e-02 4.0000000000000001e-03  2.0178916079110405e-03
4.4999999999999998e-02 2.1000000000000005e-02 4.0000000000000001e-03  2.0729294887475336e-03
4.4999999999999998e-02 2.4000000000000007e-02 4.0000000000000001e-03  2.1204002054595735e-03
4.4999999999999998e-02 2.7000000000000010e-02 4.0000000000000001e-03  2.1602630637912405e-03
4.4999999999999998e-02 2.9999999999999999e-02 4.0000000000000001e-03  2.1925068731649048e-03
4.4999999999999998e-02 3.3000000000000002e-02 4.0000000000000001e-03  2.2171499466813139e-03
4.4999999999999998e-02 3.6000000000000004e-02 4.0000000000000001e-03  2.2342401011195127e-03
4.4999999999999998e-02 3.9000000000000007e-02 4.0000000000000001e-03  2.2485923364474955e-03
4.4999999999999998e-02 4.2000000000000010e-02 4.0000000000000001e-03  2.1863641211157733e-03
4.4999999999999998e-02 4.4999999999999998e-02 4.0000000000000001e-03  2.2612671741838709e-03
