Grid Output Min: [-45mm -45mm 4mm] Max: [45mm 45mm 4mm] Grid Size: [3mm 3mm 0mm]
X, Y, Z, Scalar data "Mag_B"
-4.4999999999999998e-02 -4.4999999999999998e-02 4.0000000000000001e-03  2.4131333089235144e-03
-4.4999999999999998e-02 -4.1999999999999996e-02 4.0000000000000001e-03  2.3484147753973024e-03
-4.4999999999999998e-02 -3.9000000000000000e-02 4.0000000000000001e-03  2.2798899735427566e-03
-4.4999999999999998e-02 -3.5999999999999997e-02 4.0000000000000001e-03  2.2187942678078085e-03
-4.4999999999999998e-02 -3.3000000000000002e-02 4.0000000000000001e-03  2.1614530848450058e-03
-4.4999999999999998e-02 -2.9999999999999999e-02 4.0000000000000001e-03  2.1079827645326221e-03
-4.4999999999999998e-02 -2.6999999999999996e-02 4.0000000000000001e-03  2.0818009921166514e-03
-4.4999999999999998e-02 -2.3999999999999997e-02 4.0000000000000001e-03  2.0689008305221205e-03
-4.4999999999999998e-02 -2.0999999999999998e-02 4.0000000000000001e-03  2.0595885285922986e-03
-4.4999999999999998e-02 -1.7999999999999999e-02 4.0000000000000001e-03  2.0528366632717107e-03
-4.4999999999999998e-02 -1.4999999999999999e-02 4.0000000000000001e-03  2.0723544523714842e-03
-4.4999999999999998e-02 -1.1999999999999997e-02 4.0000000000000001e-03  2.0858367497751142e-03
-4.4999999999999998e-02 -8.9999999999999941e-03 4.0000000000000001e-03  2.0933003579510683e-03
-4.4999999999999998e-02 -5.9999999999999984e-03 4.0000000000000001e-03  2.0948005298038557e-03
-4.4999999999999998e-02 -2.9999999999999957e-03 4.0000000000000001e-03  2.1090106699220082e-03
-4.4999999999999998e-02 0.0000000000000000e+00 4.0000000000000001e-03  2.1192135091502302e-03
-4.4999999999999998e-02 3.0000000000000027e-03 4.0000000000000001e-03  2.1401237870902687e-03
-4.4999999999999998e-02 6.0000000000000053e-03 4.0000000000000001e-03  2.1676365586624502e-03
-4.4999999999999998e-02 9.0000000000000011e-03 4.0000000000000001e-03  2.1796153499427941e-03
-4.4999999999999998e-02 1.2000000000000004e-02 4.0000000000000001e-03  2.1539082035756988e-03
-4.4999999999999998e-02 1.4999999999999999e-02 4.0000000000000001e-03  2.0877521191679724e-03
-4.4999999999999998e-02 1.8000000000000002e-02 4.0000000000000001e-03  2.0273527128433630e-03
-4.4999999999999998e-02 2.1000000000000005e-02 4.0000000000000001e-03  2.0130801458889186e-03
-4.4999999999999998e-02 2.4000000000000007e-02 4.0000000000000001e-03  2.0296528391987277e-03
-4.4999999999999998e-02 2.7000000000000010e-02 4.0000000000000001e-03  2.0532094790127703e-03
-4.4999999999999998e-02 2.9999999999999999e-02 4.0000000000000001e-03  2.0829393715234182e-03
-4.4999999999999998e-02 3.3000000000000002e-02 4.0000000000000001e-03  2.1188494118439746e-03
-4.4999999999999998e-02 3.6000000000000004e-02 4.0000000000000001e-03  2.1609474367933635e-03
-4.4999999999999998e-02 3.9000000000000007e-02 4.0000000000000001e-03  2.2092422248961739e-03
-4.4999999999999998e-02 4.2000000000000010e-02 4.0000000000000001e-03  2.2722380694225005e-03
-4.4999999999999998e-02 4.4999999999999998e-02 4.0000000000000001e-03  2.3724410417164860e-03
-4.1999999999999996e-02 -4.4999999999999998e-02 4.0000000000000001e-03  2.3545741230165708e-03
-4.1999999999999996e-02 -4.1999999999999996e-02 4.0000000000000001e-03  2.2184555978895476e-03
-4.1999999999999996e-02 -3.9000000000000000e-02 4.0000000000000001e-03  2.1566142360525411e-03
-4.1999999999999996e-02 -3.5999999999999997e-02 4.0000000000000001e-03  2.0883071416133575e-03
-4.1999999999999996e-02 -3.3000000000000002e-02 4.0000000000000001e-03  2.0363086403538777e-03
-4.1999999999999996e-02 -2.9999999999999999e-02 4.0000000000000001e-03  2.0034921910924500e-03
-4.1999999999999996e-02 -2.6999999999999996e-02 4.0000000000000001e-03  1.9779560542596540e-03
-4.1999999999999996e-02 -2.3999999999999997e-02 4.0000000000000001e-03  1.9637997855683252e-03
-4.1999999999999996e-02 -2.0999999999999998e-02 4.0000000000000001e-03  1.9498586119083318e-03
-4.1999999999999996e-02 -1.7999999999999999e-02 4.0000000000000001e-03  1.9345137047707770e-03
-4.1999999999999996e-02 -1.4999999999999999e-02 4.0000000000000001e-03  1.9431907208242256e-03
-4.1999999999999996e-02 -1.1999999999999997e-02 4.0000000000000001e-03  1.9509422296952797e-03
-4.1999999999999996e-02 -8.9999999999999941e-03 4.0000000000000001e-03  1.9525208895683668e-03
-4.1999999999999996e-02 -5.9999999999999984e-03 4.0000000000000001e-03  1.9479702875497670e-03
-4.1999999999999996e-02 -2.9999999999999957e-03 4.0000000000000001e-03  1.9656469059590818e-03
-4.1999999999999996e-02 0.0000000000000000e+00 4.0000000000000001e-03  1.9805559093990263e-03
-4.1999999999999996e-02 3.0000000000000027e-03 4.0000000000000001e-03  1.9903803320086241e-03
-4.1999999999999996e-02 6.0000000000000053e-03 4.0000000000000001e-03  2.0150566358700210e-03
-4.1999999999999996e-02 9.0000000000000011e-03 4.0000000000000001e-03  2.0305854540311327e-03
-4.1999999999999996e-02 1.2000000000000004e-02 4.0000000000000001e-03  2.0155230233139762e-03
-4.1999999999999996e-02 1.4999999999999999e-02 4.0000000000000001e-03  1.9740069020757014e-03
-4.1999999999999996e-02 1.8000000000000002e-02 4.0000000000000001e-03  1.9148899194478418e-03
-4.1999999999999996e-02 2.1000000000000005e-02 4.0000000000000001e-03  1.9102740205774449e-03
-4.1999999999999996e-02 2.4000000000000007e-02 4.0000000000000001e-03  1.9114560476738102e-03
-4.1999999999999996e-02 2.7000000000000010e-02 4.0000000000000001e-03  1.9314989392373002e-03
-4.1999999999999996e-02 2.9999999999999999e-02 4.0000000000000001e-03  1.9576916933000525e-03
-4.1999999999999996e-02 3.3000000000000002e-02 4.0000000000000001e-03  1.9900421995229190e-03
-4.1999999999999996e-02 3.6000000000000004e-02 4.0000000000000001e-03  2.0285592892724121e-03
-4.1999999999999996e-02 3.9000000000000007e-02 4.0000000000000001e-03  2.0762926058232761e-03
-4.1999999999999996e-02 4.2000000000000010e-02 4.0000000000000001e-03  2.1593193076158259e-03
-4.1999999999999996e-02 4.4999999999999998e-02 4.0000000000000001e-03  2.2799971205226589e-03
-3.9000000000000000e-02 -4.4999999999999998e-02 4.0000000000000001e-03  2.2641401381770913e-03
-3.9000000000000000e-02 -4.1999999999999996e-02 4.0000000000000001e-03  2.1546554176889300e-03
-3.9000000000000000e-02 -3.9000000000000000e-02 4.0000000000000001e-03  2.0650642604998640e-03
-3.9000000000000000e-02 -3.5999999999999997e-02 4.0000000000000001e-03  1.9935675395664700e-03
-3.9000000000000000e-02 -3.3000000000000002e-02 4.0000000000000001e-03  1.9511354605611043e-03
-3.9000000000000000e-02 -2.9999999999999999e-02 4.0000000000000001e-03  1.9150887844288616e-03
-3.9000000000000000e-02 -2.6999999999999996e-02 4.0000000000000001e-03  1.8909329136985759e-03
-3.9000000000000000e-02 -2.3999999999999997e-02 4.0000000000000001e-03  1.8757854101798593e-03
-3.9000000000000000e-02 -2.0999999999999998e-02 4.0000000000000001e-03  1.8576913732793821e-03
-3.9000000000000000e-02 -1.7999999999999999e-02 4.0000000000000001e-03  1.8389216457747166e-03
-3.9000000000000000e-02 -1.4999999999999999e-02 4.0000000000000001e-03  1.8340747842733242e-03
-3.9000000000000000e-02 -1.1999999999999997e-02 4.0000000000000001e-03  1.8363434422687072e-03
-3.9000000000000000e-02 -8.9999999999999941e-03 4.0000000000000001e-03  1.8323035034220412e-03
-3.9000000000000000e-02 -5.9999999999999984e-03 4.0000000000000001e-03  1.8245049451436014e-03
-3.9000000000000000e-02 -2.9999999999999957e-03 4.0000000000000001e-03  1.8431711448566165e-03
-3.9000000000000000e-02 0.0000000000000000e+00 4.0000000000000001e-03  1.8604102828899717e-03
-3.9000000000000000e-02 3.0000000000000027e-03 4.0000000000000001e-03  1.8700306863396129e-03
-3.9000000000000000e-02 6.0000000000000053e-03 4.0000000000000001e-03  1.8602355266322988e-03
-3.9000000000000000e-02 9.0000000000000011e-03 4.0000000000000001e-03  1.8697092501524684e-03
-3.9000000000000000e-02 1.2000000000000004e-02 4.0000000000000001e-03  1.8813882335185124e-03
-3.9000000000000000e-02 1.4999999999999999e-02 4.0000000000000001e-03  1.8657977207000879e-03
-3.9000000000000000e-02 1.8000000000000002e-02 4.0000000000000001e-03  1.8236553176908376e-03
-3.9000000000000000e-02 2.1000000000000005e-02 4.0000000000000001e-03  1.8195324960842414e-03
-3.9000000000000000e-02 2.4000000000000007e-02 4.0000000000000001e-03  1.8269716731214056e-03
-3.9000000000000000e-02 2.7000000000000010e-02 4.0000000000000001e-03  1.8401066993883680e-03
-3.9000000000000000e-02 2.9999999999999999e-02 4.0000000000000001e-03  1.8628759276926308e-03
-3.9000000000000000e-02 3.3000000000000002e-02 4.0000000000000001e-03  1.8917789487026201e-03
-3.9000000000000000e-02 3.6000000000000004e-02 4.0000000000000001e-03  1.9268255883324189e-03
-3.9000000000000000e-02 3.9000000000000007e-02 4.0000000000000001e-03  1.9909165217129659e-03
-3.9000000000000000e-02 4.2000000000000010e-02 4.0000000000000001e-03  2.0916963954677186e-03
-3.9000000000000000e-02 4.4999999999999998e-02 4.0000000000000001e-03  2.2284758819113922e-03
-3.5999999999999997e-02 -4.4999999999999998e-02 4.0000000000000001e-03  2.1843797370734320e-03
-3.5999999999999997e-02 -4.1999999999999996e-02 4.0000000000000001e-03  2.0679846364336086e-03
-3.5999999999999997e-02 -3.9000000000000000e-02 4.0000000000000001e-03  2.0083742785782844e-03
-3.5999999999999997e-02 -3.5999999999999997e-02 4.0000000000000001e-03  1.9217416079026718e-03
-3.5999999999999997e-02 -3.3000000000000002e-02 4.0000000000000001e-03  1.8767330845490997e-03
-3.5999999999999997e-02 -2.9999999999999999e-02 4.0000000000000001e-03  1.8392805358397541e-03
-3.5999999999999997e-02 -2.6999999999999996e-02 4.0000000000000001e-03  1.8213191249406844e-03
-3.5999999999999997e-02 -2.3999999999999997e-02 4.0000000000000001e-03  1.8028270501059714e-03
-3.5999999999999997e-02 -2.0999999999999998e-02 4.0000000000000001e-03  1.7818996199256592e-03
-3.5999999999999997e-02 -1.7999999999999999e-02 4.0000000000000001e-03  1.7604187380363880e-03
-3.5999999999999997e-02 -1.4999999999999999e-02 4.0000000000000001e-03  1.7441217279895152e-03
-3.5999999999999997e-02 -1.1999999999999997e-02 4.0000000000000001e-03  1.7411409594057590e-03
-3.5999999999999997e-02 -8.9999999999999941e-03 4.0000000000000001e-03  1.7317342580620949e-03
-3.5999999999999997e-02 -5.9999999999999984e-03 4.0000000000000001e-03  1.7267338338966458e-03
-3.5999999999999997e-02 -2.9999999999999957e-03 4.0000000000000001e-03  1.7404767221387112e-03
-3.5999999999999997e-02 0.0000000000000000e+00 4.0000000000000001e-03  1.7579859137607681e-03
-3.5999999999999997e-02 3.0000000000000027e-03 4.0000000000000001e-03  1.7656804940129214e-03
-3.5999999999999997e-02 6.0000000000000053e-03 4.0000000000000001e-03  1.7555853934350758e-03
-3.5999999999999997e-02 9.0000000000000011e-03 4.0000000000000001e-03  1.7436520370962883e-03
-3.5999999999999997e-02 1.2000000000000004e-02 4.0000000000000001e-03  1.7502904224265007e-03
-3.5999999999999997e-02 1.4999999999999999e-02 4.0000000000000001e-03  1.7616513978350454e-03
-3.5999999999999997e-02 1.8000000000000002e-02 4.0000000000000001e-03  1.7455824358240855e-03
-3.5999999999999997e-02 2.1000000000000005e-02 4.0000000000000001e-03  1.7402215924071903e-03
-3.5999999999999997e-02 2.4000000000000007e-02 4.0000000000000001e-03  1.7569385856398790e-03
-3.5999999999999997e-02 2.7000000000000010e-02 4.0000000000000001e-03  1.7763111692525385e-03
-3.5999999999999997e-02 2.9999999999999999e-02 4.0000000000000001e-03  1.7972031364511649e-03
-3.5999999999999997e-02 3.3000000000000002e-02 4.0000000000000001e-03  1.8227822963665444e-03
-3.5999999999999997e-02 3.6000000000000004e-02 4.0000000000000001e-03  1.8662763734939732e-03
-3.5999999999999997e-02 3.9000000000000007e-02 4.0000000000000001e-03  1.9475778806089601e-03
-3.5999999999999997e-02 4.2000000000000010e-02 4.0000000000000001e-03  2.0435498254797783e-03
-3.5999999999999997e-02 4.4999999999999998e-02 4.0000000000000001e-03  2.1604223391150736e-03
-3.3000000000000002e-02 -4.4999999999999998e-02 4.0000000000000001e-03  2.1492395644071849e-03
-3.3000000000000002e-02 -4.1999999999999996e-02 4.0000000000000001e-03  2.0220470835121949e-03
-3.3000000000000002e-02 -3.9000000000000000e-02 4.0000000000000001e-03  1.9380077245763022e-03
-3.3000000000000002e-02 -3.5999999999999997e-02 4.0000000000000001e-03  1.8708826941282672e-03
-3.3000000000000002e-02 -3.3000000000000002e-02 4.0000000000000001e-03  1.8129481739875949e-03
-3.3000000000000002e-02 -2.9999999999999999e-02 4.0000000000000001e-03  1.7863535113186381e-03
-3.3000000000000002e-02 -2.6999999999999996e-02 4.0000000000000001e-03  1.7655607266607524e-03
-3.3000000000000002e-02 -2.3999999999999997e-02 4.0000000000000001e-03  1.7441360416625841e-03
-3.3000000000000002e-02 -2.0999999999999998e-02 4.0000000000000001e-03  1.7214125486756230e-03
-3.3000000000000002e-02 -1.7999999999999999e-02 4.0000000000000001e-03  1.6978362575696153e-03
-3.3000000000000002e-02 -1.4999999999999999e-02 4.0000000000000001e-03  1.6735700071278130e-03
-3.3000000000000002e-02 -1.1999999999999997e-02 4.0000000000000001e-03  1.6644784607713124e-03
-3.3000000000000002e-02 -8.9999999999999941e-03 4.0000000000000001e-03  1.6499423197930305e-03
-3.3000000000000002e-02 -5.9999999999999984e-03 4.0000000000000001e-03  1.6475817539706248e-03
-3.3000000000000002e-02 -2.9999999999999957e-03 4.0000000000000001e-03  1.6565205217729823e-03
-3.3000000000000002e-02 0.0000000000000000e+00 4.0000000000000001e-03  1.6725388519104516e-03
-3.3000000000000002e-02 3.0000000000000027e-03 4.0000000000000001e-03  1.6768110264656262e-03
-3.3000000000000002e-02 6.0000000000000053e-03 4.0000000000000001e-03  1.6699388409963541e-03
-3.3000000000000002e-02 9.0000000000000011e-03 4.0000000000000001e-03  1.6627593693420389e-03
-3.3000000000000002e-02 1.2000000000000004e-02 4.0000000000000001e-03  1.6552821307941614e-03
-3.3000000000000002e-02 1.4999999999999999e-02 4.0000000000000001e-03  1.6602210687868318e-03
-3.3000000000000002e-02 1.8000000000000002e-02 4.0000000000000001e-03  1.6713239610781636e-03
-3.3000000000000002e-02 2.1000000000000005e-02 4.0000000000000001e-03  1.6716952385517820e-03
-3.3000000000000002e-02 2.4000000000000007e-02 4.0000000000000001e-03  1.6974788983197750e-03
-3.3000000000000002e-02 2.7000000000000010e-02 4.0000000000000001e-03  1.7258862631719628e-03
-3.3000000000000002e-02 2.9999999999999999e-02 4.0000000000000001e-03  1.7570619866810672e-03
-3.3000000000000002e-02 3.3000000000000002e-02 4.0000000000000001e-03  1.7842485008684513e-03
-3.3000000000000002e-02 3.6000000000000004e-02 4.0000000000000001e-03  1.8327203947693432e-03
-3.3000000000000002e-02 3.9000000000000007e-02 4.0000000000000001e-03  1.8956368929767555e-03
-3.3000000000000002e-02 4.2000000000000010e-02 4.0000000000000001e-03  1.9808718209185063e-03
-3.3000000000000002e-02 4.4999999999999998e-02 4.0000000000000001e-03  2.0884492543079085e-03
-2.9999999999999999e-02 -4.4999999999999998e-02 4.0000000000000001e-03  2.1305246203804718e-03
-2.9999999999999999e-02 -4.1999999999999996e-02 4.0000000000000001e-03  1.9854364504778965e-03
-2.9999999999999999e-02 -3.9000000000000000e-02 4.0000000000000001e-03  1.8927340033526566e-03
-2.9999999999999999e-02 -3.5999999999999997e-02 4.0000000000000001e-03  1.8327510490791137e-03
-2.9999999999999999e-02 -3.3000000000000002e-02 4.0000000000000001e-03  1.7676993459927427e-03
-2.9999999999999999e-02 -2.9999999999999999e-02 4.0000000000000001e-03  1.7460417952751724e-03
-2.9999999999999999e-02 -2.6999999999999996e-02 4.0000000000000001e-03  1.7224910283646178e-03
-2.9999999999999999e-02 -2.3999999999999997e-02 4.0000000000000001e-03  1.6993527085611213e-03
-2.9999999999999999e-02 -2.0999999999999998e-02 4.0000000000000001e-03  1.6752757459659335e-03
-2.9999999999999999e-02 -1.7999999999999999e-02 4.0000000000000001e-03  1.6501218699964417e-03
-2.9999999999999999e-02 -1.4999999999999999e-02 4.0000000000000001e-03  1.6240003353028632e-03
-2.9999999999999999e-02 -1.1999999999999997e-02 4.0000000000000001e-03  1.6055427337847371e-03
-2.9999999999999999e-02 -8.9999999999999941e-03 4.0000000000000001e-03  1.5860999626738518e-03
-2.9999999999999999e-02 -5.9999999999999984e-03 4.0000000000000001e-03  1.5860748898024952e-03
-2.9999999999999999e-02 -2.9999999999999957e-03 4.0000000000000001e-03  1.5903229761705471e-03
-2.9999999999999999e-02 0.0000000000000000e+00 4.0000000000000001e-03  1.6033719129993880e-03
-2.9999999999999999e-02 3.0000000000000027e-03 4.0000000000000001e-03  1.6053612588761213e-03
-2.9999999999999999e-02 6.0000000000000053e-03 4.0000000000000001e-03  1.6032178806126957e-03
-2.9999999999999999e-02 9.0000000000000011e-03 4.0000000000000001e-03  1.6007700976283428e-03
-2.9999999999999999e-02 1.2000000000000004e-02 4.0000000000000001e-03  1.5980276677852795e-03
-2.9999999999999999e-02 1.4999999999999999e-02 4.0000000000000001e-03  1.5950062596370735e-03
-2.9999999999999999e-02 1.8000000000000002e-02 4.0000000000000001e-03  1.5993995758283848e-03
-2.9999999999999999e-02 2.1000000000000005e-02 4.0000000000000001e-03  1.6132952725311357e-03
-2.9999999999999999e-02 2.4000000000000007e-02 4.0000000000000001e-03  1.6479165016596348e-03
-2.9999999999999999e-02 2.7000000000000010e-02 4.0000000000000001e-03  1.6851213871201074e-03
-2.9999999999999999e-02 2.9999999999999999e-02 4.0000000000000001e-03  1.7189138096561653e-03
-2.9999999999999999e-02 3.3000000000000002e-02 4.0000000000000001e-03  1.7437815405554706e-03
-2.9999999999999999e-02 3.6000000000000004e-02 4.0000000000000001e-03  1.7843446250327070e-03
-2.9999999999999999e-02 3.9000000000000007e-02 4.0000000000000001e-03  1.8398901468085808e-03
-2.9999999999999999e-02 4.2000000000000010e-02 4.0000000000000001e-03  1.9100704401076862e-03
-2.9999999999999999e-02 4.4999999999999998e-02 4.0000000000000001e-03  2.0433847038272683e-03
-2.6999999999999996e-02 -4.4999999999999998e-02 4.0000000000000001e-03  2.1281544668041827e-03
-2.6999999999999996e-02 -4.1999999999999996e-02 4.0000000000000001e-03  1.9584105406026463e-03
-2.6999999999999996e-02 -3.9000000000000000e-02 4.0000000000000001e-03  1.8618980798537890e-03
-2.6999999999999996e-02 -3.5999999999999997e-02 4.0000000000000001e-03  1.7920989092477415e-03
-2.6999999999999996e-02 -3.3000000000000002e-02 4.0000000000000001e-03  1.7386173009728216e-03
-2.6999999999999996e-02 -2.9999999999999999e-02 4.0000000000000001e-03  1.7036233028811633e-03
-2.6999999999999996e-02 -2.6999999999999996e-02 4.0000000000000001e-03  1.6837748220132147e-03
-2.6999999999999996e-02 -2.3999999999999997e-02 4.0000000000000001e-03  1.6646748553370233e-03
-2.6999999999999996e-02 -2.0999999999999998e-02 4.0000000000000001e-03  1.6426511878414919e-03
-2.6999999999999996e-02 -1.7999999999999999e-02 4.0000000000000001e-03  1.6163396305471311e-03
-2.6999999999999996e-02 -1.4999999999999999e-02 4.0000000000000001e-03  1.5888579462952285e-03
-2.6999999999999996e-02 -1.1999999999999997e-02 4.0000000000000001e-03  1.5635636736198990e-03
-2.6999999999999996e-02 -8.9999999999999941e-03 4.0000000000000001e-03  1.5437764913689490e-03
-2.6999999999999996e-02 -5.9999999999999984e-03 4.0000000000000001e-03  1.5413029742727261e-03
-2.6999999999999996e-02 -2.9999999999999957e-03 4.0000000000000001e-03  1.5409680661860434e-03
-2.6999999999999996e-02 0.0000000000000000e+00 4.0000000000000001e-03  1.5498346784492570e-03
-2.6999999999999996e-02 3.0000000000000027e-03 4.0000000000000001e-03  1.5527838221941911e-03
-2.6999999999999996e-02 6.0000000000000053e-03 4.0000000000000001e-03  1.5553508489871215e-03
-2.6999999999999996e-02 9.0000000000000011e-03 4.0000000000000001e-03  1.5576154119279560e-03
-2.6999999999999996e-02 1.2000000000000004e-02 4.0000000000000001e-03  1.5595875074496455e-03
-2.6999999999999996e-02 1.4999999999999999e-02 4.0000000000000001e-03  1.5612830426764825e-03
-2.6999999999999996e-02 1.8000000000000002e-02 4.0000000000000001e-03  1.5627238354241051e-03
-2.6999999999999996e-02 2.1000000000000005e-02 4.0000000000000001e-03  1.5677241891751167e-03
-2.6999999999999996e-02 2.4000000000000007e-02 4.0000000000000001e-03  1.6062090370127151e-03
-2.6999999999999996e-02 2.7000000000000010e-02 4.0000000000000001e-03  1.6332448119181729e-03
-2.6999999999999996e-02 2.9999999999999999e-02 4.0000000000000001e-03  1.6648711145603086e-03
-2.6999999999999996e-02 3.3000000000000002e-02 4.0000000000000001e-03  1.7015066966356959e-03
-2.6999999999999996e-02 3.6000000000000004e-02 4.0000000000000001e-03  1.7435734472628095e-03
-2.6999999999999996e-02 3.9000000000000007e-02 4.0000000000000001e-03  1.7914963929819988e-03
-2.6999999999999996e-02 4.2000000000000010e-02 4.0000000000000001e-03  1.8905995441490704e-03
-2.6999999999999996e-02 4.4999999999999998e-02 4.0000000000000001e-03  2.0046251891449401e-03
-2.3999999999999997e-02 -4.4999999999999998e-02 4.0000000000000001e-03  2.1345241453074974e-03
-2.3999999999999997e-02 -4.1999999999999996e-02 4.0000000000000001e-03  1.9346509944639617e-03
-2.3999999999999997e-02 -3.9000000000000000e-02 4.0000000000000001e-03  1.8328637803982342e-03
-2.3999999999999997e-02 -3.5999999999999997e-02 4.0000000000000001e-03  1.7559810856755242e-03
-2.3999999999999997e-02 -3.3000000000000002e-02 4.0000000000000001e-03  1.7074640723377028e-03
-2.3999999999999997e-02 -2.9999999999999999e-02 4.0000000000000001e-03  1.6777194982381196e-03
-2.3999999999999997e-02 -2.6999999999999996e-02 4.0000000000000001e-03  1.6487998235658577e-03
-2.3999999999999997e-02 -2.3999999999999997e-02 4.0000000000000001e-03  1.6240010627109152e-03
-2.3999999999999997e-02 -2.0999999999999998e-02 4.0000000000000001e-03  1.6073170279382960e-03
-2.3999999999999997e-02 -1.7999999999999999e-02 4.0000000000000001e-03  1.5913822822135190e-03
-2.3999999999999997e-02 -1.4999999999999999e-02 4.0000000000000001e-03  1.5672253641287701e-03
-2.3999999999999997e-02 -1.1999999999999997e-02 4.0000000000000001e-03  1.5378142832051726e-03
-2.3999999999999997e-02 -8.9999999999999941e-03 4.0000000000000001e-03  1.5193668122273343e-03
-2.3999999999999997e-02 -5.9999999999999984e-03 4.0000000000000001e-03  1.5124192887052967e-03
-2.3999999999999997e-02 -2.9999999999999957e-03 4.0000000000000001e-03  1.5076033211176281e-03
-2.3999999999999997e-02 0.0000000000000000e+00 4.0000000000000001e-03  1.5114428543991415e-03
-2.3999999999999997e-02 3.0000000000000027e-03 4.0000000000000001e-03  1.5190105252595770e-03
-2.3999999999999997e-02 6.0000000000000053e-03 4.0000000000000001e-03  1.5262724082291076e-03
-2.3999999999999997e-02 9.0000000000000011e-03 4.0000000000000001e-03  1.5332328276200830e-03
-2.3999999999999997e-02 1.2000000000000004e-02 4.0000000000000001e-03  1.5399020184361902e-03
-2.3999999999999997e-02 1.4999999999999999e-02 4.0000000000000001e-03  1.5462961263724537e-03
-2.3999999999999997e-02 1.8000000000000002e-02 4.0000000000000001e-03  1.5482341344866470e-03
-2.3999999999999997e-02 2.1000000000000005e-02 4.0000000000000001e-03  1.5486180690307246e-03
-2.3999999999999997e-02 2.4000000000000007e-02 4.0000000000000001e-03  1.5596050968728033e-03
-2.3999999999999997e-02 2.7000000000000010e-02 4.0000000000000001e-03  1.5845142161986384e-03
-2.3999999999999997e-02 2.9999999999999999e-02 4.0000000000000001e-03  1.6240686354903546e-03
-2.3999999999999997e-02 3.3000000000000002e-02 4.0000000000000001e-03  1.6728382942836745e-03
-2.3999999999999997e-02 3.6000000000000004e-02 4.0000000000000001e-03  1.7274152768043504e-03
-2.3999999999999997e-02 3.9000000000000007e-02 4.0000000000000001e-03  1.7882248103434544e-03
-2.3999999999999997e-02 4.2000000000000010e-02 4.0000000000000001e-03  1.8556952596139589e-03
-2.3999999999999997e-02 4.4999999999999998e-02 4.0000000000000001e-03  1.9418493887369617e-03
-2.0999999999999998e-02 -4.4999999999999998e-02 4.0000000000000001e-03  2.1242878948646246e-03
-2.0999999999999998e-02 -4.1999999999999996e-02 4.0000000000000001e-03  1.9127107383287033e-03
-2.0999999999999998e-02 -3.9000000000000000e-02 4.0000000000000001e-03  1.8055888992303266e-03
-2.0999999999999998e-02 -3.5999999999999997e-02 4.0000000000000001e-03  1.7284695047645724e-03
-2.0999999999999998e-02 -3.3000000000000002e-02 4.0000000000000001e-03  1.6860742111645720e-03
-2.0999999999999998e-02 -2.9999999999999999e-02 4.0000000000000001e-03  1.6550281246084570e-03
-2.0999999999999998e-02 -2.6999999999999996e-02 4.0000000000000001e-03  1.6258732517237826e-03
-2.0999999999999998e-02 -2.3999999999999997e-02 4.0000000000000001e-03  1.5981918329297077e-03
-2.0999999999999998e-02 -2.0999999999999998e-02 4.0000000000000001e-03  1.5711918796875535e-03
-2.0999999999999998e-02 -1.7999999999999999e-02 4.0000000000000001e-03  1.5504855592301480e-03
-2.0999999999999998e-02 -1.4999999999999999e-02 4.0000000000000001e-03  1.5369839101615375e-03
-2.0999999999999998e-02 -1.1999999999999997e-02 4.0000000000000001e-03  1.5242324508742920e-03
-2.0999999999999998e-02 -8.9999999999999941e-03 4.0000000000000001e-03  1.5099636738404969e-03
-2.0999999999999998e-02 -5.9999999999999984e-03 4.0000000000000001e-03  1.4986406628677055e-03
-2.0999999999999998e-02 -2.9999999999999957e-03 4.0000000000000001e-03  1.4894398187069616e-03
-2.0999999999999998e-02 0.0000000000000000e+00 4.0000000000000001e-03  1.4917294919990080e-03
-2.0999999999999998e-02 3.0000000000000027e-03 4.0000000000000001e-03  1.5039795023184873e-03
-2.0999999999999998e-02 6.0000000000000053e-03 4.0000000000000001e-03  1.5140603135254808e-03
-2.0999999999999998e-02 9.0000000000000011e-03 4.0000000000000001e-03  1.5194129246898548e-03
-2.0999999999999998e-02 1.2000000000000004e-02 4.0000000000000001e-03  1.5237322027016344e-03
-2.0999999999999998e-02 1.4999999999999999e-02 4.0000000000000001e-03  1.5270263676396868e-03
-2.0999999999999998e-02 1.8000000000000002e-02 4.0000000000000001e-03  1.5293058990343356e-03
-2.0999999999999998e-02 2.1000000000000005e-02 4.0000000000000001e-03  1.5305835358673677e-03
-2.0999999999999998e-02 2.4000000000000007e-02 4.0000000000000001e-03  1.5437289067602980e-03
-2.0999999999999998e-02 2.7000000000000010e-02 4.0000000000000001e-03  1.5627892463956226e-03
-2.0999999999999998e-02 2.9999999999999999e-02 4.0000000000000001e-03  1.5930677490960585e-03
-2.0999999999999998e-02 3.3000000000000002e-02 4.0000000000000001e-03  1.6385319144938647e-03
-2.0999999999999998e-02 3.6000000000000004e-02 4.0000000000000001e-03  1.7004373727167196e-03
-2.0999999999999998e-02 3.9000000000000007e-02 4.0000000000000001e-03  1.7801140221889577e-03
-2.0999999999999998e-02 4.2000000000000010e-02 4.0000000000000001e-03  1.8789660296315990e-03
-2.0999999999999998e-02 4.4999999999999998e-02 4.0000000000000001e-03  1.9696638747116911e-03
-1.7999999999999999e-02 -4.4999999999999998e-02 4.0000000000000001e-03  2.0973351138701001e-03
-1.7999999999999999e-02 -4.1999999999999996e-02 4.0000000000000001e-03  1.8925761133464620e-03
-1.7999999999999999e-02 -3.9000000000000000e-02 4.0000000000000001e-03  1.7836120132114341e-03
-1.7999999999999999e-02 -3.5999999999999997e-02 4.0000000000000001e-03  1.7075287357279738e-03
-1.7999999999999999e-02 -3.3000000000000002e-02 4.0000000000000001e-03  1.6648163742706199e-03
-1.7999999999999999e-02 -2.9999999999999999e-02 4.0000000000000001e-03  1.6348515189210020e-03
-1.7999999999999999e-02 -2.6999999999999996e-02 4.0000000000000001e-03  1.6055550587115023e-03
-1.7999999999999999e-02 -2.3999999999999997e-02 4.0000000000000001e-03  1.5769399199060017e-03
-1.7999999999999999e-02 -2.0999999999999998e-02 4.0000000000000001e-03  1.5502262025510281e-03
-1.7999999999999999e-02 -1.7999999999999999e-02 4.0000000000000001e-03  1.5244932723185716e-03
-1.7999999999999999e-02 -1.4999999999999999e-02 4.0000000000000001e-03  1.4994816826731489e-03
-1.7999999999999999e-02 -1.1999999999999997e-02 4.0000000000000001e-03  1.4960642017162872e-03
-1.7999999999999999e-02 -8.9999999999999941e-03 4.0000000000000001e-03  1.4892581802594487e-03
-1.7999999999999999e-02 -5.9999999999999984e-03 4.0000000000000001e-03  1.4811987567099269e-03
-1.7999999999999999e-02 -2.9999999999999957e-03 4.0000000000000001e-03  1.4752509713681070e-03
-1.7999999999999999e-02 0.0000000000000000e+00 4.0000000000000001e-03  1.4773600594724962e-03
-1.7999999999999999e-02 3.0000000000000027e-03 4.0000000000000001e-03  1.4857147556003030e-03
-1.7999999999999999e-02 6.0000000000000053e-03 4.0000000000000001e-03  1.4930271643648759e-03
-1.7999999999999999e-02 9.0000000000000011e-03 4.0000000000000001e-03  1.4992992761136243e-03
-1.7999999999999999e-02 1.2000000000000004e-02 4.0000000000000001e-03  1.5045353406454099e-03
-1.7999999999999999e-02 1.4999999999999999e-02 4.0000000000000001e-03  1.5087418672105675e-03
-1.7999999999999999e-02 1.8000000000000002e-02 4.0000000000000001e-03  1.5119276245108837e-03
-1.7999999999999999e-02 2.1000000000000005e-02 4.0000000000000001e-03  1.5152582371462714e-03
-1.7999999999999999e-02 2.4000000000000007e-02 4.0000000000000001e-03  1.5295086321721507e-03
-1.7999999999999999e-02 2.7000000000000010e-02 4.0000000000000001e-03  1.5492936611840146e-03
-1.7999999999999999e-02 2.9999999999999999e-02 4.0000000000000001e-03  1.5745283082243141e-03
-1.7999999999999999e-02 3.3000000000000002e-02 4.0000000000000001e-03  1.6102931828974410e-03
-1.7999999999999999e-02 3.6000000000000004e-02 4.0000000000000001e-03  1.6616696276577875e-03
-1.7999999999999999e-02 3.9000000000000007e-02 4.0000000000000001e-03  1.7298955031229966e-03
-1.7999999999999999e-02 4.2000000000000010e-02 4.0000000000000001e-03  1.8162829382073822e-03
-1.7999999999999999e-02 4.4999999999999998e-02 4.0000000000000001e-03  1.9222183301219344e-03
-1.4999999999999999e-02 -4.4999999999999998e-02 4.0000000000000001e-03  2.0704074718292877e-03
-1.4999999999999999e-02 -4.1999999999999996e-02 4.0000000000000001e-03  1.8729221405348827e-03
-1.4999999999999999e-02 -3.9000000000000000e-02 4.0000000000000001e-03  1.7628376806492509e-03
-1.4999999999999999e-02 -3.5999999999999997e-02 4.0000000000000001e-03  1.6856612634799683e-03
-1.4999999999999999e-02 -3.3000000000000002e-02 4.0000000000000001e-03  1.6426504918093333e-03
-1.4999999999999999e-02 -2.9999999999999999e-02 4.0000000000000001e-03  1.6137764147932843e-03
-1.4999999999999999e-02 -2.6999999999999996e-02 4.0000000000000001e-03  1.5855670952040126e-03
-1.4999999999999999e-02 -2.3999999999999997e-02 4.0000000000000001e-03  1.5580350066680042e-03
-1.4999999999999999e-02 -2.0999999999999998e-02 4.0000000000000001e-03  1.5330393630074361e-03
-1.4999999999999999e-02 -1.7999999999999999e-02 4.0000000000000001e-03  1.5071611365377394e-03
-1.4999999999999999e-02 -1.4999999999999999e-02 4.0000000000000001e-03  1.4834639336960245e-03
-1.4999999999999999e-02 -1.1999999999999997e-02 4.0000000000000001e-03  1.4700733687147650e-03
-1.4999999999999999e-02 -8.9999999999999941e-03 4.0000000000000001e-03  1.4633709039333818e-03
-1.4999999999999999e-02 -5.9999999999999984e-03 4.0000000000000001e-03  1.4616945120105107e-03
-1.4999999999999999e-02 -2.9999999999999957e-03 4.0000000000000001e-03  1.4618068536528511e-03
-1.4999999999999999e-02 0.0000000000000000e+00 4.0000000000000001e-03  1.4625262334499614e-03
-1.4999999999999999e-02 3.0000000000000027e-03 4.0000000000000001e-03  1.4653058976390346e-03
-1.4999999999999999e-02 6.0000000000000053e-03 4.0000000000000001e-03  1.4735367610042326e-03
-1.4999999999999999e-02 9.0000000000000011e-03 4.0000000000000001e-03  1.4807275404153807e-03
-1.4999999999999999e-02 1.2000000000000004e-02 4.0000000000000001e-03  1.4868807748428083e-03
-1.4999999999999999e-02 1.4999999999999999e-02 4.0000000000000001e-03  1.4920012627083067e-03
-1.4999999999999999e-02 1.8000000000000002e-02 4.0000000000000001e-03  1.4960960618851287e-03
-1.4999999999999999e-02 2.1000000000000005e-02 4.0000000000000001e-03  1.5015861767330206e-03
-1.4999999999999999e-02 2.4000000000000007e-02 4.0000000000000001e-03  1.5166699792576212e-03
-1.4999999999999999e-02 2.7000000000000010e-02 4.0000000000000001e-03  1.5372849711597675e-03
-1.4999999999999999e-02 2.9999999999999999e-02 4.0000000000000001e-03  1.5634467334673234e-03
-1.4999999999999999e-02 3.3000000000000002e-02 4.0000000000000001e-03  1.5948148144450693e-03
-1.4999999999999999e-02 3.6000000000000004e-02 4.0000000000000001e-03  1.6361793580430761e-03
-1.4999999999999999e-02 3.9000000000000007e-02 4.0000000000000001e-03  1.6935625168418768e-03
-1.4999999999999999e-02 4.2000000000000010e-02 4.0000000000000001e-03  1.7681843819490868e-03
-1.4999999999999999e-02 4.4999999999999998e-02 4.0000000000000001e-03  1.8613393127689954e-03
-1.1999999999999997e-02 -4.4999999999999998e-02 4.0000000000000001e-03  2.0718885432214440e-03
-1.1999999999999997e-02 -4.1999999999999996e-02 4.0000000000000001e-03  1.8822451269335048e-03
-1.1999999999999997e-02 -3.9000000000000000e-02 4.0000000000000001e-03  1.7411281058614216e-03
-1.1999999999999997e-02 -3.5999999999999997e-02 4.0000000000000001e-03  1.6628694858549778e-03
-1.1999999999999997e-02 -3.3000000000000002e-02 4.0000000000000001e-03  1.6195805207791603e-03
-1.1999999999999997e-02 -2.9999999999999999e-02 4.0000000000000001e-03  1.5918055588716273e-03
-1.1999999999999997e-02 -2.6999999999999996e-02 4.0000000000000001e-03  1.5652813052200545e-03
-1.1999999999999997e-02 -2.3999999999999997e-02 4.0000000000000001e-03  1.5417769111420671e-03
-1.1999999999999997e-02 -2.0999999999999998e-02 4.0000000000000001e-03  1.5173579579810259e-03
-1.1999999999999997e-02 -1.7999999999999999e-02 4.0000000000000001e-03  1.4919756143751480e-03
-1.1999999999999997e-02 -1.4999999999999999e-02 4.0000000000000001e-03  1.4756100011827965e-03
-1.1999999999999997e-02 -1.1999999999999997e-02 4.0000000000000001e-03  1.4574282937387514e-03
-1.1999999999999997e-02 -8.9999999999999941e-03 4.0000000000000001e-03  1.4500928443331963e-03
-1.1999999999999997e-02 -5.9999999999999984e-03 4.0000000000000001e-03  1.4496833005431494e-03
-1.1999999999999997e-02 -2.9999999999999957e-03 4.0000000000000001e-03  1.4499004819412489e-03
-1.1999999999999997e-02 0.0000000000000000e+00 4.0000000000000001e-03  1.4507309900940785e-03
-1.1999999999999997e-02 3.0000000000000027e-03 4.0000000000000001e-03  1.4521635413753567e-03
-1.1999999999999997e-02 6.0000000000000053e-03 4.0000000000000001e-03  1.4555890284364450e-03
-1.1999999999999997e-02 9.0000000000000011e-03 4.0000000000000001e-03  1.4636969977897317e-03
-1.1999999999999997e-02 1.2000000000000004e-02 4.0000000000000001e-03  1.4707671406901412e-03
-1.1999999999999997e-02 1.4999999999999999e-02 4.0000000000000001e-03  1.4768025447309233e-03
-1.1999999999999997e-02 1.8000000000000002e-02 4.0000000000000001e-03  1.4818085569567960e-03
-1.1999999999999997e-02 2.1000000000000005e-02 4.0000000000000001e-03  1.4892930663266760e-03
-1.1999999999999997e-02 2.4000000000000007e-02 4.0000000000000001e-03  1.5052053196454760e-03
-1.1999999999999997e-02 2.7000000000000010e-02 4.0000000000000001e-03  1.5266451330382485e-03
-1.1999999999999997e-02 2.9999999999999999e-02 4.0000000000000001e-03  1.5536287769538039e-03
-1.1999999999999997e-02 3.3000000000000002e-02 4.0000000000000001e-03  1.5861731558247829e-03
-1.1999999999999997e-02 3.6000000000000004e-02 4.0000000000000001e-03  1.6236432421959971e-03
-1.1999999999999997e-02 3.9000000000000007e-02 4.0000000000000001e-03  1.6707170600251419e-03
-1.1999999999999997e-02 4.2000000000000010e-02 4.0000000000000001e-03  1.7341976758923835e-03
-1.1999999999999997e-02 4.4999999999999998e-02 4.0000000000000001e-03  1.8211232124559439e-03
-8.9999999999999941e-03 -4.4999999999999998e-02 4.0000000000000001e-03  2.0592796888574062e-03
-8.9999999999999941e-03 -4.1999999999999996e-02 4.0000000000000001e-03  1.8876303811833734e-03
-8.9999999999999941e-03 -3.9000000000000000e-02 4.0000000000000001e-03  1.7436494323744161e-03
-8.9999999999999941e-03 -3.5999999999999997e-02 4.0000000000000001e-03  1.6391591104798129e-03
-8.9999999999999941e-03 -3.3000000000000002e-02 4.0000000000000001e-03  1.5956136648611595e-03
-8.9999999999999941e-03 -2.9999999999999999e-02 4.0000000000000001e-03  1.5705764902446144e-03
-8.9999999999999941e-03 -2.6999999999999996e-02 4.0000000000000001e-03  1.5485369168114279e-03
-8.9999999999999941e-03 -2.3999999999999997e-02 4.0000000000000001e-03  1.5256030132945171e-03
-8.9999999999999941e-03 -2.0999999999999998e-02 4.0000000000000001e-03  1.5030579071083705e-03
-8.9999999999999941e-03 -1.7999999999999999e-02 4.0000000000000001e-03  1.4865975195621625e-03
-8.9999999999999941e-03 -1.4999999999999999e-02 4.0000000000000001e-03  1.4686746867512757e-03
-8.9999999999999941e-03 -1.1999999999999997e-02 4.0000000000000001e-03  1.4488311847904751e-03
-8.9999999999999941e-03 -8.9999999999999941e-03 4.0000000000000001e-03  1.4407390041484783e-03
-8.9999999999999941e-03 -5.9999999999999984e-03 4.0000000000000001e-03  1.4392048077766083e-03
-8.9999999999999941e-03 -2.9999999999999957e-03 4.0000000000000001e-03  1.4395255624511491e-03
-8.9999999999999941e-03 0.0000000000000000e+00 4.0000000000000001e-03  1.4404661487459527e-03
-8.9999999999999941e-03 3.0000000000000027e-03 4.0000000000000001e-03  1.4420144881323149e-03
-8.9999999999999941e-03 6.0000000000000053e-03 4.0000000000000001e-03  1.4441606168886958e-03
-8.9999999999999941e-03 9.0000000000000011e-03 4.0000000000000001e-03  1.4482075232621551e-03
-8.9999999999999941e-03 1.2000000000000004e-02 4.0000000000000001e-03  1.4561936684145929e-03
-8.9999999999999941e-03 1.4999999999999999e-02 4.0000000000000001e-03  1.4631442987073141e-03
-8.9999999999999941e-03 1.8000000000000002e-02 4.0000000000000001e-03  1.4690630503564959e-03
-8.9999999999999941e-03 2.1000000000000005e-02 4.0000000000000001e-03  1.4783725679795880e-03
-8.9999999999999941e-03 2.4000000000000007e-02 4.0000000000000001e-03  1.4951080931032840e-03
-8.9999999999999941e-03 2.7000000000000010e-02 4.0000000000000001e-03  1.5173673643022472e-03
-8.9999999999999941e-03 2.9999999999999999e-02 4.0000000000000001e-03  1.5451673414462368e-03
-8.9999999999999941e-03 3.3000000000000002e-02 4.0000000000000001e-03  1.5785256183888439e-03
-8.9999999999999941e-03 3.6000000000000004e-02 4.0000000000000001e-03  1.6174604229674927e-03
-8.9999999999999941e-03 3.9000000000000007e-02 4.0000000000000001e-03  1.6610100136670814e-03
-8.9999999999999941e-03 4.2000000000000010e-02 4.0000000000000001e-03  1.7176791378380285e-03
-8.9999999999999941e-03 4.4999999999999998e-02 4.0000000000000001e-03  1.8239137545731639e-03
-5.9999999999999984e-03 -4.4999999999999998e-02 4.0000000000000001e-03  2.0126066624787629e-03
-5.9999999999999984e-03 -4.1999999999999996e-02 4.0000000000000001e-03  1.8582037146240612e-03
-5.9999999999999984e-03 -3.9000000000000000e-02 4.0000000000000001e-03  1.7319747577002995e-03
-5.9999999999999984e-03 -3.5999999999999997e-02 4.0000000000000001e-03  1.6328921069613225e-03
-5.9999999999999984e-03 -3.3000000000000002e-02 4.0000000000000001e-03  1.5738381707603069e-03
-5.9999999999999984e-03 -2.9999999999999999e-02 4.0000000000000001e-03  1.5532996332626281e-03
-5.9999999999999984e-03 -2.6999999999999996e-02 4.0000000000000001e-03  1.5318832711902432e-03
-5.9999999999999984e-03 -2.3999999999999997e-02 4.0000000000000001e-03  1.5117018759253525e-03
-5.9999999999999984e-03 -2.0999999999999998e-02 4.0000000000000001e-03  1.4950574359391933e-03
-5.9999999999999984e-03 -1.7999999999999999e-02 4.0000000000000001e-03  1.4783510200797754e-03
-5.9999999999999984e-03 -1.4999999999999999e-02 4.0000000000000001e-03  1.4609108551555047e-03
-5.9999999999999984e-03 -1.1999999999999997e-02 4.0000000000000001e-03  1.4423871830799005e-03
-5.9999999999999984e-03 -8.9999999999999941e-03 4.0000000000000001e-03  1.4339999767596157e-03
-5.9999999999999984e-03 -5.9999999999999984e-03 4.0000000000000001e-03  1.4319207261830531e-03
-5.9999999999999984e-03 -2.9999999999999957e-03 4.0000000000000001e-03  1.4306761431262971e-03
-5.9999999999999984e-03 0.0000000000000000e+00 4.0000000000000001e-03  1.4317258003790636e-03
-5.9999999999999984e-03 3.0000000000000027e-03 4.0000000000000001e-03  1.4333891369520825e-03
-5.9999999999999984e-03 6.0000000000000053e-03 4.0000000000000001e-03  1.4356553942213980e-03
-5.9999999999999984e-03 9.0000000000000011e-03 4.0000000000000001e-03  1.4385159283701841e-03
-5.9999999999999984e-03 1.2000000000000004e-02 4.0000000000000001e-03  1.4431601830742404e-03
-5.9999999999999984e-03 1.4999999999999999e-02 4.0000000000000001e-03  1.4510257048972602e-03
-5.9999999999999984e-03 1.8000000000000002e-02 4.0000000000000001e-03  1.4578580775457134e-03
-5.9999999999999984e-03 2.1000000000000005e-02 4.0000000000000001e-03  1.4688194118828862e-03
-5.9999999999999984e-03 2.4000000000000007e-02 4.0000000000000001e-03  1.4863728075374064e-03
-5.9999999999999984e-03 2.7000000000000010e-02 4.0000000000000001e-03  1.5094459505733539e-03
-5.9999999999999984e-03 2.9999999999999999e-02 4.0000000000000001e-03  1.5380564902814327e-03
-5.9999999999999984e-03 3.3000000000000002e-02 4.0000000000000001e-03  1.5721583635756697e-03
-5.9999999999999984e-03 3.6000000000000004e-02 4.0000000000000001e-03  1.6039363595394247e-03
-5.9999999999999984e-03 3.9000000000000007e-02 4.0000000000000001e-03  1.6470951047637193e-03
-5.9999999999999984e-03 4.2000000000000010e-02 4.0000000000000001e-03  1.7131822225455850e-03
-5.9999999999999984e-03 4.4999999999999998e-02 4.0000000000000001e-03  1.8205910495287471e-03
-2.9999999999999957e-03 -4.4999999999999998e-02 4.0000000000000001e-03  1.9400363140104357e-03
-2.9999999999999957e-03 -4.1999999999999996e-02 4.0000000000000001e-03  1.8293866086553918e-03
-2.9999999999999957e-03 -3.9000000000000000e-02 4.0000000000000001e-03  1.7323105307770208e-03
-2.9999999999999957e-03 -3.5999999999999997e-02 4.0000000000000001e-03  1.6474230423060082e-03
-2.9999999999999957e-03 -3.3000000000000002e-02 4.0000000000000001e-03  1.5732705298454289e-03
-2.9999999999999957e-03 -2.9999999999999999e-02 4.0000000000000001e-03  1.5362110563497738e-03
-2.9999999999999957e-03 -2.6999999999999996e-02 4.0000000000000001e-03  1.5178042743609801e-03
-2.9999999999999957e-03 -2.3999999999999997e-02 4.0000000000000001e-03  1.5009807372099847e-03
-2.9999999999999957e-03 -2.0999999999999998e-02 4.0000000000000001e-03  1.4864342599054847e-03
-2.9999999999999957e-03 -1.7999999999999999e-02 4.0000000000000001e-03  1.4714174069777105e-03
-2.9999999999999957e-03 -1.4999999999999999e-02 4.0000000000000001e-03  1.4552993693806447e-03
-2.9999999999999957e-03 -1.1999999999999997e-02 4.0000000000000001e-03  1.4380958758940467e-03
-2.9999999999999957e-03 -8.9999999999999941e-03 4.0000000000000001e-03  1.4295227624497771e-03
-2.9999999999999957e-03 -5.9999999999999984e-03 4.0000000000000001e-03  1.4274600473073648e-03
-2.9999999999999957e-03 -2.9999999999999957e-03 4.0000000000000001e-03  1.4254417349711165e-03
-2.9999999999999957e-03 0.0000000000000000e+00 4.0000000000000001e-03  1.4245043776928070e-03
-2.9999999999999957e-03 3.0000000000000027e-03 4.0000000000000001e-03  1.4262819635637960e-03
-2.9999999999999957e-03 6.0000000000000053e-03 4.0000000000000001e-03  1.4286678177229313e-03
-2.9999999999999957e-03 9.0000000000000011e-03 4.0000000000000001e-03  1.4316525014509709e-03
-2.9999999999999957e-03 1.2000000000000004e-02 4.0000000000000001e-03  1.4352286908358384e-03
-2.9999999999999957e-03 1.4999999999999999e-02 4.0000000000000001e-03  1.4404465383914206e-03
-2.9999999999999957e-03 1.8000000000000002e-02 4.0000000000000001e-03  1.4481927688168238e-03
-2.9999999999999957e-03 2.1000000000000005e-02 4.0000000000000001e-03  1.4606293963665017e-03
-2.9999999999999957e-03 2.4000000000000007e-02 4.0000000000000001e-03  1.4789950389930008e-03
-2.9999999999999957e-03 2.7000000000000010e-02 4.0000000000000001e-03  1.5017969567259061e-03
-2.9999999999999957e-03 2.9999999999999999e-02 4.0000000000000001e-03  1.5257230706036925e-03
-2.9999999999999957e-03 3.3000000000000002e-02 4.0000000000000001e-03  1.5527922109535345e-03
-2.9999999999999957e-03 3.6000000000000004e-02 4.0000000000000001e-03  1.5859411495500392e-03
-2.9999999999999957e-03 3.9000000000000007e-02 4.0000000000000001e-03  1.6381918190288554e-03
-2.9999999999999957e-03 4.2000000000000010e-02 4.0000000000000001e-03  1.7118100950521010e-03
-2.9999999999999957e-03 4.4999999999999998e-02 4.0000000000000001e-03  1.8111751044432149e-03
0.0000000000000000e+00 -4.4999999999999998e-02 4.0000000000000001e-03  1.9455887365873790e-03
0.0000000000000000e+00 -4.1999999999999996e-02 4.0000000000000001e-03  1.8350181593927641e-03
0.0000000000000000e+00 -3.9000000000000000e-02 4.0000000000000001e-03  1.7379709259617024e-03
0.0000000000000000e+00 -3.5999999999999997e-02 4.0000000000000001e-03  1.6530923641341472e-03
0.0000000000000000e+00 -3.3000000000000002e-02 4.0000000000000001e-03  1.5789579657865510e-03
0.0000000000000000e+00 -2.9999999999999999e-02 4.0000000000000001e-03  1.5237632847630647e-03
0.0000000000000000e+00 -2.6999999999999996e-02 4.0000000000000001e-03  1.5043934631366865e-03
0.0000000000000000e+00 -2.3999999999999997e-02 4.0000000000000001e-03  1.4929127831877964e-03
0.0000000000000000e+00 -2.0999999999999998e-02 4.0000000000000001e-03  1.4803296433768848e-03
0.0000000000000000e+00 -1.7999999999999999e-02 4.0000000000000001e-03  1.4666375506888227e-03
0.0000000000000000e+00 -1.4999999999999999e-02 4.0000000000000001e-03  1.4518414904314131e-03
0.0000000000000000e+00 -1.1999999999999997e-02 4.0000000000000001e-03  1.4359579262353986e-03
0.0000000000000000e+00 -8.9999999999999941e-03 4.0000000000000001e-03  1.4273070678758686e-03
0.0000000000000000e+00 -5.9999999999999984e-03 4.0000000000000001e-03  1.4252615255565774e-03
0.0000000000000000e+00 -2.9999999999999957e-03 4.0000000000000001e-03  1.4232607699266563e-03
0.0000000000000000e+00 0.0000000000000000e+00 4.0000000000000001e-03  1.4212993168890424e-03
0.0000000000000000e+00 3.0000000000000027e-03 4.0000000000000001e-03  1.4206877854224824e-03
0.0000000000000000e+00 6.0000000000000053e-03 4.0000000000000001e-03  1.4231927478780717e-03
0.0000000000000000e+00 9.0000000000000011e-03 4.0000000000000001e-03  1.4263013088575769e-03
0.0000000000000000e+00 1.2000000000000004e-02 4.0000000000000001e-03  1.4300053495464988e-03
0.0000000000000000e+00 1.4999999999999999e-02 4.0000000000000001e-03  1.4342988659374820e-03
0.0000000000000000e+00 1.8000000000000002e-02 4.0000000000000001e-03  1.4401201459038563e-03
0.0000000000000000e+00 2.1000000000000005e-02 4.0000000000000001e-03  1.4531957448467251e-03
0.0000000000000000e+00 2.4000000000000007e-02 4.0000000000000001e-03  1.4693667471672692e-03
0.0000000000000000e+00 2.7000000000000010e-02 4.0000000000000001e-03  1.4886182483670608e-03
0.0000000000000000e+00 2.9999999999999999e-02 4.0000000000000001e-03  1.5109852843397924e-03
0.0000000000000000e+00 3.3000000000000002e-02 4.0000000000000001e-03  1.5361890116874404e-03
0.0000000000000000e+00 3.6000000000000004e-02 4.0000000000000001e-03  1.5754212933786010e-03
0.0000000000000000e+00 3.9000000000000007e-02 4.0000000000000001e-03  1.6357226740941508e-03
0.0000000000000000e+00 4.2000000000000010e-02 4.0000000000000001e-03  1.7181956324792973e-03
0.0000000000000000e+00 4.4999999999999998e-02 4.0000000000000001e-03  1.8239774937071011e-03
3.0000000000000027e-03 -4.4999999999999998e-02 4.0000000000000001e-03  2.0346481920768163e-03
3.0000000000000027e-03 -4.1999999999999996e-02 4.0000000000000001e-03  1.8633624783174843e-03
3.0000000000000027e-03 -3.9000000000000000e-02 4.0000000000000001e-03  1.7290482890558799e-03
3.0000000000000027e-03 -3.5999999999999997e-02 4.0000000000000001e-03  1.6424880122403115e-03
3.0000000000000027e-03 -3.3000000000000002e-02 4.0000000000000001e-03  1.5723623567879164e-03
3.0000000000000027e-03 -2.9999999999999999e-02 4.0000000000000001e-03  1.5184772591358311e-03
3.0000000000000027e-03 -2.6999999999999996e-02 4.0000000000000001e-03  1.5020717288455733e-03
3.0000000000000027e-03 -2.3999999999999997e-02 4.0000000000000001e-03  1.4877079648600417e-03
3.0000000000000027e-03 -2.0999999999999998e-02 4.0000000000000001e-03  1.4763823670627904e-03
3.0000000000000027e-03 -1.7999999999999999e-02 4.0000000000000001e-03  1.4640143859355277e-03
3.0000000000000027e-03 -1.4999999999999999e-02 4.0000000000000001e-03  1.4505395550279945e-03
3.0000000000000027e-03 -1.1999999999999997e-02 4.0000000000000001e-03  1.4359750728219186e-03
3.0000000000000027e-03 -8.9999999999999941e-03 4.0000000000000001e-03  1.4273537584573277e-03
3.0000000000000027e-03 -5.9999999999999984e-03 4.0000000000000001e-03  1.4253248662136947e-03
3.0000000000000027e-03 -2.9999999999999957e-03 4.0000000000000001e-03  1.4233422382064307e-03
3.0000000000000027e-03 0.0000000000000000e+00 4.0000000000000001e-03  1.4213990973272782e-03
3.0000000000000027e-03 3.0000000000000027e-03 4.0000000000000001e-03  1.4194915475322781e-03
3.0000000000000027e-03 6.0000000000000053e-03 4.0000000000000001e-03  1.4192253868974944e-03
3.0000000000000027e-03 9.0000000000000011e-03 4.0000000000000001e-03  1.4224575958304158e-03
3.0000000000000027e-03 1.2000000000000004e-02 4.0000000000000001e-03  1.4262894747909271e-03
3.0000000000000027e-03 1.4999999999999999e-02 4.0000000000000001e-03  1.4307142248692407e-03
3.0000000000000027e-03 1.8000000000000002e-02 4.0000000000000001e-03  1.4323884929650851e-03
3.0000000000000027e-03 2.1000000000000005e-02 4.0000000000000001e-03  1.4462554861179480e-03
3.0000000000000027e-03 2.4000000000000007e-02 4.0000000000000001e-03  1.4608440171664247e-03
3.0000000000000027e-03 2.7000000000000010e-02 4.0000000000000001e-03  1.4785187771106469e-03
3.0000000000000027e-03 2.9999999999999999e-02 4.0000000000000001e-03  1.4978198844327550e-03
3.0000000000000027e-03 3.3000000000000002e-02 4.0000000000000001e-03  1.5241234539178695e-03
3.0000000000000027e-03 3.6000000000000004e-02 4.0000000000000001e-03  1.5711727727382298e-03
3.0000000000000027e-03 3.9000000000000007e-02 4.0000000000000001e-03  1.6401032770019613e-03
3.0000000000000027e-03 4.2000000000000010e-02 4.0000000000000001e-03  1.7320852493450558e-03
3.0000000000000027e-03 4.4999999999999998e-02 4.0000000000000001e-03  1.8483238189313455e-03
6.0000000000000053e-03 -4.4999999999999998e-02 4.0000000000000001e-03  2.0972358683475061e-03
6.0000000000000053e-03 -4.1999999999999996e-02 4.0000000000000001e-03  1.9225294961889914e-03
6.0000000000000053e-03 -3.9000000000000000e-02 4.0000000000000001e-03  1.7657965687289004e-03
6.0000000000000053e-03 -3.5999999999999997e-02 4.0000000000000001e-03  1.6453134499789333e-03
6.0000000000000053e-03 -3.3000000000000002e-02 4.0000000000000001e-03  1.5604835639067304e-03
6.0000000000000053e-03 -2.9999999999999999e-02 4.0000000000000001e-03  1.5156399858085013e-03
6.0000000000000053e-03 -2.6999999999999996e-02 4.0000000000000001e-03  1.5026163563916690e-03
6.0000000000000053e-03 -2.3999999999999997e-02 4.0000000000000001e-03  1.4890007648441050e-03
6.0000000000000053e-03 -2.0999999999999998e-02 4.0000000000000001e-03  1.4748023162768655e-03
6.0000000000000053e-03 -1.7999999999999999e-02 4.0000000000000001e-03  1.4635519231557112e-03
6.0000000000000053e-03 -1.4999999999999999e-02 4.0000000000000001e-03  1.4513969756060462e-03
6.0000000000000053e-03 -1.1999999999999997e-02 4.0000000000000001e-03  1.4381501300870325e-03
6.0000000000000053e-03 -8.9999999999999941e-03 4.0000000000000001e-03  1.4296648583761100e-03
6.0000000000000053e-03 -5.9999999999999984e-03 4.0000000000000001e-03  1.4276509333242431e-03
6.0000000000000053e-03 -2.9999999999999957e-03 4.0000000000000001e-03  1.4256858437195451e-03
6.0000000000000053e-03 0.0000000000000000e+00 4.0000000000000001e-03  1.4237615194425397e-03
6.0000000000000053e-03 3.0000000000000027e-03 4.0000000000000001e-03  1.4218727714380853e-03
6.0000000000000053e-03 6.0000000000000053e-03 4.0000000000000001e-03  1.4200172917153552e-03
6.0000000000000053e-03 9.0000000000000011e-03 4.0000000000000001e-03  1.4201169493358052e-03
6.0000000000000053e-03 1.2000000000000004e-02 4.0000000000000001e-03  1.4240766965651775e-03
6.0000000000000053e-03 1.4999999999999999e-02 4.0000000000000001e-03  1.4272828932728190e-03
6.0000000000000053e-03 1.8000000000000002e-02 4.0000000000000001e-03  1.4253965282835614e-03
6.0000000000000053e-03 2.1000000000000005e-02 4.0000000000000001e-03  1.4410546563705044e-03
6.0000000000000053e-03 2.4000000000000007e-02 4.0000000000000001e-03  1.4553986195451150e-03
6.0000000000000053e-03 2.7000000000000010e-02 4.0000000000000001e-03  1.4708167717172030e-03
6.0000000000000053e-03 2.9999999999999999e-02 4.0000000000000001e-03  1.4842902945955607e-03
6.0000000000000053e-03 3.3000000000000002e-02 4.0000000000000001e-03  1.5181613749509170e-03
6.0000000000000053e-03 3.6000000000000004e-02 4.0000000000000001e-03  1.5735984063543203e-03
6.0000000000000053e-03 3.9000000000000007e-02 4.0000000000000001e-03  1.6518046289046751e-03
6.0000000000000053e-03 4.2000000000000010e-02 4.0000000000000001e-03  1.7521800573409802e-03
6.0000000000000053e-03 4.4999999999999998e-02 4.0000000000000001e-03  1.8680249670653764e-03
9.0000000000000011e-03 -4.4999999999999998e-02 4.0000000000000001e-03  2.1143224374271306e-03
9.0000000000000011e-03 -4.1999999999999996e-02 4.0000000000000001e-03  1.9409354771658454e-03
9.0000000000000011e-03 -3.9000000000000000e-02 4.0000000000000001e-03  1.7609584428121073e-03
9.0000000000000011e-03 -3.5999999999999997e-02 4.0000000000000001e-03  1.6170019955455799e-03
9.0000000000000011e-03 -3.3000000000000002e-02 4.0000000000000001e-03  1.5474429078159286e-03
9.0000000000000011e-03 -2.9999999999999999e-02 4.0000000000000001e-03  1.5282718501905554e-03
9.0000000000000011e-03 -2.6999999999999996e-02 4.0000000000000001e-03  1.5059388461512188e-03
9.0000000000000011e-03 -2.3999999999999997e-02 4.0000000000000001e-03  1.4930778656016082e-03
9.0000000000000011e-03 -2.0999999999999998e-02 4.0000000000000001e-03  1.4796271531262453e-03
9.0000000000000011e-03 -1.7999999999999999e-02 4.0000000000000001e-03  1.4655970476554637e-03
9.0000000000000011e-03 -1.4999999999999999e-02 4.0000000000000001e-03  1.4544182403166939e-03
9.0000000000000011e-03 -1.1999999999999997e-02 4.0000000000000001e-03  1.4424869881796388e-03
9.0000000000000011e-03 -8.9999999999999941e-03 4.0000000000000001e-03  1.4342435505766912e-03
9.0000000000000011e-03 -5.9999999999999984e-03 4.0000000000000001e-03  1.4322417496962750e-03
9.0000000000000011e-03 -2.9999999999999957e-03 4.0000000000000001e-03  1.4302924491376100e-03
9.0000000000000011e-03 0.0000000000000000e+00 4.0000000000000001e-03  1.4283862857700236e-03
9.0000000000000011e-03 3.0000000000000027e-03 4.0000000000000001e-03  1.4265167775271627e-03
9.0000000000000011e-03 6.0000000000000053e-03 4.0000000000000001e-03  1.4246803234070093e-03
9.0000000000000011e-03 9.0000000000000011e-03 4.0000000000000001e-03  1.4228762034718704e-03
9.0000000000000011e-03 1.2000000000000004e-02 4.0000000000000001e-03  1.4233629865912053e-03
9.0000000000000011e-03 1.4999999999999999e-02 4.0000000000000001e-03  1.4219127347699630e-03
9.0000000000000011e-03 1.8000000000000002e-02 4.0000000000000001e-03  1.4198210572424791e-03
9.0000000000000011e-03 2.1000000000000005e-02 4.0000000000000001e-03  1.4361623507249176e-03
9.0000000000000011e-03 2.4000000000000007e-02 4.0000000000000001e-03  1.4524626924313606e-03
9.0000000000000011e-03 2.7000000000000010e-02 4.0000000000000001e-03  1.4662427641006005e-03
9.0000000000000011e-03 2.9999999999999999e-02 4.0000000000000001e-03  1.4895149814657842e-03
9.0000000000000011e-03 3.3000000000000002e-02 4.0000000000000001e-03  1.5274736318995352e-03
9.0000000000000011e-03 3.6000000000000004e-02 4.0000000000000001e-03  1.5809548874099147e-03
9.0000000000000011e-03 3.9000000000000007e-02 4.0000000000000001e-03  1.6508297912932227e-03
9.0000000000000011e-03 4.2000000000000010e-02 4.0000000000000001e-03  1.7411172520369815e-03
9.0000000000000011e-03 4.4999999999999998e-02 4.0000000000000001e-03  1.8623221706583323e-03
1.2000000000000004e-02 -4.4999999999999998e-02 4.0000000000000001e-03  2.1213625450291511e-03
1.2000000000000004e-02 -4.1999999999999996e-02 4.0000000000000001e-03  1.9377638715568114e-03
1.2000000000000004e-02 -3.9000000000000000e-02 4.0000000000000001e-03  1.7324867876236875e-03
1.2000000000000004e-02 -3.5999999999999997e-02 4.0000000000000001e-03  1.6229236720007047e-03
1.2000000000000004e-02 -3.3000000000000002e-02 4.0000000000000001e-03  1.5634218481855400e-03
1.2000000000000004e-02 -2.9999999999999999e-02 4.0000000000000001e-03  1.5439741434570846e-03
1.2000000000000004e-02 -2.6999999999999996e-02 4.0000000000000001e-03  1.5216280331497708e-03
1.2000000000000004e-02 -2.3999999999999997e-02 4.0000000000000001e-03  1.4999137861541720e-03
1.2000000000000004e-02 -2.0999999999999998e-02 4.0000000000000001e-03  1.4872193027276601e-03
1.2000000000000004e-02 -1.7999999999999999e-02 4.0000000000000001e-03  1.4739402293913659e-03
1.2000000000000004e-02 -1.4999999999999999e-02 4.0000000000000001e-03  1.4600881388948975e-03
1.2000000000000004e-02 -1.1999999999999997e-02 4.0000000000000001e-03  1.4489906129641099e-03
1.2000000000000004e-02 -8.9999999999999941e-03 4.0000000000000001e-03  1.4410941767660816e-03
1.2000000000000004e-02 -5.9999999999999984e-03 4.0000000000000001e-03  1.4391004969003620e-03
1.2000000000000004e-02 -2.9999999999999957e-03 4.0000000000000001e-03  1.4371640758947788e-03
1.2000000000000004e-02 0.0000000000000000e+00 4.0000000000000001e-03  1.4352742576074413e-03
1.2000000000000004e-02 3.0000000000000027e-03 4.0000000000000001e-03  1.4334232669608064e-03
1.2000000000000004e-02 6.0000000000000053e-03 4.0000000000000001e-03  1.4310611231199625e-03
1.2000000000000004e-02 9.0000000000000011e-03 4.0000000000000001e-03  1.4269024043669914e-03
1.2000000000000004e-02 1.2000000000000004e-02 4.0000000000000001e-03  1.4226465136597569e-03
1.2000000000000004e-02 1.4999999999999999e-02 4.0000000000000001e-03  1.4183022523947611e-03
1.2000000000000004e-02 1.8000000000000002e-02 4.0000000000000001e-03  1.4156626163259944e-03
1.2000000000000004e-02 2.1000000000000005e-02 4.0000000000000001e-03  1.4382192082670437e-03
1.2000000000000004e-02 2.4000000000000007e-02 4.0000000000000001e-03  1.4686624448243537e-03
1.2000000000000004e-02 2.7000000000000010e-02 4.0000000000000001e-03  1.4977070270345127e-03
1.2000000000000004e-02 2.9999999999999999e-02 4.0000000000000001e-03  1.5211082995183435e-03
1.2000000000000004e-02 3.3000000000000002e-02 4.0000000000000001e-03  1.5315782451369555e-03
1.2000000000000004e-02 3.6000000000000004e-02 4.0000000000000001e-03  1.5673522069235858e-03
1.2000000000000004e-02 3.9000000000000007e-02 4.0000000000000001e-03  1.6425983892895219e-03
1.2000000000000004e-02 4.2000000000000010e-02 4.0000000000000001e-03  1.7434338799290270e-03
1.2000000000000004e-02 4.4999999999999998e-02 4.0000000000000001e-03  1.8699284560142822e-03
1.4999999999999999e-02 -4.4999999999999998e-02 4.0000000000000001e-03  2.1182648108087720e-03
1.4999999999999999e-02 -4.1999999999999996e-02 4.0000000000000001e-03  1.9422816635107187e-03
1.4999999999999999e-02 -3.9000000000000000e-02 4.0000000000000001e-03  1.7461667121896197e-03
1.4999999999999999e-02 -3.5999999999999997e-02 4.0000000000000001e-03  1.6385959645999054e-03
1.4999999999999999e-02 -3.3000000000000002e-02 4.0000000000000001e-03  1.5810207050644858e-03
1.4999999999999999e-02 -2.9999999999999999e-02 4.0000000000000001e-03  1.5614535920328884e-03
1.4999999999999999e-02 -2.6999999999999996e-02 4.0000000000000001e-03  1.5399330909984274e-03
1.4999999999999999e-02 -2.3999999999999997e-02 4.0000000000000001e-03  1.5185946411547934e-03
1.4999999999999999e-02 -2.0999999999999998e-02 4.0000000000000001e-03  1.4975542569262167e-03
1.4999999999999999e-02 -1.7999999999999999e-02 4.0000000000000001e-03  1.4850367630783684e-03
1.4999999999999999e-02 -1.4999999999999999e-02 4.0000000000000001e-03  1.4719427331476931e-03
1.4999999999999999e-02 -1.1999999999999997e-02 4.0000000000000001e-03  1.4582849737030730e-03
1.4999999999999999e-02 -8.9999999999999941e-03 4.0000000000000001e-03  1.4502222374137980e-03
1.4999999999999999e-02 -5.9999999999999984e-03 4.0000000000000001e-03  1.4482315152696034e-03
1.4999999999999999e-02 -2.9999999999999957e-03 4.0000000000000001e-03  1.4451235765482429e-03
1.4999999999999999e-02 0.0000000000000000e+00 4.0000000000000001e-03  1.4411481662651630e-03
1.4999999999999999e-02 3.0000000000000027e-03 4.0000000000000001e-03  1.4370813899559915e-03
1.4999999999999999e-02 6.0000000000000053e-03 4.0000000000000001e-03  1.4329162034244177e-03
1.4999999999999999e-02 9.0000000000000011e-03 4.0000000000000001e-03  1.4286512210405159e-03
1.4999999999999999e-02 1.2000000000000004e-02 4.0000000000000001e-03  1.4242907157407359e-03
1.4999999999999999e-02 1.4999999999999999e-02 4.0000000000000001e-03  1.4211352438973784e-03
1.4999999999999999e-02 1.8000000000000002e-02 4.0000000000000001e-03  1.4182947849286137e-03
1.4999999999999999e-02 2.1000000000000005e-02 4.0000000000000001e-03  1.4360200643333452e-03
1.4999999999999999e-02 2.4000000000000007e-02 4.0000000000000001e-03  1.4640175306985398e-03
1.4999999999999999e-02 2.7000000000000010e-02 4.0000000000000001e-03  1.4856059334752932e-03
1.4999999999999999e-02 2.9999999999999999e-02 4.0000000000000001e-03  1.4755684298914807e-03
1.4999999999999999e-02 3.3000000000000002e-02 4.0000000000000001e-03  1.5095766868206417e-03
1.4999999999999999e-02 3.6000000000000004e-02 4.0000000000000001e-03  1.5665631728306114e-03
1.4999999999999999e-02 3.9000000000000007e-02 4.0000000000000001e-03  1.6474622663827203e-03
1.4999999999999999e-02 4.2000000000000010e-02 4.0000000000000001e-03  1.7532298072456122e-03
1.4999999999999999e-02 4.4999999999999998e-02 4.0000000000000001e-03  1.8848430964952757e-03
1.8000000000000002e-02 -4.4999999999999998e-02 4.0000000000000001e-03  2.1050787934179874e-03
1.8000000000000002e-02 -4.1999999999999996e-02 4.0000000000000001e-03  1.9429883230727564e-03
1.8000000000000002e-02 -3.9000000000000000e-02 4.0000000000000001e-03  1.7829479297131810e-03
1.8000000000000002e-02 -3.5999999999999997e-02 4.0000000000000001e-03  1.6558965613371068e-03
1.8000000000000002e-02 -3.3000000000000002e-02 4.0000000000000001e-03  1.6002437875710601e-03
1.8000000000000002e-02 -2.9999999999999999e-02 4.0000000000000001e-03  1.5807121281788514e-03
1.8000000000000002e-02 -2.6999999999999996e-02 4.0000000000000001e-03  1.5600181088349639e-03
1.8000000000000002e-02 -2.3999999999999997e-02 4.0000000000000001e-03  1.5395030940339614e-03
1.8000000000000002e-02 -2.0999999999999998e-02 4.0000000000000001e-03  1.5191728668455520e-03
1.8000000000000002e-02 -1.7999999999999999e-02 4.0000000000000001e-03  1.4990367111895006e-03
1.8000000000000002e-02 -1.4999999999999999e-02 4.0000000000000001e-03  1.4865397457711396e-03
1.8000000000000002e-02 -1.1999999999999997e-02 4.0000000000000001e-03  1.4698399619432739e-03
1.8000000000000002e-02 -8.9999999999999941e-03 4.0000000000000001e-03  1.4581969581017129e-03
1.8000000000000002e-02 -5.9999999999999984e-03 4.0000000000000001e-03  1.4542534701393022e-03
1.8000000000000002e-02 -2.9999999999999957e-03 4.0000000000000001e-03  1.4502463826110848e-03
1.8000000000000002e-02 0.0000000000000000e+00 4.0000000000000001e-03  1.4461584642943184e-03
1.8000000000000002e-02 3.0000000000000027e-03 4.0000000000000001e-03  1.4420675637579980e-03
1.8000000000000002e-02 6.0000000000000053e-03 4.0000000000000001e-03  1.4382984616776763e-03
1.8000000000000002e-02 9.0000000000000011e-03 4.0000000000000001e-03  1.4347198012069681e-03
1.8000000000000002e-02 1.2000000000000004e-02 4.0000000000000001e-03  1.4313367171633672e-03
1.8000000000000002e-02 1.4999999999999999e-02 4.0000000000000001e-03  1.4272115672434951e-03
1.8000000000000002e-02 1.8000000000000002e-02 4.0000000000000001e-03  1.4210431392146809e-03
1.8000000000000002e-02 2.1000000000000005e-02 4.0000000000000001e-03  1.4352895806664485e-03
1.8000000000000002e-02 2.4000000000000007e-02 4.0000000000000001e-03  1.4560922096013766e-03
1.8000000000000002e-02 2.7000000000000010e-02 4.0000000000000001e-03  1.4585555787171600e-03
1.8000000000000002e-02 2.9999999999999999e-02 4.0000000000000001e-03  1.4721873752438347e-03
1.8000000000000002e-02 3.3000000000000002e-02 4.0000000000000001e-03  1.5109252740296533e-03
1.8000000000000002e-02 3.6000000000000004e-02 4.0000000000000001e-03  1.5728374710933142e-03
1.8000000000000002e-02 3.9000000000000007e-02 4.0000000000000001e-03  1.6588542491660558e-03
1.8000000000000002e-02 4.2000000000000010e-02 4.0000000000000001e-03  1.7699273522864480e-03
1.8000000000000002e-02 4.4999999999999998e-02 4.0000000000000001e-03  1.9070299858003931e-03
2.1000000000000005e-02 -4.4999999999999998e-02 4.0000000000000001e-03  2.0416525575292347e-03
2.1000000000000005e-02 -4.1999999999999996e-02 4.0000000000000001e-03  1.9163389756015469e-03
2.1000000000000005e-02 -3.9000000000000000e-02 4.0000000000000001e-03  1.7970908138042379e-03
2.1000000000000005e-02 -3.5999999999999997e-02 4.0000000000000001e-03  1.6796989074793519e-03
2.1000000000000005e-02 -3.3000000000000002e-02 4.0000000000000001e-03  1.6210974641638898e-03
2.1000000000000005e-02 -2.9999999999999999e-02 4.0000000000000001e-03  1.6017548271045077e-03
2.1000000000000005e-02 -2.6999999999999996e-02 4.0000000000000001e-03  1.5818879452588616e-03
2.1000000000000005e-02 -2.3999999999999997e-02 4.0000000000000001e-03  1.5622012495235466e-03
2.1000000000000005e-02 -2.0999999999999998e-02 4.0000000000000001e-03  1.5426962151901982e-03
2.1000000000000005e-02 -1.7999999999999999e-02 4.0000000000000001e-03  1.5179039319534917e-03
2.1000000000000005e-02 -1.4999999999999999e-02 4.0000000000000001e-03  1.4918828626363388e-03
2.1000000000000005e-02 -1.1999999999999997e-02 4.0000000000000001e-03  1.4710236102871677e-03
2.1000000000000005e-02 -8.9999999999999941e-03 4.0000000000000001e-03  1.4641882617774762e-03
2.1000000000000005e-02 -5.9999999999999984e-03 4.0000000000000001e-03  1.4620978504887544e-03
2.1000000000000005e-02 -2.9999999999999957e-03 4.0000000000000001e-03  1.4575942122369979e-03
2.1000000000000005e-02 0.0000000000000000e+00 4.0000000000000001e-03  1.4532939105772987e-03
2.1000000000000005e-02 3.0000000000000027e-03 4.0000000000000001e-03  1.4491912843396348e-03
2.1000000000000005e-02 6.0000000000000053e-03 4.0000000000000001e-03  1.4480475537613170e-03
2.1000000000000005e-02 9.0000000000000011e-03 4.0000000000000001e-03  1.4447938323417793e-03
2.1000000000000005e-02 1.2000000000000004e-02 4.0000000000000001e-03  1.4389961757811018e-03
2.1000000000000005e-02 1.4999999999999999e-02 4.0000000000000001e-03  1.4318292540415694e-03
2.1000000000000005e-02 1.8000000000000002e-02 4.0000000000000001e-03  1.4274997942600367e-03
2.1000000000000005e-02 2.1000000000000005e-02 4.0000000000000001e-03  1.4361281895204081e-03
2.1000000000000005e-02 2.4000000000000007e-02 4.0000000000000001e-03  1.4588631806243372e-03
2.1000000000000005e-02 2.7000000000000010e-02 4.0000000000000001e-03  1.4960856128661308e-03
2.1000000000000005e-02 2.9999999999999999e-02 4.0000000000000001e-03  1.4978911214207982e-03
2.1000000000000005e-02 3.3000000000000002e-02 4.0000000000000001e-03  1.5217254883183858e-03
2.1000000000000005e-02 3.6000000000000004e-02 4.0000000000000001e-03  1.5815909222984515e-03
2.1000000000000005e-02 3.9000000000000007e-02 4.0000000000000001e-03  1.6768277457692006e-03
2.1000000000000005e-02 4.2000000000000010e-02 4.0000000000000001e-03  1.7936046873202277e-03
2.1000000000000005e-02 4.4999999999999998e-02 4.0000000000000001e-03  1.9365920603373614e-03
2.4000000000000007e-02 -4.4999999999999998e-02 4.0000000000000001e-03  1.9904383237118891e-03
2.4000000000000007e-02 -4.1999999999999996e-02 4.0000000000000001e-03  1.8672758952479602e-03
2.4000000000000007e-02 -3.9000000000000000e-02 4.0000000000000001e-03  1.7833314899652058e-03
2.4000000000000007e-02 -3.5999999999999997e-02 4.0000000000000001e-03  1.7074654914112956e-03
2.4000000000000007e-02 -3.3000000000000002e-02 4.0000000000000001e-03  1.6435901626419040e-03
2.4000000000000007e-02 -2.9999999999999999e-02 4.0000000000000001e-03  1.6245899069680552e-03
2.4000000000000007e-02 -2.6999999999999996e-02 4.0000000000000001e-03  1.6055506018182468e-03
2.4000000000000007e-02 -2.3999999999999997e-02 4.0000000000000001e-03  1.5820694188281301e-03
2.4000000000000007e-02 -2.0999999999999998e-02 4.0000000000000001e-03  1.5573850795808576e-03
2.4000000000000007e-02 -1.7999999999999999e-02 4.0000000000000001e-03  1.5320499463459245e-03
2.4000000000000007e-02 -1.4999999999999999e-02 4.0000000000000001e-03  1.5060626621074152e-03
2.4000000000000007e-02 -1.1999999999999997e-02 4.0000000000000001e-03  1.4844231425997288e-03
2.4000000000000007e-02 -8.9999999999999941e-03 4.0000000000000001e-03  1.4751390479664723e-03
2.4000000000000007e-02 -5.9999999999999984e-03 4.0000000000000001e-03  1.4716460920961598e-03
2.4000000000000007e-02 -2.9999999999999957e-03 4.0000000000000001e-03  1.4745137051500581e-03
2.4000000000000007e-02 0.0000000000000000e+00 4.0000000000000001e-03  1.4748780320436978e-03
2.4000000000000007e-02 3.0000000000000027e-03 4.0000000000000001e-03  1.4727185835739357e-03
2.4000000000000007e-02 6.0000000000000053e-03 4.0000000000000001e-03  1.4680344226043055e-03
2.4000000000000007e-02 9.0000000000000011e-03 4.0000000000000001e-03  1.4608441640650469e-03
2.4000000000000007e-02 1.2000000000000004e-02 4.0000000000000001e-03  1.4521744348189795e-03
2.4000000000000007e-02 1.4999999999999999e-02 4.0000000000000001e-03  1.4494219933272204e-03
2.4000000000000007e-02 1.8000000000000002e-02 4.0000000000000001e-03  1.4462860609745286e-03
2.4000000000000007e-02 2.1000000000000005e-02 4.0000000000000001e-03  1.4488886028139589e-03
2.4000000000000007e-02 2.4000000000000007e-02 4.0000000000000001e-03  1.4735359481810430e-03
2.4000000000000007e-02 2.7000000000000010e-02 4.0000000000000001e-03  1.5087871876738499e-03
2.4000000000000007e-02 2.9999999999999999e-02 4.0000000000000001e-03  1.5494397491203319e-03
2.4000000000000007e-02 3.3000000000000002e-02 4.0000000000000001e-03  1.5536840426292457e-03
2.4000000000000007e-02 3.6000000000000004e-02 4.0000000000000001e-03  1.5929714090887463e-03
2.4000000000000007e-02 3.9000000000000007e-02 4.0000000000000001e-03  1.6691785031192803e-03
2.4000000000000007e-02 4.2000000000000010e-02 4.0000000000000001e-03  1.7842560414652762e-03
2.4000000000000007e-02 4.4999999999999998e-02 4.0000000000000001e-03  1.9402288029951725e-03
2.7000000000000010e-02 -4.4999999999999998e-02 4.0000000000000001e-03  2.0195092647146192e-03
2.7000000000000010e-02 -4.1999999999999996e-02 4.0000000000000001e-03  1.8823593895855055e-03
2.7000000000000010e-02 -3.9000000000000000e-02 4.0000000000000001e-03  1.7875516979389324e-03
2.7000000000000010e-02 -3.5999999999999997e-02 4.0000000000000001e-03  1.7177700636527011e-03
2.7000000000000010e-02 -3.3000000000000002e-02 4.0000000000000001e-03  1.6709496061696571e-03
2.7000000000000010e-02 -2.9999999999999999e-02 4.0000000000000001e-03  1.6454393667072445e-03
2.7000000000000010e-02 -2.6999999999999996e-02 4.0000000000000001e-03  1.6220921919435330e-03
2.7000000000000010e-02 -2.3999999999999997e-02 4.0000000000000001e-03  1.5980998477201163e-03
2.7000000000000010e-02 -2.0999999999999998e-02 4.0000000000000001e-03  1.5734597657231825e-03
2.7000000000000010e-02 -1.7999999999999999e-02 4.0000000000000001e-03  1.5525144668381975e-03
2.7000000000000010e-02 -1.4999999999999999e-02 4.0000000000000001e-03  1.5394841724350489e-03
2.7000000000000010e-02 -1.1999999999999997e-02 4.0000000000000001e-03  1.5277536904158349e-03
2.7000000000000010e-02 -8.9999999999999941e-03 4.0000000000000001e-03  1.5174773515435910e-03
2.7000000000000010e-02 -5.9999999999999984e-03 4.0000000000000001e-03  1.5122090690152410e-03
2.7000000000000010e-02 -2.9999999999999957e-03 4.0000000000000001e-03  1.5111795142290435e-03
2.7000000000000010e-02 0.0000000000000000e+00 4.0000000000000001e-03  1.5076668424249845e-03
2.7000000000000010e-02 3.0000000000000027e-03 4.0000000000000001e-03  1.5016750312752303e-03
2.7000000000000010e-02 6.0000000000000053e-03 4.0000000000000001e-03  1.4932276105186345e-03
2.7000000000000010e-02 9.0000000000000011e-03 4.0000000000000001e-03  1.4825910475091937e-03
2.7000000000000010e-02 1.2000000000000004e-02 4.0000000000000001e-03  1.4814673701463493e-03
2.7000000000000010e-02 1.4999999999999999e-02 4.0000000000000001e-03  1.4799242678569672e-03
2.7000000000000010e-02 1.8000000000000002e-02 4.0000000000000001e-03  1.4779687504979041e-03
2.7000000000000010e-02 2.1000000000000005e-02 4.0000000000000001e-03  1.4756116185499310e-03
2.7000000000000010e-02 2.4000000000000007e-02 4.0000000000000001e-03  1.5006751697815731e-03
2.7000000000000010e-02 2.7000000000000010e-02 4.0000000000000001e-03  1.5397048082130761e-03
2.7000000000000010e-02 2.9999999999999999e-02 4.0000000000000001e-03  1.5750170842163014e-03
2.7000000000000010e-02 3.3000000000000002e-02 4.0000000000000001e-03  1.6068400526137771e-03
2.7000000000000010e-02 3.6000000000000004e-02 4.0000000000000001e-03  1.6260378272134645e-03
2.7000000000000010e-02 3.9000000000000007e-02 4.0000000000000001e-03  1.6810931406655387e-03
2.7000000000000010e-02 4.2000000000000010e-02 4.0000000000000001e-03  1.7739148644858097e-03
2.7000000000000010e-02 4.4999999999999998e-02 4.0000000000000001e-03  1.9064859323140802e-03
2.9999999999999999e-02 -4.4999999999999998e-02 4.0000000000000001e-03  2.0741577657196050e-03
2.9999999999999999e-02 -4.1999999999999996e-02 4.0000000000000001e-03  1.9269159084288616e-03
2.9999999999999999e-02 -3.9000000000000000e-02 4.0000000000000001e-03  1.8041386790361967e-03
2.9999999999999999e-02 -3.5999999999999997e-02 4.0000000000000001e-03  1.7340708878883844e-03
2.9999999999999999e-02 -3.3000000000000002e-02 4.0000000000000001e-03  1.6863895147240450e-03
2.9999999999999999e-02 -2.9999999999999999e-02 4.0000000000000001e-03  1.6634262184184367e-03
2.9999999999999999e-02 -2.6999999999999996e-02 4.0000000000000001e-03  1.6400883772078236e-03
2.9999999999999999e-02 -2.3999999999999997e-02 4.0000000000000001e-03  1.6198426662177412e-03
2.9999999999999999e-02 -2.0999999999999998e-02 4.0000000000000001e-03  1.6068384821250083e-03
2.9999999999999999e-02 -1.7999999999999999e-02 4.0000000000000001e-03  1.5951517275949140e-03
2.9999999999999999e-02 -1.4999999999999999e-02 4.0000000000000001e-03  1.5848253620695685e-03
2.9999999999999999e-02 -1.1999999999999997e-02 4.0000000000000001e-03  1.5759309640977961e-03
2.9999999999999999e-02 -8.9999999999999941e-03 4.0000000000000001e-03  1.5653914334337348e-03
2.9999999999999999e-02 -5.9999999999999984e-03 4.0000000000000001e-03  1.5580990814859006e-03
2.9999999999999999e-02 -2.9999999999999957e-03 4.0000000000000001e-03  1.5533578360270080e-03
2.9999999999999999e-02 0.0000000000000000e+00 4.0000000000000001e-03  1.5461956747678657e-03
2.9999999999999999e-02 3.0000000000000027e-03 4.0000000000000001e-03  1.5366410422559564e-03
2.9999999999999999e-02 6.0000000000000053e-03 4.0000000000000001e-03  1.5247419351054363e-03
2.9999999999999999e-02 9.0000000000000011e-03 4.0000000000000001e-03  1.5241717641498232e-03
2.9999999999999999e-02 1.2000000000000004e-02 4.0000000000000001e-03  1.5242667496084127e-03
2.9999999999999999e-02 1.4999999999999999e-02 4.0000000000000001e-03  1.5239128430672877e-03
2.9999999999999999e-02 1.8000000000000002e-02 4.0000000000000001e-03  1.5231176706990664e-03
2.9999999999999999e-02 2.1000000000000005e-02 4.0000000000000001e-03  1.5218926493002654e-03
2.9999999999999999e-02 2.4000000000000007e-02 4.0000000000000001e-03  1.5408443803241660e-03
2.9999999999999999e-02 2.7000000000000010e-02 4.0000000000000001e-03  1.5831307441890280e-03
2.9999999999999999e-02 2.9999999999999999e-02 4.0000000000000001e-03  1.6221115088931105e-03
2.9999999999999999e-02 3.3000000000000002e-02 4.0000000000000001e-03  1.6627449408769129e-03
2.9999999999999999e-02 3.6000000000000004e-02 4.0000000000000001e-03  1.6805763280818603e-03
2.9999999999999999e-02 3.9000000000000007e-02 4.0000000000000001e-03  1.7150199706559858e-03
2.9999999999999999e-02 4.2000000000000010e-02 4.0000000000000001e-03  1.7860936402929141e-03
2.9999999999999999e-02 4.4999999999999998e-02 4.0000000000000001e-03  1.8957384254038173e-03
3.3000000000000002e-02 -4.4999999999999998e-02 4.0000000000000001e-03  2.1367058058758257e-03
3.3000000000000002e-02 -4.1999999999999996e-02 4.0000000000000001e-03  1.9943661576299863e-03
3.3000000000000002e-02 -3.9000000000000000e-02 4.0000000000000001e-03  1.8664237723713332e-03
3.3000000000000002e-02 -3.5999999999999997e-02 4.0000000000000001e-03  1.7528321369937518e-03
3.3000000000000002e-02 -3.3000000000000002e-02 4.0000000000000001e-03  1.7062351796589493e-03
3.3000000000000002e-02 -2.9999999999999999e-02 4.0000000000000001e-03  1.6866108478033627e-03
3.3000000000000002e-02 -2.6999999999999996e-02 4.0000000000000001e-03  1.6735527406339407e-03
3.3000000000000002e-02 -2.3999999999999997e-02 4.0000000000000001e-03  1.6618895018808344e-03
3.3000000000000002e-02 -2.0999999999999998e-02 4.0000000000000001e-03  1.6516266081227642e-03
3.3000000000000002e-02 -1.7999999999999999e-02 4.0000000000000001e-03  1.6427981550451716e-03
3.3000000000000002e-02 -1.4999999999999999e-02 4.0000000000000001e-03  1.6354668574402229e-03
3.3000000000000002e-02 -1.1999999999999997e-02 4.0000000000000001e-03  1.6297240492068074e-03
3.3000000000000002e-02 -8.9999999999999941e-03 4.0000000000000001e-03  1.6197353653520123e-03
3.3000000000000002e-02 -5.9999999999999984e-03 4.0000000000000001e-03  1.6102795187833297e-03
3.3000000000000002e-02 -2.9999999999999957e-03 4.0000000000000001e-03  1.6020988181863153e-03
3.3000000000000002e-02 0.0000000000000000e+00 4.0000000000000001e-03  1.5916014350818798e-03
3.3000000000000002e-02 3.0000000000000027e-03 4.0000000000000001e-03  1.5788402808928122e-03
3.3000000000000002e-02 6.0000000000000053e-03 4.0000000000000001e-03  1.5781036078383525e-03
3.3000000000000002e-02 9.0000000000000011e-03 4.0000000000000001e-03  1.5798728191314039e-03
3.3000000000000002e-02 1.2000000000000004e-02 4.0000000000000001e-03  1.5811592929384085e-03
3.3000000000000002e-02 1.4999999999999999e-02 4.0000000000000001e-03  1.5819674811238427e-03
3.3000000000000002e-02 1.8000000000000002e-02 4.0000000000000001e-03  1.5823056261760786e-03
3.3000000000000002e-02 2.1000000000000005e-02 4.0000000000000001e-03  1.5821857612073958e-03
3.3000000000000002e-02 2.4000000000000007e-02 4.0000000000000001e-03  1.5946059920952419e-03
3.3000000000000002e-02 2.7000000000000010e-02 4.0000000000000001e-03  1.6392972758326875e-03
3.3000000000000002e-02 2.9999999999999999e-02 4.0000000000000001e-03  1.6884741804266688e-03
3.3000000000000002e-02 3.3000000000000002e-02 4.0000000000000001e-03  1.7116655533826203e-03
3.3000000000000002e-02 3.6000000000000004e-02 4.0000000000000001e-03  1.7539116815744316e-03
3.3000000000000002e-02 3.9000000000000007e-02 4.0000000000000001e-03  1.7707446198570746e-03
3.3000000000000002e-02 4.2000000000000010e-02 4.0000000000000001e-03  1.8206619790509227e-03
3.3000000000000002e-02 4.4999999999999998e-02 4.0000000000000001e-03  1.9079398758265992e-03
3.6000000000000004e-02 -4.4999999999999998e-02 4.0000000000000001e-03  2.2010177030507704e-03
3.6000000000000004e-02 -4.1999999999999996e-02 4.0000000000000001e-03  2.0698118996057171e-03
3.6000000000000004e-02 -3.9000000000000000e-02 4.0000000000000001e-03  1.9453743433402795e-03
3.6000000000000004e-02 -3.5999999999999997e-02 4.0000000000000001e-03  1.8336017353303537e-03
3.6000000000000004e-02 -3.3000000000000002e-02 4.0000000000000001e-03  1.7676086497269005e-03
3.6000000000000004e-02 -2.9999999999999999e-02 4.0000000000000001e-03  1.7282559846633959e-03
3.6000000000000004e-02 -2.6999999999999996e-02 4.0000000000000001e-03  1.7179889609281974e-03
3.6000000000000004e-02 -2.3999999999999997e-02 4.0000000000000001e-03  1.7092186726753518e-03
3.6000000000000004e-02 -2.0999999999999998e-02 4.0000000000000001e-03  1.7019703518336355e-03
3.6000000000000004e-02 -1.7999999999999999e-02 4.0000000000000001e-03  1.6962978494385521e-03
3.6000000000000004e-02 -1.4999999999999999e-02 4.0000000000000001e-03  1.6922836356323314e-03
3.6000000000000004e-02 -1.1999999999999997e-02 4.0000000000000001e-03  1.6900387996639191e-03
3.6000000000000004e-02 -8.9999999999999941e-03 4.0000000000000001e-03  1.6815162285437699e-03
3.6000000000000004e-02 -5.9999999999999984e-03 4.0000000000000001e-03  1.6699093753254600e-03
3.6000000000000004e-02 -2.9999999999999957e-03 4.0000000000000001e-03  1.6586482134920706e-03
3.6000000000000004e-02 0.0000000000000000e+00 4.0000000000000001e-03  1.6452166345193016e-03
3.6000000000000004e-02 3.0000000000000027e-03 4.0000000000000001e-03  1.6438639267809577e-03
3.6000000000000004e-02 6.0000000000000053e-03 4.0000000000000001e-03  1.6473343823967749e-03
3.6000000000000004e-02 9.0000000000000011e-03 4.0000000000000001e-03  1.6502908864839232e-03
3.6000000000000004e-02 1.2000000000000004e-02 4.0000000000000001e-03  1.6527347165987357e-03
3.6000000000000004e-02 1.4999999999999999e-02 4.0000000000000001e-03  1.6546709409214475e-03
3.6000000000000004e-02 1.8000000000000002e-02 4.0000000000000001e-03  1.6561084182561815e-03
3.6000000000000004e-02 2.1000000000000005e-02 4.0000000000000001e-03  1.6570597980309681e-03
3.6000000000000004e-02 2.4000000000000007e-02 4.0000000000000001e-03  1.6625212947693896e-03
3.6000000000000004e-02 2.7000000000000010e-02 4.0000000000000001e-03  1.7084498586861642e-03
3.6000000000000004e-02 2.9999999999999999e-02 4.0000000000000001e-03  1.7693834814669976e-03
3.6000000000000004e-02 3.3000000000000002e-02 4.0000000000000001e-03  1.7988745913060295e-03
3.6000000000000004e-02 3.6000000000000004e-02 4.0000000000000001e-03  1.8248315597897352e-03
3.6000000000000004e-02 3.9000000000000007e-02 4.0000000000000001e-03  1.8479682069945714e-03
3.6000000000000004e-02 4.2000000000000010e-02 4.0000000000000001e-03  1.8774049828834834e-03
3.6000000000000004e-02 4.4999999999999998e-02 4.0000000000000001e-03  1.9429593691039579e-03
3.9000000000000007e-02 -4.4999999999999998e-02 4.0000000000000001e-03  2.2258067079364867e-03
3.9000000000000007e-02 -4.1999999999999996e-02 4.0000000000000001e-03  2.1531601008935187e-03
3.9000000000000007e-02 -3.9000000000000000e-02 4.0000000000000001e-03  2.0346485052705303e-03
3.9000000000000007e-02 -3.5999999999999997e-02 4.0000000000000001e-03  1.9621138179286403e-03
3.9000000000000007e-02 -3.3000000000000002e-02 4.0000000000000001e-03  1.8969556591174410e-03
3.9000000000000007e-02 -2.9999999999999999e-02 4.0000000000000001e-03  1.8393213432916619e-03
3.9000000000000007e-02 -2.6999999999999996e-02 4.0000000000000001e-03  1.7894084402568910e-03
3.9000000000000007e-02 -2.3999999999999997e-02 4.0000000000000001e-03  1.7627492935392752e-03
3.9000000000000007e-02 -2.0999999999999998e-02 4.0000000000000001e-03  1.7588197050313389e-03
3.9000000000000007e-02 -1.7999999999999999e-02 4.0000000000000001e-03  1.7566316793845022e-03
3.9000000000000007e-02 -1.4999999999999999e-02 4.0000000000000001e-03  1.7562874420910656e-03
3.9000000000000007e-02 -1.1999999999999997e-02 4.0000000000000001e-03  1.7579178377500329e-03
3.9000000000000007e-02 -8.9999999999999941e-03 4.0000000000000001e-03  1.7518941137845967e-03
3.9000000000000007e-02 -5.9999999999999984e-03 4.0000000000000001e-03  1.7383432506729720e-03
3.9000000000000007e-02 -2.9999999999999957e-03 4.0000000000000001e-03  1.7244473798721212e-03
3.9000000000000007e-02 0.0000000000000000e+00 4.0000000000000001e-03  1.7220863396149779e-03
3.9000000000000007e-02 3.0000000000000027e-03 4.0000000000000001e-03  1.7272759384436807e-03
3.9000000000000007e-02 6.0000000000000053e-03 4.0000000000000001e-03  1.7319230031448052e-03
3.9000000000000007e-02 9.0000000000000011e-03 4.0000000000000001e-03  1.7360256369665368e-03
3.9000000000000007e-02 1.2000000000000004e-02 4.0000000000000001e-03  1.7395857337809699e-03
3.9000000000000007e-02 1.4999999999999999e-02 4.0000000000000001e-03  1.7426089780840839e-03
3.9000000000000007e-02 1.8000000000000002e-02 4.0000000000000001e-03  1.7451048449957682e-03
3.9000000000000007e-02 2.1000000000000005e-02 4.0000000000000001e-03  1.7470866002598034e-03
3.9000000000000007e-02 2.4000000000000007e-02 4.0000000000000001e-03  1.7485713002438734e-03
3.9000000000000007e-02 2.7000000000000010e-02 4.0000000000000001e-03  1.7908471236027096e-03
3.9000000000000007e-02 2.9999999999999999e-02 4.0000000000000001e-03  1.8650028813906501e-03
3.9000000000000007e-02 3.3000000000000002e-02 4.0000000000000001e-03  1.9056461863905044e-03
3.9000000000000007e-02 3.6000000000000004e-02 4.0000000000000001e-03  1.9147911846808768e-03
3.9000000000000007e-02 3.9000000000000007e-02 4.0000000000000001e-03  1.9413719719791347e-03
3.9000000000000007e-02 4.2000000000000010e-02 4.0000000000000001e-03  1.9560232458735588e-03
3.9000000000000007e-02 4.4999999999999998e-02 4.0000000000000001e-03  2.0047229049903678e-03
4.2000000000000010e-02 -4.4999999999999998e-02 4.0000000000000001e-03  2.2977748512184922e-03
4.2000000000000010e-02 -4.1999999999999996e-02 4.0000000000000001e-03  2.2522218007357698e-03
4.2000000000000010e-02 -3.9000000000000000e-02 4.0000000000000001e-03  2.1715467730445111e-03
4.2000000000000010e-02 -3.5999999999999997e-02 4.0000000000000001e-03  2.0981881455856516e-03
4.2000000000000010e-02 -3.3000000000000002e-02 4.0000000000000001e-03  2.0320423652226806e-03
4.2000000000000010e-02 -2.9999999999999999e-02 4.0000000000000001e-03  1.9730561341699533e-03
4.2000000000000010e-02 -2.6999999999999996e-02 4.0000000000000001e-03  1.9212264099926866e-03
4.2000000000000010e-02 -2.3999999999999997e-02 4.0000000000000001e-03  1.8766004056069542e-03
4.2000000000000010e-02 -2.0999999999999998e-02 4.0000000000000001e-03  1.8392755892796969e-03
4.2000000000000010e-02 -1.7999999999999999e-02 4.0000000000000001e-03  1.8249172818523166e-03
4.2000000000000010e-02 -1.4999999999999999e-02 4.0000000000000001e-03  1.8286267906214477e-03
4.2000000000000010e-02 -1.1999999999999997e-02 4.0000000000000001e-03  1.8345405541058974e-03
4.2000000000000010e-02 -8.9999999999999941e-03 4.0000000000000001e-03  1.8321821213803217e-03
4.2000000000000010e-02 -5.9999999999999984e-03 4.0000000000000001e-03  1.8171313495292782e-03
4.2000000000000010e-02 -2.9999999999999957e-03 4.0000000000000001e-03  1.8134370580460562e-03
4.2000000000000010e-02 0.0000000000000000e+00 4.0000000000000001e-03  1.8203545793795833e-03
4.2000000000000010e-02 3.0000000000000027e-03 4.0000000000000001e-03  1.8267036154303320e-03
4.2000000000000010e-02 6.0000000000000053e-03 4.0000000000000001e-03  1.8324790951383427e-03
4.2000000000000010e-02 9.0000000000000011e-03 4.0000000000000001e-03  1.8376797380675646e-03
4.2000000000000010e-02 1.2000000000000004e-02 4.0000000000000001e-03  1.8423080544058353e-03
4.2000000000000010e-02 1.4999999999999999e-02 4.0000000000000001e-03  1.8463703449649019e-03
4.2000000000000010e-02 1.8000000000000002e-02 4.0000000000000001e-03  1.8498767011804016e-03
4.2000000000000010e-02 2.1000000000000005e-02 4.0000000000000001e-03  1.8528410051118756e-03
4.2000000000000010e-02 2.4000000000000007e-02 4.0000000000000001e-03  1.8552809294427582e-03
4.2000000000000010e-02 2.7000000000000010e-02 4.0000000000000001e-03  1.8867608767466888e-03
4.2000000000000010e-02 2.9999999999999999e-02 4.0000000000000001e-03  1.9755090248853155e-03
4.2000000000000010e-02 3.3000000000000002e-02 4.0000000000000001e-03  2.0291291190091638e-03
4.2000000000000010e-02 3.6000000000000004e-02 4.0000000000000001e-03  2.0478953247614288e-03
4.2000000000000010e-02 3.9000000000000007e-02 4.0000000000000001e-03  2.0522752694929862e-03
4.2000000000000010e-02 4.2000000000000010e-02 4.0000000000000001e-03  2.0610546403214583e-03
4.2000000000000010e-02 4.4999999999999998e-02 4.0000000000000001e-03  2.0946796073205935e-03
4.4999999999999998e-02 -4.4999999999999998e-02 4.0000000000000001e-03  2.4707209291952820e-03
4.4999999999999998e-02 -4.1999999999999996e-02 4.0000000000000001e-03  2.3946287091925695e-03
4.4999999999999998e-02 -3.9000000000000000e-02 4.0000000000000001e-03  2.3172897251105638e-03
4.4999999999999998e-02 -3.5999999999999997e-02 4.0000000000000001e-03  2.2392384014671926e-03
4.4999999999999998e-02 -3.3000000000000002e-02 4.0000000000000001e-03  2.1602034836571437e-03
4.4999999999999998e-02 -2.9999999999999999e-02 4.0000000000000001e-03  2.0799892149503648e-03
4.4999999999999998e-02 -2.6999999999999996e-02 4.0000000000000001e-03  2.0409016387017108e-03
4.4999999999999998e-02 -2.3999999999999997e-02 4.0000000000000001e-03  2.0168232319429046e-03
4.4999999999999998e-02 -2.0999999999999998e-02 4.0000000000000001e-03  1.9787546341923151e-03
4.4999999999999998e-02 -1.7999999999999999e-02 4.0000000000000001e-03  1.9474390513276089e-03
4.4999999999999998e-02 -1.4999999999999999e-02 4.0000000000000001e-03  1.9228738500770665e-03
4.4999999999999998e-02 -1.1999999999999997e-02 4.0000000000000001e-03  1.9212231077321198e-03
4.4999999999999998e-02 -8.9999999999999941e-03 4.0000000000000001e-03  1.9238898247595534e-03
4.4999999999999998e-02 -5.9999999999999984e-03 4.0000000000000001e-03  1.9186148868481434e-03
4.4999999999999998e-02 -2.9999999999999957e-03 4.0000000000000001e-03  1.9272599903802545e-03
4.4999999999999998e-02 0.0000000000000000e+00 4.0000000000000001e-03  1.9353132889180949e-03
4.4999999999999998e-02 3.0000000000000027e-03 4.0000000000000001e-03  1.9427665370935602e-03
4.4999999999999998e-02 6.0000000000000053e-03 4.0000000000000001e-03  1.9496152801624540e-03
4.4999999999999998e-02 9.0000000000000011e-03 4.0000000000000001e-03  1.9558588540044821e-03
4.4999999999999998e-02 1.2000000000000004e-02 4.0000000000000001e-03  1.9615003851232338e-03
4.4999999999999998e-02 1.4999999999999999e-02 4.0000000000000001e-03  1.9665467906462126e-03
4.4999999999999998e-02 1.8000000000000002e-02 4.0000000000000001e-03  1.9710087783248111e-03
4.4999999999999998e-02 2.1000000000000005e-02 4.0000000000000001e-03  1.9749008465343274e-03
4.4999999999999998e-02 2.4000000000000007e-02 4.0000000000000001e-03  1.9782412842739511e-03
4.4999999999999998e-02 2.7000000000000010e-02 4.0000000000000001e-03  1.9964760995936181e-03
4.4999999999999998e-02 2.9999999999999999e-02 4.0000000000000001e-03  2.1010917319498109e-03
4.4999999999999998e-02 3.3000000000000002e-02 4.0000000000000001e-03  2.1694180476841290e-03
4.4999999999999998e-02 3.6000000000000004e-02 4.0000000000000001e-03  2.2007433701326136e-03
4.4999999999999998e-02 3.9000000000000007e-02 4.0000000000000001e-03  2.1964844258236505e-03
4.4999999999999998e-02 4.2000000000000010e-02 4.0000000000000001e-03  2.1846788680855095e-03
4.4999999999999998e-02 4.4999999999999998e-02 4.0000000000000001e-03  2.1877439031203739e-03
