Grid Output Min: [-45mm -45mm 4mm] Max: [45mm 45mm 4mm] Grid Size: [3mm 3mm 0mm]
X, Y, Z, Scalar data "Mag_B"
-4.4999999999999998e-02 -4.4999999999999998e-02 4.0000000000000001e-03  2.3260973918094153e-03
-4.4999999999999998e-02 -4.1999999999999996e-02 4.0000000000000001e-03  2.1757959419576737e-03
-4.4999999999999998e-02 -3.9000000000000000e-02 4.0000000000000001e-03  2.0940336029114108e-03
-4.4999999999999998e-02 -3.5999999999999997e-02 4.0000000000000001e-03  2.0282690680713871e-03
-4.4999999999999998e-02 -3.3000000000000002e-02 4.0000000000000001e-03  1.9782100132527082e-03
-4.4999999999999998e-02 -2.9999999999999999e-02 4.0000000000000001e-03  1.9331168526369273e-03
-4.4999999999999998e-02 -2.6999999999999996e-02 4.0000000000000001e-03  1.8929724073720427e-03
-4.4999999999999998e-02 -2.3999999999999997e-02 4.0000000000000001e-03  1.8577992401533040e-03
-4.4999999999999998e-02 -2.0999999999999998e-02 4.0000000000000001e-03  1.8948756276063129e-03
-4.4999999999999998e-02 -1.7999999999999999e-02 4.0000000000000001e-03  1.8711375524373564e-03
-4.4999999999999998e-02 -1.4999999999999999e-02 4.0000000000000001e-03  1.8584664922630240e-03
-4.4999999999999998e-02 -1.1999999999999997e-02 4.0000000000000001e-03  1.8476541873306508e-03
-4.4999999999999998e-02 -8.9999999999999941e-03 4.0000000000000001e-03  1.8384835421592397e-03
-4.4999999999999998e-02 -5.9999999999999984e-03 4.0000000000000001e-03  1.8309150272126666e-03
-4.4999999999999998e-02 -2.9999999999999957e-03 4.0000000000000001e-03  1.8249725912558102e-03
-4.4999999999999998e-02 0.0000000000000000e+00 4.0000000000000001e-03  1.8207436613545689e-03
-4.4999999999999998e-02 3.0000000000000027e-03 4.0000000000000001e-03  1.8059703919870546e-03
-4.4999999999999998e-02 6.0000000000000053e-03 4.0000000000000001e-03  1.7918098097330774e-03
-4.4999999999999998e-02 9.0000000000000011e-03 4.0000000000000001e-03  1.7990212273277283e-03
-4.4999999999999998e-02 1.2000000000000004e-02 4.0000000000000001e-03  1.8125095898881285e-03
-4.4999999999999998e-02 1.4999999999999999e-02 4.0000000000000001e-03  1.8174630135009032e-03
-4.4999999999999998e-02 1.8000000000000002e-02 4.0000000000000001e-03  1.8242648229045341e-03
-4.4999999999999998e-02 2.1000000000000005e-02 4.0000000000000001e-03  1.8427704324428637e-03
-4.4999999999999998e-02 2.4000000000000007e-02 4.0000000000000001e-03  1.8728563892150894e-03
-4.4999999999999998e-02 2.7000000000000010e-02 4.0000000000000001e-03  1.9167541886417081e-03
-4.4999999999999998e-02 2.9999999999999999e-02 4.0000000000000001e-03  1.9846158221404628e-03
-4.4999999999999998e-02 3.3000000000000002e-02 4.0000000000000001e-03  2.0360657819604080e-03
-4.4999999999999998e-02 3.6000000000000004e-02 4.0000000000000001e-03  2.0703464154325853e-03
-4.4999999999999998e-02 3.9000000000000007e-02 4.0000000000000001e-03  2.0869347661368453e-03
-4.4999999999999998e-02 4.2000000000000010e-02 4.0000000000000001e-03  2.0945619147438714e-03
-4.4999999999999998e-02 4.4999999999999998e-02 4.0000000000000001e-03  2.1544043611993959e-03
-4.1999999999999996e-02 -4.4999999999999998e-02 4.0000000000000001e-03  2.2286129476212567e-03
-4.1999999999999996e-02 -4.1999999999999996e-02 4.0000000000000001e-03  2.0764280135806635e-03
-4.1999999999999996e-02 -3.9000000000000000e-02 4.0000000000000001e-03  1.9948387059013366e-03
-4.1999999999999996e-02 -3.5999999999999997e-02 4.0000000000000001e-03  1.9107526332215415e-03
-4.1999999999999996e-02 -3.3000000000000002e-02 4.0000000000000001e-03  1.8529785057865452e-03
-4.1999999999999996e-02 -2.9999999999999999e-02 4.0000000000000001e-03  1.8071460305503473e-03
-4.1999999999999996e-02 -2.6999999999999996e-02 4.0000000000000001e-03  1.7665862601393579e-03
-4.1999999999999996e-02 -2.3999999999999997e-02 4.0000000000000001e-03  1.7509529161202349e-03
-4.1999999999999996e-02 -2.0999999999999998e-02 4.0000000000000001e-03  1.7794347946715984e-03
-4.1999999999999996e-02 -1.7999999999999999e-02 4.0000000000000001e-03  1.7627945757064493e-03
-4.1999999999999996e-02 -1.4999999999999999e-02 4.0000000000000001e-03  1.7417151602353029e-03
-4.1999999999999996e-02 -1.1999999999999997e-02 4.0000000000000001e-03  1.7330728449820555e-03
-4.1999999999999996e-02 -8.9999999999999941e-03 4.0000000000000001e-03  1.7258657589563047e-03
-4.1999999999999996e-02 -5.9999999999999984e-03 4.0000000000000001e-03  1.7200647803464818e-03
-4.1999999999999996e-02 -2.9999999999999957e-03 4.0000000000000001e-03  1.7157042656420240e-03
-4.1999999999999996e-02 0.0000000000000000e+00 4.0000000000000001e-03  1.7090594203684249e-03
-4.1999999999999996e-02 3.0000000000000027e-03 4.0000000000000001e-03  1.6967713045973657e-03
-4.1999999999999996e-02 6.0000000000000053e-03 4.0000000000000001e-03  1.6862409536244675e-03
-4.1999999999999996e-02 9.0000000000000011e-03 4.0000000000000001e-03  1.6773710808018628e-03
-4.1999999999999996e-02 1.2000000000000004e-02 4.0000000000000001e-03  1.6933699565579976e-03
-4.1999999999999996e-02 1.4999999999999999e-02 4.0000000000000001e-03  1.7102443222781105e-03
-4.1999999999999996e-02 1.8000000000000002e-02 4.0000000000000001e-03  1.7276344083513575e-03
-4.1999999999999996e-02 2.1000000000000005e-02 4.0000000000000001e-03  1.7379430485367870e-03
-4.1999999999999996e-02 2.4000000000000007e-02 4.0000000000000001e-03  1.7581618385407150e-03
-4.1999999999999996e-02 2.7000000000000010e-02 4.0000000000000001e-03  1.7903466219714981e-03
-4.1999999999999996e-02 2.9999999999999999e-02 4.0000000000000001e-03  1.8442289522323514e-03
-4.1999999999999996e-02 3.3000000000000002e-02 4.0000000000000001e-03  1.8872066926657388e-03
-4.1999999999999996e-02 3.6000000000000004e-02 4.0000000000000001e-03  1.9126659860943299e-03
-4.1999999999999996e-02 3.9000000000000007e-02 4.0000000000000001e-03  1.9340931799127084e-03
-4.1999999999999996e-02 4.2000000000000010e-02 4.0000000000000001e-03  1.9984941227888654e-03
-4.1999999999999996e-02 4.4999999999999998e-02 4.0000000000000001e-03  2.1099397193255799e-03
-3.9000000000000000e-02 -4.4999999999999998e-02 4.0000000000000001e-03  2.1235631503949250e-03
-3.9000000000000000e-02 -4.1999999999999996e-02 4.0000000000000001e-03  1.9804331980492729e-03
-3.9000000000000000e-02 -3.9000000000000000e-02 4.0000000000000001e-03  1.8893410773341015e-03
-3.9000000000000000e-02 -3.5999999999999997e-02 4.0000000000000001e-03  1.8397828371851830e-03
-3.9000000000000000e-02 -3.3000000000000002e-02 4.0000000000000001e-03  1.7627371521802312e-03
-3.9000000000000000e-02 -2.9999999999999999e-02 4.0000000000000001e-03  1.7124325066705838e-03
-3.9000000000000000e-02 -2.6999999999999996e-02 4.0000000000000001e-03  1.6715891848083334e-03
-3.9000000000000000e-02 -2.3999999999999997e-02 4.0000000000000001e-03  1.6861872104760812e-03
-3.9000000000000000e-02 -2.0999999999999998e-02 4.0000000000000001e-03  1.6812364352966278e-03
-3.9000000000000000e-02 -1.7999999999999999e-02 4.0000000000000001e-03  1.6681654031779009e-03
-3.9000000000000000e-02 -1.4999999999999999e-02 4.0000000000000001e-03  1.6407628274084682e-03
-3.9000000000000000e-02 -1.1999999999999997e-02 4.0000000000000001e-03  1.6342122428140919e-03
-3.9000000000000000e-02 -8.9999999999999941e-03 4.0000000000000001e-03  1.6288926716382511e-03
-3.9000000000000000e-02 -5.9999999999999984e-03 4.0000000000000001e-03  1.6247853997939253e-03
-3.9000000000000000e-02 -2.9999999999999957e-03 4.0000000000000001e-03  1.6219351914951129e-03
-3.9000000000000000e-02 0.0000000000000000e+00 4.0000000000000001e-03  1.6133869540421771e-03
-3.9000000000000000e-02 3.0000000000000027e-03 4.0000000000000001e-03  1.6044568075248994e-03
-3.9000000000000000e-02 6.0000000000000053e-03 4.0000000000000001e-03  1.5970659273047856e-03
-3.9000000000000000e-02 9.0000000000000011e-03 4.0000000000000001e-03  1.5911270613732246e-03
-3.9000000000000000e-02 1.2000000000000004e-02 4.0000000000000001e-03  1.5911180883900475e-03
-3.9000000000000000e-02 1.4999999999999999e-02 4.0000000000000001e-03  1.6107396057801937e-03
-3.9000000000000000e-02 1.8000000000000002e-02 4.0000000000000001e-03  1.6309376367410356e-03
-3.9000000000000000e-02 2.1000000000000005e-02 4.0000000000000001e-03  1.6517213588225677e-03
-3.9000000000000000e-02 2.4000000000000007e-02 4.0000000000000001e-03  1.6720258185845757e-03
-3.9000000000000000e-02 2.7000000000000010e-02 4.0000000000000001e-03  1.6939962809784466e-03
-3.9000000000000000e-02 2.9999999999999999e-02 4.0000000000000001e-03  1.7326512943337770e-03
-3.9000000000000000e-02 3.3000000000000002e-02 4.0000000000000001e-03  1.7665914007264909e-03
-3.9000000000000000e-02 3.6000000000000004e-02 4.0000000000000001e-03  1.8026123622059199e-03
-3.9000000000000000e-02 3.9000000000000007e-02 4.0000000000000001e-03  1.8839523028529334e-03
-3.9000000000000000e-02 4.2000000000000010e-02 4.0000000000000001e-03  1.9776697504046647e-03
-3.9000000000000000e-02 4.4999999999999998e-02 4.0000000000000001e-03  2.0902834653223454e-03
-3.5999999999999997e-02 -4.4999999999999998e-02 4.0000000000000001e-03  2.0566002030679279e-03
-3.5999999999999997e-02 -4.1999999999999996e-02 4.0000000000000001e-03  1.9199681253559773e-03
-3.5999999999999997e-02 -3.9000000000000000e-02 4.0000000000000001e-03  1.8199553473270925e-03
-3.5999999999999997e-02 -3.5999999999999997e-02 4.0000000000000001e-03  1.7579533864093614e-03
-3.5999999999999997e-02 -3.3000000000000002e-02 4.0000000000000001e-03  1.7079992662284195e-03
-3.5999999999999997e-02 -2.9999999999999999e-02 4.0000000000000001e-03  1.6476949594399911e-03
-3.5999999999999997e-02 -2.6999999999999996e-02 4.0000000000000001e-03  1.6123231273910794e-03
-3.5999999999999997e-02 -2.3999999999999997e-02 4.0000000000000001e-03  1.6161761825936459e-03
-3.5999999999999997e-02 -2.0999999999999998e-02 4.0000000000000001e-03  1.5993837380455624e-03
-3.5999999999999997e-02 -1.7999999999999999e-02 4.0000000000000001e-03  1.5866776060217001e-03
-3.5999999999999997e-02 -1.4999999999999999e-02 4.0000000000000001e-03  1.5560925595400187e-03
-3.5999999999999997e-02 -1.1999999999999997e-02 4.0000000000000001e-03  1.5505757017831823e-03
-3.5999999999999997e-02 -8.9999999999999941e-03 4.0000000000000001e-03  1.5470670876130662e-03
-3.5999999999999997e-02 -5.9999999999999984e-03 4.0000000000000001e-03  1.5445791794145552e-03
-3.5999999999999997e-02 -2.9999999999999957e-03 4.0000000000000001e-03  1.5415295175149476e-03
-3.5999999999999997e-02 0.0000000000000000e+00 4.0000000000000001e-03  1.5340563348475267e-03
-3.5999999999999997e-02 3.0000000000000027e-03 4.0000000000000001e-03  1.5280060691235855e-03
-3.5999999999999997e-02 6.0000000000000053e-03 4.0000000000000001e-03  1.5232967912961837e-03
-3.5999999999999997e-02 9.0000000000000011e-03 4.0000000000000001e-03  1.5198512839959607e-03
-3.5999999999999997e-02 1.2000000000000004e-02 4.0000000000000001e-03  1.5175970415311306e-03
-3.5999999999999997e-02 1.4999999999999999e-02 4.0000000000000001e-03  1.5259038385936623e-03
-3.5999999999999997e-02 1.8000000000000002e-02 4.0000000000000001e-03  1.5487525055611132e-03
-3.5999999999999997e-02 2.1000000000000005e-02 4.0000000000000001e-03  1.5722341235776675e-03
-3.5999999999999997e-02 2.4000000000000007e-02 4.0000000000000001e-03  1.5963539925069499e-03
-3.5999999999999997e-02 2.7000000000000010e-02 4.0000000000000001e-03  1.6211213147235123e-03
-3.5999999999999997e-02 2.9999999999999999e-02 4.0000000000000001e-03  1.6482627571104093e-03
-3.5999999999999997e-02 3.3000000000000002e-02 4.0000000000000001e-03  1.6879033231873965e-03
-3.5999999999999997e-02 3.6000000000000004e-02 4.0000000000000001e-03  1.7437937988228226e-03
-3.5999999999999997e-02 3.9000000000000007e-02 4.0000000000000001e-03  1.8199992339537046e-03
-3.5999999999999997e-02 4.2000000000000010e-02 4.0000000000000001e-03  1.9170430431602419e-03
-3.5999999999999997e-02 4.4999999999999998e-02 4.0000000000000001e-03  2.0355297289707864e-03
-3.3000000000000002e-02 -4.4999999999999998e-02 4.0000000000000001e-03  2.0035023751653934e-03
-3.3000000000000002e-02 -4.1999999999999996e-02 4.0000000000000001e-03  1.8727893039401414e-03
-3.3000000000000002e-02 -3.9000000000000000e-02 4.0000000000000001e-03  1.7853346417488953e-03
-3.3000000000000002e-02 -3.5999999999999997e-02 4.0000000000000001e-03  1.7118421689239411e-03
-3.3000000000000002e-02 -3.3000000000000002e-02 4.0000000000000001e-03  1.6535274435958175e-03
-3.3000000000000002e-02 -2.9999999999999999e-02 4.0000000000000001e-03  1.6127935822748682e-03
-3.3000000000000002e-02 -2.6999999999999996e-02 4.0000000000000001e-03  1.5763416265891195e-03
-3.3000000000000002e-02 -2.3999999999999997e-02 4.0000000000000001e-03  1.5565760956673435e-03
-3.3000000000000002e-02 -2.0999999999999998e-02 4.0000000000000001e-03  1.5330009602857817e-03
-3.3000000000000002e-02 -1.7999999999999999e-02 4.0000000000000001e-03  1.5177611521972000e-03
-3.3000000000000002e-02 -1.4999999999999999e-02 4.0000000000000001e-03  1.4924464300373540e-03
-3.3000000000000002e-02 -1.1999999999999997e-02 4.0000000000000001e-03  1.4816606113924480e-03
-3.3000000000000002e-02 -8.9999999999999941e-03 4.0000000000000001e-03  1.4798858828354458e-03
-3.3000000000000002e-02 -5.9999999999999984e-03 4.0000000000000001e-03  1.4789424816146215e-03
-3.3000000000000002e-02 -2.9999999999999957e-03 4.0000000000000001e-03  1.4748982841199217e-03
-3.3000000000000002e-02 0.0000000000000000e+00 4.0000000000000001e-03  1.4700478788931090e-03
-3.3000000000000002e-02 3.0000000000000027e-03 4.0000000000000001e-03  1.4664322976702733e-03
-3.3000000000000002e-02 6.0000000000000053e-03 4.0000000000000001e-03  1.4639796460437227e-03
-3.3000000000000002e-02 9.0000000000000011e-03 4.0000000000000001e-03  1.4626227412833507e-03
-3.3000000000000002e-02 1.2000000000000004e-02 4.0000000000000001e-03  1.4622991123366179e-03
-3.3000000000000002e-02 1.4999999999999999e-02 4.0000000000000001e-03  1.4647053496827437e-03
-3.3000000000000002e-02 1.8000000000000002e-02 4.0000000000000001e-03  1.4876177680046450e-03
-3.3000000000000002e-02 2.1000000000000005e-02 4.0000000000000001e-03  1.5149915008478773e-03
-3.3000000000000002e-02 2.4000000000000007e-02 4.0000000000000001e-03  1.5425100720123119e-03
-3.3000000000000002e-02 2.7000000000000010e-02 4.0000000000000001e-03  1.5701770150152762e-03
-3.3000000000000002e-02 2.9999999999999999e-02 4.0000000000000001e-03  1.6048322516206625e-03
-3.3000000000000002e-02 3.3000000000000002e-02 4.0000000000000001e-03  1.6464468428889129e-03
-3.3000000000000002e-02 3.6000000000000004e-02 4.0000000000000001e-03  1.6908133094425452e-03
-3.3000000000000002e-02 3.9000000000000007e-02 4.0000000000000001e-03  1.7586525752738829e-03
-3.3000000000000002e-02 4.2000000000000010e-02 4.0000000000000001e-03  1.8508730117780640e-03
-3.3000000000000002e-02 4.4999999999999998e-02 4.0000000000000001e-03  1.9685100079302716e-03
-2.9999999999999999e-02 -4.4999999999999998e-02 4.0000000000000001e-03  1.9840933821366163e-03
-2.9999999999999999e-02 -4.1999999999999996e-02 4.0000000000000001e-03  1.8547601615157405e-03
-2.9999999999999999e-02 -3.9000000000000000e-02 4.0000000000000001e-03  1.7530545027406872e-03
-2.9999999999999999e-02 -3.5999999999999997e-02 4.0000000000000001e-03  1.6763081970507150e-03
-2.9999999999999999e-02 -3.3000000000000002e-02 4.0000000000000001e-03  1.6219813172528323e-03
-2.9999999999999999e-02 -2.9999999999999999e-02 4.0000000000000001e-03  1.5843411050774294e-03
-2.9999999999999999e-02 -2.6999999999999996e-02 4.0000000000000001e-03  1.5468535518897274e-03
-2.9999999999999999e-02 -2.3999999999999997e-02 4.0000000000000001e-03  1.5109090627383503e-03
-2.9999999999999999e-02 -2.0999999999999998e-02 4.0000000000000001e-03  1.4812334281878827e-03
-2.9999999999999999e-02 -1.7999999999999999e-02 4.0000000000000001e-03  1.4605462909197124e-03
-2.9999999999999999e-02 -1.4999999999999999e-02 4.0000000000000001e-03  1.4406994693526873e-03
-2.9999999999999999e-02 -1.1999999999999997e-02 4.0000000000000001e-03  1.4269584296917374e-03
-2.9999999999999999e-02 -8.9999999999999941e-03 4.0000000000000001e-03  1.4268400018067908e-03
-2.9999999999999999e-02 -5.9999999999999984e-03 4.0000000000000001e-03  1.4268297688425074e-03
-2.9999999999999999e-02 -2.9999999999999957e-03 4.0000000000000001e-03  1.4230360942210647e-03
-2.9999999999999999e-02 0.0000000000000000e+00 4.0000000000000001e-03  1.4203759422104724e-03
-2.9999999999999999e-02 3.0000000000000027e-03 4.0000000000000001e-03  1.4187827413647254e-03
-2.9999999999999999e-02 6.0000000000000053e-03 4.0000000000000001e-03  1.4181946319153835e-03
-2.9999999999999999e-02 9.0000000000000011e-03 4.0000000000000001e-03  1.4193269740608132e-03
-2.9999999999999999e-02 1.2000000000000004e-02 4.0000000000000001e-03  1.4225651588670798e-03
-2.9999999999999999e-02 1.4999999999999999e-02 4.0000000000000001e-03  1.4273684759174721e-03
-2.9999999999999999e-02 1.8000000000000002e-02 4.0000000000000001e-03  1.4473132243429834e-03
-2.9999999999999999e-02 2.1000000000000005e-02 4.0000000000000001e-03  1.4745040192010385e-03
-2.9999999999999999e-02 2.4000000000000007e-02 4.0000000000000001e-03  1.5018585657188331e-03
-2.9999999999999999e-02 2.7000000000000010e-02 4.0000000000000001e-03  1.5321533632443552e-03
-2.9999999999999999e-02 2.9999999999999999e-02 4.0000000000000001e-03  1.5700004870461575e-03
-2.9999999999999999e-02 3.3000000000000002e-02 4.0000000000000001e-03  1.6145918911581842e-03
-2.9999999999999999e-02 3.6000000000000004e-02 4.0000000000000001e-03  1.6662542104728193e-03
-2.9999999999999999e-02 3.9000000000000007e-02 4.0000000000000001e-03  1.7232372231111657e-03
-2.9999999999999999e-02 4.2000000000000010e-02 4.0000000000000001e-03  1.8025236300626862e-03
-2.9999999999999999e-02 4.4999999999999998e-02 4.0000000000000001e-03  1.9072752584555525e-03
-2.6999999999999996e-02 -4.4999999999999998e-02 4.0000000000000001e-03  1.9535336636528587e-03
-2.6999999999999996e-02 -4.1999999999999996e-02 4.0000000000000001e-03  1.8114259666511718e-03
-2.6999999999999996e-02 -3.9000000000000000e-02 4.0000000000000001e-03  1.7129922743518823e-03
-2.6999999999999996e-02 -3.5999999999999997e-02 4.0000000000000001e-03  1.6395287710185993e-03
-2.6999999999999996e-02 -3.3000000000000002e-02 4.0000000000000001e-03  1.5884475458162305e-03
-2.6999999999999996e-02 -2.9999999999999999e-02 4.0000000000000001e-03  1.5535083325157709e-03
-2.6999999999999996e-02 -2.6999999999999996e-02 4.0000000000000001e-03  1.5193049876569447e-03
-2.6999999999999996e-02 -2.3999999999999997e-02 4.0000000000000001e-03  1.4783952608863997e-03
-2.6999999999999996e-02 -2.0999999999999998e-02 4.0000000000000001e-03  1.4432475367256699e-03
-2.6999999999999996e-02 -1.7999999999999999e-02 4.0000000000000001e-03  1.4164549309185794e-03
-2.6999999999999996e-02 -1.4999999999999999e-02 4.0000000000000001e-03  1.4002842719151138e-03
-2.6999999999999996e-02 -1.1999999999999997e-02 4.0000000000000001e-03  1.3869895943819273e-03
-2.6999999999999996e-02 -8.9999999999999941e-03 4.0000000000000001e-03  1.3874144575752325e-03
-2.6999999999999996e-02 -5.9999999999999984e-03 4.0000000000000001e-03  1.3868038176879985e-03
-2.6999999999999996e-02 -2.9999999999999957e-03 4.0000000000000001e-03  1.3849584516046217e-03
-2.6999999999999996e-02 0.0000000000000000e+00 4.0000000000000001e-03  1.3840889207540818e-03
-2.6999999999999996e-02 3.0000000000000027e-03 4.0000000000000001e-03  1.3834193364765674e-03
-2.6999999999999996e-02 6.0000000000000053e-03 4.0000000000000001e-03  1.3837600801025957e-03
-2.6999999999999996e-02 9.0000000000000011e-03 4.0000000000000001e-03  1.3856681106172110e-03
-2.6999999999999996e-02 1.2000000000000004e-02 4.0000000000000001e-03  1.3891438810787792e-03
-2.6999999999999996e-02 1.4999999999999999e-02 4.0000000000000001e-03  1.3941879102447340e-03
-2.6999999999999996e-02 1.8000000000000002e-02 4.0000000000000001e-03  1.4113211294056608e-03
-2.6999999999999996e-02 2.1000000000000005e-02 4.0000000000000001e-03  1.4383485678668075e-03
-2.6999999999999996e-02 2.4000000000000007e-02 4.0000000000000001e-03  1.4659888790405726e-03
-2.6999999999999996e-02 2.7000000000000010e-02 4.0000000000000001e-03  1.4988049257335491e-03
-2.6999999999999996e-02 2.9999999999999999e-02 4.0000000000000001e-03  1.5381956805663505e-03
-2.6999999999999996e-02 3.3000000000000002e-02 4.0000000000000001e-03  1.5844992651427299e-03
-2.6999999999999996e-02 3.6000000000000004e-02 4.0000000000000001e-03  1.6380789335856166e-03
-2.6999999999999996e-02 3.9000000000000007e-02 4.0000000000000001e-03  1.6993230725371451e-03
-2.6999999999999996e-02 4.2000000000000010e-02 4.0000000000000001e-03  1.7692713752484313e-03
-2.6999999999999996e-02 4.4999999999999998e-02 4.0000000000000001e-03  1.8613389684565978e-03
-2.3999999999999997e-02 -4.4999999999999998e-02 4.0000000000000001e-03  1.9411660923291901e-03
-2.3999999999999997e-02 -4.1999999999999996e-02 4.0000000000000001e-03  1.7960156676077525e-03
-2.3999999999999997e-02 -3.9000000000000000e-02 4.0000000000000001e-03  1.6820678317083270e-03
-2.3999999999999997e-02 -3.5999999999999997e-02 4.0000000000000001e-03  1.6007022727234771e-03
-2.3999999999999997e-02 -3.3000000000000002e-02 4.0000000000000001e-03  1.5529107394537166e-03
-2.3999999999999997e-02 -2.9999999999999999e-02 4.0000000000000001e-03  1.5207416018605338e-03
-2.3999999999999997e-02 -2.6999999999999996e-02 4.0000000000000001e-03  1.4892328717087515e-03
-2.3999999999999997e-02 -2.3999999999999997e-02 4.0000000000000001e-03  1.4550151589542847e-03
-2.3999999999999997e-02 -2.0999999999999998e-02 4.0000000000000001e-03  1.4182307496761670e-03
-2.3999999999999997e-02 -1.7999999999999999e-02 4.0000000000000001e-03  1.3859984548402256e-03
-2.3999999999999997e-02 -1.4999999999999999e-02 4.0000000000000001e-03  1.3706358289430932e-03
-2.3999999999999997e-02 -1.1999999999999997e-02 4.0000000000000001e-03  1.3623130344402260e-03
-2.3999999999999997e-02 -8.9999999999999941e-03 4.0000000000000001e-03  1.3610883317356065e-03
-2.3999999999999997e-02 -5.9999999999999984e-03 4.0000000000000001e-03  1.3599989175133976e-03
-2.3999999999999997e-02 -2.9999999999999957e-03 4.0000000000000001e-03  1.3569986840394435e-03
-2.3999999999999997e-02 0.0000000000000000e+00 4.0000000000000001e-03  1.3544357469923479e-03
-2.3999999999999997e-02 3.0000000000000027e-03 4.0000000000000001e-03  1.3534430705045017e-03
-2.3999999999999997e-02 6.0000000000000053e-03 4.0000000000000001e-03  1.3540209475658850e-03
-2.3999999999999997e-02 9.0000000000000011e-03 4.0000000000000001e-03  1.3561697368655629e-03
-2.3999999999999997e-02 1.2000000000000004e-02 4.0000000000000001e-03  1.3598898627916643e-03
-2.3999999999999997e-02 1.4999999999999999e-02 4.0000000000000001e-03  1.3651818154314023e-03
-2.3999999999999997e-02 1.8000000000000002e-02 4.0000000000000001e-03  1.3796571447422465e-03
-2.3999999999999997e-02 2.1000000000000005e-02 4.0000000000000001e-03  1.4063309934623459e-03
-2.3999999999999997e-02 2.4000000000000007e-02 4.0000000000000001e-03  1.4341678770134433e-03
-2.3999999999999997e-02 2.7000000000000010e-02 4.0000000000000001e-03  1.4683986040447802e-03
-2.3999999999999997e-02 2.9999999999999999e-02 4.0000000000000001e-03  1.5093727828714674e-03
-2.3999999999999997e-02 3.3000000000000002e-02 4.0000000000000001e-03  1.5574651543278039e-03
-2.3999999999999997e-02 3.6000000000000004e-02 4.0000000000000001e-03  1.6130755917672826e-03
-2.3999999999999997e-02 3.9000000000000007e-02 4.0000000000000001e-03  1.6766291010625912e-03
-2.3999999999999997e-02 4.2000000000000010e-02 4.0000000000000001e-03  1.7485758206055905e-03
-2.3999999999999997e-02 4.4999999999999998e-02 4.0000000000000001e-03  1.8306239825015400e-03
-2.0999999999999998e-02 -4.4999999999999998e-02 4.0000000000000001e-03  1.9298345041659569e-03
-2.0999999999999998e-02 -4.1999999999999996e-02 4.0000000000000001e-03  1.7841027754659240e-03
-2.0999999999999998e-02 -3.9000000000000000e-02 4.0000000000000001e-03  1.6695043716527865e-03
-2.0999999999999998e-02 -3.5999999999999997e-02 4.0000000000000001e-03  1.5835696905466396e-03
-2.0999999999999998e-02 -3.3000000000000002e-02 4.0000000000000001e-03  1.5226911515261476e-03
-2.0999999999999998e-02 -2.9999999999999999e-02 4.0000000000000001e-03  1.4860463454233837e-03
-2.0999999999999998e-02 -2.6999999999999996e-02 4.0000000000000001e-03  1.4580956349734731e-03
-2.0999999999999998e-02 -2.3999999999999997e-02 4.0000000000000001e-03  1.4310897106139709e-03
-2.0999999999999998e-02 -2.0999999999999998e-02 4.0000000000000001e-03  1.4012427516492231e-03
-2.0999999999999998e-02 -1.7999999999999999e-02 4.0000000000000001e-03  1.3683316131589687e-03
-2.0999999999999998e-02 -1.4999999999999999e-02 4.0000000000000001e-03  1.3511915284444597e-03
-2.0999999999999998e-02 -1.1999999999999997e-02 4.0000000000000001e-03  1.3477274283607899e-03
-2.0999999999999998e-02 -8.9999999999999941e-03 4.0000000000000001e-03  1.3403691887840625e-03
-2.0999999999999998e-02 -5.9999999999999984e-03 4.0000000000000001e-03  1.3346162414159617e-03
-2.0999999999999998e-02 -2.9999999999999957e-03 4.0000000000000001e-03  1.3307140199073436e-03
-2.0999999999999998e-02 0.0000000000000000e+00 4.0000000000000001e-03  1.3283859845764415e-03
-2.0999999999999998e-02 3.0000000000000027e-03 4.0000000000000001e-03  1.3276323340439347e-03
-2.0999999999999998e-02 6.0000000000000053e-03 4.0000000000000001e-03  1.3284533326295763e-03
-2.0999999999999998e-02 9.0000000000000011e-03 4.0000000000000001e-03  1.3308493103521971e-03
-2.0999999999999998e-02 1.2000000000000004e-02 4.0000000000000001e-03  1.3348206629296981e-03
-2.0999999999999998e-02 1.4999999999999999e-02 4.0000000000000001e-03  1.3403678517790621e-03
-2.0999999999999998e-02 1.8000000000000002e-02 4.0000000000000001e-03  1.3523345512804713e-03
-2.0999999999999998e-02 2.1000000000000005e-02 4.0000000000000001e-03  1.3760813128913267e-03
-2.0999999999999998e-02 2.4000000000000007e-02 4.0000000000000001e-03  1.4052015259262284e-03
-2.0999999999999998e-02 2.7000000000000010e-02 4.0000000000000001e-03  1.4408845203190722e-03
-2.0999999999999998e-02 2.9999999999999999e-02 4.0000000000000001e-03  1.4835165236155147e-03
-2.0999999999999998e-02 3.3000000000000002e-02 4.0000000000000001e-03  1.5335088958804200e-03
-2.0999999999999998e-02 3.6000000000000004e-02 4.0000000000000001e-03  1.5912981296978296e-03
-2.0999999999999998e-02 3.9000000000000007e-02 4.0000000000000001e-03  1.6573458501709778e-03
-2.0999999999999998e-02 4.2000000000000010e-02 4.0000000000000001e-03  1.7321388149222922e-03
-2.0999999999999998e-02 4.4999999999999998e-02 4.0000000000000001e-03  1.8161889140933846e-03
-1.7999999999999999e-02 -4.4999999999999998e-02 4.0000000000000001e-03  1.9187014883812253e-03
-1.7999999999999999e-02 -4.1999999999999996e-02 4.0000000000000001e-03  1.7740735976506370e-03
-1.7999999999999999e-02 -3.9000000000000000e-02 4.0000000000000001e-03  1.6579794982732898e-03
-1.7999999999999999e-02 -3.5999999999999997e-02 4.0000000000000001e-03  1.5714850521484016e-03
-1.7999999999999999e-02 -3.3000000000000002e-02 4.0000000000000001e-03  1.5109368672784726e-03
-1.7999999999999999e-02 -2.9999999999999999e-02 4.0000000000000001e-03  1.4670265788710136e-03
-1.7999999999999999e-02 -2.6999999999999996e-02 4.0000000000000001e-03  1.4306438554706384e-03
-1.7999999999999999e-02 -2.3999999999999997e-02 4.0000000000000001e-03  1.4081095995197499e-03
-1.7999999999999999e-02 -2.0999999999999998e-02 4.0000000000000001e-03  1.3837637401254003e-03
-1.7999999999999999e-02 -1.7999999999999999e-02 4.0000000000000001e-03  1.3576348388438764e-03
-1.7999999999999999e-02 -1.4999999999999999e-02 4.0000000000000001e-03  1.3363222401266829e-03
-1.7999999999999999e-02 -1.1999999999999997e-02 4.0000000000000001e-03  1.3252626875840095e-03
-1.7999999999999999e-02 -8.9999999999999941e-03 4.0000000000000001e-03  1.3171141972515726e-03
-1.7999999999999999e-02 -5.9999999999999984e-03 4.0000000000000001e-03  1.3116482654003184e-03
-1.7999999999999999e-02 -2.9999999999999957e-03 4.0000000000000001e-03  1.3080469448366575e-03
-1.7999999999999999e-02 0.0000000000000000e+00 4.0000000000000001e-03  1.3063073884638475e-03
-1.7999999999999999e-02 3.0000000000000027e-03 4.0000000000000001e-03  1.3060038794206637e-03
-1.7999999999999999e-02 6.0000000000000053e-03 4.0000000000000001e-03  1.3070740889970912e-03
-1.7999999999999999e-02 9.0000000000000011e-03 4.0000000000000001e-03  1.3097237861581640e-03
-1.7999999999999999e-02 1.2000000000000004e-02 4.0000000000000001e-03  1.3139533379515583e-03
-1.7999999999999999e-02 1.4999999999999999e-02 4.0000000000000001e-03  1.3214207334383513e-03
-1.7999999999999999e-02 1.8000000000000002e-02 4.0000000000000001e-03  1.3297597667560703e-03
-1.7999999999999999e-02 2.1000000000000005e-02 4.0000000000000001e-03  1.3393200892029961e-03
-1.7999999999999999e-02 2.4000000000000007e-02 4.0000000000000001e-03  1.3791783464645207e-03
-1.7999999999999999e-02 2.7000000000000010e-02 4.0000000000000001e-03  1.4209868068411945e-03
-1.7999999999999999e-02 2.9999999999999999e-02 4.0000000000000001e-03  1.4654454363534815e-03
-1.7999999999999999e-02 3.3000000000000002e-02 4.0000000000000001e-03  1.5133902876711149e-03
-1.7999999999999999e-02 3.6000000000000004e-02 4.0000000000000001e-03  1.5728302710210579e-03
-1.7999999999999999e-02 3.9000000000000007e-02 4.0000000000000001e-03  1.6415916510191097e-03
-1.7999999999999999e-02 4.2000000000000010e-02 4.0000000000000001e-03  1.7194871227785265e-03
-1.7999999999999999e-02 4.4999999999999998e-02 4.0000000000000001e-03  1.8070651956714745e-03
-1.4999999999999999e-02 -4.4999999999999998e-02 4.0000000000000001e-03  1.9077504623532522e-03
-1.4999999999999999e-02 -4.1999999999999996e-02 4.0000000000000001e-03  1.7642311284204477e-03
-1.4999999999999999e-02 -3.9000000000000000e-02 4.0000000000000001e-03  1.6496336426003269e-03
-1.4999999999999999e-02 -3.5999999999999997e-02 4.0000000000000001e-03  1.5601738329694412e-03
-1.4999999999999999e-02 -3.3000000000000002e-02 4.0000000000000001e-03  1.4993806764981444e-03
-1.4999999999999999e-02 -2.9999999999999999e-02 4.0000000000000001e-03  1.4576226361812086e-03
-1.4999999999999999e-02 -2.6999999999999996e-02 4.0000000000000001e-03  1.4209747674940160e-03
-1.4999999999999999e-02 -2.3999999999999997e-02 4.0000000000000001e-03  1.3951294888433364e-03
-1.4999999999999999e-02 -2.0999999999999998e-02 4.0000000000000001e-03  1.3674732355435917e-03
-1.4999999999999999e-02 -1.7999999999999999e-02 4.0000000000000001e-03  1.3416135913379449e-03
-1.4999999999999999e-02 -1.4999999999999999e-02 4.0000000000000001e-03  1.3222129268185743e-03
-1.4999999999999999e-02 -1.1999999999999997e-02 4.0000000000000001e-03  1.3045298873890431e-03
-1.4999999999999999e-02 -8.9999999999999941e-03 4.0000000000000001e-03  1.2960484726742419e-03
-1.4999999999999999e-02 -5.9999999999999984e-03 4.0000000000000001e-03  1.2909742715492849e-03
-1.4999999999999999e-02 -2.9999999999999957e-03 4.0000000000000001e-03  1.2877824387639576e-03
-1.4999999999999999e-02 0.0000000000000000e+00 4.0000000000000001e-03  1.2864703287504089e-03
-1.4999999999999999e-02 3.0000000000000027e-03 4.0000000000000001e-03  1.2870354780136874e-03
-1.4999999999999999e-02 6.0000000000000053e-03 4.0000000000000001e-03  1.2894756051317351e-03
-1.4999999999999999e-02 9.0000000000000011e-03 4.0000000000000001e-03  1.2949042882564579e-03
-1.4999999999999999e-02 1.2000000000000004e-02 4.0000000000000001e-03  1.3028918392729671e-03
-1.4999999999999999e-02 1.4999999999999999e-02 4.0000000000000001e-03  1.3121754060405125e-03
-1.4999999999999999e-02 1.8000000000000002e-02 4.0000000000000001e-03  1.3226275893202582e-03
-1.4999999999999999e-02 2.1000000000000005e-02 4.0000000000000001e-03  1.3222897510901778e-03
-1.4999999999999999e-02 2.4000000000000007e-02 4.0000000000000001e-03  1.3434096710442660e-03
-1.4999999999999999e-02 2.7000000000000010e-02 4.0000000000000001e-03  1.3999686479542542e-03
-1.4999999999999999e-02 2.9999999999999999e-02 4.0000000000000001e-03  1.4648345137432597e-03
-1.4999999999999999e-02 3.3000000000000002e-02 4.0000000000000001e-03  1.5297846386008284e-03
-1.4999999999999999e-02 3.6000000000000004e-02 4.0000000000000001e-03  1.5956088789730119e-03
-1.4999999999999999e-02 3.9000000000000007e-02 4.0000000000000001e-03  1.6632764959727383e-03
-1.4999999999999999e-02 4.2000000000000010e-02 4.0000000000000001e-03  1.7339361553797940e-03
-1.4999999999999999e-02 4.4999999999999998e-02 4.0000000000000001e-03  1.8089159276408521e-03
-1.1999999999999997e-02 -4.4999999999999998e-02 4.0000000000000001e-03  1.8969680632581316e-03
-1.1999999999999997e-02 -4.1999999999999996e-02 4.0000000000000001e-03  1.7545575877541638e-03
-1.1999999999999997e-02 -3.9000000000000000e-02 4.0000000000000001e-03  1.6414756016447231e-03
-1.1999999999999997e-02 -3.5999999999999997e-02 4.0000000000000001e-03  1.5538343329757293e-03
-1.1999999999999997e-02 -3.3000000000000002e-02 4.0000000000000001e-03  1.4880173789975312e-03
-1.1999999999999997e-02 -2.9999999999999999e-02 4.0000000000000001e-03  1.4503651811710796e-03
-1.1999999999999997e-02 -2.6999999999999996e-02 4.0000000000000001e-03  1.4102243113865902e-03
-1.1999999999999997e-02 -2.3999999999999997e-02 4.0000000000000001e-03  1.3810494384279433e-03
-1.1999999999999997e-02 -2.0999999999999998e-02 4.0000000000000001e-03  1.3533057353569454e-03
-1.1999999999999997e-02 -1.7999999999999999e-02 4.0000000000000001e-03  1.3325449711147177e-03
-1.1999999999999997e-02 -1.4999999999999999e-02 4.0000000000000001e-03  1.3133691482731453e-03
-1.1999999999999997e-02 -1.1999999999999997e-02 4.0000000000000001e-03  1.2977199816372185e-03
-1.1999999999999997e-02 -8.9999999999999941e-03 4.0000000000000001e-03  1.2844185924448109e-03
-1.1999999999999997e-02 -5.9999999999999984e-03 4.0000000000000001e-03  1.2818791903197069e-03
-1.1999999999999997e-02 -2.9999999999999957e-03 4.0000000000000001e-03  1.2811676323240362e-03
-1.1999999999999997e-02 0.0000000000000000e+00 4.0000000000000001e-03  1.2817603386710492e-03
-1.1999999999999997e-02 3.0000000000000027e-03 4.0000000000000001e-03  1.2836519505338264e-03
-1.1999999999999997e-02 6.0000000000000053e-03 4.0000000000000001e-03  1.2868379644675803e-03
-1.1999999999999997e-02 9.0000000000000011e-03 4.0000000000000001e-03  1.2913147324096776e-03
-1.1999999999999997e-02 1.2000000000000004e-02 4.0000000000000001e-03  1.2970794616796349e-03
-1.1999999999999997e-02 1.4999999999999999e-02 4.0000000000000001e-03  1.3051319303021647e-03
-1.1999999999999997e-02 1.8000000000000002e-02 4.0000000000000001e-03  1.3149974125629101e-03
-1.1999999999999997e-02 2.1000000000000005e-02 4.0000000000000001e-03  1.3152643071761036e-03
-1.1999999999999997e-02 2.4000000000000007e-02 4.0000000000000001e-03  1.3376511795919665e-03
-1.1999999999999997e-02 2.7000000000000010e-02 4.0000000000000001e-03  1.3758428493214573e-03
-1.1999999999999997e-02 2.9999999999999999e-02 4.0000000000000001e-03  1.4376967951064083e-03
-1.1999999999999997e-02 3.3000000000000002e-02 4.0000000000000001e-03  1.5107436806100897e-03
-1.1999999999999997e-02 3.6000000000000004e-02 4.0000000000000001e-03  1.5840485329750658e-03
-1.1999999999999997e-02 3.9000000000000007e-02 4.0000000000000001e-03  1.6583747236960369e-03
-1.1999999999999997e-02 4.2000000000000010e-02 4.0000000000000001e-03  1.7346650289345675e-03
-1.1999999999999997e-02 4.4999999999999998e-02 4.0000000000000001e-03  1.8140416295191059e-03
-8.9999999999999941e-03 -4.4999999999999998e-02 4.0000000000000001e-03  1.8863441480698022e-03
-8.9999999999999941e-03 -4.1999999999999996e-02 4.0000000000000001e-03  1.7450384154284373e-03
-8.9999999999999941e-03 -3.9000000000000000e-02 4.0000000000000001e-03  1.6334863979858491e-03
-8.9999999999999941e-03 -3.5999999999999997e-02 4.0000000000000001e-03  1.5406056766523500e-03
-8.9999999999999941e-03 -3.3000000000000002e-02 4.0000000000000001e-03  1.4826861994737925e-03
-8.9999999999999941e-03 -2.9999999999999999e-02 4.0000000000000001e-03  1.4420155985491144e-03
-8.9999999999999941e-03 -2.6999999999999996e-02 4.0000000000000001e-03  1.3983512364864406e-03
-8.9999999999999941e-03 -2.3999999999999997e-02 4.0000000000000001e-03  1.3687059293195408e-03
-8.9999999999999941e-03 -2.0999999999999998e-02 4.0000000000000001e-03  1.3465734478213098e-03
-8.9999999999999941e-03 -1.7999999999999999e-02 4.0000000000000001e-03  1.3259775806027652e-03
-8.9999999999999941e-03 -1.4999999999999999e-02 4.0000000000000001e-03  1.3069252803137232e-03
-8.9999999999999941e-03 -1.1999999999999997e-02 4.0000000000000001e-03  1.2920100584085661e-03
-8.9999999999999941e-03 -8.9999999999999941e-03 4.0000000000000001e-03  1.2833089647624734e-03
-8.9999999999999941e-03 -5.9999999999999984e-03 4.0000000000000001e-03  1.2852148058006506e-03
-8.9999999999999941e-03 -2.9999999999999957e-03 4.0000000000000001e-03  1.2844483733484707e-03
-8.9999999999999941e-03 0.0000000000000000e+00 4.0000000000000001e-03  1.2840597389765904e-03
-8.9999999999999941e-03 3.0000000000000027e-03 4.0000000000000001e-03  1.2849742234969791e-03
-8.9999999999999941e-03 6.0000000000000053e-03 4.0000000000000001e-03  1.2871867597568354e-03
-8.9999999999999941e-03 9.0000000000000011e-03 4.0000000000000001e-03  1.2906931359855014e-03
-8.9999999999999941e-03 1.2000000000000004e-02 4.0000000000000001e-03  1.2954899957944729e-03
-8.9999999999999941e-03 1.4999999999999999e-02 4.0000000000000001e-03  1.3015748381773858e-03
-8.9999999999999941e-03 1.8000000000000002e-02 4.0000000000000001e-03  1.3095411425175481e-03
-8.9999999999999941e-03 2.1000000000000005e-02 4.0000000000000001e-03  1.3144345923981453e-03
-8.9999999999999941e-03 2.4000000000000007e-02 4.0000000000000001e-03  1.3362273823926444e-03
-8.9999999999999941e-03 2.7000000000000010e-02 4.0000000000000001e-03  1.3692309802667603e-03
-8.9999999999999941e-03 2.9999999999999999e-02 4.0000000000000001e-03  1.4134740986966859e-03
-8.9999999999999941e-03 3.3000000000000002e-02 4.0000000000000001e-03  1.4795446293201279e-03
-8.9999999999999941e-03 3.6000000000000004e-02 4.0000000000000001e-03  1.5607920974630679e-03
-8.9999999999999941e-03 3.9000000000000007e-02 4.0000000000000001e-03  1.6424674495334353e-03
-8.9999999999999941e-03 4.2000000000000010e-02 4.0000000000000001e-03  1.7253075720745706e-03
-8.9999999999999941e-03 4.4999999999999998e-02 4.0000000000000001e-03  1.8102287562966996e-03
-5.9999999999999984e-03 -4.4999999999999998e-02 4.0000000000000001e-03  1.8758717935600398e-03
-5.9999999999999984e-03 -4.1999999999999996e-02 4.0000000000000001e-03  1.7356622710177592e-03
-5.9999999999999984e-03 -3.9000000000000000e-02 4.0000000000000001e-03  1.6299498916678833e-03
-5.9999999999999984e-03 -3.5999999999999997e-02 4.0000000000000001e-03  1.5344178994194479e-03
-5.9999999999999984e-03 -3.3000000000000002e-02 4.0000000000000001e-03  1.4768175128191960e-03
-5.9999999999999984e-03 -2.9999999999999999e-02 4.0000000000000001e-03  1.4325079885099815e-03
-5.9999999999999984e-03 -2.6999999999999996e-02 4.0000000000000001e-03  1.3878070251148956e-03
-5.9999999999999984e-03 -2.3999999999999997e-02 4.0000000000000001e-03  1.3642913961029849e-03
-5.9999999999999984e-03 -2.0999999999999998e-02 4.0000000000000001e-03  1.3423478752257502e-03
-5.9999999999999984e-03 -1.7999999999999999e-02 4.0000000000000001e-03  1.3211449599582936e-03
-5.9999999999999984e-03 -1.4999999999999999e-02 4.0000000000000001e-03  1.3009808660626317e-03
-5.9999999999999984e-03 -1.1999999999999997e-02 4.0000000000000001e-03  1.2919151561518074e-03
-5.9999999999999984e-03 -8.9999999999999941e-03 4.0000000000000001e-03  1.2836014214480118e-03
-5.9999999999999984e-03 -5.9999999999999984e-03 4.0000000000000001e-03  1.2848443992383922e-03
-5.9999999999999984e-03 -2.9999999999999957e-03 4.0000000000000001e-03  1.2882497953529599e-03
-5.9999999999999984e-03 0.0000000000000000e+00 4.0000000000000001e-03  1.2893389107857492e-03
-5.9999999999999984e-03 3.0000000000000027e-03 4.0000000000000001e-03  1.2892727801514486e-03
-5.9999999999999984e-03 6.0000000000000053e-03 4.0000000000000001e-03  1.2905088648742947e-03
-5.9999999999999984e-03 9.0000000000000011e-03 4.0000000000000001e-03  1.2930423894756092e-03
-5.9999999999999984e-03 1.2000000000000004e-02 4.0000000000000001e-03  1.2968694338588611e-03
-5.9999999999999984e-03 1.4999999999999999e-02 4.0000000000000001e-03  1.3019869333096674e-03
-5.9999999999999984e-03 1.8000000000000002e-02 4.0000000000000001e-03  1.3083926784957923e-03
-5.9999999999999984e-03 2.1000000000000005e-02 4.0000000000000001e-03  1.3216882842882543e-03
-5.9999999999999984e-03 2.4000000000000007e-02 4.0000000000000001e-03  1.3383205454906458e-03
-5.9999999999999984e-03 2.7000000000000010e-02 4.0000000000000001e-03  1.3661496782914064e-03
-5.9999999999999984e-03 2.9999999999999999e-02 4.0000000000000001e-03  1.4052068779414337e-03
-5.9999999999999984e-03 3.3000000000000002e-02 4.0000000000000001e-03  1.4555152016678470e-03
-5.9999999999999984e-03 3.6000000000000004e-02 4.0000000000000001e-03  1.5255216265978580e-03
-5.9999999999999984e-03 3.9000000000000007e-02 4.0000000000000001e-03  1.6149873578793173e-03
-5.9999999999999984e-03 4.2000000000000010e-02 4.0000000000000001e-03  1.7050470994277359e-03
-5.9999999999999984e-03 4.4999999999999998e-02 4.0000000000000001e-03  1.7964112528351128e-03
-2.9999999999999957e-03 -4.4999999999999998e-02 4.0000000000000001e-03  1.9701200881488664e-03
-2.9999999999999957e-03 -4.1999999999999996e-02 4.0000000000000001e-03  1.7567515523852679e-03
-2.9999999999999957e-03 -3.9000000000000000e-02 4.0000000000000001e-03  1.6224794892014712e-03
-2.9999999999999957e-03 -3.5999999999999997e-02 4.0000000000000001e-03  1.5270794385314171e-03
-2.9999999999999957e-03 -3.3000000000000002e-02 4.0000000000000001e-03  1.4697906462154903e-03
-2.9999999999999957e-03 -2.9999999999999999e-02 4.0000000000000001e-03  1.4242879046597722e-03
-2.9999999999999957e-03 -2.6999999999999996e-02 4.0000000000000001e-03  1.3857025699860737e-03
-2.9999999999999957e-03 -2.3999999999999997e-02 4.0000000000000001e-03  1.3624060251160412e-03
-2.9999999999999957e-03 -2.0999999999999998e-02 4.0000000000000001e-03  1.3391470261511307e-03
-2.9999999999999957e-03 -1.7999999999999999e-02 4.0000000000000001e-03  1.3163604226549431e-03
-2.9999999999999957e-03 -1.4999999999999999e-02 4.0000000000000001e-03  1.3017105170722715e-03
-2.9999999999999957e-03 -1.1999999999999997e-02 4.0000000000000001e-03  1.2925911298012512e-03
-2.9999999999999957e-03 -8.9999999999999941e-03 4.0000000000000001e-03  1.2846580783079345e-03
-2.9999999999999957e-03 -5.9999999999999984e-03 4.0000000000000001e-03  1.2851174167580587e-03
-2.9999999999999957e-03 -2.9999999999999957e-03 4.0000000000000001e-03  1.2894284445219271e-03
-2.9999999999999957e-03 0.0000000000000000e+00 4.0000000000000001e-03  1.2935256819822947e-03
-2.9999999999999957e-03 3.0000000000000027e-03 4.0000000000000001e-03  1.2965532662000492e-03
-2.9999999999999957e-03 6.0000000000000053e-03 4.0000000000000001e-03  1.2968092729281067e-03
-2.9999999999999957e-03 9.0000000000000011e-03 4.0000000000000001e-03  1.2983668333934771e-03
-2.9999999999999957e-03 1.2000000000000004e-02 4.0000000000000001e-03  1.3012214637916153e-03
-2.9999999999999957e-03 1.4999999999999999e-02 4.0000000000000001e-03  1.3053695357001102e-03
-2.9999999999999957e-03 1.8000000000000002e-02 4.0000000000000001e-03  1.3108082760787034e-03
-2.9999999999999957e-03 2.1000000000000005e-02 4.0000000000000001e-03  1.3219828680621397e-03
-2.9999999999999957e-03 2.4000000000000007e-02 4.0000000000000001e-03  1.3439283129629684e-03
-2.9999999999999957e-03 2.7000000000000010e-02 4.0000000000000001e-03  1.3665952464020699e-03
-2.9999999999999957e-03 2.9999999999999999e-02 4.0000000000000001e-03  1.4004785418808648e-03
-2.9999999999999957e-03 3.3000000000000002e-02 4.0000000000000001e-03  1.4456037392011776e-03
-2.9999999999999957e-03 3.6000000000000004e-02 4.0000000000000001e-03  1.5019882401410554e-03
-2.9999999999999957e-03 3.9000000000000007e-02 4.0000000000000001e-03  1.5756349925463695e-03
-2.9999999999999957e-03 4.2000000000000010e-02 4.0000000000000001e-03  1.6733347850402913e-03
-2.9999999999999957e-03 4.4999999999999998e-02 4.0000000000000001e-03  1.7717909234141076e-03
0.0000000000000000e+00 -4.4999999999999998e-02 4.0000000000000001e-03  2.0255308083760677e-03
0.0000000000000000e+00 -4.1999999999999996e-02 4.0000000000000001e-03  1.7813979271955114e-03
0.0000000000000000e+00 -3.9000000000000000e-02 4.0000000000000001e-03  1.6315651719903904e-03
0.0000000000000000e+00 -3.5999999999999997e-02 4.0000000000000001e-03  1.5254598845029174e-03
0.0000000000000000e+00 -3.3000000000000002e-02 4.0000000000000001e-03  1.4623874277742213e-03
0.0000000000000000e+00 -2.9999999999999999e-02 4.0000000000000001e-03  1.4241329790485220e-03
0.0000000000000000e+00 -2.6999999999999996e-02 4.0000000000000001e-03  1.3868179911768563e-03
0.0000000000000000e+00 -2.3999999999999997e-02 4.0000000000000001e-03  1.3609394900767032e-03
0.0000000000000000e+00 -2.0999999999999998e-02 4.0000000000000001e-03  1.3356931942188394e-03
0.0000000000000000e+00 -1.7999999999999999e-02 4.0000000000000001e-03  1.3198706237685491e-03
0.0000000000000000e+00 -1.4999999999999999e-02 4.0000000000000001e-03  1.3039077816935248e-03
0.0000000000000000e+00 -1.1999999999999997e-02 4.0000000000000001e-03  1.2940392480416945e-03
0.0000000000000000e+00 -8.9999999999999941e-03 4.0000000000000001e-03  1.2864799582574505e-03
0.0000000000000000e+00 -5.9999999999999984e-03 4.0000000000000001e-03  1.2860322270680244e-03
0.0000000000000000e+00 -2.9999999999999957e-03 4.0000000000000001e-03  1.2912484863830875e-03
0.0000000000000000e+00 0.0000000000000000e+00 4.0000000000000001e-03  1.2962524753624713e-03
0.0000000000000000e+00 3.0000000000000027e-03 4.0000000000000001e-03  1.3010430068198162e-03
0.0000000000000000e+00 6.0000000000000053e-03 4.0000000000000001e-03  1.3056191053595295e-03
0.0000000000000000e+00 9.0000000000000011e-03 4.0000000000000001e-03  1.3066722582744060e-03
0.0000000000000000e+00 1.2000000000000004e-02 4.0000000000000001e-03  1.3085512235333613e-03
0.0000000000000000e+00 1.4999999999999999e-02 4.0000000000000001e-03  1.3117271306946729e-03
0.0000000000000000e+00 1.8000000000000002e-02 4.0000000000000001e-03  1.3161966430100534e-03
0.0000000000000000e+00 2.1000000000000005e-02 4.0000000000000001e-03  1.3219572791133740e-03
0.0000000000000000e+00 2.4000000000000007e-02 4.0000000000000001e-03  1.3528604698846904e-03
0.0000000000000000e+00 2.7000000000000010e-02 4.0000000000000001e-03  1.3705670875466720e-03
0.0000000000000000e+00 2.9999999999999999e-02 4.0000000000000001e-03  1.3992871523925798e-03
0.0000000000000000e+00 3.3000000000000002e-02 4.0000000000000001e-03  1.4392396457421060e-03
0.0000000000000000e+00 3.6000000000000004e-02 4.0000000000000001e-03  1.4904444519480038e-03
0.0000000000000000e+00 3.9000000000000007e-02 4.0000000000000001e-03  1.5529133173392505e-03
0.0000000000000000e+00 4.2000000000000010e-02 4.0000000000000001e-03  1.6298896623767611e-03
0.0000000000000000e+00 4.4999999999999998e-02 4.0000000000000001e-03  1.7628276250012075e-03
3.0000000000000027e-03 -4.4999999999999998e-02 4.0000000000000001e-03  2.0481653843901523e-03
3.0000000000000027e-03 -4.1999999999999996e-02 4.0000000000000001e-03  1.8201259249896707e-03
3.0000000000000027e-03 -3.9000000000000000e-02 4.0000000000000001e-03  1.6492311770070873e-03
3.0000000000000027e-03 -3.5999999999999997e-02 4.0000000000000001e-03  1.5323326800401292e-03
3.0000000000000027e-03 -3.3000000000000002e-02 4.0000000000000001e-03  1.4583487081329971e-03
3.0000000000000027e-03 -2.9999999999999999e-02 4.0000000000000001e-03  1.4210253910194280e-03
3.0000000000000027e-03 -2.6999999999999996e-02 4.0000000000000001e-03  1.3865415156425044e-03
3.0000000000000027e-03 -2.3999999999999997e-02 4.0000000000000001e-03  1.3587708759302129e-03
3.0000000000000027e-03 -2.0999999999999998e-02 4.0000000000000001e-03  1.3417685185630273e-03
3.0000000000000027e-03 -1.7999999999999999e-02 4.0000000000000001e-03  1.3246232688567858e-03
3.0000000000000027e-03 -1.4999999999999999e-02 4.0000000000000001e-03  1.3073442367655280e-03
3.0000000000000027e-03 -1.1999999999999997e-02 4.0000000000000001e-03  1.2962614934699101e-03
3.0000000000000027e-03 -8.9999999999999941e-03 4.0000000000000001e-03  1.2890687981237502e-03
3.0000000000000027e-03 -5.9999999999999984e-03 4.0000000000000001e-03  1.2875881685672421e-03
3.0000000000000027e-03 -2.9999999999999957e-03 4.0000000000000001e-03  1.2937084091371241e-03
3.0000000000000027e-03 0.0000000000000000e+00 4.0000000000000001e-03  1.2996186004687322e-03
3.0000000000000027e-03 3.0000000000000027e-03 4.0000000000000001e-03  1.3053171565371498e-03
3.0000000000000027e-03 6.0000000000000053e-03 4.0000000000000001e-03  1.3108027031082502e-03
3.0000000000000027e-03 9.0000000000000011e-03 4.0000000000000001e-03  1.3160740777386866e-03
3.0000000000000027e-03 1.2000000000000004e-02 4.0000000000000001e-03  1.3188653010465453e-03
3.0000000000000027e-03 1.4999999999999999e-02 4.0000000000000001e-03  1.3210656536611284e-03
3.0000000000000027e-03 1.8000000000000002e-02 4.0000000000000001e-03  1.3245630620629487e-03
3.0000000000000027e-03 2.1000000000000005e-02 4.0000000000000001e-03  1.3293544811778470e-03
3.0000000000000027e-03 2.4000000000000007e-02 4.0000000000000001e-03  1.3479780090737215e-03
3.0000000000000027e-03 2.7000000000000010e-02 4.0000000000000001e-03  1.3780677046143881e-03
3.0000000000000027e-03 2.9999999999999999e-02 4.0000000000000001e-03  1.4016338712954262e-03
3.0000000000000027e-03 3.3000000000000002e-02 4.0000000000000001e-03  1.4364227420391618e-03
3.0000000000000027e-03 3.6000000000000004e-02 4.0000000000000001e-03  1.4824566837730443e-03
3.0000000000000027e-03 3.9000000000000007e-02 4.0000000000000001e-03  1.5397499254007549e-03
3.0000000000000027e-03 4.2000000000000010e-02 4.0000000000000001e-03  1.6083085578021943e-03
3.0000000000000027e-03 4.4999999999999998e-02 4.0000000000000001e-03  1.7745826670374435e-03
6.0000000000000053e-03 -4.4999999999999998e-02 4.0000000000000001e-03  2.0541094607717789e-03
6.0000000000000053e-03 -4.1999999999999996e-02 4.0000000000000001e-03  1.8352066956731331e-03
6.0000000000000053e-03 -3.9000000000000000e-02 4.0000000000000001e-03  1.6557333331966308e-03
6.0000000000000053e-03 -3.5999999999999997e-02 4.0000000000000001e-03  1.5391192277017585e-03
6.0000000000000053e-03 -3.3000000000000002e-02 4.0000000000000001e-03  1.4567516161047883e-03
6.0000000000000053e-03 -2.9999999999999999e-02 4.0000000000000001e-03  1.4141307386958556e-03
6.0000000000000053e-03 -2.6999999999999996e-02 4.0000000000000001e-03  1.3859463498437910e-03
6.0000000000000053e-03 -2.3999999999999997e-02 4.0000000000000001e-03  1.3674327808849604e-03
6.0000000000000053e-03 -2.0999999999999998e-02 4.0000000000000001e-03  1.3490945831237347e-03
6.0000000000000053e-03 -1.7999999999999999e-02 4.0000000000000001e-03  1.3306200481326138e-03
6.0000000000000053e-03 -1.4999999999999999e-02 4.0000000000000001e-03  1.3120207063553179e-03
6.0000000000000053e-03 -1.1999999999999997e-02 4.0000000000000001e-03  1.2992605625946397e-03
6.0000000000000053e-03 -8.9999999999999941e-03 4.0000000000000001e-03  1.2924270486459884e-03
6.0000000000000053e-03 -5.9999999999999984e-03 4.0000000000000001e-03  1.2897855493452508e-03
6.0000000000000053e-03 -2.9999999999999957e-03 4.0000000000000001e-03  1.2968076706753131e-03
6.0000000000000053e-03 0.0000000000000000e+00 4.0000000000000001e-03  1.3036226649940728e-03
6.0000000000000053e-03 3.0000000000000027e-03 4.0000000000000001e-03  1.3102285474380756e-03
6.0000000000000053e-03 6.0000000000000053e-03 4.0000000000000001e-03  1.3166235449346411e-03
6.0000000000000053e-03 9.0000000000000011e-03 4.0000000000000001e-03  1.3228060962018836e-03
6.0000000000000053e-03 1.2000000000000004e-02 4.0000000000000001e-03  1.3287748517486957e-03
6.0000000000000053e-03 1.4999999999999999e-02 4.0000000000000001e-03  1.3333924899890626e-03
6.0000000000000053e-03 1.8000000000000002e-02 4.0000000000000001e-03  1.3359142660323087e-03
6.0000000000000053e-03 2.1000000000000005e-02 4.0000000000000001e-03  1.3397334536629623e-03
6.0000000000000053e-03 2.4000000000000007e-02 4.0000000000000001e-03  1.3462024838007158e-03
6.0000000000000053e-03 2.7000000000000010e-02 4.0000000000000001e-03  1.3819314674814532e-03
6.0000000000000053e-03 2.9999999999999999e-02 4.0000000000000001e-03  1.4075229603495135e-03
6.0000000000000053e-03 3.3000000000000002e-02 4.0000000000000001e-03  1.4371559487821198e-03
6.0000000000000053e-03 3.6000000000000004e-02 4.0000000000000001e-03  1.4780265152356256e-03
6.0000000000000053e-03 3.9000000000000007e-02 4.0000000000000001e-03  1.5301513711884138e-03
6.0000000000000053e-03 4.2000000000000010e-02 4.0000000000000001e-03  1.6040810261156034e-03
6.0000000000000053e-03 4.4999999999999998e-02 4.0000000000000001e-03  1.7783014598246659e-03
9.0000000000000011e-03 -4.4999999999999998e-02 4.0000000000000001e-03  2.0687145611193074e-03
9.0000000000000011e-03 -4.1999999999999996e-02 4.0000000000000001e-03  1.8270452405330674e-03
9.0000000000000011e-03 -3.9000000000000000e-02 4.0000000000000001e-03  1.6396519183208720e-03
9.0000000000000011e-03 -3.5999999999999997e-02 4.0000000000000001e-03  1.5188436120096129e-03
9.0000000000000011e-03 -3.3000000000000002e-02 4.0000000000000001e-03  1.4373707172050303e-03
9.0000000000000011e-03 -2.9999999999999999e-02 4.0000000000000001e-03  1.4004126397379900e-03
9.0000000000000011e-03 -2.6999999999999996e-02 4.0000000000000001e-03  1.3992782873973265e-03
9.0000000000000011e-03 -2.3999999999999997e-02 4.0000000000000001e-03  1.3773587032249680e-03
9.0000000000000011e-03 -2.0999999999999998e-02 4.0000000000000001e-03  1.3576747065357237e-03
9.0000000000000011e-03 -1.7999999999999999e-02 4.0000000000000001e-03  1.3378634140848804e-03
9.0000000000000011e-03 -1.4999999999999999e-02 4.0000000000000001e-03  1.3179387768058322e-03
9.0000000000000011e-03 -1.1999999999999997e-02 4.0000000000000001e-03  1.3030398658365884e-03
9.0000000000000011e-03 -8.9999999999999941e-03 4.0000000000000001e-03  1.2965578744752926e-03
9.0000000000000011e-03 -5.9999999999999984e-03 4.0000000000000001e-03  1.2926256471821670e-03
9.0000000000000011e-03 -2.9999999999999957e-03 4.0000000000000001e-03  1.3005466985795040e-03
9.0000000000000011e-03 0.0000000000000000e+00 4.0000000000000001e-03  1.3082642463220875e-03
9.0000000000000011e-03 3.0000000000000027e-03 4.0000000000000001e-03  1.3157759067079105e-03
9.0000000000000011e-03 6.0000000000000053e-03 4.0000000000000001e-03  1.3230795078257600e-03
9.0000000000000011e-03 9.0000000000000011e-03 4.0000000000000001e-03  1.3301730895551940e-03
9.0000000000000011e-03 1.2000000000000004e-02 4.0000000000000001e-03  1.3370549035665621e-03
9.0000000000000011e-03 1.4999999999999999e-02 4.0000000000000001e-03  1.3437234133209968e-03
9.0000000000000011e-03 1.8000000000000002e-02 4.0000000000000001e-03  1.3501772940704170e-03
9.0000000000000011e-03 2.1000000000000005e-02 4.0000000000000001e-03  1.3531017267907799e-03
9.0000000000000011e-03 2.4000000000000007e-02 4.0000000000000001e-03  1.3572430251495809e-03
9.0000000000000011e-03 2.7000000000000010e-02 4.0000000000000001e-03  1.3825545405734168e-03
9.0000000000000011e-03 2.9999999999999999e-02 4.0000000000000001e-03  1.4165057510556226e-03
9.0000000000000011e-03 3.3000000000000002e-02 4.0000000000000001e-03  1.4414452866020175e-03
9.0000000000000011e-03 3.6000000000000004e-02 4.0000000000000001e-03  1.4771586258964587e-03
9.0000000000000011e-03 3.9000000000000007e-02 4.0000000000000001e-03  1.5266829799582310e-03
9.0000000000000011e-03 4.2000000000000010e-02 4.0000000000000001e-03  1.6025280092519030e-03
9.0000000000000011e-03 4.4999999999999998e-02 4.0000000000000001e-03  1.7776526353142771e-03
1.2000000000000004e-02 -4.4999999999999998e-02 4.0000000000000001e-03  2.0788510589962441e-03
1.2000000000000004e-02 -4.1999999999999996e-02 4.0000000000000001e-03  1.8330868496423864e-03
1.2000000000000004e-02 -3.9000000000000000e-02 4.0000000000000001e-03  1.6379287225378627e-03
1.2000000000000004e-02 -3.5999999999999997e-02 4.0000000000000001e-03  1.5130625433157499e-03
1.2000000000000004e-02 -3.3000000000000002e-02 4.0000000000000001e-03  1.4441998535853755e-03
1.2000000000000004e-02 -2.9999999999999999e-02 4.0000000000000001e-03  1.4214974822587970e-03
1.2000000000000004e-02 -2.6999999999999996e-02 4.0000000000000001e-03  1.4210320338362249e-03
1.2000000000000004e-02 -2.3999999999999997e-02 4.0000000000000001e-03  1.3939359743308870e-03
1.2000000000000004e-02 -2.0999999999999998e-02 4.0000000000000001e-03  1.3675129697096700e-03
1.2000000000000004e-02 -1.7999999999999999e-02 4.0000000000000001e-03  1.3463565814783398e-03
1.2000000000000004e-02 -1.4999999999999999e-02 4.0000000000000001e-03  1.3251007967359028e-03
1.2000000000000004e-02 -1.1999999999999997e-02 4.0000000000000001e-03  1.3076035275284424e-03
1.2000000000000004e-02 -8.9999999999999941e-03 4.0000000000000001e-03  1.3014651541747618e-03
1.2000000000000004e-02 -5.9999999999999984e-03 4.0000000000000001e-03  1.2961461943216074e-03
1.2000000000000004e-02 -2.9999999999999957e-03 4.0000000000000001e-03  1.3049268901221323e-03
1.2000000000000004e-02 0.0000000000000000e+00 4.0000000000000001e-03  1.3135438915269392e-03
1.2000000000000004e-02 3.0000000000000027e-03 4.0000000000000001e-03  1.3219589312225579e-03
1.2000000000000004e-02 6.0000000000000053e-03 4.0000000000000001e-03  1.3301694384592320e-03
1.2000000000000004e-02 9.0000000000000011e-03 4.0000000000000001e-03  1.3381730542779793e-03
1.2000000000000004e-02 1.2000000000000004e-02 4.0000000000000001e-03  1.3459676315106038e-03
1.2000000000000004e-02 1.4999999999999999e-02 4.0000000000000001e-03  1.3535512347796889e-03
1.2000000000000004e-02 1.8000000000000002e-02 4.0000000000000001e-03  1.3609221404986076e-03
1.2000000000000004e-02 2.1000000000000005e-02 4.0000000000000001e-03  1.3680788368715152e-03
1.2000000000000004e-02 2.4000000000000007e-02 4.0000000000000001e-03  1.3726332259687728e-03
1.2000000000000004e-02 2.7000000000000010e-02 4.0000000000000001e-03  1.3862474543818025e-03
1.2000000000000004e-02 2.9999999999999999e-02 4.0000000000000001e-03  1.4196909572886226e-03
1.2000000000000004e-02 3.3000000000000002e-02 4.0000000000000001e-03  1.4492998760711356e-03
1.2000000000000004e-02 3.6000000000000004e-02 4.0000000000000001e-03  1.4796971951981880e-03
1.2000000000000004e-02 3.9000000000000007e-02 4.0000000000000001e-03  1.5269950580082438e-03
1.2000000000000004e-02 4.2000000000000010e-02 4.0000000000000001e-03  1.6001590277214368e-03
1.2000000000000004e-02 4.4999999999999998e-02 4.0000000000000001e-03  1.7760165622323306e-03
1.4999999999999999e-02 -4.4999999999999998e-02 4.0000000000000001e-03  2.0844065356367117e-03
1.4999999999999999e-02 -4.1999999999999996e-02 4.0000000000000001e-03  1.8530365233965899e-03
1.4999999999999999e-02 -3.9000000000000000e-02 4.0000000000000001e-03  1.6547710791261483e-03
1.4999999999999999e-02 -3.5999999999999997e-02 4.0000000000000001e-03  1.5422981416863754e-03
1.4999999999999999e-02 -3.3000000000000002e-02 4.0000000000000001e-03  1.4712635942110337e-03
1.4999999999999999e-02 -2.9999999999999999e-02 4.0000000000000001e-03  1.4409328793033704e-03
1.4999999999999999e-02 -2.6999999999999996e-02 4.0000000000000001e-03  1.4401383222782762e-03
1.4999999999999999e-02 -2.3999999999999997e-02 4.0000000000000001e-03  1.4122004930133410e-03
1.4999999999999999e-02 -2.0999999999999998e-02 4.0000000000000001e-03  1.3849356758016179e-03
1.4999999999999999e-02 -1.7999999999999999e-02 4.0000000000000001e-03  1.3583518007734816e-03
1.4999999999999999e-02 -1.4999999999999999e-02 4.0000000000000001e-03  1.3335098770402608e-03
1.4999999999999999e-02 -1.1999999999999997e-02 4.0000000000000001e-03  1.3129563859148523e-03
1.4999999999999999e-02 -8.9999999999999941e-03 4.0000000000000001e-03  1.3071534802194596e-03
1.4999999999999999e-02 -5.9999999999999984e-03 4.0000000000000001e-03  1.3021783120628796e-03
1.4999999999999999e-02 -2.9999999999999957e-03 4.0000000000000001e-03  1.3099506122662191e-03
1.4999999999999999e-02 0.0000000000000000e+00 4.0000000000000001e-03  1.3194631173733776e-03
1.4999999999999999e-02 3.0000000000000027e-03 4.0000000000000001e-03  1.3287782875485031e-03
1.4999999999999999e-02 6.0000000000000053e-03 4.0000000000000001e-03  1.3378931532032846e-03
1.4999999999999999e-02 9.0000000000000011e-03 4.0000000000000001e-03  1.3468049565401965e-03
1.4999999999999999e-02 1.2000000000000004e-02 4.0000000000000001e-03  1.3555111515525019e-03
1.4999999999999999e-02 1.4999999999999999e-02 4.0000000000000001e-03  1.3640094040242364e-03
1.4999999999999999e-02 1.8000000000000002e-02 4.0000000000000001e-03  1.3722975915302310e-03
1.4999999999999999e-02 2.1000000000000005e-02 4.0000000000000001e-03  1.3803738034360883e-03
1.4999999999999999e-02 2.4000000000000007e-02 4.0000000000000001e-03  1.3882363408982098e-03
1.4999999999999999e-02 2.7000000000000010e-02 4.0000000000000001e-03  1.3945144774868694e-03
1.4999999999999999e-02 2.9999999999999999e-02 4.0000000000000001e-03  1.4258357637375427e-03
1.4999999999999999e-02 3.3000000000000002e-02 4.0000000000000001e-03  1.4570481295605397e-03
1.4999999999999999e-02 3.6000000000000004e-02 4.0000000000000001e-03  1.4847259696143891e-03
1.4999999999999999e-02 3.9000000000000007e-02 4.0000000000000001e-03  1.5263759448337299e-03
1.4999999999999999e-02 4.2000000000000010e-02 4.0000000000000001e-03  1.5913490350154933e-03
1.4999999999999999e-02 4.4999999999999998e-02 4.0000000000000001e-03  1.7808374332663622e-03
1.8000000000000002e-02 -4.4999999999999998e-02 4.0000000000000001e-03  2.0855162327449855e-03
1.8000000000000002e-02 -4.1999999999999996e-02 4.0000000000000001e-03  1.8848983183478352e-03
1.8000000000000002e-02 -3.9000000000000000e-02 4.0000000000000001e-03  1.6957196645319939e-03
1.8000000000000002e-02 -3.5999999999999997e-02 4.0000000000000001e-03  1.5754166907693246e-03
1.8000000000000002e-02 -3.3000000000000002e-02 4.0000000000000001e-03  1.4966767490743173e-03
1.8000000000000002e-02 -2.9999999999999999e-02 4.0000000000000001e-03  1.4587174147646272e-03
1.8000000000000002e-02 -2.6999999999999996e-02 4.0000000000000001e-03  1.4565980204360766e-03
1.8000000000000002e-02 -2.3999999999999997e-02 4.0000000000000001e-03  1.4278181314427826e-03
1.8000000000000002e-02 -2.0999999999999998e-02 4.0000000000000001e-03  1.3997247019874078e-03
1.8000000000000002e-02 -1.7999999999999999e-02 4.0000000000000001e-03  1.3723195332022414e-03
1.8000000000000002e-02 -1.4999999999999999e-02 4.0000000000000001e-03  1.3456185865713141e-03
1.8000000000000002e-02 -1.1999999999999997e-02 4.0000000000000001e-03  1.3236375907226601e-03
1.8000000000000002e-02 -8.9999999999999941e-03 4.0000000000000001e-03  1.3193486584775975e-03
1.8000000000000002e-02 -5.9999999999999984e-03 4.0000000000000001e-03  1.3158662246094768e-03
1.8000000000000002e-02 -2.9999999999999957e-03 4.0000000000000001e-03  1.3126364583250423e-03
1.8000000000000002e-02 0.0000000000000000e+00 4.0000000000000001e-03  1.3230656969350546e-03
1.8000000000000002e-02 3.0000000000000027e-03 4.0000000000000001e-03  1.3336077974042664e-03
1.8000000000000002e-02 6.0000000000000053e-03 4.0000000000000001e-03  1.3440148609170813e-03
1.8000000000000002e-02 9.0000000000000011e-03 4.0000000000000001e-03  1.3542843194785784e-03
1.8000000000000002e-02 1.2000000000000004e-02 4.0000000000000001e-03  1.3644137049187836e-03
1.8000000000000002e-02 1.4999999999999999e-02 4.0000000000000001e-03  1.3744006488926423e-03
1.8000000000000002e-02 1.8000000000000002e-02 4.0000000000000001e-03  1.3842428828800444e-03
1.8000000000000002e-02 2.1000000000000005e-02 4.0000000000000001e-03  1.3939382381858039e-03
1.8000000000000002e-02 2.4000000000000007e-02 4.0000000000000001e-03  1.4034846459396819e-03
1.8000000000000002e-02 2.7000000000000010e-02 4.0000000000000001e-03  1.4128801370963597e-03
1.8000000000000002e-02 2.9999999999999999e-02 4.0000000000000001e-03  1.4298828858224024e-03
1.8000000000000002e-02 3.3000000000000002e-02 4.0000000000000001e-03  1.4801988190060952e-03
1.8000000000000002e-02 3.6000000000000004e-02 4.0000000000000001e-03  1.5093030204904440e-03
1.8000000000000002e-02 3.9000000000000007e-02 4.0000000000000001e-03  1.5308189880028583e-03
1.8000000000000002e-02 4.2000000000000010e-02 4.0000000000000001e-03  1.6188596940107476e-03
1.8000000000000002e-02 4.4999999999999998e-02 4.0000000000000001e-03  1.7968574109590639e-03
2.1000000000000005e-02 -4.4999999999999998e-02 4.0000000000000001e-03  2.0823411990966842e-03
2.1000000000000005e-02 -4.1999999999999996e-02 4.0000000000000001e-03  1.9251111962102071e-03
2.1000000000000005e-02 -3.9000000000000000e-02 4.0000000000000001e-03  1.7643738024044839e-03
2.1000000000000005e-02 -3.5999999999999997e-02 4.0000000000000001e-03  1.6068912615117613e-03
2.1000000000000005e-02 -3.3000000000000002e-02 4.0000000000000001e-03  1.5204380894712128e-03
2.1000000000000005e-02 -2.9999999999999999e-02 4.0000000000000001e-03  1.4748495840643430e-03
2.1000000000000005e-02 -2.6999999999999996e-02 4.0000000000000001e-03  1.4695387278754744e-03
2.1000000000000005e-02 -2.3999999999999997e-02 4.0000000000000001e-03  1.4407880154268631e-03
2.1000000000000005e-02 -2.0999999999999998e-02 4.0000000000000001e-03  1.4118701596315846e-03
2.1000000000000005e-02 -1.7999999999999999e-02 4.0000000000000001e-03  1.3836547910713285e-03
2.1000000000000005e-02 -1.4999999999999999e-02 4.0000000000000001e-03  1.3642989932033543e-03
2.1000000000000005e-02 -1.1999999999999997e-02 4.0000000000000001e-03  1.3561855621469832e-03
2.1000000000000005e-02 -8.9999999999999941e-03 4.0000000000000001e-03  1.3517900069729650e-03
2.1000000000000005e-02 -5.9999999999999984e-03 4.0000000000000001e-03  1.3485469308630415e-03
2.1000000000000005e-02 -2.9999999999999957e-03 4.0000000000000001e-03  1.3439076005663027e-03
2.1000000000000005e-02 0.0000000000000000e+00 4.0000000000000001e-03  1.3375603577827121e-03
2.1000000000000005e-02 3.0000000000000027e-03 4.0000000000000001e-03  1.3365111709557505e-03
2.1000000000000005e-02 6.0000000000000053e-03 4.0000000000000001e-03  1.3506618362971391e-03
2.1000000000000005e-02 9.0000000000000011e-03 4.0000000000000001e-03  1.3647509784305879e-03
2.1000000000000005e-02 1.2000000000000004e-02 4.0000000000000001e-03  1.3787739665588976e-03
2.1000000000000005e-02 1.4999999999999999e-02 4.0000000000000001e-03  1.3927264090620808e-03
2.1000000000000005e-02 1.8000000000000002e-02 4.0000000000000001e-03  1.4066041534973425e-03
2.1000000000000005e-02 2.1000000000000005e-02 4.0000000000000001e-03  1.4204032865990828e-03
2.1000000000000005e-02 2.4000000000000007e-02 4.0000000000000001e-03  1.4341201342789043e-03
2.1000000000000005e-02 2.7000000000000010e-02 4.0000000000000001e-03  1.4478340839843237e-03
2.1000000000000005e-02 2.9999999999999999e-02 4.0000000000000001e-03  1.4627457308593178e-03
2.1000000000000005e-02 3.3000000000000002e-02 4.0000000000000001e-03  1.5059440118129687e-03
2.1000000000000005e-02 3.6000000000000004e-02 4.0000000000000001e-03  1.5433187626481080e-03
2.1000000000000005e-02 3.9000000000000007e-02 4.0000000000000001e-03  1.5567038810235124e-03
2.1000000000000005e-02 4.2000000000000010e-02 4.0000000000000001e-03  1.6583957891432711e-03
2.1000000000000005e-02 4.4999999999999998e-02 4.0000000000000001e-03  1.8197807146034333e-03
2.4000000000000007e-02 -4.4999999999999998e-02 4.0000000000000001e-03  2.0456469611719935e-03
2.4000000000000007e-02 -4.1999999999999996e-02 4.0000000000000001e-03  1.9170841477411757e-03
2.4000000000000007e-02 -3.9000000000000000e-02 4.0000000000000001e-03  1.7918916578854320e-03
2.4000000000000007e-02 -3.5999999999999997e-02 4.0000000000000001e-03  1.6684427707404220e-03
2.4000000000000007e-02 -3.3000000000000002e-02 4.0000000000000001e-03  1.5453251148580503e-03
2.4000000000000007e-02 -2.9999999999999999e-02 4.0000000000000001e-03  1.4893277941531299e-03
2.4000000000000007e-02 -2.6999999999999996e-02 4.0000000000000001e-03  1.4764304156912038e-03
2.4000000000000007e-02 -2.3999999999999997e-02 4.0000000000000001e-03  1.4511099610739775e-03
2.4000000000000007e-02 -2.0999999999999998e-02 4.0000000000000001e-03  1.4213694326368589e-03
2.4000000000000007e-02 -1.7999999999999999e-02 4.0000000000000001e-03  1.4062331187359967e-03
2.4000000000000007e-02 -1.4999999999999999e-02 4.0000000000000001e-03  1.4053717079510158e-03
2.4000000000000007e-02 -1.1999999999999997e-02 4.0000000000000001e-03  1.3953747262113825e-03
2.4000000000000007e-02 -8.9999999999999941e-03 4.0000000000000001e-03  1.3905233820214879e-03
2.4000000000000007e-02 -5.9999999999999984e-03 4.0000000000000001e-03  1.3870177323554217e-03
2.4000000000000007e-02 -2.9999999999999957e-03 4.0000000000000001e-03  1.3808787562790584e-03
2.4000000000000007e-02 0.0000000000000000e+00 4.0000000000000001e-03  1.3724772633329351e-03
2.4000000000000007e-02 3.0000000000000027e-03 4.0000000000000001e-03  1.3656127041712790e-03
2.4000000000000007e-02 6.0000000000000053e-03 4.0000000000000001e-03  1.3607293849839501e-03
2.4000000000000007e-02 9.0000000000000011e-03 4.0000000000000001e-03  1.3740832284390085e-03
2.4000000000000007e-02 1.2000000000000004e-02 4.0000000000000001e-03  1.3920608500823121e-03
2.4000000000000007e-02 1.4999999999999999e-02 4.0000000000000001e-03  1.4099684799090332e-03
2.4000000000000007e-02 1.8000000000000002e-02 4.0000000000000001e-03  1.4278019802614953e-03
2.4000000000000007e-02 2.1000000000000005e-02 4.0000000000000001e-03  1.4455574526592190e-03
2.4000000000000007e-02 2.4000000000000007e-02 4.0000000000000001e-03  1.4630331694450911e-03
2.4000000000000007e-02 2.7000000000000010e-02 4.0000000000000001e-03  1.4802506083127845e-03
2.4000000000000007e-02 2.9999999999999999e-02 4.0000000000000001e-03  1.4987919500296931e-03
2.4000000000000007e-02 3.3000000000000002e-02 4.0000000000000001e-03  1.5316702279998594e-03
2.4000000000000007e-02 3.6000000000000004e-02 4.0000000000000001e-03  1.5741911140294651e-03
2.4000000000000007e-02 3.9000000000000007e-02 4.0000000000000001e-03  1.6106667879624539e-03
2.4000000000000007e-02 4.2000000000000010e-02 4.0000000000000001e-03  1.6933247704480616e-03
2.4000000000000007e-02 4.4999999999999998e-02 4.0000000000000001e-03  1.8420548919160899e-03
2.7000000000000010e-02 -4.4999999999999998e-02 4.0000000000000001e-03  1.9603028953041387e-03
2.7000000000000010e-02 -4.1999999999999996e-02 4.0000000000000001e-03  1.8630243240289857e-03
2.7000000000000010e-02 -3.9000000000000000e-02 4.0000000000000001e-03  1.7712755637771006e-03
2.7000000000000010e-02 -3.5999999999999997e-02 4.0000000000000001e-03  1.6830388927279330e-03
2.7000000000000010e-02 -3.3000000000000002e-02 4.0000000000000001e-03  1.5965109384771746e-03
2.7000000000000010e-02 -2.9999999999999999e-02 4.0000000000000001e-03  1.5101026780367456e-03
2.7000000000000010e-02 -2.6999999999999996e-02 4.0000000000000001e-03  1.4816726437626110e-03
2.7000000000000010e-02 -2.3999999999999997e-02 4.0000000000000001e-03  1.4587844747932536e-03
2.7000000000000010e-02 -2.0999999999999998e-02 4.0000000000000001e-03  1.4493635062463265e-03
2.7000000000000010e-02 -1.7999999999999999e-02 4.0000000000000001e-03  1.4558682645129486e-03
2.7000000000000010e-02 -1.4999999999999999e-02 4.0000000000000001e-03  1.4532586858206731e-03
2.7000000000000010e-02 -1.1999999999999997e-02 4.0000000000000001e-03  1.4416637987790678e-03
2.7000000000000010e-02 -8.9999999999999941e-03 4.0000000000000001e-03  1.4361306036605669e-03
2.7000000000000010e-02 -5.9999999999999984e-03 4.0000000000000001e-03  1.4317705864152984e-03
2.7000000000000010e-02 -2.9999999999999957e-03 4.0000000000000001e-03  1.4234644966305942e-03
2.7000000000000010e-02 0.0000000000000000e+00 4.0000000000000001e-03  1.4137749083234688e-03
2.7000000000000010e-02 3.0000000000000027e-03 4.0000000000000001e-03  1.4061658497377708e-03
2.7000000000000010e-02 6.0000000000000053e-03 4.0000000000000001e-03  1.4006132671179939e-03
2.7000000000000010e-02 9.0000000000000011e-03 4.0000000000000001e-03  1.3970914164313610e-03
2.7000000000000010e-02 1.2000000000000004e-02 4.0000000000000001e-03  1.4024460645976609e-03
2.7000000000000010e-02 1.4999999999999999e-02 4.0000000000000001e-03  1.4242966772770162e-03
2.7000000000000010e-02 1.8000000000000002e-02 4.0000000000000001e-03  1.4460770322176208e-03
2.7000000000000010e-02 2.1000000000000005e-02 4.0000000000000001e-03  1.4672623783298431e-03
2.7000000000000010e-02 2.4000000000000007e-02 4.0000000000000001e-03  1.4867904935284791e-03
2.7000000000000010e-02 2.7000000000000010e-02 4.0000000000000001e-03  1.5076087644618050e-03
2.7000000000000010e-02 2.9999999999999999e-02 4.0000000000000001e-03  1.5297343640799407e-03
2.7000000000000010e-02 3.3000000000000002e-02 4.0000000000000001e-03  1.5572409220269078e-03
2.7000000000000010e-02 3.6000000000000004e-02 4.0000000000000001e-03  1.6049330687069299e-03
2.7000000000000010e-02 3.9000000000000007e-02 4.0000000000000001e-03  1.6668319218935202e-03
2.7000000000000010e-02 4.2000000000000010e-02 4.0000000000000001e-03  1.7281852424191029e-03
2.7000000000000010e-02 4.4999999999999998e-02 4.0000000000000001e-03  1.8599331840037680e-03
2.9999999999999999e-02 -4.4999999999999998e-02 4.0000000000000001e-03  2.0422440715048640e-03
2.9999999999999999e-02 -4.1999999999999996e-02 4.0000000000000001e-03  1.9183395464001404e-03
2.9999999999999999e-02 -3.9000000000000000e-02 4.0000000000000001e-03  1.8087199924855474e-03
2.9999999999999999e-02 -3.5999999999999997e-02 4.0000000000000001e-03  1.7125826721268664e-03
2.9999999999999999e-02 -3.3000000000000002e-02 4.0000000000000001e-03  1.6291306903084245e-03
2.9999999999999999e-02 -2.9999999999999999e-02 4.0000000000000001e-03  1.5575729946330889e-03
2.9999999999999999e-02 -2.6999999999999996e-02 4.0000000000000001e-03  1.4980814183563878e-03
2.9999999999999999e-02 -2.3999999999999997e-02 4.0000000000000001e-03  1.4937661611088594e-03
2.9999999999999999e-02 -2.0999999999999998e-02 4.0000000000000001e-03  1.5076862270688907e-03
2.9999999999999999e-02 -1.7999999999999999e-02 4.0000000000000001e-03  1.5125574656373510e-03
2.9999999999999999e-02 -1.4999999999999999e-02 4.0000000000000001e-03  1.5084776171534477e-03
2.9999999999999999e-02 -1.1999999999999997e-02 4.0000000000000001e-03  1.4955829694700187e-03
2.9999999999999999e-02 -8.9999999999999941e-03 4.0000000000000001e-03  1.4892018067426229e-03
2.9999999999999999e-02 -5.9999999999999984e-03 4.0000000000000001e-03  1.4834203644045242e-03
2.9999999999999999e-02 -2.9999999999999957e-03 4.0000000000000001e-03  1.4726012099276777e-03
2.9999999999999999e-02 0.0000000000000000e+00 4.0000000000000001e-03  1.4618780772576614e-03
2.9999999999999999e-02 3.0000000000000027e-03 4.0000000000000001e-03  1.4533183052993887e-03
2.9999999999999999e-02 6.0000000000000053e-03 4.0000000000000001e-03  1.4468971062909803e-03
2.9999999999999999e-02 9.0000000000000011e-03 4.0000000000000001e-03  1.4425880021932680e-03
2.9999999999999999e-02 1.2000000000000004e-02 4.0000000000000001e-03  1.4403628246897940e-03
2.9999999999999999e-02 1.4999999999999999e-02 4.0000000000000001e-03  1.4401917151868264e-03
2.9999999999999999e-02 1.8000000000000002e-02 4.0000000000000001e-03  1.4605951557512954e-03
2.9999999999999999e-02 2.1000000000000005e-02 4.0000000000000001e-03  1.4824449512213099e-03
2.9999999999999999e-02 2.4000000000000007e-02 4.0000000000000001e-03  1.5055472004620685e-03
2.9999999999999999e-02 2.7000000000000010e-02 4.0000000000000001e-03  1.5299161866187869e-03
2.9999999999999999e-02 2.9999999999999999e-02 4.0000000000000001e-03  1.5555854774868864e-03
2.9999999999999999e-02 3.3000000000000002e-02 4.0000000000000001e-03  1.5826079255119956e-03
2.9999999999999999e-02 3.6000000000000004e-02 4.0000000000000001e-03  1.6379252706654281e-03
2.9999999999999999e-02 3.9000000000000007e-02 4.0000000000000001e-03  1.7219989249843794e-03
2.9999999999999999e-02 4.2000000000000010e-02 4.0000000000000001e-03  1.7699362439362188e-03
2.9999999999999999e-02 4.4999999999999998e-02 4.0000000000000001e-03  1.8735848471555547e-03
3.3000000000000002e-02 -4.4999999999999998e-02 4.0000000000000001e-03  2.1525615717212032e-03
3.3000000000000002e-02 -4.1999999999999996e-02 4.0000000000000001e-03  2.0260187831364559e-03
3.3000000000000002e-02 -3.9000000000000000e-02 4.0000000000000001e-03  1.9130207506387875e-03
3.3000000000000002e-02 -3.5999999999999997e-02 4.0000000000000001e-03  1.8128141128482341e-03
3.3000000000000002e-02 -3.3000000000000002e-02 4.0000000000000001e-03  1.7246513510033657e-03
3.3000000000000002e-02 -2.9999999999999999e-02 4.0000000000000001e-03  1.6477907889612944e-03
3.3000000000000002e-02 -2.6999999999999996e-02 4.0000000000000001e-03  1.6033872531618846e-03
3.3000000000000002e-02 -2.3999999999999997e-02 4.0000000000000001e-03  1.5716306689230871e-03
3.3000000000000002e-02 -2.0999999999999998e-02 4.0000000000000001e-03  1.5733041421551602e-03
3.3000000000000002e-02 -1.7999999999999999e-02 4.0000000000000001e-03  1.5768120118755031e-03
3.3000000000000002e-02 -1.4999999999999999e-02 4.0000000000000001e-03  1.5715522909945036e-03
3.3000000000000002e-02 -1.1999999999999997e-02 4.0000000000000001e-03  1.5576685266082658e-03
3.3000000000000002e-02 -8.9999999999999941e-03 4.0000000000000001e-03  1.5503354409350848e-03
3.3000000000000002e-02 -5.9999999999999984e-03 4.0000000000000001e-03  1.5425230313784117e-03
3.3000000000000002e-02 -2.9999999999999957e-03 4.0000000000000001e-03  1.5291880178273669e-03
3.3000000000000002e-02 0.0000000000000000e+00 4.0000000000000001e-03  1.5172190128547316e-03
3.3000000000000002e-02 3.0000000000000027e-03 4.0000000000000001e-03  1.5075030605765068e-03
3.3000000000000002e-02 6.0000000000000053e-03 4.0000000000000001e-03  1.5000146392244215e-03
3.3000000000000002e-02 9.0000000000000011e-03 4.0000000000000001e-03  1.4947265367529321e-03
3.3000000000000002e-02 1.2000000000000004e-02 4.0000000000000001e-03  1.4916098508391932e-03
3.3000000000000002e-02 1.4999999999999999e-02 4.0000000000000001e-03  1.4957904254087571e-03
3.3000000000000002e-02 1.8000000000000002e-02 4.0000000000000001e-03  1.5107311733076221e-03
3.3000000000000002e-02 2.1000000000000005e-02 4.0000000000000001e-03  1.5331274907749411e-03
3.3000000000000002e-02 2.4000000000000007e-02 4.0000000000000001e-03  1.5569199609686316e-03
3.3000000000000002e-02 2.7000000000000010e-02 4.0000000000000001e-03  1.5820997612481177e-03
3.3000000000000002e-02 2.9999999999999999e-02 4.0000000000000001e-03  1.6086814148680855e-03
3.3000000000000002e-02 3.3000000000000002e-02 4.0000000000000001e-03  1.6338674351238690e-03
3.3000000000000002e-02 3.6000000000000004e-02 4.0000000000000001e-03  1.6732576047596469e-03
3.3000000000000002e-02 3.9000000000000007e-02 4.0000000000000001e-03  1.7541207191523567e-03
3.3000000000000002e-02 4.2000000000000010e-02 4.0000000000000001e-03  1.8191891847507014e-03
3.3000000000000002e-02 4.4999999999999998e-02 4.0000000000000001e-03  1.9111537532022610e-03
3.6000000000000004e-02 -4.4999999999999998e-02 4.0000000000000001e-03  2.2607500540530578e-03
3.6000000000000004e-02 -4.1999999999999996e-02 4.0000000000000001e-03  2.1310749281827851e-03
3.6000000000000004e-02 -3.9000000000000000e-02 4.0000000000000001e-03  2.0143030622073567e-03
3.6000000000000004e-02 -3.5999999999999997e-02 4.0000000000000001e-03  1.9097304710010462e-03
3.6000000000000004e-02 -3.3000000000000002e-02 4.0000000000000001e-03  1.8166590120566760e-03
3.6000000000000004e-02 -2.9999999999999999e-02 4.0000000000000001e-03  1.7678111260833850e-03
3.6000000000000004e-02 -2.6999999999999996e-02 4.0000000000000001e-03  1.7268891850974097e-03
3.6000000000000004e-02 -2.3999999999999997e-02 4.0000000000000001e-03  1.6890442972985345e-03
3.6000000000000004e-02 -2.0999999999999998e-02 4.0000000000000001e-03  1.6542100456970400e-03
3.6000000000000004e-02 -1.7999999999999999e-02 4.0000000000000001e-03  1.6491492916977470e-03
3.6000000000000004e-02 -1.4999999999999999e-02 4.0000000000000001e-03  1.6430125950930414e-03
3.6000000000000004e-02 -1.1999999999999997e-02 4.0000000000000001e-03  1.6284628572218816e-03
3.6000000000000004e-02 -8.9999999999999941e-03 4.0000000000000001e-03  1.6201382707203978e-03
3.6000000000000004e-02 -5.9999999999999984e-03 4.0000000000000001e-03  1.6094645036442235e-03
3.6000000000000004e-02 -2.9999999999999957e-03 4.0000000000000001e-03  1.5936638742636174e-03
3.6000000000000004e-02 0.0000000000000000e+00 4.0000000000000001e-03  1.5802374160497898e-03
3.6000000000000004e-02 3.0000000000000027e-03 4.0000000000000001e-03  1.5691605635053752e-03
3.6000000000000004e-02 6.0000000000000053e-03 4.0000000000000001e-03  1.5604070608557230e-03
3.6000000000000004e-02 9.0000000000000011e-03 4.0000000000000001e-03  1.5567622989949188e-03
3.6000000000000004e-02 1.2000000000000004e-02 4.0000000000000001e-03  1.5639094031864263e-03
3.6000000000000004e-02 1.4999999999999999e-02 4.0000000000000001e-03  1.5736346780214955e-03
3.6000000000000004e-02 1.8000000000000002e-02 4.0000000000000001e-03  1.5915117810649079e-03
3.6000000000000004e-02 2.1000000000000005e-02 4.0000000000000001e-03  1.6163250584926118e-03
3.6000000000000004e-02 2.4000000000000007e-02 4.0000000000000001e-03  1.6427151454405573e-03
3.6000000000000004e-02 2.7000000000000010e-02 4.0000000000000001e-03  1.6706661259281060e-03
3.6000000000000004e-02 2.9999999999999999e-02 4.0000000000000001e-03  1.6906319546227038e-03
3.6000000000000004e-02 3.3000000000000002e-02 4.0000000000000001e-03  1.7044450272202299e-03
3.6000000000000004e-02 3.6000000000000004e-02 4.0000000000000001e-03  1.7156182788286268e-03
3.6000000000000004e-02 3.9000000000000007e-02 4.0000000000000001e-03  1.7835079638095169e-03
3.6000000000000004e-02 4.2000000000000010e-02 4.0000000000000001e-03  1.8767954781484517e-03
3.6000000000000004e-02 4.4999999999999998e-02 4.0000000000000001e-03  1.9603146279276186e-03
3.9000000000000007e-02 -4.4999999999999998e-02 4.0000000000000001e-03  2.3680515478915142e-03
3.9000000000000007e-02 -4.1999999999999996e-02 4.0000000000000001e-03  2.2350735859324941e-03
3.9000000000000007e-02 -3.9000000000000000e-02 4.0000000000000001e-03  2.1144561065868763e-03
3.9000000000000007e-02 -3.5999999999999997e-02 4.0000000000000001e-03  2.0079091206559774e-03
3.9000000000000007e-02 -3.3000000000000002e-02 4.0000000000000001e-03  1.9549635306294350e-03
3.9000000000000007e-02 -2.9999999999999999e-02 4.0000000000000001e-03  1.9051331901489192e-03
3.9000000000000007e-02 -2.6999999999999996e-02 4.0000000000000001e-03  1.8583134500091232e-03
3.9000000000000007e-02 -2.3999999999999997e-02 4.0000000000000001e-03  1.8144146701468407e-03
3.9000000000000007e-02 -2.0999999999999998e-02 4.0000000000000001e-03  1.7733622196409555e-03
3.9000000000000007e-02 -1.7999999999999999e-02 4.0000000000000001e-03  1.7350964767124354e-03
3.9000000000000007e-02 -1.4999999999999999e-02 4.0000000000000001e-03  1.7233945159023272e-03
3.9000000000000007e-02 -1.1999999999999997e-02 4.0000000000000001e-03  1.7085144470429922e-03
3.9000000000000007e-02 -8.9999999999999941e-03 4.0000000000000001e-03  1.6992253753960141e-03
3.9000000000000007e-02 -5.9999999999999984e-03 4.0000000000000001e-03  1.6840482559192344e-03
3.9000000000000007e-02 -2.9999999999999957e-03 4.0000000000000001e-03  1.6664751913862772e-03
3.9000000000000007e-02 0.0000000000000000e+00 4.0000000000000001e-03  1.6513804459938248e-03
3.9000000000000007e-02 3.0000000000000027e-03 4.0000000000000001e-03  1.6387387202381352e-03
3.9000000000000007e-02 6.0000000000000053e-03 4.0000000000000001e-03  1.6416826024676619e-03
3.9000000000000007e-02 9.0000000000000011e-03 4.0000000000000001e-03  1.6491746555165063e-03
3.9000000000000007e-02 1.2000000000000004e-02 4.0000000000000001e-03  1.6589658724200792e-03
3.9000000000000007e-02 1.4999999999999999e-02 4.0000000000000001e-03  1.6709896099708179e-03
3.9000000000000007e-02 1.8000000000000002e-02 4.0000000000000001e-03  1.6914591119019710e-03
3.9000000000000007e-02 2.1000000000000005e-02 4.0000000000000001e-03  1.7185630886749985e-03
3.9000000000000007e-02 2.4000000000000007e-02 4.0000000000000001e-03  1.7474407249977609e-03
3.9000000000000007e-02 2.7000000000000010e-02 4.0000000000000001e-03  1.7589488975815924e-03
3.9000000000000007e-02 2.9999999999999999e-02 4.0000000000000001e-03  1.7633661132595430e-03
3.9000000000000007e-02 3.3000000000000002e-02 4.0000000000000001e-03  1.7695909877199949e-03
3.9000000000000007e-02 3.6000000000000004e-02 4.0000000000000001e-03  1.7776071896710717e-03
3.9000000000000007e-02 3.9000000000000007e-02 4.0000000000000001e-03  1.8129350488989184e-03
3.9000000000000007e-02 4.2000000000000010e-02 4.0000000000000001e-03  1.9328414470415869e-03
3.9000000000000007e-02 4.4999999999999998e-02 4.0000000000000001e-03  2.0099510300134044e-03
4.2000000000000010e-02 -4.4999999999999998e-02 4.0000000000000001e-03  2.4764326697096252e-03
4.2000000000000010e-02 -4.1999999999999996e-02 4.0000000000000001e-03  2.3403049478608823e-03
4.2000000000000010e-02 -3.9000000000000000e-02 4.0000000000000001e-03  2.2279934794845100e-03
4.2000000000000010e-02 -3.5999999999999997e-02 4.0000000000000001e-03  2.1664723421691368e-03
4.2000000000000010e-02 -3.3000000000000002e-02 4.0000000000000001e-03  2.1080456626314816e-03
4.2000000000000010e-02 -2.9999999999999999e-02 4.0000000000000001e-03  2.0525855685927597e-03
4.2000000000000010e-02 -2.6999999999999996e-02 4.0000000000000001e-03  1.9999791969162687e-03
4.2000000000000010e-02 -2.3999999999999997e-02 4.0000000000000001e-03  1.9501286936073970e-03
4.2000000000000010e-02 -2.0999999999999998e-02 4.0000000000000001e-03  1.9029512138136213e-03
4.2000000000000010e-02 -1.7999999999999999e-02 4.0000000000000001e-03  1.8583789218244999e-03
4.2000000000000010e-02 -1.4999999999999999e-02 4.0000000000000001e-03  1.8163589910716845e-03
4.2000000000000010e-02 -1.1999999999999997e-02 4.0000000000000001e-03  1.7983778805077642e-03
4.2000000000000010e-02 -8.9999999999999941e-03 4.0000000000000001e-03  1.7879772825937477e-03
4.2000000000000010e-02 -5.9999999999999984e-03 4.0000000000000001e-03  1.7676382871750023e-03
4.2000000000000010e-02 -2.9999999999999957e-03 4.0000000000000001e-03  1.7480758395610728e-03
4.2000000000000010e-02 0.0000000000000000e+00 4.0000000000000001e-03  1.7405697105482504e-03
4.2000000000000010e-02 3.0000000000000027e-03 4.0000000000000001e-03  1.7462722282625882e-03
4.2000000000000010e-02 6.0000000000000053e-03 4.0000000000000001e-03  1.7540722290596720e-03
4.2000000000000010e-02 9.0000000000000011e-03 4.0000000000000001e-03  1.7638900982073367e-03
4.2000000000000010e-02 1.2000000000000004e-02 4.0000000000000001e-03  1.7756710290008667e-03
4.2000000000000010e-02 1.4999999999999999e-02 4.0000000000000001e-03  1.7893850227630227e-03
4.2000000000000010e-02 1.8000000000000002e-02 4.0000000000000001e-03  1.8121393269372728e-03
4.2000000000000010e-02 2.1000000000000005e-02 4.0000000000000001e-03  1.8413987554700281e-03
4.2000000000000010e-02 2.4000000000000007e-02 4.0000000000000001e-03  1.8412745521090149e-03
4.2000000000000010e-02 2.7000000000000010e-02 4.0000000000000001e-03  1.8360057020545488e-03
4.2000000000000010e-02 2.9999999999999999e-02 4.0000000000000001e-03  1.8325497045281218e-03
4.2000000000000010e-02 3.3000000000000002e-02 4.0000000000000001e-03  1.8555364209633190e-03
4.2000000000000010e-02 3.6000000000000004e-02 4.0000000000000001e-03  1.8781412307041501e-03
4.2000000000000010e-02 3.9000000000000007e-02 4.0000000000000001e-03  1.9072676845781707e-03
4.2000000000000010e-02 4.2000000000000010e-02 4.0000000000000001e-03  1.9708625924982444e-03
4.2000000000000010e-02 4.4999999999999998e-02 4.0000000000000001e-03  2.0592694726351188e-03
4.4999999999999998e-02 -4.4999999999999998e-02 4.0000000000000001e-03  2.5874920438171264e-03
4.4999999999999998e-02 -4.1999999999999996e-02 4.0000000000000001e-03  2.4734695885388546e-03
4.4999999999999998e-02 -3.9000000000000000e-02 4.0000000000000001e-03  2.4037176295522633e-03
4.4999999999999998e-02 -3.5999999999999997e-02 4.0000000000000001e-03  2.3370617745796765e-03
4.4999999999999998e-02 -3.3000000000000002e-02 4.0000000000000001e-03  2.2733509282688038e-03
4.4999999999999998e-02 -2.9999999999999999e-02 4.0000000000000001e-03  2.2124490044094598e-03
4.4999999999999998e-02 -2.6999999999999996e-02 4.0000000000000001e-03  2.1542349259335348e-03
4.4999999999999998e-02 -2.3999999999999997e-02 4.0000000000000001e-03  2.0986026249150192e-03
4.4999999999999998e-02 -2.0999999999999998e-02 4.0000000000000001e-03  2.0454610425699846e-03
4.4999999999999998e-02 -1.7999999999999999e-02 4.0000000000000001e-03  1.9947341292565830e-03
4.4999999999999998e-02 -1.4999999999999999e-02 4.0000000000000001e-03  1.9463608444750624e-03
4.4999999999999998e-02 -1.1999999999999997e-02 4.0000000000000001e-03  1.9002951568677529e-03
4.4999999999999998e-02 -8.9999999999999941e-03 4.0000000000000001e-03  1.8847555681258176e-03
4.4999999999999998e-02 -5.9999999999999984e-03 4.0000000000000001e-03  1.8625391384327972e-03
4.4999999999999998e-02 -2.9999999999999957e-03 4.0000000000000001e-03  1.8668387814587853e-03
4.4999999999999998e-02 0.0000000000000000e+00 4.0000000000000001e-03  1.8730330731019835e-03
4.4999999999999998e-02 3.0000000000000027e-03 4.0000000000000001e-03  1.8810294271056148e-03
4.4999999999999998e-02 6.0000000000000053e-03 4.0000000000000001e-03  1.8907600652403643e-03
4.4999999999999998e-02 9.0000000000000011e-03 4.0000000000000001e-03  1.9021820173043779e-03
4.4999999999999998e-02 1.2000000000000004e-02 4.0000000000000001e-03  1.9152771211232613e-03
4.4999999999999998e-02 1.4999999999999999e-02 4.0000000000000001e-03  1.9300520225500823e-03
4.4999999999999998e-02 1.8000000000000002e-02 4.0000000000000001e-03  1.9548223757742994e-03
4.4999999999999998e-02 2.1000000000000005e-02 4.0000000000000001e-03  1.9400548226385162e-03
4.4999999999999998e-02 2.4000000000000007e-02 4.0000000000000001e-03  1.9415388511348165e-03
4.4999999999999998e-02 2.7000000000000010e-02 4.0000000000000001e-03  1.9858159141805808e-03
4.4999999999999998e-02 2.9999999999999999e-02 4.0000000000000001e-03  2.0211017455628879e-03
4.4999999999999998e-02 3.3000000000000002e-02 4.0000000000000001e-03  2.0474160222900112e-03
4.4999999999999998e-02 3.6000000000000004e-02 4.0000000000000001e-03  2.0648478264941946e-03
4.4999999999999998e-02 3.9000000000000007e-02 4.0000000000000001e-03  2.0735556454316586e-03
4.4999999999999998e-02 4.2000000000000010e-02 4.0000000000000001e-03  2.0562805547230758e-03
4.4999999999999998e-02 4.4999999999999998e-02 4.0000000000000001e-03  2.1619049965320232e-03
