Grid Output Min: [-45mm -45mm 4mm] Max: [45mm 45mm 4mm] Grid Size: [3mm 3mm 0mm]
X, Y, Z, Scalar data "Mag_B"
-4.4999999999999998e-02 -4.4999999999999998e-02 4.0000000000000001e-03  2.5198721495528443e-03
-4.4999999999999998e-02 -4.1999999999999996e-02 4.0000000000000001e-03  2.2861156561516508e-03
-4.4999999999999998e-02 -3.9000000000000000e-02 4.0000000000000001e-03  2.2317333475024401e-03
-4.4999999999999998e-02 -3.5999999999999997e-02 4.0000000000000001e-03  2.2098834652427711e-03
-4.4999999999999998e-02 -3.3000000000000002e-02 4.0000000000000001e-03  2.2001266066013236e-03
-4.4999999999999998e-02 -2.9999999999999999e-02 4.0000000000000001e-03  2.1763283995833763e-03
-4.4999999999999998e-02 -2.6999999999999996e-02 4.0000000000000001e-03  2.1384307909144283e-03
-4.4999999999999998e-02 -2.3999999999999997e-02 4.0000000000000001e-03  2.0864215612090252e-03
-4.4999999999999998e-02 -2.0999999999999998e-02 4.0000000000000001e-03  2.0312464097653610e-03
-4.4999999999999998e-02 -1.7999999999999999e-02 4.0000000000000001e-03  2.0005320964112854e-03
-4.4999999999999998e-02 -1.4999999999999999e-02 4.0000000000000001e-03  1.9714562837588744e-03
-4.4999999999999998e-02 -1.1999999999999997e-02 4.0000000000000001e-03  1.9514753427831628e-03
-4.4999999999999998e-02 -8.9999999999999941e-03 4.0000000000000001e-03  1.9388724440288321e-03
-4.4999999999999998e-02 -5.9999999999999984e-03 4.0000000000000001e-03  1.9271392083573297e-03
-4.4999999999999998e-02 -2.9999999999999957e-03 4.0000000000000001e-03  1.9162696402915996e-03
-4.4999999999999998e-02 0.0000000000000000e+00 4.0000000000000001e-03  1.9062584959120110e-03
-4.4999999999999998e-02 3.0000000000000027e-03 4.0000000000000001e-03  1.8971012828563566e-03
-4.4999999999999998e-02 6.0000000000000053e-03 4.0000000000000001e-03  1.8887942603198757e-03
-4.4999999999999998e-02 9.0000000000000011e-03 4.0000000000000001e-03  1.8644650176966135e-03
-4.4999999999999998e-02 1.2000000000000004e-02 4.0000000000000001e-03  1.8563239725048384e-03
-4.4999999999999998e-02 1.4999999999999999e-02 4.0000000000000001e-03  1.8729252456593389e-03
-4.4999999999999998e-02 1.8000000000000002e-02 4.0000000000000001e-03  1.9038770111294955e-03
-4.4999999999999998e-02 2.1000000000000005e-02 4.0000000000000001e-03  1.9283556500761449e-03
-4.4999999999999998e-02 2.4000000000000007e-02 4.0000000000000001e-03  1.9455652788456495e-03
-4.4999999999999998e-02 2.7000000000000010e-02 4.0000000000000001e-03  1.9549504536385764e-03
-4.4999999999999998e-02 2.9999999999999999e-02 4.0000000000000001e-03  1.9495899883170706e-03
-4.4999999999999998e-02 3.3000000000000002e-02 4.0000000000000001e-03  1.9997212694612956e-03
-4.4999999999999998e-02 3.6000000000000004e-02 4.0000000000000001e-03  2.0711446566156243e-03
-4.4999999999999998e-02 3.9000000000000007e-02 4.0000000000000001e-03  2.1465723838015992e-03
-4.4999999999999998e-02 4.2000000000000010e-02 4.0000000000000001e-03  2.2259946907137651e-03
-4.4999999999999998e-02 4.4999999999999998e-02 4.0000000000000001e-03  2.3094020151995182e-03
-4.1999999999999996e-02 -4.4999999999999998e-02 4.0000000000000001e-03  2.4637485351180007e-03
-4.1999999999999996e-02 -4.1999999999999996e-02 4.0000000000000001e-03  2.3399343927824855e-03
-4.1999999999999996e-02 -3.9000000000000000e-02 4.0000000000000001e-03  2.1297463881526928e-03
-4.1999999999999996e-02 -3.5999999999999997e-02 4.0000000000000001e-03  2.0713618225372209e-03
-4.1999999999999996e-02 -3.3000000000000002e-02 4.0000000000000001e-03  2.0488580266476222e-03
-4.1999999999999996e-02 -2.9999999999999999e-02 4.0000000000000001e-03  2.0303001117568638e-03
-4.1999999999999996e-02 -2.6999999999999996e-02 4.0000000000000001e-03  1.9980292324613502e-03
-4.1999999999999996e-02 -2.3999999999999997e-02 4.0000000000000001e-03  1.9552722929636205e-03
-4.1999999999999996e-02 -2.0999999999999998e-02 4.0000000000000001e-03  1.9218435221373994e-03
-4.1999999999999996e-02 -1.7999999999999999e-02 4.0000000000000001e-03  1.8883226742650078e-03
-4.1999999999999996e-02 -1.4999999999999999e-02 4.0000000000000001e-03  1.8572135915472523e-03
-4.1999999999999996e-02 -1.1999999999999997e-02 4.0000000000000001e-03  1.8332100917355560e-03
-4.1999999999999996e-02 -8.9999999999999941e-03 4.0000000000000001e-03  1.8227039213369420e-03
-4.1999999999999996e-02 -5.9999999999999984e-03 4.0000000000000001e-03  1.8130575760309481e-03
-4.1999999999999996e-02 -2.9999999999999957e-03 4.0000000000000001e-03  1.8042644235998859e-03
-4.1999999999999996e-02 0.0000000000000000e+00 4.0000000000000001e-03  1.7963185833835184e-03
-4.1999999999999996e-02 3.0000000000000027e-03 4.0000000000000001e-03  1.7892149262790133e-03
-4.1999999999999996e-02 6.0000000000000053e-03 4.0000000000000001e-03  1.7724070900991022e-03
-4.1999999999999996e-02 9.0000000000000011e-03 4.0000000000000001e-03  1.7529597890750342e-03
-4.1999999999999996e-02 1.2000000000000004e-02 4.0000000000000001e-03  1.7574422106935985e-03
-4.1999999999999996e-02 1.4999999999999999e-02 4.0000000000000001e-03  1.7645411216337639e-03
-4.1999999999999996e-02 1.8000000000000002e-02 4.0000000000000001e-03  1.7925763596139184e-03
-4.1999999999999996e-02 2.1000000000000005e-02 4.0000000000000001e-03  1.8145134886616151e-03
-4.1999999999999996e-02 2.4000000000000007e-02 4.0000000000000001e-03  1.8287986359599678e-03
-4.1999999999999996e-02 2.7000000000000010e-02 4.0000000000000001e-03  1.8345975225372033e-03
-4.1999999999999996e-02 2.9999999999999999e-02 4.0000000000000001e-03  1.8436681758167931e-03
-4.1999999999999996e-02 3.3000000000000002e-02 4.0000000000000001e-03  1.9125136534490254e-03
-4.1999999999999996e-02 3.6000000000000004e-02 4.0000000000000001e-03  1.9810246482833060e-03
-4.1999999999999996e-02 3.9000000000000007e-02 4.0000000000000001e-03  2.0638197063589585e-03
-4.1999999999999996e-02 4.2000000000000010e-02 4.0000000000000001e-03  2.1485564750276264e-03
-4.1999999999999996e-02 4.4999999999999998e-02 4.0000000000000001e-03  2.2351486921899982e-03
-3.9000000000000000e-02 -4.4999999999999998e-02 4.0000000000000001e-03  2.3839389986378833e-03
-3.9000000000000000e-02 -4.1999999999999996e-02 4.0000000000000001e-03  2.2287203506434526e-03
-3.9000000000000000e-02 -3.9000000000000000e-02 4.0000000000000001e-03  2.1052071765275955e-03
-3.9000000000000000e-02 -3.5999999999999997e-02 4.0000000000000001e-03  2.0171793743338014e-03
-3.9000000000000000e-02 -3.3000000000000002e-02 4.0000000000000001e-03  1.9533561484849750e-03
-3.9000000000000000e-02 -2.9999999999999999e-02 4.0000000000000001e-03  1.9306601087518654e-03
-3.9000000000000000e-02 -2.6999999999999996e-02 4.0000000000000001e-03  1.9039157280065760e-03
-3.9000000000000000e-02 -2.3999999999999997e-02 4.0000000000000001e-03  1.8689399668600480e-03
-3.9000000000000000e-02 -2.0999999999999998e-02 4.0000000000000001e-03  1.8335842667765040e-03
-3.9000000000000000e-02 -1.7999999999999999e-02 4.0000000000000001e-03  1.7978570908401324e-03
-3.9000000000000000e-02 -1.4999999999999999e-02 4.0000000000000001e-03  1.7638202416259856e-03
-3.9000000000000000e-02 -1.1999999999999997e-02 4.0000000000000001e-03  1.7415649486164399e-03
-3.9000000000000000e-02 -8.9999999999999941e-03 4.0000000000000001e-03  1.7273169388867435e-03
-3.9000000000000000e-02 -5.9999999999999984e-03 4.0000000000000001e-03  1.7197142142882239e-03
-3.9000000000000000e-02 -2.9999999999999957e-03 4.0000000000000001e-03  1.7129533418635005e-03
-3.9000000000000000e-02 0.0000000000000000e+00 4.0000000000000001e-03  1.7070278042117168e-03
-3.9000000000000000e-02 3.0000000000000027e-03 4.0000000000000001e-03  1.6962415590279507e-03
-3.9000000000000000e-02 6.0000000000000053e-03 4.0000000000000001e-03  1.6819092262460420e-03
-3.9000000000000000e-02 9.0000000000000011e-03 4.0000000000000001e-03  1.6772595934912739e-03
-3.9000000000000000e-02 1.2000000000000004e-02 4.0000000000000001e-03  1.6779232203988704e-03
-3.9000000000000000e-02 1.4999999999999999e-02 4.0000000000000001e-03  1.6810829777768673e-03
-3.9000000000000000e-02 1.8000000000000002e-02 4.0000000000000001e-03  1.7001523782310354e-03
-3.9000000000000000e-02 2.1000000000000005e-02 4.0000000000000001e-03  1.7192965632423375e-03
-3.9000000000000000e-02 2.4000000000000007e-02 4.0000000000000001e-03  1.7304412171572935e-03
-3.9000000000000000e-02 2.7000000000000010e-02 4.0000000000000001e-03  1.7330759488766085e-03
-3.9000000000000000e-02 2.9999999999999999e-02 4.0000000000000001e-03  1.7820907168912307e-03
-3.9000000000000000e-02 3.3000000000000002e-02 4.0000000000000001e-03  1.8250262426714131e-03
-3.9000000000000000e-02 3.6000000000000004e-02 4.0000000000000001e-03  1.8760254121887995e-03
-3.9000000000000000e-02 3.9000000000000007e-02 4.0000000000000001e-03  1.9513510918505032e-03
-3.9000000000000000e-02 4.2000000000000010e-02 4.0000000000000001e-03  2.0386233368397521e-03
-3.9000000000000000e-02 4.4999999999999998e-02 4.0000000000000001e-03  2.1278687760671682e-03
-3.5999999999999997e-02 -4.4999999999999998e-02 4.0000000000000001e-03  2.3148859294619345e-03
-3.5999999999999997e-02 -4.1999999999999996e-02 4.0000000000000001e-03  2.1647621686523219e-03
-3.5999999999999997e-02 -3.9000000000000000e-02 4.0000000000000001e-03  2.0470697371224788e-03
-3.5999999999999997e-02 -3.5999999999999997e-02 4.0000000000000001e-03  1.9604929823143695e-03
-3.5999999999999997e-02 -3.3000000000000002e-02 4.0000000000000001e-03  1.9035427643952023e-03
-3.5999999999999997e-02 -2.9999999999999999e-02 4.0000000000000001e-03  1.8742118908218212e-03
-3.5999999999999997e-02 -2.6999999999999996e-02 4.0000000000000001e-03  1.8382466517890797e-03
-3.5999999999999997e-02 -2.3999999999999997e-02 4.0000000000000001e-03  1.8021622180570862e-03
-3.5999999999999997e-02 -2.0999999999999998e-02 4.0000000000000001e-03  1.7654283896549299e-03
-3.5999999999999997e-02 -1.7999999999999999e-02 4.0000000000000001e-03  1.7280554518628373e-03
-3.5999999999999997e-02 -1.4999999999999999e-02 4.0000000000000001e-03  1.6904212242798268e-03
-3.5999999999999997e-02 -1.1999999999999997e-02 4.0000000000000001e-03  1.6700187783667069e-03
-3.5999999999999997e-02 -8.9999999999999941e-03 4.0000000000000001e-03  1.6518675351947004e-03
-3.5999999999999997e-02 -5.9999999999999984e-03 4.0000000000000001e-03  1.6462551581464826e-03
-3.5999999999999997e-02 -2.9999999999999957e-03 4.0000000000000001e-03  1.6414724266006289e-03
-3.5999999999999997e-02 0.0000000000000000e+00 4.0000000000000001e-03  1.6353415969433730e-03
-3.5999999999999997e-02 3.0000000000000027e-03 4.0000000000000001e-03  1.6286962041980745e-03
-3.5999999999999997e-02 6.0000000000000053e-03 4.0000000000000001e-03  1.6250771255603594e-03
-3.5999999999999997e-02 9.0000000000000011e-03 4.0000000000000001e-03  1.6198468810135738e-03
-3.5999999999999997e-02 1.2000000000000004e-02 4.0000000000000001e-03  1.6169777133381415e-03
-3.5999999999999997e-02 1.4999999999999999e-02 4.0000000000000001e-03  1.6165020222459095e-03
-3.5999999999999997e-02 1.8000000000000002e-02 4.0000000000000001e-03  1.6264073372856559e-03
-3.5999999999999997e-02 2.1000000000000005e-02 4.0000000000000001e-03  1.6425182249031134e-03
-3.5999999999999997e-02 2.4000000000000007e-02 4.0000000000000001e-03  1.6492893510462201e-03
-3.5999999999999997e-02 2.7000000000000010e-02 4.0000000000000001e-03  1.6758085329324473e-03
-3.5999999999999997e-02 2.9999999999999999e-02 4.0000000000000001e-03  1.7085115686247352e-03
-3.5999999999999997e-02 3.3000000000000002e-02 4.0000000000000001e-03  1.7473085894555217e-03
-3.5999999999999997e-02 3.6000000000000004e-02 4.0000000000000001e-03  1.7941601414124936e-03
-3.5999999999999997e-02 3.9000000000000007e-02 4.0000000000000001e-03  1.8491443823535547e-03
-3.5999999999999997e-02 4.2000000000000010e-02 4.0000000000000001e-03  1.9314992222036651e-03
-3.5999999999999997e-02 4.4999999999999998e-02 4.0000000000000001e-03  2.0233044968533862e-03
-3.3000000000000002e-02 -4.4999999999999998e-02 4.0000000000000001e-03  2.2564593888590645e-03
-3.3000000000000002e-02 -4.1999999999999996e-02 4.0000000000000001e-03  2.1116827233526353e-03
-3.3000000000000002e-02 -3.9000000000000000e-02 4.0000000000000001e-03  2.0001164801433349e-03
-3.3000000000000002e-02 -3.5999999999999997e-02 4.0000000000000001e-03  1.9203717657984042e-03
-3.3000000000000002e-02 -3.3000000000000002e-02 4.0000000000000001e-03  1.8691838754708687e-03
-3.3000000000000002e-02 -2.9999999999999999e-02 4.0000000000000001e-03  1.8261404235069864e-03
-3.3000000000000002e-02 -2.6999999999999996e-02 4.0000000000000001e-03  1.7885995798829935e-03
-3.3000000000000002e-02 -2.3999999999999997e-02 4.0000000000000001e-03  1.7519026803553962e-03
-3.3000000000000002e-02 -2.0999999999999998e-02 4.0000000000000001e-03  1.7163331137622431e-03
-3.3000000000000002e-02 -1.7999999999999999e-02 4.0000000000000001e-03  1.6778353400766376e-03
-3.3000000000000002e-02 -1.4999999999999999e-02 4.0000000000000001e-03  1.6385115971173472e-03
-3.3000000000000002e-02 -1.1999999999999997e-02 4.0000000000000001e-03  1.6175051589747442e-03
-3.3000000000000002e-02 -8.9999999999999941e-03 4.0000000000000001e-03  1.6005082873661609e-03
-3.3000000000000002e-02 -5.9999999999999984e-03 4.0000000000000001e-03  1.5918238059207778e-03
-3.3000000000000002e-02 -2.9999999999999957e-03 4.0000000000000001e-03  1.5890987145978789e-03
-3.3000000000000002e-02 0.0000000000000000e+00 4.0000000000000001e-03  1.5897389133744406e-03
-3.3000000000000002e-02 3.0000000000000027e-03 4.0000000000000001e-03  1.5933120764634885e-03
-3.3000000000000002e-02 6.0000000000000053e-03 4.0000000000000001e-03  1.5884622837663328e-03
-3.3000000000000002e-02 9.0000000000000011e-03 4.0000000000000001e-03  1.5800296622339527e-03
-3.3000000000000002e-02 1.2000000000000004e-02 4.0000000000000001e-03  1.5738800815956802e-03
-3.3000000000000002e-02 1.4999999999999999e-02 4.0000000000000001e-03  1.5700390286174305e-03
-3.3000000000000002e-02 1.8000000000000002e-02 4.0000000000000001e-03  1.5711406661191843e-03
-3.3000000000000002e-02 2.1000000000000005e-02 4.0000000000000001e-03  1.5839889837653328e-03
-3.3000000000000002e-02 2.4000000000000007e-02 4.0000000000000001e-03  1.5964103781277855e-03
-3.3000000000000002e-02 2.7000000000000010e-02 4.0000000000000001e-03  1.6179983009292505e-03
-3.3000000000000002e-02 2.9999999999999999e-02 4.0000000000000001e-03  1.6447077324987490e-03
-3.3000000000000002e-02 3.3000000000000002e-02 4.0000000000000001e-03  1.6793850274102119e-03
-3.3000000000000002e-02 3.6000000000000004e-02 4.0000000000000001e-03  1.7221069403746696e-03
-3.3000000000000002e-02 3.9000000000000007e-02 4.0000000000000001e-03  1.7729517945123490e-03
-3.3000000000000002e-02 4.2000000000000010e-02 4.0000000000000001e-03  1.8319994813526758e-03
-3.3000000000000002e-02 4.4999999999999998e-02 4.0000000000000001e-03  2.0197480837376319e-03
-2.9999999999999999e-02 -4.4999999999999998e-02 4.0000000000000001e-03  2.2085745484475799e-03
-2.9999999999999999e-02 -4.1999999999999996e-02 4.0000000000000001e-03  2.0694730243280830e-03
-2.9999999999999999e-02 -3.9000000000000000e-02 4.0000000000000001e-03  1.9644142531392616e-03
-2.9999999999999999e-02 -3.5999999999999997e-02 4.0000000000000001e-03  1.8900493542108134e-03
-2.9999999999999999e-02 -3.3000000000000002e-02 4.0000000000000001e-03  1.8302239065581859e-03
-2.9999999999999999e-02 -2.9999999999999999e-02 4.0000000000000001e-03  1.7823483488267149e-03
-2.9999999999999999e-02 -2.6999999999999996e-02 4.0000000000000001e-03  1.7433645233322474e-03
-2.9999999999999999e-02 -2.3999999999999997e-02 4.0000000000000001e-03  1.7063845630135251e-03
-2.9999999999999999e-02 -2.0999999999999998e-02 4.0000000000000001e-03  1.6706834184134496e-03
-2.9999999999999999e-02 -1.7999999999999999e-02 4.0000000000000001e-03  1.6362070916613215e-03
-2.9999999999999999e-02 -1.4999999999999999e-02 4.0000000000000001e-03  1.6029253525363678e-03
-2.9999999999999999e-02 -1.1999999999999997e-02 4.0000000000000001e-03  1.5824814015225868e-03
-2.9999999999999999e-02 -8.9999999999999941e-03 4.0000000000000001e-03  1.5671009741794611e-03
-2.9999999999999999e-02 -5.9999999999999984e-03 4.0000000000000001e-03  1.5553186138075889e-03
-2.9999999999999999e-02 -2.9999999999999957e-03 4.0000000000000001e-03  1.5557490168100949e-03
-2.9999999999999999e-02 0.0000000000000000e+00 4.0000000000000001e-03  1.5562250345313635e-03
-2.9999999999999999e-02 3.0000000000000027e-03 4.0000000000000001e-03  1.5528969496522965e-03
-2.9999999999999999e-02 6.0000000000000053e-03 4.0000000000000001e-03  1.5500174890050679e-03
-2.9999999999999999e-02 9.0000000000000011e-03 4.0000000000000001e-03  1.5478155149323395e-03
-2.9999999999999999e-02 1.2000000000000004e-02 4.0000000000000001e-03  1.5462964001840712e-03
-2.9999999999999999e-02 1.4999999999999999e-02 4.0000000000000001e-03  1.5409984508347721e-03
-2.9999999999999999e-02 1.8000000000000002e-02 4.0000000000000001e-03  1.5362919497013850e-03
-2.9999999999999999e-02 2.1000000000000005e-02 4.0000000000000001e-03  1.5438310552146931e-03
-2.9999999999999999e-02 2.4000000000000007e-02 4.0000000000000001e-03  1.5533552539815545e-03
-2.9999999999999999e-02 2.7000000000000010e-02 4.0000000000000001e-03  1.5680907754862521e-03
-2.9999999999999999e-02 2.9999999999999999e-02 4.0000000000000001e-03  1.5907079299710681e-03
-2.9999999999999999e-02 3.3000000000000002e-02 4.0000000000000001e-03  1.6212820690001699e-03
-2.9999999999999999e-02 3.6000000000000004e-02 4.0000000000000001e-03  1.6598901125468970e-03
-2.9999999999999999e-02 3.9000000000000007e-02 4.0000000000000001e-03  1.7066105489938178e-03
-2.9999999999999999e-02 4.2000000000000010e-02 4.0000000000000001e-03  1.7668324571989049e-03
-2.9999999999999999e-02 4.4999999999999998e-02 4.0000000000000001e-03  1.9574115658693002e-03
-2.6999999999999996e-02 -4.4999999999999998e-02 4.0000000000000001e-03  2.1711916901951643e-03
-2.6999999999999996e-02 -4.1999999999999996e-02 4.0000000000000001e-03  2.0381691915117577e-03
-2.6999999999999996e-02 -3.9000000000000000e-02 4.0000000000000001e-03  1.9392735969210831e-03
-2.6999999999999996e-02 -3.5999999999999997e-02 4.0000000000000001e-03  1.8604659454360684e-03
-2.6999999999999996e-02 -3.3000000000000002e-02 4.0000000000000001e-03  1.7955851651785711e-03
-2.6999999999999996e-02 -2.9999999999999999e-02 4.0000000000000001e-03  1.7428125634533736e-03
-2.6999999999999996e-02 -2.6999999999999996e-02 4.0000000000000001e-03  1.7016104606146117e-03
-2.6999999999999996e-02 -2.3999999999999997e-02 4.0000000000000001e-03  1.6643422411268150e-03
-2.6999999999999996e-02 -2.0999999999999998e-02 4.0000000000000001e-03  1.6283099922757185e-03
-2.6999999999999996e-02 -1.7999999999999999e-02 4.0000000000000001e-03  1.5971696020577587e-03
-2.6999999999999996e-02 -1.4999999999999999e-02 4.0000000000000001e-03  1.5713399582994168e-03
-2.6999999999999996e-02 -1.1999999999999997e-02 4.0000000000000001e-03  1.5471476097178077e-03
-2.6999999999999996e-02 -8.9999999999999941e-03 4.0000000000000001e-03  1.5291839426328400e-03
-2.6999999999999996e-02 -5.9999999999999984e-03 4.0000000000000001e-03  1.5189318003042990e-03
-2.6999999999999996e-02 -2.9999999999999957e-03 4.0000000000000001e-03  1.5185165019632886e-03
-2.6999999999999996e-02 0.0000000000000000e+00 4.0000000000000001e-03  1.5160677250701982e-03
-2.6999999999999996e-02 3.0000000000000027e-03 4.0000000000000001e-03  1.5142827746621981e-03
-2.6999999999999996e-02 6.0000000000000053e-03 4.0000000000000001e-03  1.5131654044778973e-03
-2.6999999999999996e-02 9.0000000000000011e-03 4.0000000000000001e-03  1.5127205747536066e-03
-2.6999999999999996e-02 1.2000000000000004e-02 4.0000000000000001e-03  1.5129544522233308e-03
-2.6999999999999996e-02 1.4999999999999999e-02 4.0000000000000001e-03  1.5138744101187767e-03
-2.6999999999999996e-02 1.8000000000000002e-02 4.0000000000000001e-03  1.5154890281693361e-03
-2.6999999999999996e-02 2.1000000000000005e-02 4.0000000000000001e-03  1.5144583615934069e-03
-2.6999999999999996e-02 2.4000000000000007e-02 4.0000000000000001e-03  1.5173327720009705e-03
-2.6999999999999996e-02 2.7000000000000010e-02 4.0000000000000001e-03  1.5280030224491894e-03
-2.6999999999999996e-02 2.9999999999999999e-02 4.0000000000000001e-03  1.5465430613553464e-03
-2.6999999999999996e-02 3.3000000000000002e-02 4.0000000000000001e-03  1.5730284055459254e-03
-2.6999999999999996e-02 3.6000000000000004e-02 4.0000000000000001e-03  1.6075361402566129e-03
-2.6999999999999996e-02 3.9000000000000007e-02 4.0000000000000001e-03  1.6523620817550818e-03
-2.6999999999999996e-02 4.2000000000000010e-02 4.0000000000000001e-03  1.7398868629439320e-03
-2.6999999999999996e-02 4.4999999999999998e-02 4.0000000000000001e-03  1.8936581249206854e-03
-2.3999999999999997e-02 -4.4999999999999998e-02 4.0000000000000001e-03  2.1443162064189005e-03
-2.3999999999999997e-02 -4.1999999999999996e-02 4.0000000000000001e-03  2.0194582385191190e-03
-2.3999999999999997e-02 -3.9000000000000000e-02 4.0000000000000001e-03  1.9192847914842760e-03
-2.3999999999999997e-02 -3.5999999999999997e-02 4.0000000000000001e-03  1.8352578004714559e-03
-2.3999999999999997e-02 -3.3000000000000002e-02 4.0000000000000001e-03  1.7652612039939569e-03
-2.3999999999999997e-02 -2.9999999999999999e-02 4.0000000000000001e-03  1.7075446837065405e-03
-2.3999999999999997e-02 -2.6999999999999996e-02 4.0000000000000001e-03  1.6633486508645043e-03
-2.3999999999999997e-02 -2.3999999999999997e-02 4.0000000000000001e-03  1.6267929412287401e-03
-2.3999999999999997e-02 -2.0999999999999998e-02 4.0000000000000001e-03  1.5972488113648357e-03
-2.3999999999999997e-02 -1.7999999999999999e-02 4.0000000000000001e-03  1.5692872230633910e-03
-2.3999999999999997e-02 -1.4999999999999999e-02 4.0000000000000001e-03  1.5429363448644846e-03
-2.3999999999999997e-02 -1.1999999999999997e-02 4.0000000000000001e-03  1.5182291171065973e-03
-2.3999999999999997e-02 -8.9999999999999941e-03 4.0000000000000001e-03  1.4952032519266541e-03
-2.3999999999999997e-02 -5.9999999999999984e-03 4.0000000000000001e-03  1.4801972199608856e-03
-2.3999999999999997e-02 -2.9999999999999957e-03 4.0000000000000001e-03  1.4788856391155761e-03
-2.3999999999999997e-02 0.0000000000000000e+00 4.0000000000000001e-03  1.4782285745051872e-03
-2.3999999999999997e-02 3.0000000000000027e-03 4.0000000000000001e-03  1.4782293673546759e-03
-2.3999999999999997e-02 6.0000000000000053e-03 4.0000000000000001e-03  1.4788925653867011e-03
-2.3999999999999997e-02 9.0000000000000011e-03 4.0000000000000001e-03  1.4802239228216153e-03
-2.3999999999999997e-02 1.2000000000000004e-02 4.0000000000000001e-03  1.4822304003774742e-03
-2.3999999999999997e-02 1.4999999999999999e-02 4.0000000000000001e-03  1.4849201652700243e-03
-2.3999999999999997e-02 1.8000000000000002e-02 4.0000000000000001e-03  1.4883025912127098e-03
-2.3999999999999997e-02 2.1000000000000005e-02 4.0000000000000001e-03  1.4881007472725791e-03
-2.3999999999999997e-02 2.4000000000000007e-02 4.0000000000000001e-03  1.4911515976138447e-03
-2.3999999999999997e-02 2.7000000000000010e-02 4.0000000000000001e-03  1.4977703299806559e-03
-2.3999999999999997e-02 2.9999999999999999e-02 4.0000000000000001e-03  1.5122462058210610e-03
-2.3999999999999997e-02 3.3000000000000002e-02 4.0000000000000001e-03  1.5346549072238623e-03
-2.3999999999999997e-02 3.6000000000000004e-02 4.0000000000000001e-03  1.5652982494576617e-03
-2.3999999999999997e-02 3.9000000000000007e-02 4.0000000000000001e-03  1.6311023546068913e-03
-2.3999999999999997e-02 4.2000000000000010e-02 4.0000000000000001e-03  1.7150406973411253e-03
-2.3999999999999997e-02 4.4999999999999998e-02 4.0000000000000001e-03  1.8693922024127423e-03
-2.0999999999999998e-02 -4.4999999999999998e-02 4.0000000000000001e-03  2.1333412789604068e-03
-2.0999999999999998e-02 -4.1999999999999996e-02 4.0000000000000001e-03  2.0092350610844655e-03
-2.0999999999999998e-02 -3.9000000000000000e-02 4.0000000000000001e-03  1.9037374875132266e-03
-2.0999999999999998e-02 -3.5999999999999997e-02 4.0000000000000001e-03  1.8144351279684794e-03
-2.0999999999999998e-02 -3.3000000000000002e-02 4.0000000000000001e-03  1.7371045266271507e-03
-2.0999999999999998e-02 -2.9999999999999999e-02 4.0000000000000001e-03  1.6740739007106843e-03
-2.0999999999999998e-02 -2.6999999999999996e-02 4.0000000000000001e-03  1.6334622422736207e-03
-2.0999999999999998e-02 -2.3999999999999997e-02 4.0000000000000001e-03  1.6017887920712790e-03
-2.0999999999999998e-02 -2.0999999999999998e-02 4.0000000000000001e-03  1.5716872491323547e-03
-2.0999999999999998e-02 -1.7999999999999999e-02 4.0000000000000001e-03  1.5431795701766077e-03
-2.0999999999999998e-02 -1.4999999999999999e-02 4.0000000000000001e-03  1.5162924837222225e-03
-2.0999999999999998e-02 -1.1999999999999997e-02 4.0000000000000001e-03  1.4910574900857995e-03
-2.0999999999999998e-02 -8.9999999999999941e-03 4.0000000000000001e-03  1.4756326614108147e-03
-2.0999999999999998e-02 -5.9999999999999984e-03 4.0000000000000001e-03  1.4650874154070747e-03
-2.0999999999999998e-02 -2.9999999999999957e-03 4.0000000000000001e-03  1.4520550039222736e-03
-2.0999999999999998e-02 0.0000000000000000e+00 4.0000000000000001e-03  1.4428468248293056e-03
-2.0999999999999998e-02 3.0000000000000027e-03 4.0000000000000001e-03  1.4446495697526610e-03
-2.0999999999999998e-02 6.0000000000000053e-03 4.0000000000000001e-03  1.4471101098747603e-03
-2.0999999999999998e-02 9.0000000000000011e-03 4.0000000000000001e-03  1.4502349934000000e-03
-2.0999999999999998e-02 1.2000000000000004e-02 4.0000000000000001e-03  1.4540319750304747e-03
-2.0999999999999998e-02 1.4999999999999999e-02 4.0000000000000001e-03  1.4585100159659867e-03
-2.0999999999999998e-02 1.8000000000000002e-02 4.0000000000000001e-03  1.4636792839040290e-03
-2.0999999999999998e-02 2.1000000000000005e-02 4.0000000000000001e-03  1.4627762358135135e-03
-2.0999999999999998e-02 2.4000000000000007e-02 4.0000000000000001e-03  1.4682370367586743e-03
-2.0999999999999998e-02 2.7000000000000010e-02 4.0000000000000001e-03  1.4774301650990849e-03
-2.0999999999999998e-02 2.9999999999999999e-02 4.0000000000000001e-03  1.4878526213935313e-03
-2.0999999999999998e-02 3.3000000000000002e-02 4.0000000000000001e-03  1.5061946230661830e-03
-2.0999999999999998e-02 3.6000000000000004e-02 4.0000000000000001e-03  1.5496744089880258e-03
-2.0999999999999998e-02 3.9000000000000007e-02 4.0000000000000001e-03  1.6118802793558689e-03
-2.0999999999999998e-02 4.2000000000000010e-02 4.0000000000000001e-03  1.6922894108102203e-03
-2.0999999999999998e-02 4.4999999999999998e-02 4.0000000000000001e-03  1.8474557724022266e-03
-1.7999999999999999e-02 -4.4999999999999998e-02 4.0000000000000001e-03  2.0801846166128642e-03
-1.7999999999999999e-02 -4.1999999999999996e-02 4.0000000000000001e-03  1.9535851074032307e-03
-1.7999999999999999e-02 -3.9000000000000000e-02 4.0000000000000001e-03  1.8481492228947592e-03
-1.7999999999999999e-02 -3.5999999999999997e-02 4.0000000000000001e-03  1.7614211154422085e-03
-1.7999999999999999e-02 -3.3000000000000002e-02 4.0000000000000001e-03  1.6913326718831956e-03
-1.7999999999999999e-02 -2.9999999999999999e-02 4.0000000000000001e-03  1.6370151419505647e-03
-1.7999999999999999e-02 -2.6999999999999996e-02 4.0000000000000001e-03  1.6104977820297021e-03
-1.7999999999999999e-02 -2.3999999999999997e-02 4.0000000000000001e-03  1.5785654891698078e-03
-1.7999999999999999e-02 -2.0999999999999998e-02 4.0000000000000001e-03  1.5478879774306175e-03
-1.7999999999999999e-02 -1.7999999999999999e-02 4.0000000000000001e-03  1.5188177392079605e-03
-1.7999999999999999e-02 -1.4999999999999999e-02 4.0000000000000001e-03  1.4949872237191974e-03
-1.7999999999999999e-02 -1.1999999999999997e-02 4.0000000000000001e-03  1.4794976912400853e-03
-1.7999999999999999e-02 -8.9999999999999941e-03 4.0000000000000001e-03  1.4666383950433363e-03
-1.7999999999999999e-02 -5.9999999999999984e-03 4.0000000000000001e-03  1.4562706057816789e-03
-1.7999999999999999e-02 -2.9999999999999957e-03 4.0000000000000001e-03  1.4433752427325378e-03
-1.7999999999999999e-02 0.0000000000000000e+00 4.0000000000000001e-03  1.4330975997018636e-03
-1.7999999999999999e-02 3.0000000000000027e-03 4.0000000000000001e-03  1.4254389538301167e-03
-1.7999999999999999e-02 6.0000000000000053e-03 4.0000000000000001e-03  1.4204017872669989e-03
-1.7999999999999999e-02 9.0000000000000011e-03 4.0000000000000001e-03  1.4226640257674612e-03
-1.7999999999999999e-02 1.2000000000000004e-02 4.0000000000000001e-03  1.4282677115813962e-03
-1.7999999999999999e-02 1.4999999999999999e-02 4.0000000000000001e-03  1.4345507937260783e-03
-1.7999999999999999e-02 1.8000000000000002e-02 4.0000000000000001e-03  1.4415242338830484e-03
-1.7999999999999999e-02 2.1000000000000005e-02 4.0000000000000001e-03  1.4415939112936286e-03
-1.7999999999999999e-02 2.4000000000000007e-02 4.0000000000000001e-03  1.4464835583122108e-03
-1.7999999999999999e-02 2.7000000000000010e-02 4.0000000000000001e-03  1.4573612217761176e-03
-1.7999999999999999e-02 2.9999999999999999e-02 4.0000000000000001e-03  1.4722663093244869e-03
-1.7999999999999999e-02 3.3000000000000002e-02 4.0000000000000001e-03  1.4954878372525566e-03
-1.7999999999999999e-02 3.6000000000000004e-02 4.0000000000000001e-03  1.5360287437247210e-03
-1.7999999999999999e-02 3.9000000000000007e-02 4.0000000000000001e-03  1.5946975440559747e-03
-1.7999999999999999e-02 4.2000000000000010e-02 4.0000000000000001e-03  1.6716606588153746e-03
-1.7999999999999999e-02 4.4999999999999998e-02 4.0000000000000001e-03  1.8279039622194856e-03
-1.4999999999999999e-02 -4.4999999999999998e-02 4.0000000000000001e-03  2.0817793542549437e-03
-1.4999999999999999e-02 -4.1999999999999996e-02 4.0000000000000001e-03  1.9363580589830556e-03
-1.4999999999999999e-02 -3.9000000000000000e-02 4.0000000000000001e-03  1.8184200514799933e-03
-1.4999999999999999e-02 -3.5999999999999997e-02 4.0000000000000001e-03  1.7249321903460206e-03
-1.4999999999999999e-02 -3.3000000000000002e-02 4.0000000000000001e-03  1.6535194529005229e-03
-1.4999999999999999e-02 -2.9999999999999999e-02 4.0000000000000001e-03  1.6122792919171086e-03
-1.4999999999999999e-02 -2.6999999999999996e-02 4.0000000000000001e-03  1.5880513730037534e-03
-1.4999999999999999e-02 -2.3999999999999997e-02 4.0000000000000001e-03  1.5570915156740439e-03
-1.4999999999999999e-02 -2.0999999999999998e-02 4.0000000000000001e-03  1.5261072893191922e-03
-1.4999999999999999e-02 -1.7999999999999999e-02 4.0000000000000001e-03  1.5047822290112089e-03
-1.4999999999999999e-02 -1.4999999999999999e-02 4.0000000000000001e-03  1.4860932978701534e-03
-1.4999999999999999e-02 -1.1999999999999997e-02 4.0000000000000001e-03  1.4700362316781817e-03
-1.4999999999999999e-02 -8.9999999999999941e-03 4.0000000000000001e-03  1.4566081485793425e-03
-1.4999999999999999e-02 -5.9999999999999984e-03 4.0000000000000001e-03  1.4458075490795864e-03
-1.4999999999999999e-02 -2.9999999999999957e-03 4.0000000000000001e-03  1.4335000556455501e-03
-1.4999999999999999e-02 0.0000000000000000e+00 4.0000000000000001e-03  1.4233652848862203e-03
-1.4999999999999999e-02 3.0000000000000027e-03 4.0000000000000001e-03  1.4158454844307093e-03
-1.4999999999999999e-02 6.0000000000000053e-03 4.0000000000000001e-03  1.4109435814683826e-03
-1.4999999999999999e-02 9.0000000000000011e-03 4.0000000000000001e-03  1.4086637081978327e-03
-1.4999999999999999e-02 1.2000000000000004e-02 4.0000000000000001e-03  1.4090112018268703e-03
-1.4999999999999999e-02 1.4999999999999999e-02 4.0000000000000001e-03  1.4129501350847752e-03
-1.4999999999999999e-02 1.8000000000000002e-02 4.0000000000000001e-03  1.4217433738045971e-03
-1.4999999999999999e-02 2.1000000000000005e-02 4.0000000000000001e-03  1.4233424830334337e-03
-1.4999999999999999e-02 2.4000000000000007e-02 4.0000000000000001e-03  1.4267104097583307e-03
-1.4999999999999999e-02 2.7000000000000010e-02 4.0000000000000001e-03  1.4424033869698532e-03
-1.4999999999999999e-02 2.9999999999999999e-02 4.0000000000000001e-03  1.4607414826671599e-03
-1.4999999999999999e-02 3.3000000000000002e-02 4.0000000000000001e-03  1.4875254322844508e-03
-1.4999999999999999e-02 3.6000000000000004e-02 4.0000000000000001e-03  1.5265874049488080e-03
-1.4999999999999999e-02 3.9000000000000007e-02 4.0000000000000001e-03  1.5795880418056126e-03
-1.4999999999999999e-02 4.2000000000000010e-02 4.0000000000000001e-03  1.6532143018651881e-03
-1.4999999999999999e-02 4.4999999999999998e-02 4.0000000000000001e-03  1.8108241042393085e-03
-1.1999999999999997e-02 -4.4999999999999998e-02 4.0000000000000001e-03  2.0790809916945126e-03
-1.1999999999999997e-02 -4.1999999999999996e-02 4.0000000000000001e-03  1.9379800827531821e-03
-1.1999999999999997e-02 -3.9000000000000000e-02 4.0000000000000001e-03  1.8172515881543817e-03
-1.1999999999999997e-02 -3.5999999999999997e-02 4.0000000000000001e-03  1.7212713207212516e-03
-1.1999999999999997e-02 -3.3000000000000002e-02 4.0000000000000001e-03  1.6475155524328887e-03
-1.1999999999999997e-02 -2.9999999999999999e-02 4.0000000000000001e-03  1.5940484820767382e-03
-1.1999999999999997e-02 -2.6999999999999996e-02 4.0000000000000001e-03  1.5637699854193598e-03
-1.1999999999999997e-02 -2.3999999999999997e-02 4.0000000000000001e-03  1.5400586480223822e-03
-1.1999999999999997e-02 -2.0999999999999998e-02 4.0000000000000001e-03  1.5173072514329789e-03
-1.1999999999999997e-02 -1.7999999999999999e-02 4.0000000000000001e-03  1.4954095071007638e-03
-1.1999999999999997e-02 -1.4999999999999999e-02 4.0000000000000001e-03  1.4761511869145960e-03
-1.1999999999999997e-02 -1.1999999999999997e-02 4.0000000000000001e-03  1.4595267482652729e-03
-1.1999999999999997e-02 -8.9999999999999941e-03 4.0000000000000001e-03  1.4455320309054861e-03
-1.1999999999999997e-02 -5.9999999999999984e-03 4.0000000000000001e-03  1.4341642569498279e-03
-1.1999999999999997e-02 -2.9999999999999957e-03 4.0000000000000001e-03  1.4224127221528161e-03
-1.1999999999999997e-02 0.0000000000000000e+00 4.0000000000000001e-03  1.4124290781963550e-03
-1.1999999999999997e-02 3.0000000000000027e-03 4.0000000000000001e-03  1.4050578727020527e-03
-1.1999999999999997e-02 6.0000000000000053e-03 4.0000000000000001e-03  1.4003024778989441e-03
-1.1999999999999997e-02 9.0000000000000011e-03 4.0000000000000001e-03  1.3981674710252996e-03
-1.1999999999999997e-02 1.2000000000000004e-02 4.0000000000000001e-03  1.3986586343286058e-03
-1.1999999999999997e-02 1.4999999999999999e-02 4.0000000000000001e-03  1.4017829550655718e-03
-1.1999999999999997e-02 1.8000000000000002e-02 4.0000000000000001e-03  1.4074657393160330e-03
-1.1999999999999997e-02 2.1000000000000005e-02 4.0000000000000001e-03  1.4146566531012972e-03
-1.1999999999999997e-02 2.4000000000000007e-02 4.0000000000000001e-03  1.4169370494325727e-03
-1.1999999999999997e-02 2.7000000000000010e-02 4.0000000000000001e-03  1.4325706397592896e-03
-1.1999999999999997e-02 2.9999999999999999e-02 4.0000000000000001e-03  1.4509909872496686e-03
-1.1999999999999997e-02 3.3000000000000002e-02 4.0000000000000001e-03  1.4814712463556035e-03
-1.1999999999999997e-02 3.6000000000000004e-02 4.0000000000000001e-03  1.5242449215428478e-03
-1.1999999999999997e-02 3.9000000000000007e-02 4.0000000000000001e-03  1.5796012026782116e-03
-1.1999999999999997e-02 4.2000000000000010e-02 4.0000000000000001e-03  1.6478849650295307e-03
-1.1999999999999997e-02 4.4999999999999998e-02 4.0000000000000001e-03  1.7942984134880712e-03
-8.9999999999999941e-03 -4.4999999999999998e-02 4.0000000000000001e-03  2.0706153332384217e-03
-8.9999999999999941e-03 -4.1999999999999996e-02 4.0000000000000001e-03  1.9370687424661169e-03
-8.9999999999999941e-03 -3.9000000000000000e-02 4.0000000000000001e-03  1.8167314559986141e-03
-8.9999999999999941e-03 -3.5999999999999997e-02 4.0000000000000001e-03  1.7182471102741477e-03
-8.9999999999999941e-03 -3.3000000000000002e-02 4.0000000000000001e-03  1.6421717548062505e-03
-8.9999999999999941e-03 -2.9999999999999999e-02 4.0000000000000001e-03  1.5865680268044695e-03
-8.9999999999999941e-03 -2.6999999999999996e-02 4.0000000000000001e-03  1.5524790804738772e-03
-8.9999999999999941e-03 -2.3999999999999997e-02 4.0000000000000001e-03  1.5287200736453044e-03
-8.9999999999999941e-03 -2.0999999999999998e-02 4.0000000000000001e-03  1.5058856651893261e-03
-8.9999999999999941e-03 -1.7999999999999999e-02 4.0000000000000001e-03  1.4848836889190457e-03
-8.9999999999999941e-03 -1.4999999999999999e-02 4.0000000000000001e-03  1.4651623860155684e-03
-8.9999999999999941e-03 -1.1999999999999997e-02 4.0000000000000001e-03  1.4479677961462530e-03
-8.9999999999999941e-03 -8.9999999999999941e-03 4.0000000000000001e-03  1.4334056571485092e-03
-8.9999999999999941e-03 -5.9999999999999984e-03 4.0000000000000001e-03  1.4214719127455613e-03
-8.9999999999999941e-03 -2.9999999999999957e-03 4.0000000000000001e-03  1.4101023525154564e-03
-8.9999999999999941e-03 0.0000000000000000e+00 4.0000000000000001e-03  1.4002745536809897e-03
-8.9999999999999941e-03 3.0000000000000027e-03 4.0000000000000001e-03  1.3930581564804705e-03
-8.9999999999999941e-03 6.0000000000000053e-03 4.0000000000000001e-03  1.3884569781826180e-03
-8.9999999999999941e-03 9.0000000000000011e-03 4.0000000000000001e-03  1.3864760410653605e-03
-8.9999999999999941e-03 1.2000000000000004e-02 4.0000000000000001e-03  1.3873805440912769e-03
-8.9999999999999941e-03 1.4999999999999999e-02 4.0000000000000001e-03  1.3913756473500083e-03
-8.9999999999999941e-03 1.8000000000000002e-02 4.0000000000000001e-03  1.3966050419698714e-03
-8.9999999999999941e-03 2.1000000000000005e-02 4.0000000000000001e-03  1.4030720031455947e-03
-8.9999999999999941e-03 2.4000000000000007e-02 4.0000000000000001e-03  1.4156705675542431e-03
-8.9999999999999941e-03 2.7000000000000010e-02 4.0000000000000001e-03  1.4215935646846168e-03
-8.9999999999999941e-03 2.9999999999999999e-02 4.0000000000000001e-03  1.4430432572228175e-03
-8.9999999999999941e-03 3.3000000000000002e-02 4.0000000000000001e-03  1.4771865065876975e-03
-8.9999999999999941e-03 3.6000000000000004e-02 4.0000000000000001e-03  1.5236650001708035e-03
-8.9999999999999941e-03 3.9000000000000007e-02 4.0000000000000001e-03  1.5828133086401770e-03
-8.9999999999999941e-03 4.2000000000000010e-02 4.0000000000000001e-03  1.6550216880648974e-03
-8.9999999999999941e-03 4.4999999999999998e-02 4.0000000000000001e-03  1.7423275732082715e-03
-5.9999999999999984e-03 -4.4999999999999998e-02 4.0000000000000001e-03  2.0593284970846638e-03
-5.9999999999999984e-03 -4.1999999999999996e-02 4.0000000000000001e-03  1.9252361916667175e-03
-5.9999999999999984e-03 -3.9000000000000000e-02 4.0000000000000001e-03  1.8123422762773374e-03
-5.9999999999999984e-03 -3.5999999999999997e-02 4.0000000000000001e-03  1.7158526884774779e-03
-5.9999999999999984e-03 -3.3000000000000002e-02 4.0000000000000001e-03  1.6374693222181019e-03
-5.9999999999999984e-03 -2.9999999999999999e-02 4.0000000000000001e-03  1.5795515330002453e-03
-5.9999999999999984e-03 -2.6999999999999996e-02 4.0000000000000001e-03  1.5455835684303836e-03
-5.9999999999999984e-03 -2.3999999999999997e-02 4.0000000000000001e-03  1.5206678704830403e-03
-5.9999999999999984e-03 -2.0999999999999998e-02 4.0000000000000001e-03  1.4967680558875970e-03
-5.9999999999999984e-03 -1.7999999999999999e-02 4.0000000000000001e-03  1.4739180758528850e-03
-5.9999999999999984e-03 -1.4999999999999999e-02 4.0000000000000001e-03  1.4541223337537356e-03
-5.9999999999999984e-03 -1.1999999999999997e-02 4.0000000000000001e-03  1.4353634367061036e-03
-5.9999999999999984e-03 -8.9999999999999941e-03 4.0000000000000001e-03  1.4202301486752329e-03
-5.9999999999999984e-03 -5.9999999999999984e-03 4.0000000000000001e-03  1.4077286978154649e-03
-5.9999999999999984e-03 -2.9999999999999957e-03 4.0000000000000001e-03  1.3965638877642243e-03
-5.9999999999999984e-03 0.0000000000000000e+00 4.0000000000000001e-03  1.3868931161584775e-03
-5.9999999999999984e-03 3.0000000000000027e-03 4.0000000000000001e-03  1.3798342043719234e-03
-5.9999999999999984e-03 6.0000000000000053e-03 4.0000000000000001e-03  1.3757727333462090e-03
-5.9999999999999984e-03 9.0000000000000011e-03 4.0000000000000001e-03  1.3766272326141179e-03
-5.9999999999999984e-03 1.2000000000000004e-02 4.0000000000000001e-03  1.3786976219068818e-03
-5.9999999999999984e-03 1.4999999999999999e-02 4.0000000000000001e-03  1.3819883856094363e-03
-5.9999999999999984e-03 1.8000000000000002e-02 4.0000000000000001e-03  1.3901505626780380e-03
-5.9999999999999984e-03 2.1000000000000005e-02 4.0000000000000001e-03  1.4045970679792915e-03
-5.9999999999999984e-03 2.4000000000000007e-02 4.0000000000000001e-03  1.4208966065673402e-03
-5.9999999999999984e-03 2.7000000000000010e-02 4.0000000000000001e-03  1.4270323167146269e-03
-5.9999999999999984e-03 2.9999999999999999e-02 4.0000000000000001e-03  1.4426003424823633e-03
-5.9999999999999984e-03 3.3000000000000002e-02 4.0000000000000001e-03  1.4752592088750991e-03
-5.9999999999999984e-03 3.6000000000000004e-02 4.0000000000000001e-03  1.5248077894698924e-03
-5.9999999999999984e-03 3.9000000000000007e-02 4.0000000000000001e-03  1.5877775173072668e-03
-5.9999999999999984e-03 4.2000000000000010e-02 4.0000000000000001e-03  1.6639663409420415e-03
-5.9999999999999984e-03 4.4999999999999998e-02 4.0000000000000001e-03  1.7538655826455710e-03
-2.9999999999999957e-03 -4.4999999999999998e-02 4.0000000000000001e-03  2.0451956427000573e-03
-2.9999999999999957e-03 -4.1999999999999996e-02 4.0000000000000001e-03  1.9107132751227042e-03
-2.9999999999999957e-03 -3.9000000000000000e-02 4.0000000000000001e-03  1.7989958053964924e-03
-2.9999999999999957e-03 -3.5999999999999997e-02 4.0000000000000001e-03  1.7025694246098461e-03
-2.9999999999999957e-03 -3.3000000000000002e-02 4.0000000000000001e-03  1.6333955565377540e-03
-2.9999999999999957e-03 -2.9999999999999999e-02 4.0000000000000001e-03  1.5732754827237215e-03
-2.9999999999999957e-03 -2.6999999999999996e-02 4.0000000000000001e-03  1.5376865375120584e-03
-2.9999999999999957e-03 -2.3999999999999997e-02 4.0000000000000001e-03  1.5130109675177000e-03
-2.9999999999999957e-03 -2.0999999999999998e-02 4.0000000000000001e-03  1.4893992448900813e-03
-2.9999999999999957e-03 -1.7999999999999999e-02 4.0000000000000001e-03  1.4668402023992515e-03
-2.9999999999999957e-03 -1.4999999999999999e-02 4.0000000000000001e-03  1.4453249475504058e-03
-2.9999999999999957e-03 -1.1999999999999997e-02 4.0000000000000001e-03  1.4255240616871361e-03
-2.9999999999999957e-03 -8.9999999999999941e-03 4.0000000000000001e-03  1.4079382996831189e-03
-2.9999999999999957e-03 -5.9999999999999984e-03 4.0000000000000001e-03  1.3929382997482803e-03
-2.9999999999999957e-03 -2.9999999999999957e-03 4.0000000000000001e-03  1.3817980996994866e-03
-2.9999999999999957e-03 0.0000000000000000e+00 4.0000000000000001e-03  1.3725626570432184e-03
-2.9999999999999957e-03 3.0000000000000027e-03 4.0000000000000001e-03  1.3703183851387559e-03
-2.9999999999999957e-03 6.0000000000000053e-03 4.0000000000000001e-03  1.3692720448472216e-03
-2.9999999999999957e-03 9.0000000000000011e-03 4.0000000000000001e-03  1.3694293297437563e-03
-2.9999999999999957e-03 1.2000000000000004e-02 4.0000000000000001e-03  1.3733660824491851e-03
-2.9999999999999957e-03 1.4999999999999999e-02 4.0000000000000001e-03  1.3830921261208935e-03
-2.9999999999999957e-03 1.8000000000000002e-02 4.0000000000000001e-03  1.3946748077286123e-03
-2.9999999999999957e-03 2.1000000000000005e-02 4.0000000000000001e-03  1.4081095619688916e-03
-2.9999999999999957e-03 2.4000000000000007e-02 4.0000000000000001e-03  1.4233923651080958e-03
-2.9999999999999957e-03 2.7000000000000010e-02 4.0000000000000001e-03  1.4297854728440875e-03
-2.9999999999999957e-03 2.9999999999999999e-02 4.0000000000000001e-03  1.4434881732267818e-03
-2.9999999999999957e-03 3.3000000000000002e-02 4.0000000000000001e-03  1.4742450329769050e-03
-2.9999999999999957e-03 3.6000000000000004e-02 4.0000000000000001e-03  1.5224431628981241e-03
-2.9999999999999957e-03 3.9000000000000007e-02 4.0000000000000001e-03  1.5886281219741089e-03
-2.9999999999999957e-03 4.2000000000000010e-02 4.0000000000000001e-03  1.6735039173685264e-03
-2.9999999999999957e-03 4.4999999999999998e-02 4.0000000000000001e-03  1.7688811036378638e-03
0.0000000000000000e+00 -4.4999999999999998e-02 4.0000000000000001e-03  2.0281945942967777e-03
0.0000000000000000e+00 -4.1999999999999996e-02 4.0000000000000001e-03  1.8934683823770327e-03
0.0000000000000000e+00 -3.9000000000000000e-02 4.0000000000000001e-03  1.7821762034385018e-03
0.0000000000000000e+00 -3.5999999999999997e-02 4.0000000000000001e-03  1.6816199887811749e-03
0.0000000000000000e+00 -3.3000000000000002e-02 4.0000000000000001e-03  1.6090144718789760e-03
0.0000000000000000e+00 -2.9999999999999999e-02 4.0000000000000001e-03  1.5676443983891496e-03
0.0000000000000000e+00 -2.6999999999999996e-02 4.0000000000000001e-03  1.5301385547452286e-03
0.0000000000000000e+00 -2.3999999999999997e-02 4.0000000000000001e-03  1.5057483954369528e-03
0.0000000000000000e+00 -2.0999999999999998e-02 4.0000000000000001e-03  1.4824253706921806e-03
0.0000000000000000e+00 -1.7999999999999999e-02 4.0000000000000001e-03  1.4601577656907301e-03
0.0000000000000000e+00 -1.4999999999999999e-02 4.0000000000000001e-03  1.4389361403475602e-03
0.0000000000000000e+00 -1.1999999999999997e-02 4.0000000000000001e-03  1.4187533293127587e-03
0.0000000000000000e+00 -8.9999999999999941e-03 4.0000000000000001e-03  1.3996044419715562e-03
0.0000000000000000e+00 -5.9999999999999984e-03 4.0000000000000001e-03  1.3827485600416583e-03
0.0000000000000000e+00 -2.9999999999999957e-03 4.0000000000000001e-03  1.3720889776322595e-03
0.0000000000000000e+00 0.0000000000000000e+00 4.0000000000000001e-03  1.3682962333449998e-03
0.0000000000000000e+00 3.0000000000000027e-03 4.0000000000000001e-03  1.3653493843853986e-03
0.0000000000000000e+00 6.0000000000000053e-03 4.0000000000000001e-03  1.3652612207952694e-03
0.0000000000000000e+00 9.0000000000000011e-03 4.0000000000000001e-03  1.3702665691309617e-03
0.0000000000000000e+00 1.2000000000000004e-02 4.0000000000000001e-03  1.3771355524095710e-03
0.0000000000000000e+00 1.4999999999999999e-02 4.0000000000000001e-03  1.3858632443438526e-03
0.0000000000000000e+00 1.8000000000000002e-02 4.0000000000000001e-03  1.3964452602163856e-03
0.0000000000000000e+00 2.1000000000000005e-02 4.0000000000000001e-03  1.4088777568795777e-03
0.0000000000000000e+00 2.4000000000000007e-02 4.0000000000000001e-03  1.4231574327556646e-03
0.0000000000000000e+00 2.7000000000000010e-02 4.0000000000000001e-03  1.4298543005897080e-03
0.0000000000000000e+00 2.9999999999999999e-02 4.0000000000000001e-03  1.4416952473102977e-03
0.0000000000000000e+00 3.3000000000000002e-02 4.0000000000000001e-03  1.4705395274495433e-03
0.0000000000000000e+00 3.6000000000000004e-02 4.0000000000000001e-03  1.5167799765958313e-03
0.0000000000000000e+00 3.9000000000000007e-02 4.0000000000000001e-03  1.5809678785175480e-03
0.0000000000000000e+00 4.2000000000000010e-02 4.0000000000000001e-03  1.6638129651630757e-03
0.0000000000000000e+00 4.4999999999999998e-02 4.0000000000000001e-03  1.7661834166607970e-03
3.0000000000000027e-03 -4.4999999999999998e-02 4.0000000000000001e-03  2.0083058408323583e-03
3.0000000000000027e-03 -4.1999999999999996e-02 4.0000000000000001e-03  1.8734725677180286e-03
3.0000000000000027e-03 -3.9000000000000000e-02 4.0000000000000001e-03  1.7627826172441998e-03
3.0000000000000027e-03 -3.5999999999999997e-02 4.0000000000000001e-03  1.6625438897153572e-03
3.0000000000000027e-03 -3.3000000000000002e-02 4.0000000000000001e-03  1.5731227104612204e-03
3.0000000000000027e-03 -2.9999999999999999e-02 4.0000000000000001e-03  1.5319391568774079e-03
3.0000000000000027e-03 -2.6999999999999996e-02 4.0000000000000001e-03  1.5224962991318037e-03
3.0000000000000027e-03 -2.3999999999999997e-02 4.0000000000000001e-03  1.4988797716441169e-03
3.0000000000000027e-03 -2.0999999999999998e-02 4.0000000000000001e-03  1.4758460867717938e-03
3.0000000000000027e-03 -1.7999999999999999e-02 4.0000000000000001e-03  1.4538704552797910e-03
3.0000000000000027e-03 -1.4999999999999999e-02 4.0000000000000001e-03  1.4329428894928355e-03
3.0000000000000027e-03 -1.1999999999999997e-02 4.0000000000000001e-03  1.4136188326281905e-03
3.0000000000000027e-03 -8.9999999999999941e-03 4.0000000000000001e-03  1.3959647776753620e-03
3.0000000000000027e-03 -5.9999999999999984e-03 4.0000000000000001e-03  1.3792256722878326e-03
3.0000000000000027e-03 -2.9999999999999957e-03 4.0000000000000001e-03  1.3685304462306245e-03
3.0000000000000027e-03 0.0000000000000000e+00 4.0000000000000001e-03  1.3676499970575098e-03
3.0000000000000027e-03 3.0000000000000027e-03 4.0000000000000001e-03  1.3677563447800265e-03
3.0000000000000027e-03 6.0000000000000053e-03 4.0000000000000001e-03  1.3688511455478528e-03
3.0000000000000027e-03 9.0000000000000011e-03 4.0000000000000001e-03  1.3722693771515788e-03
3.0000000000000027e-03 1.2000000000000004e-02 4.0000000000000001e-03  1.3781417979442905e-03
3.0000000000000027e-03 1.4999999999999999e-02 4.0000000000000001e-03  1.3858740059408850e-03
3.0000000000000027e-03 1.8000000000000002e-02 4.0000000000000001e-03  1.3954623385798088e-03
3.0000000000000027e-03 2.1000000000000005e-02 4.0000000000000001e-03  1.4069036748693387e-03
3.0000000000000027e-03 2.4000000000000007e-02 4.0000000000000001e-03  1.4201954353875760e-03
3.0000000000000027e-03 2.7000000000000010e-02 4.0000000000000001e-03  1.4272448300595313e-03
3.0000000000000027e-03 2.9999999999999999e-02 4.0000000000000001e-03  1.4372291496235821e-03
3.0000000000000027e-03 3.3000000000000002e-02 4.0000000000000001e-03  1.4641518319663189e-03
3.0000000000000027e-03 3.6000000000000004e-02 4.0000000000000001e-03  1.5084114374608398e-03
3.0000000000000027e-03 3.9000000000000007e-02 4.0000000000000001e-03  1.5705649746602527e-03
3.0000000000000027e-03 4.2000000000000010e-02 4.0000000000000001e-03  1.6573590626645814e-03
3.0000000000000027e-03 4.4999999999999998e-02 4.0000000000000001e-03  1.7806978807537045e-03
6.0000000000000053e-03 -4.4999999999999998e-02 4.0000000000000001e-03  1.9855125360097037e-03
6.0000000000000053e-03 -4.1999999999999996e-02 4.0000000000000001e-03  1.8506995501793777e-03
6.0000000000000053e-03 -3.9000000000000000e-02 4.0000000000000001e-03  1.7407777210234252e-03
6.0000000000000053e-03 -3.5999999999999997e-02 4.0000000000000001e-03  1.6410455966253223e-03
6.0000000000000053e-03 -3.3000000000000002e-02 4.0000000000000001e-03  1.5579854110231777e-03
6.0000000000000053e-03 -2.9999999999999999e-02 4.0000000000000001e-03  1.5214232164157328e-03
6.0000000000000053e-03 -2.6999999999999996e-02 4.0000000000000001e-03  1.5125069401858366e-03
6.0000000000000053e-03 -2.3999999999999997e-02 4.0000000000000001e-03  1.4899296489143349e-03
6.0000000000000053e-03 -2.0999999999999998e-02 4.0000000000000001e-03  1.4675981330127938e-03
6.0000000000000053e-03 -1.7999999999999999e-02 4.0000000000000001e-03  1.4465722519089825e-03
6.0000000000000053e-03 -1.4999999999999999e-02 4.0000000000000001e-03  1.4268479840066214e-03
6.0000000000000053e-03 -1.1999999999999997e-02 4.0000000000000001e-03  1.4084232897155398e-03
6.0000000000000053e-03 -8.9999999999999941e-03 4.0000000000000001e-03  1.3960013107533699e-03
6.0000000000000053e-03 -5.9999999999999984e-03 4.0000000000000001e-03  1.3862352853957131e-03
6.0000000000000053e-03 -2.9999999999999957e-03 4.0000000000000001e-03  1.3791679932123283e-03
6.0000000000000053e-03 0.0000000000000000e+00 4.0000000000000001e-03  1.3766211125415661e-03
6.0000000000000053e-03 3.0000000000000027e-03 4.0000000000000001e-03  1.3739231975419684e-03
6.0000000000000053e-03 6.0000000000000053e-03 4.0000000000000001e-03  1.3740457997187773e-03
6.0000000000000053e-03 9.0000000000000011e-03 4.0000000000000001e-03  1.3759596038782011e-03
6.0000000000000053e-03 1.2000000000000004e-02 4.0000000000000001e-03  1.3788661638291784e-03
6.0000000000000053e-03 1.4999999999999999e-02 4.0000000000000001e-03  1.3831272619292765e-03
6.0000000000000053e-03 1.8000000000000002e-02 4.0000000000000001e-03  1.3917304975557101e-03
6.0000000000000053e-03 2.1000000000000005e-02 4.0000000000000001e-03  1.4021933743945320e-03
6.0000000000000053e-03 2.4000000000000007e-02 4.0000000000000001e-03  1.4145140351797183e-03
6.0000000000000053e-03 2.7000000000000010e-02 4.0000000000000001e-03  1.4219678539529408e-03
6.0000000000000053e-03 2.9999999999999999e-02 4.0000000000000001e-03  1.4301022276486544e-03
6.0000000000000053e-03 3.3000000000000002e-02 4.0000000000000001e-03  1.4550958487918742e-03
6.0000000000000053e-03 3.6000000000000004e-02 4.0000000000000001e-03  1.4990333649592107e-03
6.0000000000000053e-03 3.9000000000000007e-02 4.0000000000000001e-03  1.5707712028064696e-03
6.0000000000000053e-03 4.2000000000000010e-02 4.0000000000000001e-03  1.6699437651477157e-03
6.0000000000000053e-03 4.4999999999999998e-02 4.0000000000000001e-03  1.7971232977801632e-03
9.0000000000000011e-03 -4.4999999999999998e-02 4.0000000000000001e-03  1.9598004982770830e-03
9.0000000000000011e-03 -4.1999999999999996e-02 4.0000000000000001e-03  1.8251257135401293e-03
9.0000000000000011e-03 -3.9000000000000000e-02 4.0000000000000001e-03  1.7271456917320959e-03
9.0000000000000011e-03 -3.5999999999999997e-02 4.0000000000000001e-03  1.6384037993436593e-03
9.0000000000000011e-03 -3.3000000000000002e-02 4.0000000000000001e-03  1.5512061948577272e-03
9.0000000000000011e-03 -2.9999999999999999e-02 4.0000000000000001e-03  1.5306066360865483e-03
9.0000000000000011e-03 -2.6999999999999996e-02 4.0000000000000001e-03  1.5057146294808067e-03
9.0000000000000011e-03 -2.3999999999999997e-02 4.0000000000000001e-03  1.4788028518774455e-03
9.0000000000000011e-03 -2.0999999999999998e-02 4.0000000000000001e-03  1.4582132911519002e-03
9.0000000000000011e-03 -1.7999999999999999e-02 4.0000000000000001e-03  1.4389782736771506e-03
9.0000000000000011e-03 -1.4999999999999999e-02 4.0000000000000001e-03  1.4277690028353645e-03
9.0000000000000011e-03 -1.1999999999999997e-02 4.0000000000000001e-03  1.4173187123445983e-03
9.0000000000000011e-03 -8.9999999999999941e-03 4.0000000000000001e-03  1.4070005945023430e-03
9.0000000000000011e-03 -5.9999999999999984e-03 4.0000000000000001e-03  1.3968053238642222e-03
9.0000000000000011e-03 -2.9999999999999957e-03 4.0000000000000001e-03  1.3899050141816648e-03
9.0000000000000011e-03 0.0000000000000000e+00 4.0000000000000001e-03  1.3884906137234527e-03
9.0000000000000011e-03 3.0000000000000027e-03 4.0000000000000001e-03  1.3869153528664295e-03
9.0000000000000011e-03 6.0000000000000053e-03 4.0000000000000001e-03  1.3851763950134348e-03
9.0000000000000011e-03 9.0000000000000011e-03 4.0000000000000001e-03  1.3832762497692488e-03
9.0000000000000011e-03 1.2000000000000004e-02 4.0000000000000001e-03  1.3824080027617916e-03
9.0000000000000011e-03 1.4999999999999999e-02 4.0000000000000001e-03  1.3861081864339393e-03
9.0000000000000011e-03 1.8000000000000002e-02 4.0000000000000001e-03  1.3908271673025658e-03
9.0000000000000011e-03 2.1000000000000005e-02 4.0000000000000001e-03  1.3965804531888145e-03
9.0000000000000011e-03 2.4000000000000007e-02 4.0000000000000001e-03  1.4061249306063428e-03
9.0000000000000011e-03 2.7000000000000010e-02 4.0000000000000001e-03  1.4140389275606546e-03
9.0000000000000011e-03 2.9999999999999999e-02 4.0000000000000001e-03  1.4188991001905151e-03
9.0000000000000011e-03 3.3000000000000002e-02 4.0000000000000001e-03  1.4412354527522310e-03
9.0000000000000011e-03 3.6000000000000004e-02 4.0000000000000001e-03  1.4900324576528718e-03
9.0000000000000011e-03 3.9000000000000007e-02 4.0000000000000001e-03  1.5659287534101245e-03
9.0000000000000011e-03 4.2000000000000010e-02 4.0000000000000001e-03  1.6694910967788175e-03
9.0000000000000011e-03 4.4999999999999998e-02 4.0000000000000001e-03  1.8012143627509209e-03
1.2000000000000004e-02 -4.4999999999999998e-02 4.0000000000000001e-03  1.9530128950166516e-03
1.2000000000000004e-02 -4.1999999999999996e-02 4.0000000000000001e-03  1.8443840651781360e-03
1.2000000000000004e-02 -3.9000000000000000e-02 4.0000000000000001e-03  1.7479034773246354e-03
1.2000000000000004e-02 -3.5999999999999997e-02 4.0000000000000001e-03  1.6543840913291047e-03
1.2000000000000004e-02 -3.3000000000000002e-02 4.0000000000000001e-03  1.5802073151107874e-03
1.2000000000000004e-02 -2.9999999999999999e-02 4.0000000000000001e-03  1.5460235712315981e-03
1.2000000000000004e-02 -2.6999999999999996e-02 4.0000000000000001e-03  1.5084453489426284e-03
1.2000000000000004e-02 -2.3999999999999997e-02 4.0000000000000001e-03  1.4764934300946862e-03
1.2000000000000004e-02 -2.0999999999999998e-02 4.0000000000000001e-03  1.4613008495100318e-03
1.2000000000000004e-02 -1.7999999999999999e-02 4.0000000000000001e-03  1.4501245215921199e-03
1.2000000000000004e-02 -1.4999999999999999e-02 4.0000000000000001e-03  1.4391043544644112e-03
1.2000000000000004e-02 -1.1999999999999997e-02 4.0000000000000001e-03  1.4282254056398288e-03
1.2000000000000004e-02 -8.9999999999999941e-03 4.0000000000000001e-03  1.4174757994065566e-03
1.2000000000000004e-02 -5.9999999999999984e-03 4.0000000000000001e-03  1.4068467268280520e-03
1.2000000000000004e-02 -2.9999999999999957e-03 4.0000000000000001e-03  1.4001241942224853e-03
1.2000000000000004e-02 0.0000000000000000e+00 4.0000000000000001e-03  1.3998460163970169e-03
1.2000000000000004e-02 3.0000000000000027e-03 4.0000000000000001e-03  1.3994006858211907e-03
1.2000000000000004e-02 6.0000000000000053e-03 4.0000000000000001e-03  1.3987843179052489e-03
1.2000000000000004e-02 9.0000000000000011e-03 4.0000000000000001e-03  1.3979983742613477e-03
1.2000000000000004e-02 1.2000000000000004e-02 4.0000000000000001e-03  1.3970496627035826e-03
1.2000000000000004e-02 1.4999999999999999e-02 4.0000000000000001e-03  1.3959503372479615e-03
1.2000000000000004e-02 1.8000000000000002e-02 4.0000000000000001e-03  1.3947178981124184e-03
1.2000000000000004e-02 2.1000000000000005e-02 4.0000000000000001e-03  1.3982757000470319e-03
1.2000000000000004e-02 2.4000000000000007e-02 4.0000000000000001e-03  1.4044958629253342e-03
1.2000000000000004e-02 2.7000000000000010e-02 4.0000000000000001e-03  1.4205890616944190e-03
1.2000000000000004e-02 2.9999999999999999e-02 4.0000000000000001e-03  1.3973810068951154e-03
1.2000000000000004e-02 3.3000000000000002e-02 4.0000000000000001e-03  1.4142403477843456e-03
1.2000000000000004e-02 3.6000000000000004e-02 4.0000000000000001e-03  1.4676322256182660e-03
1.2000000000000004e-02 3.9000000000000007e-02 4.0000000000000001e-03  1.5483999608726503e-03
1.2000000000000004e-02 4.2000000000000010e-02 4.0000000000000001e-03  1.6570329394970862e-03
1.2000000000000004e-02 4.4999999999999998e-02 4.0000000000000001e-03  1.7939486656782773e-03
1.4999999999999999e-02 -4.4999999999999998e-02 4.0000000000000001e-03  1.9989577825297190e-03
1.4999999999999999e-02 -4.1999999999999996e-02 4.0000000000000001e-03  1.8821138808872741e-03
1.4999999999999999e-02 -3.9000000000000000e-02 4.0000000000000001e-03  1.7755679130544955e-03
1.4999999999999999e-02 -3.5999999999999997e-02 4.0000000000000001e-03  1.6720258568523479e-03
1.4999999999999999e-02 -3.3000000000000002e-02 4.0000000000000001e-03  1.6097097321046913e-03
1.4999999999999999e-02 -2.9999999999999999e-02 4.0000000000000001e-03  1.5519874860298610e-03
1.4999999999999999e-02 -2.6999999999999996e-02 4.0000000000000001e-03  1.5148387495370851e-03
1.4999999999999999e-02 -2.3999999999999997e-02 4.0000000000000001e-03  1.4933235164406519e-03
1.4999999999999999e-02 -2.0999999999999998e-02 4.0000000000000001e-03  1.4773205050194345e-03
1.4999999999999999e-02 -1.7999999999999999e-02 4.0000000000000001e-03  1.4613812949660738e-03
1.4999999999999999e-02 -1.4999999999999999e-02 4.0000000000000001e-03  1.4499256415854362e-03
1.4999999999999999e-02 -1.1999999999999997e-02 4.0000000000000001e-03  1.4386099581760487e-03
1.4999999999999999e-02 -8.9999999999999941e-03 4.0000000000000001e-03  1.4274228855339283e-03
1.4999999999999999e-02 -5.9999999999999984e-03 4.0000000000000001e-03  1.4163561312303577e-03
1.4999999999999999e-02 -2.9999999999999957e-03 4.0000000000000001e-03  1.4098207092338518e-03
1.4999999999999999e-02 0.0000000000000000e+00 4.0000000000000001e-03  1.4106773310461681e-03
1.4999999999999999e-02 3.0000000000000027e-03 4.0000000000000001e-03  1.4113640414750194e-03
1.4999999999999999e-02 6.0000000000000053e-03 4.0000000000000001e-03  1.4118759079380407e-03
1.4999999999999999e-02 9.0000000000000011e-03 4.0000000000000001e-03  1.4122133440547875e-03
1.4999999999999999e-02 1.2000000000000004e-02 4.0000000000000001e-03  1.4123821096467316e-03
1.4999999999999999e-02 1.4999999999999999e-02 4.0000000000000001e-03  1.4123933107372771e-03
1.4999999999999999e-02 1.8000000000000002e-02 4.0000000000000001e-03  1.4109623203283233e-03
1.4999999999999999e-02 2.1000000000000005e-02 4.0000000000000001e-03  1.4065657196891239e-03
1.4999999999999999e-02 2.4000000000000007e-02 4.0000000000000001e-03  1.4068541304999914e-03
1.4999999999999999e-02 2.7000000000000010e-02 4.0000000000000001e-03  1.4404323704719205e-03
1.4999999999999999e-02 2.9999999999999999e-02 4.0000000000000001e-03  1.4351251862606820e-03
1.4999999999999999e-02 3.3000000000000002e-02 4.0000000000000001e-03  1.4356431630186699e-03
1.4999999999999999e-02 3.6000000000000004e-02 4.0000000000000001e-03  1.4685959667183135e-03
1.4999999999999999e-02 3.9000000000000007e-02 4.0000000000000001e-03  1.5350596097405622e-03
1.4999999999999999e-02 4.2000000000000010e-02 4.0000000000000001e-03  1.6358673931656832e-03
1.4999999999999999e-02 4.4999999999999998e-02 4.0000000000000001e-03  1.7771223006414181e-03
1.8000000000000002e-02 -4.4999999999999998e-02 4.0000000000000001e-03  2.0438955290253396e-03
1.8000000000000002e-02 -4.1999999999999996e-02 4.0000000000000001e-03  1.9187566636453129e-03
1.8000000000000002e-02 -3.9000000000000000e-02 4.0000000000000001e-03  1.8021294530021555e-03
1.8000000000000002e-02 -3.5999999999999997e-02 4.0000000000000001e-03  1.6975206567983706e-03
1.8000000000000002e-02 -3.3000000000000002e-02 4.0000000000000001e-03  1.6212147722257930e-03
1.8000000000000002e-02 -2.9999999999999999e-02 4.0000000000000001e-03  1.5609656388787089e-03
1.8000000000000002e-02 -2.6999999999999996e-02 4.0000000000000001e-03  1.5292747726342727e-03
1.8000000000000002e-02 -2.3999999999999997e-02 4.0000000000000001e-03  1.5122196054746218e-03
1.8000000000000002e-02 -2.0999999999999998e-02 4.0000000000000001e-03  1.4942382303726313e-03
1.8000000000000002e-02 -1.7999999999999999e-02 4.0000000000000001e-03  1.4781204501932402e-03
1.8000000000000002e-02 -1.4999999999999999e-02 4.0000000000000001e-03  1.4619618211400957e-03
1.8000000000000002e-02 -1.1999999999999997e-02 4.0000000000000001e-03  1.4484802862687780e-03
1.8000000000000002e-02 -8.9999999999999941e-03 4.0000000000000001e-03  1.4368504460752125e-03
1.8000000000000002e-02 -5.9999999999999984e-03 4.0000000000000001e-03  1.4253428071371410e-03
1.8000000000000002e-02 -2.9999999999999957e-03 4.0000000000000001e-03  1.4190022782654414e-03
1.8000000000000002e-02 0.0000000000000000e+00 4.0000000000000001e-03  1.4209871113054324e-03
1.8000000000000002e-02 3.0000000000000027e-03 4.0000000000000001e-03  1.4228028080472952e-03
1.8000000000000002e-02 6.0000000000000053e-03 4.0000000000000001e-03  1.4244433879160550e-03
1.8000000000000002e-02 9.0000000000000011e-03 4.0000000000000001e-03  1.4259082165386492e-03
1.8000000000000002e-02 1.2000000000000004e-02 4.0000000000000001e-03  1.4254624567589661e-03
1.8000000000000002e-02 1.4999999999999999e-02 4.0000000000000001e-03  1.4227908032034844e-03
1.8000000000000002e-02 1.8000000000000002e-02 4.0000000000000001e-03  1.4236045948683863e-03
1.8000000000000002e-02 2.1000000000000005e-02 4.0000000000000001e-03  1.4293666600810270e-03
1.8000000000000002e-02 2.4000000000000007e-02 4.0000000000000001e-03  1.4350158761665664e-03
1.8000000000000002e-02 2.7000000000000010e-02 4.0000000000000001e-03  1.4550168907230187e-03
1.8000000000000002e-02 2.9999999999999999e-02 4.0000000000000001e-03  1.4764993812343419e-03
1.8000000000000002e-02 3.3000000000000002e-02 4.0000000000000001e-03  1.4693722352953603e-03
1.8000000000000002e-02 3.6000000000000004e-02 4.0000000000000001e-03  1.4946101829296583e-03
1.8000000000000002e-02 3.9000000000000007e-02 4.0000000000000001e-03  1.5533623353308679e-03
1.8000000000000002e-02 4.2000000000000010e-02 4.0000000000000001e-03  1.6465350923919426e-03
1.8000000000000002e-02 4.4999999999999998e-02 4.0000000000000001e-03  1.7747921427051525e-03
2.1000000000000005e-02 -4.4999999999999998e-02 4.0000000000000001e-03  2.0878654669303403e-03
2.1000000000000005e-02 -4.1999999999999996e-02 4.0000000000000001e-03  1.9544307307535497e-03
2.1000000000000005e-02 -3.9000000000000000e-02 4.0000000000000001e-03  1.8277762834689006e-03
2.1000000000000005e-02 -3.5999999999999997e-02 4.0000000000000001e-03  1.7261990460355047e-03
2.1000000000000005e-02 -3.3000000000000002e-02 4.0000000000000001e-03  1.6315373779313411e-03
2.1000000000000005e-02 -2.9999999999999999e-02 4.0000000000000001e-03  1.5730142978029776e-03
2.1000000000000005e-02 -2.6999999999999996e-02 4.0000000000000001e-03  1.5506711617427802e-03
2.1000000000000005e-02 -2.3999999999999997e-02 4.0000000000000001e-03  1.5332580402082575e-03
2.1000000000000005e-02 -2.0999999999999998e-02 4.0000000000000001e-03  1.5147712591927567e-03
2.1000000000000005e-02 -1.7999999999999999e-02 4.0000000000000001e-03  1.4951875976404949e-03
2.1000000000000005e-02 -1.4999999999999999e-02 4.0000000000000001e-03  1.4775317095238763e-03
2.1000000000000005e-02 -1.1999999999999997e-02 4.0000000000000001e-03  1.4612650864781363e-03
2.1000000000000005e-02 -8.9999999999999941e-03 4.0000000000000001e-03  1.4457797073440097e-03
2.1000000000000005e-02 -5.9999999999999984e-03 4.0000000000000001e-03  1.4338286577372328e-03
2.1000000000000005e-02 -2.9999999999999957e-03 4.0000000000000001e-03  1.4276891635175469e-03
2.1000000000000005e-02 0.0000000000000000e+00 4.0000000000000001e-03  1.4307904539599570e-03
2.1000000000000005e-02 3.0000000000000027e-03 4.0000000000000001e-03  1.4337269169080169e-03
2.1000000000000005e-02 6.0000000000000053e-03 4.0000000000000001e-03  1.4343980830193359e-03
2.1000000000000005e-02 9.0000000000000011e-03 4.0000000000000001e-03  1.4334896054116178e-03
2.1000000000000005e-02 1.2000000000000004e-02 4.0000000000000001e-03  1.4372636040317652e-03
2.1000000000000005e-02 1.4999999999999999e-02 4.0000000000000001e-03  1.4444888849644807e-03
2.1000000000000005e-02 1.8000000000000002e-02 4.0000000000000001e-03  1.4516142703892923e-03
2.1000000000000005e-02 2.1000000000000005e-02 4.0000000000000001e-03  1.4586303708583042e-03
2.1000000000000005e-02 2.4000000000000007e-02 4.0000000000000001e-03  1.4655307379842343e-03
2.1000000000000005e-02 2.7000000000000010e-02 4.0000000000000001e-03  1.4723118644404197e-03
2.1000000000000005e-02 2.9999999999999999e-02 4.0000000000000001e-03  1.5047029638938334e-03
2.1000000000000005e-02 3.3000000000000002e-02 4.0000000000000001e-03  1.5067021398496260e-03
2.1000000000000005e-02 3.6000000000000004e-02 4.0000000000000001e-03  1.5240760196097707e-03
2.1000000000000005e-02 3.9000000000000007e-02 4.0000000000000001e-03  1.5749503111746254e-03
2.1000000000000005e-02 4.2000000000000010e-02 4.0000000000000001e-03  1.6603045132498290e-03
2.1000000000000005e-02 4.4999999999999998e-02 4.0000000000000001e-03  1.7808754132403416e-03
2.4000000000000007e-02 -4.4999999999999998e-02 4.0000000000000001e-03  2.1310126784403749e-03
2.4000000000000007e-02 -4.1999999999999996e-02 4.0000000000000001e-03  1.9893601492821148e-03
2.4000000000000007e-02 -3.9000000000000000e-02 4.0000000000000001e-03  1.8555632770630166e-03
2.4000000000000007e-02 -3.5999999999999997e-02 4.0000000000000001e-03  1.7378488425668129e-03
2.4000000000000007e-02 -3.3000000000000002e-02 4.0000000000000001e-03  1.6450867541231533e-03
2.4000000000000007e-02 -2.9999999999999999e-02 4.0000000000000001e-03  1.5992590179391183e-03
2.4000000000000007e-02 -2.6999999999999996e-02 4.0000000000000001e-03  1.5753035543515021e-03
2.4000000000000007e-02 -2.3999999999999997e-02 4.0000000000000001e-03  1.5559682876365578e-03
2.4000000000000007e-02 -2.0999999999999998e-02 4.0000000000000001e-03  1.5370976205096088e-03
2.4000000000000007e-02 -1.7999999999999999e-02 4.0000000000000001e-03  1.5171711385936211e-03
2.4000000000000007e-02 -1.4999999999999999e-02 4.0000000000000001e-03  1.4961721840105479e-03
2.4000000000000007e-02 -1.1999999999999997e-02 4.0000000000000001e-03  1.4755441958897867e-03
2.4000000000000007e-02 -8.9999999999999941e-03 4.0000000000000001e-03  1.4591780593601093e-03
2.4000000000000007e-02 -5.9999999999999984e-03 4.0000000000000001e-03  1.4427770831746921e-03
2.4000000000000007e-02 -2.9999999999999957e-03 4.0000000000000001e-03  1.4359141703410771e-03
2.4000000000000007e-02 0.0000000000000000e+00 4.0000000000000001e-03  1.4377505590415002e-03
2.4000000000000007e-02 3.0000000000000027e-03 4.0000000000000001e-03  1.4385758382070232e-03
2.4000000000000007e-02 6.0000000000000053e-03 4.0000000000000001e-03  1.4451573492930947e-03
2.4000000000000007e-02 9.0000000000000011e-03 4.0000000000000001e-03  1.4538233000342797e-03
2.4000000000000007e-02 1.2000000000000004e-02 4.0000000000000001e-03  1.4624359127397399e-03
2.4000000000000007e-02 1.4999999999999999e-02 4.0000000000000001e-03  1.4709750970850911e-03
2.4000000000000007e-02 1.8000000000000002e-02 4.0000000000000001e-03  1.4794237038065513e-03
2.4000000000000007e-02 2.1000000000000005e-02 4.0000000000000001e-03  1.4877675247009692e-03
2.4000000000000007e-02 2.4000000000000007e-02 4.0000000000000001e-03  1.4959952926258003e-03
2.4000000000000007e-02 2.7000000000000010e-02 4.0000000000000001e-03  1.5040986814991123e-03
2.4000000000000007e-02 2.9999999999999999e-02 4.0000000000000001e-03  1.5216956740705129e-03
2.4000000000000007e-02 3.3000000000000002e-02 4.0000000000000001e-03  1.5477405015178565e-03
2.4000000000000007e-02 3.6000000000000004e-02 4.0000000000000001e-03  1.5570984254124046e-03
2.4000000000000007e-02 3.9000000000000007e-02 4.0000000000000001e-03  1.5999258097429585e-03
2.4000000000000007e-02 4.2000000000000010e-02 4.0000000000000001e-03  1.6772752520278415e-03
2.4000000000000007e-02 4.4999999999999998e-02 4.0000000000000001e-03  1.7943800292668105e-03
2.7000000000000010e-02 -4.4999999999999998e-02 4.0000000000000001e-03  2.1735879955199276e-03
2.7000000000000010e-02 -4.1999999999999996e-02 4.0000000000000001e-03  2.0238747360699491e-03
2.7000000000000010e-02 -3.9000000000000000e-02 4.0000000000000001e-03  1.8820043614729944e-03
2.7000000000000010e-02 -3.5999999999999997e-02 4.0000000000000001e-03  1.7528616579864762e-03
2.7000000000000010e-02 -3.3000000000000002e-02 4.0000000000000001e-03  1.6776668807044820e-03
2.7000000000000010e-02 -2.9999999999999999e-02 4.0000000000000001e-03  1.6424682924682282e-03
2.7000000000000010e-02 -2.6999999999999996e-02 4.0000000000000001e-03  1.6113284717528317e-03
2.7000000000000010e-02 -2.3999999999999997e-02 4.0000000000000001e-03  1.5841108168241852e-03
2.7000000000000010e-02 -2.0999999999999998e-02 4.0000000000000001e-03  1.5610904802936681e-03
2.7000000000000010e-02 -1.7999999999999999e-02 4.0000000000000001e-03  1.5407572529522648e-03
2.7000000000000010e-02 -1.4999999999999999e-02 4.0000000000000001e-03  1.5193988559042415e-03
2.7000000000000010e-02 -1.1999999999999997e-02 4.0000000000000001e-03  1.4970051944492883e-03
2.7000000000000010e-02 -8.9999999999999941e-03 4.0000000000000001e-03  1.4735694914335933e-03
2.7000000000000010e-02 -5.9999999999999984e-03 4.0000000000000001e-03  1.4553825905877316e-03
2.7000000000000010e-02 -2.9999999999999957e-03 4.0000000000000001e-03  1.4386487666764453e-03
2.7000000000000010e-02 0.0000000000000000e+00 4.0000000000000001e-03  1.4473507261279473e-03
2.7000000000000010e-02 3.0000000000000027e-03 4.0000000000000001e-03  1.4573398201717428e-03
2.7000000000000010e-02 6.0000000000000053e-03 4.0000000000000001e-03  1.4673557375049745e-03
2.7000000000000010e-02 9.0000000000000011e-03 4.0000000000000001e-03  1.4773676869267584e-03
2.7000000000000010e-02 1.2000000000000004e-02 4.0000000000000001e-03  1.4873478182968341e-03
2.7000000000000010e-02 1.4999999999999999e-02 4.0000000000000001e-03  1.4972712225355391e-03
2.7000000000000010e-02 1.8000000000000002e-02 4.0000000000000001e-03  1.5071159316238443e-03
2.7000000000000010e-02 2.1000000000000005e-02 4.0000000000000001e-03  1.5168629186033248e-03
2.7000000000000010e-02 2.4000000000000007e-02 4.0000000000000001e-03  1.5264960975761783e-03
2.7000000000000010e-02 2.7000000000000010e-02 4.0000000000000001e-03  1.5360023237052111e-03
2.7000000000000010e-02 2.9999999999999999e-02 4.0000000000000001e-03  1.5453713932138528e-03
2.7000000000000010e-02 3.3000000000000002e-02 4.0000000000000001e-03  1.5926023760836777e-03
2.7000000000000010e-02 3.6000000000000004e-02 4.0000000000000001e-03  1.5937897799385540e-03
2.7000000000000010e-02 3.9000000000000007e-02 4.0000000000000001e-03  1.6320396265720578e-03
2.7000000000000010e-02 4.2000000000000010e-02 4.0000000000000001e-03  1.7120827151339750e-03
2.7000000000000010e-02 4.4999999999999998e-02 4.0000000000000001e-03  1.8311808072549035e-03
2.9999999999999999e-02 -4.4999999999999998e-02 4.0000000000000001e-03  2.2159479999023066e-03
2.9999999999999999e-02 -4.1999999999999996e-02 4.0000000000000001e-03  2.0585218540942478e-03
2.9999999999999999e-02 -3.9000000000000000e-02 4.0000000000000001e-03  1.8983426010125610e-03
2.9999999999999999e-02 -3.5999999999999997e-02 4.0000000000000001e-03  1.7866200036012524e-03
2.9999999999999999e-02 -3.3000000000000002e-02 4.0000000000000001e-03  1.7394882727577376e-03
2.9999999999999999e-02 -2.9999999999999999e-02 4.0000000000000001e-03  1.6967464134800979e-03
2.9999999999999999e-02 -2.6999999999999996e-02 4.0000000000000001e-03  1.6582406694935082e-03
2.9999999999999999e-02 -2.3999999999999997e-02 4.0000000000000001e-03  1.6238230732441967e-03
2.9999999999999999e-02 -2.0999999999999998e-02 4.0000000000000001e-03  1.5933514458994625e-03
2.9999999999999999e-02 -1.7999999999999999e-02 4.0000000000000001e-03  1.5666893973476561e-03
2.9999999999999999e-02 -1.4999999999999999e-02 4.0000000000000001e-03  1.5442188397544548e-03
2.9999999999999999e-02 -1.1999999999999997e-02 4.0000000000000001e-03  1.5225763343971691e-03
2.9999999999999999e-02 -8.9999999999999941e-03 4.0000000000000001e-03  1.5056346631328761e-03
2.9999999999999999e-02 -5.9999999999999984e-03 4.0000000000000001e-03  1.4913390534726893e-03
2.9999999999999999e-02 -2.9999999999999957e-03 4.0000000000000001e-03  1.4771763338230852e-03
2.9999999999999999e-02 0.0000000000000000e+00 4.0000000000000001e-03  1.4760836583698539e-03
2.9999999999999999e-02 3.0000000000000027e-03 4.0000000000000001e-03  1.4782799440115496e-03
2.9999999999999999e-02 6.0000000000000053e-03 4.0000000000000001e-03  1.4892370249096382e-03
2.9999999999999999e-02 9.0000000000000011e-03 4.0000000000000001e-03  1.5006619208044363e-03
2.9999999999999999e-02 1.2000000000000004e-02 4.0000000000000001e-03  1.5120790832209993e-03
2.9999999999999999e-02 1.4999999999999999e-02 4.0000000000000001e-03  1.5234587843244119e-03
2.9999999999999999e-02 1.8000000000000002e-02 4.0000000000000001e-03  1.5347742373403744e-03
2.9999999999999999e-02 2.1000000000000005e-02 4.0000000000000001e-03  1.5460015965551967e-03
2.9999999999999999e-02 2.4000000000000007e-02 4.0000000000000001e-03  1.5571199573158169e-03
2.9999999999999999e-02 2.7000000000000010e-02 4.0000000000000001e-03  1.5681113560297832e-03
2.9999999999999999e-02 2.9999999999999999e-02 4.0000000000000001e-03  1.5801828341646359e-03
2.9999999999999999e-02 3.3000000000000002e-02 4.0000000000000001e-03  1.6016453145413743e-03
2.9999999999999999e-02 3.6000000000000004e-02 4.0000000000000001e-03  1.6445659933667042e-03
2.9999999999999999e-02 3.9000000000000007e-02 4.0000000000000001e-03  1.6841877971305195e-03
2.9999999999999999e-02 4.2000000000000010e-02 4.0000000000000001e-03  1.7624688050270560e-03
2.9999999999999999e-02 4.4999999999999998e-02 4.0000000000000001e-03  1.8794588839654805e-03
3.3000000000000002e-02 -4.4999999999999998e-02 4.0000000000000001e-03  2.2585550230896437e-03
3.3000000000000002e-02 -4.1999999999999996e-02 4.0000000000000001e-03  2.0838425188899690e-03
3.3000000000000002e-02 -3.9000000000000000e-02 4.0000000000000001e-03  1.9276652564268184e-03
3.3000000000000002e-02 -3.5999999999999997e-02 4.0000000000000001e-03  1.8678190698096209e-03
3.3000000000000002e-02 -3.3000000000000002e-02 4.0000000000000001e-03  1.8127375683733864e-03
3.3000000000000002e-02 -2.9999999999999999e-02 4.0000000000000001e-03  1.7622498413025541e-03
3.3000000000000002e-02 -2.6999999999999996e-02 4.0000000000000001e-03  1.7161907665026468e-03
3.3000000000000002e-02 -2.3999999999999997e-02 4.0000000000000001e-03  1.6744010106002310e-03
3.3000000000000002e-02 -2.0999999999999998e-02 4.0000000000000001e-03  1.6367270289429469e-03
3.3000000000000002e-02 -1.7999999999999999e-02 4.0000000000000001e-03  1.5714007783158581e-03
3.3000000000000002e-02 -1.4999999999999999e-02 4.0000000000000001e-03  1.5705661733665189e-03
3.3000000000000002e-02 -1.1999999999999997e-02 4.0000000000000001e-03  1.5611295244039038e-03
3.3000000000000002e-02 -8.9999999999999941e-03 4.0000000000000001e-03  1.5509660012466629e-03
3.3000000000000002e-02 -5.9999999999999984e-03 4.0000000000000001e-03  1.5427840001393032e-03
3.3000000000000002e-02 -2.9999999999999957e-03 4.0000000000000001e-03  1.5308294213197237e-03
3.3000000000000002e-02 0.0000000000000000e+00 4.0000000000000001e-03  1.5253602515129471e-03
3.3000000000000002e-02 3.0000000000000027e-03 4.0000000000000001e-03  1.5227331040017975e-03
3.3000000000000002e-02 6.0000000000000053e-03 4.0000000000000001e-03  1.5226117949260749e-03
3.3000000000000002e-02 9.0000000000000011e-03 4.0000000000000001e-03  1.5250363765362171e-03
3.3000000000000002e-02 1.2000000000000004e-02 4.0000000000000001e-03  1.5367097170257279e-03
3.3000000000000002e-02 1.4999999999999999e-02 4.0000000000000001e-03  1.5496195524558093e-03
3.3000000000000002e-02 1.8000000000000002e-02 4.0000000000000001e-03  1.5624821514508551e-03
3.3000000000000002e-02 2.1000000000000005e-02 4.0000000000000001e-03  1.5752688495419228e-03
3.3000000000000002e-02 2.4000000000000007e-02 4.0000000000000001e-03  1.5912195322487031e-03
3.3000000000000002e-02 2.7000000000000010e-02 4.0000000000000001e-03  1.6171640927386730e-03
3.3000000000000002e-02 2.9999999999999999e-02 4.0000000000000001e-03  1.6441540644655918e-03
3.3000000000000002e-02 3.3000000000000002e-02 4.0000000000000001e-03  1.6721624152431056e-03
3.3000000000000002e-02 3.6000000000000004e-02 4.0000000000000001e-03  1.7089784573511534e-03
3.3000000000000002e-02 3.9000000000000007e-02 4.0000000000000001e-03  1.7474610212195236e-03
3.3000000000000002e-02 4.2000000000000010e-02 4.0000000000000001e-03  1.8241615294332509e-03
3.3000000000000002e-02 4.4999999999999998e-02 4.0000000000000001e-03  1.9392420754220212e-03
3.6000000000000004e-02 -4.4999999999999998e-02 4.0000000000000001e-03  2.3019771463528940e-03
3.6000000000000004e-02 -4.1999999999999996e-02 4.0000000000000001e-03  2.1050046433623436e-03
3.6000000000000004e-02 -3.9000000000000000e-02 4.0000000000000001e-03  2.0290981260008630e-03
3.6000000000000004e-02 -3.5999999999999997e-02 4.0000000000000001e-03  1.9608480836018805e-03
3.6000000000000004e-02 -3.3000000000000002e-02 4.0000000000000001e-03  1.8975931842127227e-03
3.6000000000000004e-02 -2.9999999999999999e-02 4.0000000000000001e-03  1.8391511511981916e-03
3.6000000000000004e-02 -2.6999999999999996e-02 4.0000000000000001e-03  1.7525214246203330e-03
3.6000000000000004e-02 -2.3999999999999997e-02 4.0000000000000001e-03  1.6740538502473001e-03
3.6000000000000004e-02 -2.0999999999999998e-02 4.0000000000000001e-03  1.6539417283735925e-03
3.6000000000000004e-02 -1.7999999999999999e-02 4.0000000000000001e-03  1.6371588145684998e-03
3.6000000000000004e-02 -1.4999999999999999e-02 4.0000000000000001e-03  1.6235707428898950e-03
3.6000000000000004e-02 -1.1999999999999997e-02 4.0000000000000001e-03  1.6131245222651045e-03
3.6000000000000004e-02 -8.9999999999999941e-03 4.0000000000000001e-03  1.6097974794909728e-03
3.6000000000000004e-02 -5.9999999999999984e-03 4.0000000000000001e-03  1.6101389585966802e-03
3.6000000000000004e-02 -2.9999999999999957e-03 4.0000000000000001e-03  1.6004261735074478e-03
3.6000000000000004e-02 0.0000000000000000e+00 4.0000000000000001e-03  1.5909171343275069e-03
3.6000000000000004e-02 3.0000000000000027e-03 4.0000000000000001e-03  1.5836556291507959e-03
3.6000000000000004e-02 6.0000000000000053e-03 4.0000000000000001e-03  1.5787230485085561e-03
3.6000000000000004e-02 9.0000000000000011e-03 4.0000000000000001e-03  1.5761380863385944e-03
3.6000000000000004e-02 1.2000000000000004e-02 4.0000000000000001e-03  1.5759418050871950e-03
3.6000000000000004e-02 1.4999999999999999e-02 4.0000000000000001e-03  1.5781976357091682e-03
3.6000000000000004e-02 1.8000000000000002e-02 4.0000000000000001e-03  1.5959183204637961e-03
3.6000000000000004e-02 2.1000000000000005e-02 4.0000000000000001e-03  1.6247480073313288e-03
3.6000000000000004e-02 2.4000000000000007e-02 4.0000000000000001e-03  1.6546637441506300e-03
3.6000000000000004e-02 2.7000000000000010e-02 4.0000000000000001e-03  1.6856348368652755e-03
3.6000000000000004e-02 2.9999999999999999e-02 4.0000000000000001e-03  1.7176320076700627e-03
3.6000000000000004e-02 3.3000000000000002e-02 4.0000000000000001e-03  1.7506273950109877e-03
3.6000000000000004e-02 3.6000000000000004e-02 4.0000000000000001e-03  1.7799026265325302e-03
3.6000000000000004e-02 3.9000000000000007e-02 4.0000000000000001e-03  1.8220202507329025e-03
3.6000000000000004e-02 4.2000000000000010e-02 4.0000000000000001e-03  1.8973971223206858e-03
3.6000000000000004e-02 4.4999999999999998e-02 4.0000000000000001e-03  2.0105888056241097e-03
3.9000000000000007e-02 -4.4999999999999998e-02 4.0000000000000001e-03  2.3339929932160958e-03
3.9000000000000007e-02 -4.1999999999999996e-02 4.0000000000000001e-03  2.2251447514958066e-03
3.9000000000000007e-02 -3.9000000000000000e-02 4.0000000000000001e-03  2.1428059741221469e-03
3.9000000000000007e-02 -3.5999999999999997e-02 4.0000000000000001e-03  2.0550927737969628e-03
3.9000000000000007e-02 -3.3000000000000002e-02 4.0000000000000001e-03  1.9669300943456623e-03
3.9000000000000007e-02 -2.9999999999999999e-02 4.0000000000000001e-03  1.8855389501093887e-03
3.9000000000000007e-02 -2.6999999999999996e-02 4.0000000000000001e-03  1.8474977078286952e-03
3.9000000000000007e-02 -2.3999999999999997e-02 4.0000000000000001e-03  1.8106180615375914e-03
3.9000000000000007e-02 -2.0999999999999998e-02 4.0000000000000001e-03  1.7772275409737609e-03
3.9000000000000007e-02 -1.7999999999999999e-02 4.0000000000000001e-03  1.7471803329498223e-03
3.9000000000000007e-02 -1.4999999999999999e-02 4.0000000000000001e-03  1.7203516444049324e-03
3.9000000000000007e-02 -1.1999999999999997e-02 4.0000000000000001e-03  1.6966377024047680e-03
3.9000000000000007e-02 -8.9999999999999941e-03 4.0000000000000001e-03  1.6834326770400144e-03
3.9000000000000007e-02 -5.9999999999999984e-03 4.0000000000000001e-03  1.6905452822340876e-03
3.9000000000000007e-02 -2.9999999999999957e-03 4.0000000000000001e-03  1.6872822051199185e-03
3.9000000000000007e-02 0.0000000000000000e+00 4.0000000000000001e-03  1.6740850520057722e-03
3.9000000000000007e-02 3.0000000000000027e-03 4.0000000000000001e-03  1.6624090447650084e-03
3.9000000000000007e-02 6.0000000000000053e-03 4.0000000000000001e-03  1.6528930860957702e-03
3.9000000000000007e-02 9.0000000000000011e-03 4.0000000000000001e-03  1.6455345116232029e-03
3.9000000000000007e-02 1.2000000000000004e-02 4.0000000000000001e-03  1.6403530254809470e-03
3.9000000000000007e-02 1.4999999999999999e-02 4.0000000000000001e-03  1.6622338529045317e-03
3.9000000000000007e-02 1.8000000000000002e-02 4.0000000000000001e-03  1.6828761946899851e-03
3.9000000000000007e-02 2.1000000000000005e-02 4.0000000000000001e-03  1.6996735142870817e-03
3.9000000000000007e-02 2.4000000000000007e-02 4.0000000000000001e-03  1.7273429779445188e-03
3.9000000000000007e-02 2.7000000000000010e-02 4.0000000000000001e-03  1.7633269008721921e-03
3.9000000000000007e-02 2.9999999999999999e-02 4.0000000000000001e-03  1.8003277868600587e-03
3.9000000000000007e-02 3.3000000000000002e-02 4.0000000000000001e-03  1.8383169449864556e-03
3.9000000000000007e-02 3.6000000000000004e-02 4.0000000000000001e-03  1.8772671005809576e-03
3.9000000000000007e-02 3.9000000000000007e-02 4.0000000000000001e-03  1.9083101375834228e-03
3.9000000000000007e-02 4.2000000000000010e-02 4.0000000000000001e-03  1.9826955176763966e-03
3.9000000000000007e-02 4.4999999999999998e-02 4.0000000000000001e-03  2.0729128676734033e-03
4.2000000000000010e-02 -4.4999999999999998e-02 4.0000000000000001e-03  2.4579601242461992e-03
4.2000000000000010e-02 -4.1999999999999996e-02 4.0000000000000001e-03  2.4206901438805447e-03
4.2000000000000010e-02 -3.9000000000000000e-02 4.0000000000000001e-03  2.2856017089932894e-03
4.2000000000000010e-02 -3.5999999999999997e-02 4.0000000000000001e-03  2.2079705754888277e-03
4.2000000000000010e-02 -3.3000000000000002e-02 4.0000000000000001e-03  2.1567873444704858e-03
4.2000000000000010e-02 -2.9999999999999999e-02 4.0000000000000001e-03  2.0987578793981920e-03
4.2000000000000010e-02 -2.6999999999999996e-02 4.0000000000000001e-03  2.0445545821163418e-03
4.2000000000000010e-02 -2.3999999999999997e-02 4.0000000000000001e-03  1.9939991720657737e-03
4.2000000000000010e-02 -2.0999999999999998e-02 4.0000000000000001e-03  1.9469343888138654e-03
4.2000000000000010e-02 -1.7999999999999999e-02 4.0000000000000001e-03  1.9032239920545092e-03
4.2000000000000010e-02 -1.4999999999999999e-02 4.0000000000000001e-03  1.8627527616081458e-03
4.2000000000000010e-02 -1.1999999999999997e-02 4.0000000000000001e-03  1.8254264974217351e-03
4.2000000000000010e-02 -8.9999999999999941e-03 4.0000000000000001e-03  1.7911720195687708e-03
4.2000000000000010e-02 -5.9999999999999984e-03 4.0000000000000001e-03  1.7868829443351392e-03
4.2000000000000010e-02 -2.9999999999999957e-03 4.0000000000000001e-03  1.7925640205145458e-03
4.2000000000000010e-02 0.0000000000000000e+00 4.0000000000000001e-03  1.7760430281386745e-03
4.2000000000000010e-02 3.0000000000000027e-03 4.0000000000000001e-03  1.7602031545496169e-03
4.2000000000000010e-02 6.0000000000000053e-03 4.0000000000000001e-03  1.7463624915071208e-03
4.2000000000000010e-02 9.0000000000000011e-03 4.0000000000000001e-03  1.7497515606474299e-03
4.2000000000000010e-02 1.2000000000000004e-02 4.0000000000000001e-03  1.7792958712999887e-03
4.2000000000000010e-02 1.4999999999999999e-02 4.0000000000000001e-03  1.8048112594267107e-03
4.2000000000000010e-02 1.8000000000000002e-02 4.0000000000000001e-03  1.8263317517035916e-03
4.2000000000000010e-02 2.1000000000000005e-02 4.0000000000000001e-03  1.8438956084196210e-03
4.2000000000000010e-02 2.4000000000000007e-02 4.0000000000000001e-03  1.8575453234767837e-03
4.2000000000000010e-02 2.7000000000000010e-02 4.0000000000000001e-03  1.8673276243900629e-03
4.2000000000000010e-02 2.9999999999999999e-02 4.0000000000000001e-03  1.8919883239560825e-03
4.2000000000000010e-02 3.3000000000000002e-02 4.0000000000000001e-03  1.9349862862582399e-03
4.2000000000000010e-02 3.6000000000000004e-02 4.0000000000000001e-03  1.9789446903801049e-03
4.2000000000000010e-02 3.9000000000000007e-02 4.0000000000000001e-03  2.0070590337027713e-03
4.2000000000000010e-02 4.2000000000000010e-02 4.0000000000000001e-03  2.0808603495063578e-03
4.2000000000000010e-02 4.4999999999999998e-02 4.0000000000000001e-03  2.1259594528464120e-03
4.4999999999999998e-02 -4.4999999999999998e-02 4.0000000000000001e-03  2.7267989372888909e-03
4.4999999999999998e-02 -4.1999999999999996e-02 4.0000000000000001e-03  2.6467744947951772e-03
4.4999999999999998e-02 -3.9000000000000000e-02 4.0000000000000001e-03  2.5861030323215085e-03
4.4999999999999998e-02 -3.5999999999999997e-02 4.0000000000000001e-03  2.5059207839494826e-03
4.4999999999999998e-02 -3.3000000000000002e-02 4.0000000000000001e-03  2.4299445038934633e-03
4.4999999999999998e-02 -2.9999999999999999e-02 4.0000000000000001e-03  2.3579634442225062e-03
4.4999999999999998e-02 -2.6999999999999996e-02 4.0000000000000001e-03  2.2897878771322004e-03
4.4999999999999998e-02 -2.3999999999999997e-02 4.0000000000000001e-03  2.2252490949446636e-03
4.4999999999999998e-02 -2.0999999999999998e-02 4.0000000000000001e-03  2.1641994101085564e-03
4.4999999999999998e-02 -1.7999999999999999e-02 4.0000000000000001e-03  2.1065121551990511e-03
4.4999999999999998e-02 -1.4999999999999999e-02 4.0000000000000001e-03  2.0520816829178688e-03
4.4999999999999998e-02 -1.1999999999999997e-02 4.0000000000000001e-03  2.0008233660932483e-03
4.4999999999999998e-02 -8.9999999999999941e-03 4.0000000000000001e-03  1.9526735976799605e-03
4.4999999999999998e-02 -5.9999999999999984e-03 4.0000000000000001e-03  1.9075897907593180e-03
4.4999999999999998e-02 -2.9999999999999957e-03 4.0000000000000001e-03  1.9172890136724934e-03
4.4999999999999998e-02 0.0000000000000000e+00 4.0000000000000001e-03  1.8978183647158603e-03
4.4999999999999998e-02 3.0000000000000027e-03 4.0000000000000001e-03  1.8780960406084874e-03
4.4999999999999998e-02 6.0000000000000053e-03 4.0000000000000001e-03  1.9045950453428521e-03
4.4999999999999998e-02 9.0000000000000011e-03 4.0000000000000001e-03  1.9394579697893911e-03
4.4999999999999998e-02 1.2000000000000004e-02 4.0000000000000001e-03  1.9701869091328420e-03
4.4999999999999998e-02 1.4999999999999999e-02 4.0000000000000001e-03  1.9968043067781849e-03
4.4999999999999998e-02 1.8000000000000002e-02 4.0000000000000001e-03  2.0193368397433890e-03
4.4999999999999998e-02 2.1000000000000005e-02 4.0000000000000001e-03  2.0378154186594332e-03
4.4999999999999998e-02 2.4000000000000007e-02 4.0000000000000001e-03  2.0522751877702799e-03
4.4999999999999998e-02 2.7000000000000010e-02 4.0000000000000001e-03  2.0627555249328995e-03
4.4999999999999998e-02 2.9999999999999999e-02 4.0000000000000001e-03  2.0693000416172579e-03
4.4999999999999998e-02 3.3000000000000002e-02 4.0000000000000001e-03  2.0719565829062981e-03
4.4999999999999998e-02 3.6000000000000004e-02 4.0000000000000001e-03  2.0894266420781451e-03
4.4999999999999998e-02 3.9000000000000007e-02 4.0000000000000001e-03  2.1356041841141928e-03
4.4999999999999998e-02 4.2000000000000010e-02 4.0000000000000001e-03  2.1826737503392447e-03
4.4999999999999998e-02 4.4999999999999998e-02 4.0000000000000001e-03  2.2235726708775194e-03
