Grid Output Min: [-45mm -45mm 4mm] Max: [45mm 45mm 4mm] Grid Size: [3mm 3mm 0mm]
X, Y, Z, Scalar data "Mag_B"
-4.4999999999999998e-02 -4.4999999999999998e-02 4.0000000000000001e-03  2.4379165940340863e-03
-4.4999999999999998e-02 -4.1999999999999996e-02 4.0000000000000001e-03  2.2784887841591260e-03
-4.4999999999999998e-02 -3.9000000000000000e-02 4.0000000000000001e-03  2.2464075782561215e-03
-4.4999999999999998e-02 -3.5999999999999997e-02 4.0000000000000001e-03  2.1569847443839666e-03
-4.4999999999999998e-02 -3.3000000000000002e-02 4.0000000000000001e-03  2.0896029205449656e-03
-4.4999999999999998e-02 -2.9999999999999999e-02 4.0000000000000001e-03  2.0433340158733659e-03
-4.4999999999999998e-02 -2.6999999999999996e-02 4.0000000000000001e-03  2.0056437417479817e-03
-4.4999999999999998e-02 -2.3999999999999997e-02 4.0000000000000001e-03  1.9730390240685594e-03
-4.4999999999999998e-02 -2.0999999999999998e-02 4.0000000000000001e-03  1.9636425699742265e-03
-4.4999999999999998e-02 -1.7999999999999999e-02 4.0000000000000001e-03  1.9658484636522955e-03
-4.4999999999999998e-02 -1.4999999999999999e-02 4.0000000000000001e-03  1.9188769323986218e-03
-4.4999999999999998e-02 -1.1999999999999997e-02 4.0000000000000001e-03  1.8786612979389151e-03
-4.4999999999999998e-02 -8.9999999999999941e-03 4.0000000000000001e-03  1.8471914477816793e-03
-4.4999999999999998e-02 -5.9999999999999984e-03 4.0000000000000001e-03  1.8459260073175783e-03
-4.4999999999999998e-02 -2.9999999999999957e-03 4.0000000000000001e-03  1.8465804260765744e-03
-4.4999999999999998e-02 0.0000000000000000e+00 4.0000000000000001e-03  1.8474267127041751e-03
-4.4999999999999998e-02 3.0000000000000027e-03 4.0000000000000001e-03  1.8652651928710809e-03
-4.4999999999999998e-02 6.0000000000000053e-03 4.0000000000000001e-03  1.8781146248903415e-03
-4.4999999999999998e-02 9.0000000000000011e-03 4.0000000000000001e-03  1.8706191889242964e-03
-4.4999999999999998e-02 1.2000000000000004e-02 4.0000000000000001e-03  1.8625003917540676e-03
-4.4999999999999998e-02 1.4999999999999999e-02 4.0000000000000001e-03  1.8619152065827249e-03
-4.4999999999999998e-02 1.8000000000000002e-02 4.0000000000000001e-03  1.8705345299708904e-03
-4.4999999999999998e-02 2.1000000000000005e-02 4.0000000000000001e-03  1.8777887724900943e-03
-4.4999999999999998e-02 2.4000000000000007e-02 4.0000000000000001e-03  1.9288425458521155e-03
-4.4999999999999998e-02 2.7000000000000010e-02 4.0000000000000001e-03  1.9805734002014599e-03
-4.4999999999999998e-02 2.9999999999999999e-02 4.0000000000000001e-03  2.0381794385278787e-03
-4.4999999999999998e-02 3.3000000000000002e-02 4.0000000000000001e-03  2.0988944404407538e-03
-4.4999999999999998e-02 3.6000000000000004e-02 4.0000000000000001e-03  2.1483062323683555e-03
-4.4999999999999998e-02 3.9000000000000007e-02 4.0000000000000001e-03  2.2052063414297507e-03
-4.4999999999999998e-02 4.2000000000000010e-02 4.0000000000000001e-03  2.2846922135428263e-03
-4.4999999999999998e-02 4.4999999999999998e-02 4.0000000000000001e-03  2.3638747599126868e-03
-4.1999999999999996e-02 -4.4999999999999998e-02 4.0000000000000001e-03  2.3725720437508934e-03
-4.1999999999999996e-02 -4.1999999999999996e-02 4.0000000000000001e-03  2.1858562356394367e-03
-4.1999999999999996e-02 -3.9000000000000000e-02 4.0000000000000001e-03  2.0962182574461360e-03
-4.1999999999999996e-02 -3.5999999999999997e-02 4.0000000000000001e-03  2.0234418658556606e-03
-4.1999999999999996e-02 -3.3000000000000002e-02 4.0000000000000001e-03  1.9620401920070482e-03
-4.1999999999999996e-02 -2.9999999999999999e-02 4.0000000000000001e-03  1.9103185323103538e-03
-4.1999999999999996e-02 -2.6999999999999996e-02 4.0000000000000001e-03  1.8637299188781131e-03
-4.1999999999999996e-02 -2.3999999999999997e-02 4.0000000000000001e-03  1.8222691155715710e-03
-4.1999999999999996e-02 -2.0999999999999998e-02 4.0000000000000001e-03  1.7834438130328409e-03
-4.1999999999999996e-02 -1.7999999999999999e-02 4.0000000000000001e-03  1.7798832204030336e-03
-4.1999999999999996e-02 -1.4999999999999999e-02 4.0000000000000001e-03  1.7617397048874024e-03
-4.1999999999999996e-02 -1.1999999999999997e-02 4.0000000000000001e-03  1.7345214240620161e-03
-4.1999999999999996e-02 -8.9999999999999941e-03 4.0000000000000001e-03  1.7340434858929717e-03
-4.1999999999999996e-02 -5.9999999999999984e-03 4.0000000000000001e-03  1.7188780460136251e-03
-4.1999999999999996e-02 -2.9999999999999957e-03 4.0000000000000001e-03  1.7209237209770390e-03
-4.1999999999999996e-02 0.0000000000000000e+00 4.0000000000000001e-03  1.7291074038912222e-03
-4.1999999999999996e-02 3.0000000000000027e-03 4.0000000000000001e-03  1.7476277483530775e-03
-4.1999999999999996e-02 6.0000000000000053e-03 4.0000000000000001e-03  1.7441086106416959e-03
-4.1999999999999996e-02 9.0000000000000011e-03 4.0000000000000001e-03  1.7431791061811633e-03
-4.1999999999999996e-02 1.2000000000000004e-02 4.0000000000000001e-03  1.7437838026722670e-03
-4.1999999999999996e-02 1.4999999999999999e-02 4.0000000000000001e-03  1.7429276462695628e-03
-4.1999999999999996e-02 1.8000000000000002e-02 4.0000000000000001e-03  1.7596638139912807e-03
-4.1999999999999996e-02 2.1000000000000005e-02 4.0000000000000001e-03  1.7633958790448357e-03
-4.1999999999999996e-02 2.4000000000000007e-02 4.0000000000000001e-03  1.7764160859210733e-03
-4.1999999999999996e-02 2.7000000000000010e-02 4.0000000000000001e-03  1.8353600027233882e-03
-4.1999999999999996e-02 2.9999999999999999e-02 4.0000000000000001e-03  1.8392160212833402e-03
-4.1999999999999996e-02 3.3000000000000002e-02 4.0000000000000001e-03  1.8798764835207930e-03
-4.1999999999999996e-02 3.6000000000000004e-02 4.0000000000000001e-03  1.9279684691656750e-03
-4.1999999999999996e-02 3.9000000000000007e-02 4.0000000000000001e-03  1.9882297346019897e-03
-4.1999999999999996e-02 4.2000000000000010e-02 4.0000000000000001e-03  2.0752565656104852e-03
-4.1999999999999996e-02 4.4999999999999998e-02 4.0000000000000001e-03  2.1951393902186916e-03
-3.9000000000000000e-02 -4.4999999999999998e-02 4.0000000000000001e-03  2.2674178298551354e-03
-3.9000000000000000e-02 -4.1999999999999996e-02 4.0000000000000001e-03  2.1159598472622163e-03
-3.9000000000000000e-02 -3.9000000000000000e-02 4.0000000000000001e-03  2.0210678365555524e-03
-3.9000000000000000e-02 -3.5999999999999997e-02 4.0000000000000001e-03  1.9389477121706804e-03
-3.9000000000000000e-02 -3.3000000000000002e-02 4.0000000000000001e-03  1.8739089824477287e-03
-3.9000000000000000e-02 -2.9999999999999999e-02 4.0000000000000001e-03  1.8229694869403180e-03
-3.9000000000000000e-02 -2.6999999999999996e-02 4.0000000000000001e-03  1.7775603657413418e-03
-3.9000000000000000e-02 -2.3999999999999997e-02 4.0000000000000001e-03  1.7376700429568056e-03
-3.9000000000000000e-02 -2.0999999999999998e-02 4.0000000000000001e-03  1.7032850970044818e-03
-3.9000000000000000e-02 -1.7999999999999999e-02 4.0000000000000001e-03  1.6871659211374101e-03
-3.9000000000000000e-02 -1.4999999999999999e-02 4.0000000000000001e-03  1.6636399353524387e-03
-3.9000000000000000e-02 -1.1999999999999997e-02 4.0000000000000001e-03  1.6589653541475326e-03
-3.9000000000000000e-02 -8.9999999999999941e-03 4.0000000000000001e-03  1.6460028803701155e-03
-3.9000000000000000e-02 -5.9999999999999984e-03 4.0000000000000001e-03  1.6197527789947172e-03
-3.9000000000000000e-02 -2.9999999999999957e-03 4.0000000000000001e-03  1.6229178808021222e-03
-3.9000000000000000e-02 0.0000000000000000e+00 4.0000000000000001e-03  1.6357200297810062e-03
-3.9000000000000000e-02 3.0000000000000027e-03 4.0000000000000001e-03  1.6385002438343030e-03
-3.9000000000000000e-02 6.0000000000000053e-03 4.0000000000000001e-03  1.6423174095635568e-03
-3.9000000000000000e-02 9.0000000000000011e-03 4.0000000000000001e-03  1.6446263133992019e-03
-3.9000000000000000e-02 1.2000000000000004e-02 4.0000000000000001e-03  1.6454306912706818e-03
-3.9000000000000000e-02 1.4999999999999999e-02 4.0000000000000001e-03  1.6506273017761479e-03
-3.9000000000000000e-02 1.8000000000000002e-02 4.0000000000000001e-03  1.6653303043968456e-03
-3.9000000000000000e-02 2.1000000000000005e-02 4.0000000000000001e-03  1.6683398559417513e-03
-3.9000000000000000e-02 2.4000000000000007e-02 4.0000000000000001e-03  1.6737908573678025e-03
-3.9000000000000000e-02 2.7000000000000010e-02 4.0000000000000001e-03  1.7186925400869289e-03
-3.9000000000000000e-02 2.9999999999999999e-02 4.0000000000000001e-03  1.7324228350502941e-03
-3.9000000000000000e-02 3.3000000000000002e-02 4.0000000000000001e-03  1.7646910803839507e-03
-3.9000000000000000e-02 3.6000000000000004e-02 4.0000000000000001e-03  1.8114229136116074e-03
-3.9000000000000000e-02 3.9000000000000007e-02 4.0000000000000001e-03  1.8661160111192465e-03
-3.9000000000000000e-02 4.2000000000000010e-02 4.0000000000000001e-03  1.9168826395798656e-03
-3.9000000000000000e-02 4.4999999999999998e-02 4.0000000000000001e-03  1.9474851802301018e-03
-3.5999999999999997e-02 -4.4999999999999998e-02 4.0000000000000001e-03  2.2436906338854077e-03
-3.5999999999999997e-02 -4.1999999999999996e-02 4.0000000000000001e-03  2.0613193604514771e-03
-3.5999999999999997e-02 -3.9000000000000000e-02 4.0000000000000001e-03  1.9467123060804734e-03
-3.5999999999999997e-02 -3.5999999999999997e-02 4.0000000000000001e-03  1.8729831663654569e-03
-3.5999999999999997e-02 -3.3000000000000002e-02 4.0000000000000001e-03  1.8039859838101431e-03
-3.5999999999999997e-02 -2.9999999999999999e-02 4.0000000000000001e-03  1.7557675288908201e-03
-3.5999999999999997e-02 -2.6999999999999996e-02 4.0000000000000001e-03  1.7130516633887816e-03
-3.5999999999999997e-02 -2.3999999999999997e-02 4.0000000000000001e-03  1.6769236344953888e-03
-3.5999999999999997e-02 -2.0999999999999998e-02 4.0000000000000001e-03  1.6462473057517902e-03
-3.5999999999999997e-02 -1.7999999999999999e-02 4.0000000000000001e-03  1.6206704365998978e-03
-3.5999999999999997e-02 -1.4999999999999999e-02 4.0000000000000001e-03  1.6027300856294837e-03
-3.5999999999999997e-02 -1.1999999999999997e-02 4.0000000000000001e-03  1.5918494699900827e-03
-3.5999999999999997e-02 -8.9999999999999941e-03 4.0000000000000001e-03  1.5724065314925437e-03
-3.5999999999999997e-02 -5.9999999999999984e-03 4.0000000000000001e-03  1.5500598954985125e-03
-3.5999999999999997e-02 -2.9999999999999957e-03 4.0000000000000001e-03  1.5425800548591211e-03
-3.5999999999999997e-02 0.0000000000000000e+00 4.0000000000000001e-03  1.5519752786438835e-03
-3.5999999999999997e-02 3.0000000000000027e-03 4.0000000000000001e-03  1.5579105761881192e-03
-3.5999999999999997e-02 6.0000000000000053e-03 4.0000000000000001e-03  1.5623123605471322e-03
-3.5999999999999997e-02 9.0000000000000011e-03 4.0000000000000001e-03  1.5651866413726172e-03
-3.5999999999999997e-02 1.2000000000000004e-02 4.0000000000000001e-03  1.5665398056212937e-03
-3.5999999999999997e-02 1.4999999999999999e-02 4.0000000000000001e-03  1.5751243904535289e-03
-3.5999999999999997e-02 1.8000000000000002e-02 4.0000000000000001e-03  1.5853030708554597e-03
-3.5999999999999997e-02 2.1000000000000005e-02 4.0000000000000001e-03  1.5910459143501587e-03
-3.5999999999999997e-02 2.4000000000000007e-02 4.0000000000000001e-03  1.6000704624757783e-03
-3.5999999999999997e-02 2.7000000000000010e-02 4.0000000000000001e-03  1.6228474856177283e-03
-3.5999999999999997e-02 2.9999999999999999e-02 4.0000000000000001e-03  1.6462436243500759e-03
-3.5999999999999997e-02 3.3000000000000002e-02 4.0000000000000001e-03  1.6717592429309929e-03
-3.5999999999999997e-02 3.6000000000000004e-02 4.0000000000000001e-03  1.7210296438872048e-03
-3.5999999999999997e-02 3.9000000000000007e-02 4.0000000000000001e-03  1.7696524682191638e-03
-3.5999999999999997e-02 4.2000000000000010e-02 4.0000000000000001e-03  1.8086592739965097e-03
-3.5999999999999997e-02 4.4999999999999998e-02 4.0000000000000001e-03  1.9178625693365282e-03
-3.3000000000000002e-02 -4.4999999999999998e-02 4.0000000000000001e-03  2.1771463176683552e-03
-3.3000000000000002e-02 -4.1999999999999996e-02 4.0000000000000001e-03  1.9869574057712540e-03
-3.3000000000000002e-02 -3.9000000000000000e-02 4.0000000000000001e-03  1.8813248419042431e-03
-3.3000000000000002e-02 -3.5999999999999997e-02 4.0000000000000001e-03  1.8152170486567228e-03
-3.3000000000000002e-02 -3.3000000000000002e-02 4.0000000000000001e-03  1.7524867473139550e-03
-3.3000000000000002e-02 -2.9999999999999999e-02 4.0000000000000001e-03  1.7047279204109784e-03
-3.3000000000000002e-02 -2.6999999999999996e-02 4.0000000000000001e-03  1.6654218410346725e-03
-3.3000000000000002e-02 -2.3999999999999997e-02 4.0000000000000001e-03  1.6331912429704870e-03
-3.3000000000000002e-02 -2.0999999999999998e-02 4.0000000000000001e-03  1.6034400858949557e-03
-3.3000000000000002e-02 -1.7999999999999999e-02 4.0000000000000001e-03  1.5761742078334194e-03
-3.3000000000000002e-02 -1.4999999999999999e-02 4.0000000000000001e-03  1.5513992887934190e-03
-3.3000000000000002e-02 -1.1999999999999997e-02 4.0000000000000001e-03  1.5330350821136380e-03
-3.3000000000000002e-02 -8.9999999999999941e-03 4.0000000000000001e-03  1.5131943190087056e-03
-3.3000000000000002e-02 -5.9999999999999984e-03 4.0000000000000001e-03  1.4964189062712907e-03
-3.3000000000000002e-02 -2.9999999999999957e-03 4.0000000000000001e-03  1.4827952772245119e-03
-3.3000000000000002e-02 0.0000000000000000e+00 4.0000000000000001e-03  1.4883307240133759e-03
-3.3000000000000002e-02 3.0000000000000027e-03 4.0000000000000001e-03  1.4950884095713212e-03
-3.3000000000000002e-02 6.0000000000000053e-03 4.0000000000000001e-03  1.5003163095273686e-03
-3.3000000000000002e-02 9.0000000000000011e-03 4.0000000000000001e-03  1.5040230845604833e-03
-3.3000000000000002e-02 1.2000000000000004e-02 4.0000000000000001e-03  1.5074531528563283e-03
-3.3000000000000002e-02 1.4999999999999999e-02 4.0000000000000001e-03  1.5135663924991409e-03
-3.3000000000000002e-02 1.8000000000000002e-02 4.0000000000000001e-03  1.5209814286295080e-03
-3.3000000000000002e-02 2.1000000000000005e-02 4.0000000000000001e-03  1.5300756791928323e-03
-3.3000000000000002e-02 2.4000000000000007e-02 4.0000000000000001e-03  1.5423648762467441e-03
-3.3000000000000002e-02 2.7000000000000010e-02 4.0000000000000001e-03  1.5578543129806189e-03
-3.3000000000000002e-02 2.9999999999999999e-02 4.0000000000000001e-03  1.5804877326897229e-03
-3.3000000000000002e-02 3.3000000000000002e-02 4.0000000000000001e-03  1.6127902173732299e-03
-3.3000000000000002e-02 3.6000000000000004e-02 4.0000000000000001e-03  1.6558697130146143e-03
-3.3000000000000002e-02 3.9000000000000007e-02 4.0000000000000001e-03  1.6975017872263253e-03
-3.3000000000000002e-02 4.2000000000000010e-02 4.0000000000000001e-03  1.7896115657944915e-03
-3.3000000000000002e-02 4.4999999999999998e-02 4.0000000000000001e-03  1.9174923649903179e-03
-2.9999999999999999e-02 -4.4999999999999998e-02 4.0000000000000001e-03  2.1053056550300285e-03
-2.9999999999999999e-02 -4.1999999999999996e-02 4.0000000000000001e-03  1.9474048633548464e-03
-2.9999999999999999e-02 -3.9000000000000000e-02 4.0000000000000001e-03  1.8382713754859731e-03
-2.9999999999999999e-02 -3.5999999999999997e-02 4.0000000000000001e-03  1.7737010031780600e-03
-2.9999999999999999e-02 -3.3000000000000002e-02 4.0000000000000001e-03  1.7119038880270634e-03
-2.9999999999999999e-02 -2.9999999999999999e-02 4.0000000000000001e-03  1.6648450735836260e-03
-2.9999999999999999e-02 -2.6999999999999996e-02 4.0000000000000001e-03  1.6301101301575849e-03
-2.9999999999999999e-02 -2.3999999999999997e-02 4.0000000000000001e-03  1.5960617504875304e-03
-2.9999999999999999e-02 -2.0999999999999998e-02 4.0000000000000001e-03  1.5644954893656415e-03
-2.9999999999999999e-02 -1.7999999999999999e-02 4.0000000000000001e-03  1.5354189958853908e-03
-2.9999999999999999e-02 -1.4999999999999999e-02 4.0000000000000001e-03  1.5088397611224486e-03
-2.9999999999999999e-02 -1.1999999999999997e-02 4.0000000000000001e-03  1.4900542818012132e-03
-2.9999999999999999e-02 -8.9999999999999941e-03 4.0000000000000001e-03  1.4760457927042172e-03
-2.9999999999999999e-02 -5.9999999999999984e-03 4.0000000000000001e-03  1.4629947237883179e-03
-2.9999999999999999e-02 -2.9999999999999957e-03 4.0000000000000001e-03  1.4509040556936244e-03
-2.9999999999999999e-02 0.0000000000000000e+00 4.0000000000000001e-03  1.4409706204558342e-03
-2.9999999999999999e-02 3.0000000000000027e-03 4.0000000000000001e-03  1.4487455060949357e-03
-2.9999999999999999e-02 6.0000000000000053e-03 4.0000000000000001e-03  1.4555564973504204e-03
-2.9999999999999999e-02 9.0000000000000011e-03 4.0000000000000001e-03  1.4603065162804658e-03
-2.9999999999999999e-02 1.2000000000000004e-02 4.0000000000000001e-03  1.4619167046200576e-03
-2.9999999999999999e-02 1.4999999999999999e-02 4.0000000000000001e-03  1.4648933631428119e-03
-2.9999999999999999e-02 1.8000000000000002e-02 4.0000000000000001e-03  1.4719642885772989e-03
-2.9999999999999999e-02 2.1000000000000005e-02 4.0000000000000001e-03  1.4841271891459817e-03
-2.9999999999999999e-02 2.4000000000000007e-02 4.0000000000000001e-03  1.4994416586647885e-03
-2.9999999999999999e-02 2.7000000000000010e-02 4.0000000000000001e-03  1.5179360682865788e-03
-2.9999999999999999e-02 2.9999999999999999e-02 4.0000000000000001e-03  1.5411225994847780e-03
-2.9999999999999999e-02 3.3000000000000002e-02 4.0000000000000001e-03  1.5787627224602703e-03
-2.9999999999999999e-02 3.6000000000000004e-02 4.0000000000000001e-03  1.6154740516133408e-03
-2.9999999999999999e-02 3.9000000000000007e-02 4.0000000000000001e-03  1.6838793759202913e-03
-2.9999999999999999e-02 4.2000000000000010e-02 4.0000000000000001e-03  1.7771550939929619e-03
-2.9999999999999999e-02 4.4999999999999998e-02 4.0000000000000001e-03  1.8898688604884716e-03
-2.6999999999999996e-02 -4.4999999999999998e-02 4.0000000000000001e-03  2.1577703911002566e-03
-2.6999999999999996e-02 -4.1999999999999996e-02 4.0000000000000001e-03  1.9942254126200389e-03
-2.6999999999999996e-02 -3.9000000000000000e-02 4.0000000000000001e-03  1.8612496142003658e-03
-2.6999999999999996e-02 -3.5999999999999997e-02 4.0000000000000001e-03  1.7500974313791205e-03
-2.6999999999999996e-02 -3.3000000000000002e-02 4.0000000000000001e-03  1.6747636795332286e-03
-2.6999999999999996e-02 -2.9999999999999999e-02 4.0000000000000001e-03  1.6277092692829917e-03
-2.6999999999999996e-02 -2.6999999999999996e-02 4.0000000000000001e-03  1.5961167305084795e-03
-2.6999999999999996e-02 -2.3999999999999997e-02 4.0000000000000001e-03  1.5626142274056231e-03
-2.6999999999999996e-02 -2.0999999999999998e-02 4.0000000000000001e-03  1.5292331705680287e-03
-2.6999999999999996e-02 -1.7999999999999999e-02 4.0000000000000001e-03  1.4983504115145725e-03
-2.6999999999999996e-02 -1.4999999999999999e-02 4.0000000000000001e-03  1.4699752523890592e-03
-2.6999999999999996e-02 -1.1999999999999997e-02 4.0000000000000001e-03  1.4562861567900579e-03
-2.6999999999999996e-02 -8.9999999999999941e-03 4.0000000000000001e-03  1.4456590718350659e-03
-2.6999999999999996e-02 -5.9999999999999984e-03 4.0000000000000001e-03  1.4341473873031455e-03
-2.6999999999999996e-02 -2.9999999999999957e-03 4.0000000000000001e-03  1.4236037152264300e-03
-2.6999999999999996e-02 0.0000000000000000e+00 4.0000000000000001e-03  1.4140324609253467e-03
-2.6999999999999996e-02 3.0000000000000027e-03 4.0000000000000001e-03  1.4090687995322877e-03
-2.6999999999999996e-02 6.0000000000000053e-03 4.0000000000000001e-03  1.4194493779168755e-03
-2.6999999999999996e-02 9.0000000000000011e-03 4.0000000000000001e-03  1.4260291466084551e-03
-2.6999999999999996e-02 1.2000000000000004e-02 4.0000000000000001e-03  1.4276745451163254e-03
-2.6999999999999996e-02 1.4999999999999999e-02 4.0000000000000001e-03  1.4281073534546805e-03
-2.6999999999999996e-02 1.8000000000000002e-02 4.0000000000000001e-03  1.4370165818206185e-03
-2.6999999999999996e-02 2.1000000000000005e-02 4.0000000000000001e-03  1.4521410041990052e-03
-2.6999999999999996e-02 2.4000000000000007e-02 4.0000000000000001e-03  1.4693584915002414e-03
-2.6999999999999996e-02 2.7000000000000010e-02 4.0000000000000001e-03  1.4882057765090784e-03
-2.6999999999999996e-02 2.9999999999999999e-02 4.0000000000000001e-03  1.5186534830612477e-03
-2.6999999999999996e-02 3.3000000000000002e-02 4.0000000000000001e-03  1.5565101337881488e-03
-2.6999999999999996e-02 3.6000000000000004e-02 4.0000000000000001e-03  1.5996123908973939e-03
-2.6999999999999996e-02 3.9000000000000007e-02 4.0000000000000001e-03  1.6673549633880881e-03
-2.6999999999999996e-02 4.2000000000000010e-02 4.0000000000000001e-03  1.7519910602441209e-03
-2.6999999999999996e-02 4.4999999999999998e-02 4.0000000000000001e-03  1.8579950886130230e-03
-2.3999999999999997e-02 -4.4999999999999998e-02 4.0000000000000001e-03  2.1566674179227152e-03
-2.3999999999999997e-02 -4.1999999999999996e-02 4.0000000000000001e-03  1.9817118306790496e-03
-2.3999999999999997e-02 -3.9000000000000000e-02 4.0000000000000001e-03  1.8363740885798975e-03
-2.3999999999999997e-02 -3.5999999999999997e-02 4.0000000000000001e-03  1.7193269944960506e-03
-2.3999999999999997e-02 -3.3000000000000002e-02 4.0000000000000001e-03  1.6292725653025589e-03
-2.3999999999999997e-02 -2.9999999999999999e-02 4.0000000000000001e-03  1.5913106217748942e-03
-2.3999999999999997e-02 -2.6999999999999996e-02 4.0000000000000001e-03  1.5610795265912315e-03
-2.3999999999999997e-02 -2.3999999999999997e-02 4.0000000000000001e-03  1.5300200181251396e-03
-2.3999999999999997e-02 -2.0999999999999998e-02 4.0000000000000001e-03  1.4976021871186834e-03
-2.3999999999999997e-02 -1.7999999999999999e-02 4.0000000000000001e-03  1.4649266704271635e-03
-2.3999999999999997e-02 -1.4999999999999999e-02 4.0000000000000001e-03  1.4377554756976746e-03
-2.3999999999999997e-02 -1.1999999999999997e-02 4.0000000000000001e-03  1.4273351879438652e-03
-2.3999999999999997e-02 -8.9999999999999941e-03 4.0000000000000001e-03  1.4198056718872690e-03
-2.3999999999999997e-02 -5.9999999999999984e-03 4.0000000000000001e-03  1.4098453996329587e-03
-2.3999999999999997e-02 -2.9999999999999957e-03 4.0000000000000001e-03  1.4008612669027505e-03
-2.3999999999999997e-02 0.0000000000000000e+00 4.0000000000000001e-03  1.3928583025211783e-03
-2.3999999999999997e-02 3.0000000000000027e-03 4.0000000000000001e-03  1.3858423364889879e-03
-2.3999999999999997e-02 6.0000000000000053e-03 4.0000000000000001e-03  1.3859454441791270e-03
-2.3999999999999997e-02 9.0000000000000011e-03 4.0000000000000001e-03  1.3887614918295010e-03
-2.3999999999999997e-02 1.2000000000000004e-02 4.0000000000000001e-03  1.3932470579180001e-03
-2.3999999999999997e-02 1.4999999999999999e-02 4.0000000000000001e-03  1.3993996220350775e-03
-2.3999999999999997e-02 1.8000000000000002e-02 4.0000000000000001e-03  1.4111884819665772e-03
-2.3999999999999997e-02 2.1000000000000005e-02 4.0000000000000001e-03  1.4246085694180658e-03
-2.3999999999999997e-02 2.4000000000000007e-02 4.0000000000000001e-03  1.4396571607385963e-03
-2.3999999999999997e-02 2.7000000000000010e-02 4.0000000000000001e-03  1.4563363472095668e-03
-2.3999999999999997e-02 2.9999999999999999e-02 4.0000000000000001e-03  1.4945108532653526e-03
-2.3999999999999997e-02 3.3000000000000002e-02 4.0000000000000001e-03  1.5324785914419034e-03
-2.3999999999999997e-02 3.6000000000000004e-02 4.0000000000000001e-03  1.5858725628985460e-03
-2.3999999999999997e-02 3.9000000000000007e-02 4.0000000000000001e-03  1.6554774945871634e-03
-2.3999999999999997e-02 4.2000000000000010e-02 4.0000000000000001e-03  1.7412099992897671e-03
-2.3999999999999997e-02 4.4999999999999998e-02 4.0000000000000001e-03  1.8450683002308268e-03
-2.0999999999999998e-02 -4.4999999999999998e-02 4.0000000000000001e-03  2.1411319894781406e-03
-2.0999999999999998e-02 -4.1999999999999996e-02 4.0000000000000001e-03  1.9530745413246424e-03
-2.0999999999999998e-02 -3.9000000000000000e-02 4.0000000000000001e-03  1.7944671836605010e-03
-2.0999999999999998e-02 -3.5999999999999997e-02 4.0000000000000001e-03  1.6697553064035052e-03
-2.0999999999999998e-02 -3.3000000000000002e-02 4.0000000000000001e-03  1.6092995501865433e-03
-2.0999999999999998e-02 -2.9999999999999999e-02 4.0000000000000001e-03  1.5614574405664356e-03
-2.0999999999999998e-02 -2.6999999999999996e-02 4.0000000000000001e-03  1.5261889896335608e-03
-2.0999999999999998e-02 -2.3999999999999997e-02 4.0000000000000001e-03  1.4970273566172357e-03
-2.0999999999999998e-02 -2.0999999999999998e-02 4.0000000000000001e-03  1.4665414906258165e-03
-2.0999999999999998e-02 -1.7999999999999999e-02 4.0000000000000001e-03  1.4351185932767938e-03
-2.0999999999999998e-02 -1.4999999999999999e-02 4.0000000000000001e-03  1.4118983071942641e-03
-2.0999999999999998e-02 -1.1999999999999997e-02 4.0000000000000001e-03  1.4037219390927401e-03
-2.0999999999999998e-02 -8.9999999999999941e-03 4.0000000000000001e-03  1.3984539084681881e-03
-2.0999999999999998e-02 -5.9999999999999984e-03 4.0000000000000001e-03  1.3900555846477541e-03
-2.0999999999999998e-02 -2.9999999999999957e-03 4.0000000000000001e-03  1.3826420428552104e-03
-2.0999999999999998e-02 0.0000000000000000e+00 4.0000000000000001e-03  1.3741514292506280e-03
-2.0999999999999998e-02 3.0000000000000027e-03 4.0000000000000001e-03  1.3659170959964861e-03
-2.0999999999999998e-02 6.0000000000000053e-03 4.0000000000000001e-03  1.3599931108861851e-03
-2.0999999999999998e-02 9.0000000000000011e-03 4.0000000000000001e-03  1.3602165370353025e-03
-2.0999999999999998e-02 1.2000000000000004e-02 4.0000000000000001e-03  1.3646588028003621e-03
-2.0999999999999998e-02 1.4999999999999999e-02 4.0000000000000001e-03  1.3727143718026481e-03
-2.0999999999999998e-02 1.8000000000000002e-02 4.0000000000000001e-03  1.3824050972412745e-03
-2.0999999999999998e-02 2.1000000000000005e-02 4.0000000000000001e-03  1.3960764179021155e-03
-2.0999999999999998e-02 2.4000000000000007e-02 4.0000000000000001e-03  1.4111419050874092e-03
-2.0999999999999998e-02 2.7000000000000010e-02 4.0000000000000001e-03  1.4389268009314740e-03
-2.0999999999999998e-02 2.9999999999999999e-02 4.0000000000000001e-03  1.4773870059410464e-03
-2.0999999999999998e-02 3.3000000000000002e-02 4.0000000000000001e-03  1.5172175899590436e-03
-2.0999999999999998e-02 3.6000000000000004e-02 4.0000000000000001e-03  1.5737410585900330e-03
-2.0999999999999998e-02 3.9000000000000007e-02 4.0000000000000001e-03  1.6456295570949605e-03
-2.0999999999999998e-02 4.2000000000000010e-02 4.0000000000000001e-03  1.7348421541215583e-03
-2.0999999999999998e-02 4.4999999999999998e-02 4.0000000000000001e-03  1.8365733614063217e-03
-1.7999999999999999e-02 -4.4999999999999998e-02 4.0000000000000001e-03  2.1178008233453767e-03
-1.7999999999999999e-02 -4.1999999999999996e-02 4.0000000000000001e-03  1.9073726314263286e-03
-1.7999999999999999e-02 -3.9000000000000000e-02 4.0000000000000001e-03  1.7526619514906189e-03
-1.7999999999999999e-02 -3.5999999999999997e-02 4.0000000000000001e-03  1.6692461749462689e-03
-1.7999999999999999e-02 -3.3000000000000002e-02 4.0000000000000001e-03  1.5985830891751241e-03
-1.7999999999999999e-02 -2.9999999999999999e-02 4.0000000000000001e-03  1.5406020332511265e-03
-1.7999999999999999e-02 -2.6999999999999996e-02 4.0000000000000001e-03  1.4952402048642507e-03
-1.7999999999999999e-02 -2.3999999999999997e-02 4.0000000000000001e-03  1.4624426603205138e-03
-1.7999999999999999e-02 -2.0999999999999998e-02 4.0000000000000001e-03  1.4355727008050043e-03
-1.7999999999999999e-02 -1.7999999999999999e-02 4.0000000000000001e-03  1.4111750336461676e-03
-1.7999999999999999e-02 -1.4999999999999999e-02 4.0000000000000001e-03  1.3909721726691948e-03
-1.7999999999999999e-02 -1.1999999999999997e-02 4.0000000000000001e-03  1.3851925367149996e-03
-1.7999999999999999e-02 -8.9999999999999941e-03 4.0000000000000001e-03  1.3783636649144643e-03
-1.7999999999999999e-02 -5.9999999999999984e-03 4.0000000000000001e-03  1.3688231942685270e-03
-1.7999999999999999e-02 -2.9999999999999957e-03 4.0000000000000001e-03  1.3596500693273408e-03
-1.7999999999999999e-02 0.0000000000000000e+00 4.0000000000000001e-03  1.3508384425601648e-03
-1.7999999999999999e-02 3.0000000000000027e-03 4.0000000000000001e-03  1.3423836978090397e-03
-1.7999999999999999e-02 6.0000000000000053e-03 4.0000000000000001e-03  1.3380571669022829e-03
-1.7999999999999999e-02 9.0000000000000011e-03 4.0000000000000001e-03  1.3384163991496936e-03
-1.7999999999999999e-02 1.2000000000000004e-02 4.0000000000000001e-03  1.3440710969946650e-03
-1.7999999999999999e-02 1.4999999999999999e-02 4.0000000000000001e-03  1.3536848122625341e-03
-1.7999999999999999e-02 1.8000000000000002e-02 4.0000000000000001e-03  1.3640300221858190e-03
-1.7999999999999999e-02 2.1000000000000005e-02 4.0000000000000001e-03  1.3751320367204872e-03
-1.7999999999999999e-02 2.4000000000000007e-02 4.0000000000000001e-03  1.3886514907573897e-03
-1.7999999999999999e-02 2.7000000000000010e-02 4.0000000000000001e-03  1.4277252511584126e-03
-1.7999999999999999e-02 2.9999999999999999e-02 4.0000000000000001e-03  1.4611264210313136e-03
-1.7999999999999999e-02 3.3000000000000002e-02 4.0000000000000001e-03  1.5049472269609929e-03
-1.7999999999999999e-02 3.6000000000000004e-02 4.0000000000000001e-03  1.5633704978215374e-03
-1.7999999999999999e-02 3.9000000000000007e-02 4.0000000000000001e-03  1.6306021941187177e-03
-1.7999999999999999e-02 4.2000000000000010e-02 4.0000000000000001e-03  1.7138285020352182e-03
-1.7999999999999999e-02 4.4999999999999998e-02 4.0000000000000001e-03  1.8140521345291968e-03
-1.4999999999999999e-02 -4.4999999999999998e-02 4.0000000000000001e-03  2.0881440117972178e-03
-1.4999999999999999e-02 -4.1999999999999996e-02 4.0000000000000001e-03  1.8808686112097219e-03
-1.4999999999999999e-02 -3.9000000000000000e-02 4.0000000000000001e-03  1.7740633791766111e-03
-1.4999999999999999e-02 -3.5999999999999997e-02 4.0000000000000001e-03  1.6800943774899246e-03
-1.4999999999999999e-02 -3.3000000000000002e-02 4.0000000000000001e-03  1.5988599016667454e-03
-1.4999999999999999e-02 -2.9999999999999999e-02 4.0000000000000001e-03  1.5302701569981116e-03
-1.4999999999999999e-02 -2.6999999999999996e-02 4.0000000000000001e-03  1.4742472585490276e-03
-1.4999999999999999e-02 -2.3999999999999997e-02 4.0000000000000001e-03  1.4307252311584458e-03
-1.4999999999999999e-02 -2.0999999999999998e-02 4.0000000000000001e-03  1.4090469458988809e-03
-1.4999999999999999e-02 -1.7999999999999999e-02 4.0000000000000001e-03  1.3923059194578963e-03
-1.4999999999999999e-02 -1.4999999999999999e-02 4.0000000000000001e-03  1.3731556382983678e-03
-1.4999999999999999e-02 -1.1999999999999997e-02 4.0000000000000001e-03  1.3656652007391120e-03
-1.4999999999999999e-02 -8.9999999999999941e-03 4.0000000000000001e-03  1.3555562654658934e-03
-1.4999999999999999e-02 -5.9999999999999984e-03 4.0000000000000001e-03  1.3458026607360318e-03
-1.4999999999999999e-02 -2.9999999999999957e-03 4.0000000000000001e-03  1.3390577436817369e-03
-1.4999999999999999e-02 0.0000000000000000e+00 4.0000000000000001e-03  1.3348112789983717e-03
-1.4999999999999999e-02 3.0000000000000027e-03 4.0000000000000001e-03  1.3312028434677131e-03
-1.4999999999999999e-02 6.0000000000000053e-03 4.0000000000000001e-03  1.3298540655756299e-03
-1.4999999999999999e-02 9.0000000000000011e-03 4.0000000000000001e-03  1.3312377689142054e-03
-1.4999999999999999e-02 1.2000000000000004e-02 4.0000000000000001e-03  1.3333227358022263e-03
-1.4999999999999999e-02 1.4999999999999999e-02 4.0000000000000001e-03  1.3396845973202053e-03
-1.4999999999999999e-02 1.8000000000000002e-02 4.0000000000000001e-03  1.3468067432593643e-03
-1.4999999999999999e-02 2.1000000000000005e-02 4.0000000000000001e-03  1.3547305712975244e-03
-1.4999999999999999e-02 2.4000000000000007e-02 4.0000000000000001e-03  1.3833209851085047e-03
-1.4999999999999999e-02 2.7000000000000010e-02 4.0000000000000001e-03  1.4166952805738896e-03
-1.4999999999999999e-02 2.9999999999999999e-02 4.0000000000000001e-03  1.4470831876950720e-03
-1.4999999999999999e-02 3.3000000000000002e-02 4.0000000000000001e-03  1.4856658096673190e-03
-1.4999999999999999e-02 3.6000000000000004e-02 4.0000000000000001e-03  1.5386943954269672e-03
-1.4999999999999999e-02 3.9000000000000007e-02 4.0000000000000001e-03  1.6069622005561463e-03
-1.4999999999999999e-02 4.2000000000000010e-02 4.0000000000000001e-03  1.6913204922537495e-03
-1.4999999999999999e-02 4.4999999999999998e-02 4.0000000000000001e-03  1.7926785493354441e-03
-1.1999999999999997e-02 -4.4999999999999998e-02 4.0000000000000001e-03  2.0522716039931507e-03
-1.1999999999999997e-02 -4.1999999999999996e-02 4.0000000000000001e-03  1.8935436116342044e-03
-1.1999999999999997e-02 -3.9000000000000000e-02 4.0000000000000001e-03  1.7746828107608060e-03
-1.1999999999999997e-02 -3.5999999999999997e-02 4.0000000000000001e-03  1.6685932281774087e-03
-1.1999999999999997e-02 -3.3000000000000002e-02 4.0000000000000001e-03  1.5751963074922865e-03
-1.1999999999999997e-02 -2.9999999999999999e-02 4.0000000000000001e-03  1.4944254020876635e-03
-1.1999999999999997e-02 -2.6999999999999996e-02 4.0000000000000001e-03  1.4506461300401244e-03
-1.1999999999999997e-02 -2.3999999999999997e-02 4.0000000000000001e-03  1.4172547182989576e-03
-1.1999999999999997e-02 -2.0999999999999998e-02 4.0000000000000001e-03  1.3900092421354740e-03
-1.1999999999999997e-02 -1.7999999999999999e-02 4.0000000000000001e-03  1.3686871747764836e-03
-1.1999999999999997e-02 -1.4999999999999999e-02 4.0000000000000001e-03  1.3531849187457751e-03
-1.1999999999999997e-02 -1.1999999999999997e-02 4.0000000000000001e-03  1.3481026137539777e-03
-1.1999999999999997e-02 -8.9999999999999941e-03 4.0000000000000001e-03  1.3419181822902058e-03
-1.1999999999999997e-02 -5.9999999999999984e-03 4.0000000000000001e-03  1.3363652720622583e-03
-1.1999999999999997e-02 -2.9999999999999957e-03 4.0000000000000001e-03  1.3314453035889661e-03
-1.1999999999999997e-02 0.0000000000000000e+00 4.0000000000000001e-03  1.3271603562245184e-03
-1.1999999999999997e-02 3.0000000000000027e-03 4.0000000000000001e-03  1.3235131681584697e-03
-1.1999999999999997e-02 6.0000000000000053e-03 4.0000000000000001e-03  1.3205071364157253e-03
-1.1999999999999997e-02 9.0000000000000011e-03 4.0000000000000001e-03  1.3214862618444025e-03
-1.1999999999999997e-02 1.2000000000000004e-02 4.0000000000000001e-03  1.3233429737532854e-03
-1.1999999999999997e-02 1.4999999999999999e-02 4.0000000000000001e-03  1.3261656720927023e-03
-1.1999999999999997e-02 1.8000000000000002e-02 4.0000000000000001e-03  1.3300825124589845e-03
-1.1999999999999997e-02 2.1000000000000005e-02 4.0000000000000001e-03  1.3440160263869039e-03
-1.1999999999999997e-02 2.4000000000000007e-02 4.0000000000000001e-03  1.3782143660290870e-03
-1.1999999999999997e-02 2.7000000000000010e-02 4.0000000000000001e-03  1.4025237146541266e-03
-1.1999999999999997e-02 2.9999999999999999e-02 4.0000000000000001e-03  1.4218946658640440e-03
-1.1999999999999997e-02 3.3000000000000002e-02 4.0000000000000001e-03  1.4606484687515317e-03
-1.1999999999999997e-02 3.6000000000000004e-02 4.0000000000000001e-03  1.5148629919486765e-03
-1.1999999999999997e-02 3.9000000000000007e-02 4.0000000000000001e-03  1.5843242373076495e-03
-1.1999999999999997e-02 4.2000000000000010e-02 4.0000000000000001e-03  1.6698822428779668e-03
-1.1999999999999997e-02 4.4999999999999998e-02 4.0000000000000001e-03  1.7724450583259282e-03
-8.9999999999999941e-03 -4.4999999999999998e-02 4.0000000000000001e-03  2.0113497591304780e-03
-8.9999999999999941e-03 -4.1999999999999996e-02 4.0000000000000001e-03  1.8675673430844425e-03
-8.9999999999999941e-03 -3.9000000000000000e-02 4.0000000000000001e-03  1.7366661091815720e-03
-8.9999999999999941e-03 -3.5999999999999997e-02 4.0000000000000001e-03  1.6185787393473547e-03
-8.9999999999999941e-03 -3.3000000000000002e-02 4.0000000000000001e-03  1.5478632356544528e-03
-8.9999999999999941e-03 -2.9999999999999999e-02 4.0000000000000001e-03  1.4947017062265271e-03
-8.9999999999999941e-03 -2.6999999999999996e-02 4.0000000000000001e-03  1.4483514956887698e-03
-8.9999999999999941e-03 -2.3999999999999997e-02 4.0000000000000001e-03  1.4101952933454111e-03
-8.9999999999999941e-03 -2.0999999999999998e-02 4.0000000000000001e-03  1.3745488401151228e-03
-8.9999999999999941e-03 -1.7999999999999999e-02 4.0000000000000001e-03  1.3468084979813891e-03
-8.9999999999999941e-03 -1.4999999999999999e-02 4.0000000000000001e-03  1.3541126310045370e-03
-8.9999999999999941e-03 -1.1999999999999997e-02 4.0000000000000001e-03  1.3464470885828188e-03
-8.9999999999999941e-03 -8.9999999999999941e-03 4.0000000000000001e-03  1.3365674964206347e-03
-8.9999999999999941e-03 -5.9999999999999984e-03 4.0000000000000001e-03  1.3273232871419179e-03
-8.9999999999999941e-03 -2.9999999999999957e-03 4.0000000000000001e-03  1.3212090005870502e-03
-8.9999999999999941e-03 0.0000000000000000e+00 4.0000000000000001e-03  1.3168758232095085e-03
-8.9999999999999941e-03 3.0000000000000027e-03 4.0000000000000001e-03  1.3131786320689477e-03
-8.9999999999999941e-03 6.0000000000000053e-03 4.0000000000000001e-03  1.3101203444345496e-03
-8.9999999999999941e-03 9.0000000000000011e-03 4.0000000000000001e-03  1.3091872204450468e-03
-8.9999999999999941e-03 1.2000000000000004e-02 4.0000000000000001e-03  1.3108427677741184e-03
-8.9999999999999941e-03 1.4999999999999999e-02 4.0000000000000001e-03  1.3131246235931530e-03
-8.9999999999999941e-03 1.8000000000000002e-02 4.0000000000000001e-03  1.3138591125518777e-03
-8.9999999999999941e-03 2.1000000000000005e-02 4.0000000000000001e-03  1.3433688696638298e-03
-8.9999999999999941e-03 2.4000000000000007e-02 4.0000000000000001e-03  1.3686140078444054e-03
-8.9999999999999941e-03 2.7000000000000010e-02 4.0000000000000001e-03  1.3866765473026798e-03
-8.9999999999999941e-03 2.9999999999999999e-02 4.0000000000000001e-03  1.4091925333412313e-03
-8.9999999999999941e-03 3.3000000000000002e-02 4.0000000000000001e-03  1.4418237690158285e-03
-8.9999999999999941e-03 3.6000000000000004e-02 4.0000000000000001e-03  1.4919650128587137e-03
-8.9999999999999941e-03 3.9000000000000007e-02 4.0000000000000001e-03  1.5626858418146708e-03
-8.9999999999999941e-03 4.2000000000000010e-02 4.0000000000000001e-03  1.6495123083118393e-03
-8.9999999999999941e-03 4.4999999999999998e-02 4.0000000000000001e-03  1.7533512328671398e-03
-5.9999999999999984e-03 -4.4999999999999998e-02 4.0000000000000001e-03  1.9632438233298166e-03
-5.9999999999999984e-03 -4.1999999999999996e-02 4.0000000000000001e-03  1.8080338862232728e-03
-5.9999999999999984e-03 -3.9000000000000000e-02 4.0000000000000001e-03  1.7060976486799261e-03
-5.9999999999999984e-03 -3.5999999999999997e-02 4.0000000000000001e-03  1.6312193496570613e-03
-5.9999999999999984e-03 -3.3000000000000002e-02 4.0000000000000001e-03  1.5681079135067240e-03
-5.9999999999999984e-03 -2.9999999999999999e-02 4.0000000000000001e-03  1.5132899568579996e-03
-5.9999999999999984e-03 -2.6999999999999996e-02 4.0000000000000001e-03  1.4562381508464160e-03
-5.9999999999999984e-03 -2.3999999999999997e-02 4.0000000000000001e-03  1.3949724960767829e-03
-5.9999999999999984e-03 -2.0999999999999998e-02 4.0000000000000001e-03  1.3568835910144799e-03
-5.9999999999999984e-03 -1.7999999999999999e-02 4.0000000000000001e-03  1.3471782792244490e-03
-5.9999999999999984e-03 -1.4999999999999999e-02 4.0000000000000001e-03  1.3544158820466025e-03
-5.9999999999999984e-03 -1.1999999999999997e-02 4.0000000000000001e-03  1.3458968686344832e-03
-5.9999999999999984e-03 -8.9999999999999941e-03 4.0000000000000001e-03  1.3356177367256584e-03
-5.9999999999999984e-03 -5.9999999999999984e-03 4.0000000000000001e-03  1.3259749400459998e-03
-5.9999999999999984e-03 -2.9999999999999957e-03 4.0000000000000001e-03  1.3169674542173339e-03
-5.9999999999999984e-03 0.0000000000000000e+00 4.0000000000000001e-03  1.3085948293369014e-03
-5.9999999999999984e-03 3.0000000000000027e-03 4.0000000000000001e-03  1.3008571899773499e-03
-5.9999999999999984e-03 6.0000000000000053e-03 4.0000000000000001e-03  1.2971159717311065e-03
-5.9999999999999984e-03 9.0000000000000011e-03 4.0000000000000001e-03  1.2946355742929022e-03
-5.9999999999999984e-03 1.2000000000000004e-02 4.0000000000000001e-03  1.2958559747137490e-03
-5.9999999999999984e-03 1.4999999999999999e-02 4.0000000000000001e-03  1.2979402658712096e-03
-5.9999999999999984e-03 1.8000000000000002e-02 4.0000000000000001e-03  1.3103433608365501e-03
-5.9999999999999984e-03 2.1000000000000005e-02 4.0000000000000001e-03  1.3340855838286213e-03
-5.9999999999999984e-03 2.4000000000000007e-02 4.0000000000000001e-03  1.3571069690950979e-03
-5.9999999999999984e-03 2.7000000000000010e-02 4.0000000000000001e-03  1.3730835070831294e-03
-5.9999999999999984e-03 2.9999999999999999e-02 4.0000000000000001e-03  1.3987541196485442e-03
-5.9999999999999984e-03 3.3000000000000002e-02 4.0000000000000001e-03  1.4346744264710594e-03
-5.9999999999999984e-03 3.6000000000000004e-02 4.0000000000000001e-03  1.4814147936842276e-03
-5.9999999999999984e-03 3.9000000000000007e-02 4.0000000000000001e-03  1.5420516703842867e-03
-5.9999999999999984e-03 4.2000000000000010e-02 4.0000000000000001e-03  1.6302163618249635e-03
-5.9999999999999984e-03 4.4999999999999998e-02 4.0000000000000001e-03  1.7354037631912042e-03
-2.9999999999999957e-03 -4.4999999999999998e-02 4.0000000000000001e-03  1.9313389173666283e-03
-2.9999999999999957e-03 -4.1999999999999996e-02 4.0000000000000001e-03  1.8386801670450684e-03
-2.9999999999999957e-03 -3.9000000000000000e-02 4.0000000000000001e-03  1.7576737654335648e-03
-2.9999999999999957e-03 -3.5999999999999997e-02 4.0000000000000001e-03  1.6785004312694187e-03
-2.9999999999999957e-03 -3.3000000000000002e-02 4.0000000000000001e-03  1.5986629598965837e-03
-2.9999999999999957e-03 -2.9999999999999999e-02 4.0000000000000001e-03  1.5160899066702222e-03
-2.9999999999999957e-03 -2.6999999999999996e-02 4.0000000000000001e-03  1.4291355869566918e-03
-2.9999999999999957e-03 -2.3999999999999997e-02 4.0000000000000001e-03  1.3835695586392114e-03
-2.9999999999999957e-03 -2.0999999999999998e-02 4.0000000000000001e-03  1.3567089926274293e-03
-2.9999999999999957e-03 -1.7999999999999999e-02 4.0000000000000001e-03  1.3469242175289601e-03
-2.9999999999999957e-03 -1.4999999999999999e-02 4.0000000000000001e-03  1.3540904497208041e-03
-2.9999999999999957e-03 -1.1999999999999997e-02 4.0000000000000001e-03  1.3447119401528821e-03
-2.9999999999999957e-03 -8.9999999999999941e-03 4.0000000000000001e-03  1.3340343914084590e-03
-2.9999999999999957e-03 -5.9999999999999984e-03 4.0000000000000001e-03  1.3239938963904231e-03
-2.9999999999999957e-03 -2.9999999999999957e-03 4.0000000000000001e-03  1.3145895015370169e-03
-2.9999999999999957e-03 0.0000000000000000e+00 4.0000000000000001e-03  1.3058208277619051e-03
-2.9999999999999957e-03 3.0000000000000027e-03 4.0000000000000001e-03  1.2976880704541607e-03
-2.9999999999999957e-03 6.0000000000000053e-03 4.0000000000000001e-03  1.2901919994782645e-03
-2.9999999999999957e-03 9.0000000000000011e-03 4.0000000000000001e-03  1.2833339591741210e-03
-2.9999999999999957e-03 1.2000000000000004e-02 4.0000000000000001e-03  1.2834626121346988e-03
-2.9999999999999957e-03 1.4999999999999999e-02 4.0000000000000001e-03  1.2909283710132724e-03
-2.9999999999999957e-03 1.8000000000000002e-02 4.0000000000000001e-03  1.3020503178660548e-03
-2.9999999999999957e-03 2.1000000000000005e-02 4.0000000000000001e-03  1.3261897560598664e-03
-2.9999999999999957e-03 2.4000000000000007e-02 4.0000000000000001e-03  1.3427062770431245e-03
-2.9999999999999957e-03 2.7000000000000010e-02 4.0000000000000001e-03  1.3617212857650570e-03
-2.9999999999999957e-03 2.9999999999999999e-02 4.0000000000000001e-03  1.3905598682734835e-03
-2.9999999999999957e-03 3.3000000000000002e-02 4.0000000000000001e-03  1.4297875366588099e-03
-2.9999999999999957e-03 3.6000000000000004e-02 4.0000000000000001e-03  1.4799845494652688e-03
-2.9999999999999957e-03 3.9000000000000007e-02 4.0000000000000001e-03  1.5417459116909154e-03
-2.9999999999999957e-03 4.2000000000000010e-02 4.0000000000000001e-03  1.6156813747876136e-03
-2.9999999999999957e-03 4.4999999999999998e-02 4.0000000000000001e-03  1.7186164583958773e-03
0.0000000000000000e+00 -4.4999999999999998e-02 4.0000000000000001e-03  2.0121828763672535e-03
0.0000000000000000e+00 -4.1999999999999996e-02 4.0000000000000001e-03  1.9073846795542100e-03
0.0000000000000000e+00 -3.9000000000000000e-02 4.0000000000000001e-03  1.8034633526671307e-03
0.0000000000000000e+00 -3.5999999999999997e-02 4.0000000000000001e-03  1.6982560058115405e-03
0.0000000000000000e+00 -3.3000000000000002e-02 4.0000000000000001e-03  1.5900255091041465e-03
0.0000000000000000e+00 -2.9999999999999999e-02 4.0000000000000001e-03  1.4886153734067844e-03
0.0000000000000000e+00 -2.6999999999999996e-02 4.0000000000000001e-03  1.4270370750886538e-03
0.0000000000000000e+00 -2.3999999999999997e-02 4.0000000000000001e-03  1.3828577224646961e-03
0.0000000000000000e+00 -2.0999999999999998e-02 4.0000000000000001e-03  1.3559085263740878e-03
0.0000000000000000e+00 -1.7999999999999999e-02 4.0000000000000001e-03  1.3460423757794054e-03
0.0000000000000000e+00 -1.4999999999999999e-02 4.0000000000000001e-03  1.3531338377666491e-03
0.0000000000000000e+00 -1.1999999999999997e-02 4.0000000000000001e-03  1.3428903122207298e-03
0.0000000000000000e+00 -8.9999999999999941e-03 4.0000000000000001e-03  1.3318155273714738e-03
0.0000000000000000e+00 -5.9999999999999984e-03 4.0000000000000001e-03  1.3213782808973349e-03
0.0000000000000000e+00 -2.9999999999999957e-03 4.0000000000000001e-03  1.3115776900529848e-03
0.0000000000000000e+00 0.0000000000000000e+00 4.0000000000000001e-03  1.3024134465685069e-03
0.0000000000000000e+00 3.0000000000000027e-03 4.0000000000000001e-03  1.2938858166493929e-03
0.0000000000000000e+00 6.0000000000000053e-03 4.0000000000000001e-03  1.2875582125744054e-03
0.0000000000000000e+00 9.0000000000000011e-03 4.0000000000000001e-03  1.2861998275453743e-03
0.0000000000000000e+00 1.2000000000000004e-02 4.0000000000000001e-03  1.2863219685215668e-03
0.0000000000000000e+00 1.4999999999999999e-02 4.0000000000000001e-03  1.2879203586951614e-03
0.0000000000000000e+00 1.8000000000000002e-02 4.0000000000000001e-03  1.2968091168619365e-03
0.0000000000000000e+00 2.1000000000000005e-02 4.0000000000000001e-03  1.3178353651839849e-03
0.0000000000000000e+00 2.4000000000000007e-02 4.0000000000000001e-03  1.3305036308280938e-03
0.0000000000000000e+00 2.7000000000000010e-02 4.0000000000000001e-03  1.3525692584192665e-03
0.0000000000000000e+00 2.9999999999999999e-02 4.0000000000000001e-03  1.3845929060047808e-03
0.0000000000000000e+00 3.3000000000000002e-02 4.0000000000000001e-03  1.4271499780857352e-03
0.0000000000000000e+00 3.6000000000000004e-02 4.0000000000000001e-03  1.4808306256170439e-03
0.0000000000000000e+00 3.9000000000000007e-02 4.0000000000000001e-03  1.5462397460074388e-03
0.0000000000000000e+00 4.2000000000000010e-02 4.0000000000000001e-03  1.6239969831194781e-03
0.0000000000000000e+00 4.4999999999999998e-02 4.0000000000000001e-03  1.7147367272695349e-03
3.0000000000000027e-03 -4.4999999999999998e-02 4.0000000000000001e-03  2.0688199793349234e-03
3.0000000000000027e-03 -4.1999999999999996e-02 4.0000000000000001e-03  1.9431197552040762e-03
3.0000000000000027e-03 -3.9000000000000000e-02 4.0000000000000001e-03  1.8123396037377721e-03
3.0000000000000027e-03 -3.5999999999999997e-02 4.0000000000000001e-03  1.6784628989137836e-03
3.0000000000000027e-03 -3.3000000000000002e-02 4.0000000000000001e-03  1.5667446506906675e-03
3.0000000000000027e-03 -2.9999999999999999e-02 4.0000000000000001e-03  1.4874681280347690e-03
3.0000000000000027e-03 -2.6999999999999996e-02 4.0000000000000001e-03  1.4257887334263913e-03
3.0000000000000027e-03 -2.3999999999999997e-02 4.0000000000000001e-03  1.3815153502902862e-03
3.0000000000000027e-03 -2.0999999999999998e-02 4.0000000000000001e-03  1.3544785401746174e-03
3.0000000000000027e-03 -1.7999999999999999e-02 4.0000000000000001e-03  1.3445305427509675e-03
3.0000000000000027e-03 -1.4999999999999999e-02 4.0000000000000001e-03  1.3515452758143330e-03
3.0000000000000027e-03 -1.1999999999999997e-02 4.0000000000000001e-03  1.3404316226716115e-03
3.0000000000000027e-03 -8.9999999999999941e-03 4.0000000000000001e-03  1.3289608402680061e-03
3.0000000000000027e-03 -5.9999999999999984e-03 4.0000000000000001e-03  1.3181278470397670e-03
3.0000000000000027e-03 -2.9999999999999957e-03 4.0000000000000001e-03  1.3079318310579883e-03
3.0000000000000027e-03 0.0000000000000000e+00 4.0000000000000001e-03  1.2983725548691733e-03
3.0000000000000027e-03 3.0000000000000027e-03 4.0000000000000001e-03  1.2937759618470168e-03
3.0000000000000027e-03 6.0000000000000053e-03 4.0000000000000001e-03  1.2916663763246066e-03
3.0000000000000027e-03 9.0000000000000011e-03 4.0000000000000001e-03  1.2910372501618167e-03
3.0000000000000027e-03 1.2000000000000004e-02 4.0000000000000001e-03  1.2918845619357738e-03
3.0000000000000027e-03 1.4999999999999999e-02 4.0000000000000001e-03  1.2942046104558206e-03
3.0000000000000027e-03 1.8000000000000002e-02 4.0000000000000001e-03  1.2979940147635123e-03
3.0000000000000027e-03 2.1000000000000005e-02 4.0000000000000001e-03  1.3048720535333907e-03
3.0000000000000027e-03 2.4000000000000007e-02 4.0000000000000001e-03  1.3204773371041042e-03
3.0000000000000027e-03 2.7000000000000010e-02 4.0000000000000001e-03  1.3456094834177904e-03
3.0000000000000027e-03 2.9999999999999999e-02 4.0000000000000001e-03  1.3808390429324016e-03
3.0000000000000027e-03 3.3000000000000002e-02 4.0000000000000001e-03  1.4267513125597257e-03
3.0000000000000027e-03 3.6000000000000004e-02 4.0000000000000001e-03  1.4839463356653593e-03
3.0000000000000027e-03 3.9000000000000007e-02 4.0000000000000001e-03  1.5530389020687236e-03
3.0000000000000027e-03 4.2000000000000010e-02 4.0000000000000001e-03  1.6346585480430562e-03
3.0000000000000027e-03 4.4999999999999998e-02 4.0000000000000001e-03  1.7294495563154250e-03
6.0000000000000053e-03 -4.4999999999999998e-02 4.0000000000000001e-03  2.0921481038658437e-03
6.0000000000000053e-03 -4.1999999999999996e-02 4.0000000000000001e-03  1.9413272552884539e-03
6.0000000000000053e-03 -3.9000000000000000e-02 4.0000000000000001e-03  1.7819630093430195e-03
6.0000000000000053e-03 -3.5999999999999997e-02 4.0000000000000001e-03  1.6622512332550967e-03
6.0000000000000053e-03 -3.3000000000000002e-02 4.0000000000000001e-03  1.5650560185884368e-03
6.0000000000000053e-03 -2.9999999999999999e-02 4.0000000000000001e-03  1.4856776036415475e-03
6.0000000000000053e-03 -2.6999999999999996e-02 4.0000000000000001e-03  1.4239025444247576e-03
6.0000000000000053e-03 -2.3999999999999997e-02 4.0000000000000001e-03  1.3795390750718072e-03
6.0000000000000053e-03 -2.0999999999999998e-02 4.0000000000000001e-03  1.3524171078398632e-03
6.0000000000000053e-03 -1.7999999999999999e-02 4.0000000000000001e-03  1.3423882331095045e-03
6.0000000000000053e-03 -1.4999999999999999e-02 4.0000000000000001e-03  1.3493257193847366e-03
6.0000000000000053e-03 -1.1999999999999997e-02 4.0000000000000001e-03  1.3373371380899913e-03
6.0000000000000053e-03 -8.9999999999999941e-03 4.0000000000000001e-03  1.3254716545022392e-03
6.0000000000000053e-03 -5.9999999999999984e-03 4.0000000000000001e-03  1.3142439770416189e-03
6.0000000000000053e-03 -2.9999999999999957e-03 4.0000000000000001e-03  1.3051989895057248e-03
6.0000000000000053e-03 0.0000000000000000e+00 4.0000000000000001e-03  1.3008530388528335e-03
6.0000000000000053e-03 3.0000000000000027e-03 4.0000000000000001e-03  1.2979916256122769e-03
6.0000000000000053e-03 6.0000000000000053e-03 4.0000000000000001e-03  1.2966106635139243e-03
6.0000000000000053e-03 9.0000000000000011e-03 4.0000000000000001e-03  1.2967063865198618e-03
6.0000000000000053e-03 1.2000000000000004e-02 4.0000000000000001e-03  1.2982753488243800e-03
6.0000000000000053e-03 1.4999999999999999e-02 4.0000000000000001e-03  1.3016333183515046e-03
6.0000000000000053e-03 1.8000000000000002e-02 4.0000000000000001e-03  1.3101297632198926e-03
6.0000000000000053e-03 2.1000000000000005e-02 4.0000000000000001e-03  1.3202123615733085e-03
6.0000000000000053e-03 2.4000000000000007e-02 4.0000000000000001e-03  1.3315189678651284e-03
6.0000000000000053e-03 2.7000000000000010e-02 4.0000000000000001e-03  1.3624158939118459e-03
6.0000000000000053e-03 2.9999999999999999e-02 4.0000000000000001e-03  1.4129576317500499e-03
6.0000000000000053e-03 3.3000000000000002e-02 4.0000000000000001e-03  1.4850726487391308e-03
6.0000000000000053e-03 3.6000000000000004e-02 4.0000000000000001e-03  1.5583515999397595e-03
6.0000000000000053e-03 3.9000000000000007e-02 4.0000000000000001e-03  1.6317548436191613e-03
6.0000000000000053e-03 4.2000000000000010e-02 4.0000000000000001e-03  1.7071044282720960e-03
6.0000000000000053e-03 4.4999999999999998e-02 4.0000000000000001e-03  1.7867359043024029e-03
9.0000000000000011e-03 -4.4999999999999998e-02 4.0000000000000001e-03  2.1066143927191967e-03
9.0000000000000011e-03 -4.1999999999999996e-02 4.0000000000000001e-03  1.9502003804120480e-03
9.0000000000000011e-03 -3.9000000000000000e-02 4.0000000000000001e-03  1.7908159421953865e-03
9.0000000000000011e-03 -3.5999999999999997e-02 4.0000000000000001e-03  1.6643398029847869e-03
9.0000000000000011e-03 -3.3000000000000002e-02 4.0000000000000001e-03  1.5627112246781154e-03
9.0000000000000011e-03 -2.9999999999999999e-02 4.0000000000000001e-03  1.4832392773636062e-03
9.0000000000000011e-03 -2.6999999999999996e-02 4.0000000000000001e-03  1.4213754260752444e-03
9.0000000000000011e-03 -2.3999999999999997e-02 4.0000000000000001e-03  1.3769272556557724e-03
9.0000000000000011e-03 -2.0999999999999998e-02 4.0000000000000001e-03  1.3497240290713561e-03
9.0000000000000011e-03 -1.7999999999999999e-02 4.0000000000000001e-03  1.3396166874115735e-03
9.0000000000000011e-03 -1.4999999999999999e-02 4.0000000000000001e-03  1.3464778498894292e-03
9.0000000000000011e-03 -1.1999999999999997e-02 4.0000000000000001e-03  1.3336097538112080e-03
9.0000000000000011e-03 -8.9999999999999941e-03 4.0000000000000001e-03  1.3213509232292300e-03
9.0000000000000011e-03 -5.9999999999999984e-03 4.0000000000000001e-03  1.3138866820569682e-03
9.0000000000000011e-03 -2.9999999999999957e-03 4.0000000000000001e-03  1.3087884671718639e-03
9.0000000000000011e-03 0.0000000000000000e+00 4.0000000000000001e-03  1.3051745845249262e-03
9.0000000000000011e-03 3.0000000000000027e-03 4.0000000000000001e-03  1.3030412032309763e-03
9.0000000000000011e-03 6.0000000000000053e-03 4.0000000000000001e-03  1.3023848126370516e-03
9.0000000000000011e-03 9.0000000000000011e-03 4.0000000000000001e-03  1.3032022223224016e-03
9.0000000000000011e-03 1.2000000000000004e-02 4.0000000000000001e-03  1.3073020262416618e-03
9.0000000000000011e-03 1.4999999999999999e-02 4.0000000000000001e-03  1.3142324927811479e-03
9.0000000000000011e-03 1.8000000000000002e-02 4.0000000000000001e-03  1.3227490740452081e-03
9.0000000000000011e-03 2.1000000000000005e-02 4.0000000000000001e-03  1.3328525142650492e-03
9.0000000000000011e-03 2.4000000000000007e-02 4.0000000000000001e-03  1.3446762468919370e-03
9.0000000000000011e-03 2.7000000000000010e-02 4.0000000000000001e-03  1.3711356095184321e-03
9.0000000000000011e-03 2.9999999999999999e-02 4.0000000000000001e-03  1.4172203321877871e-03
9.0000000000000011e-03 3.3000000000000002e-02 4.0000000000000001e-03  1.4829774282863232e-03
9.0000000000000011e-03 3.6000000000000004e-02 4.0000000000000001e-03  1.5684577950878030e-03
9.0000000000000011e-03 3.9000000000000007e-02 4.0000000000000001e-03  1.6438934859733306e-03
9.0000000000000011e-03 4.2000000000000010e-02 4.0000000000000001e-03  1.7181230735565632e-03
9.0000000000000011e-03 4.4999999999999998e-02 4.0000000000000001e-03  1.8194073947042898e-03
1.2000000000000004e-02 -4.4999999999999998e-02 4.0000000000000001e-03  2.1121621391053183e-03
1.2000000000000004e-02 -4.1999999999999996e-02 4.0000000000000001e-03  1.9632403024191711e-03
1.2000000000000004e-02 -3.9000000000000000e-02 4.0000000000000001e-03  1.8246805497930405e-03
1.2000000000000004e-02 -3.5999999999999997e-02 4.0000000000000001e-03  1.7030684218180782e-03
1.2000000000000004e-02 -3.3000000000000002e-02 4.0000000000000001e-03  1.5982782372997524e-03
1.2000000000000004e-02 -2.9999999999999999e-02 4.0000000000000001e-03  1.5101849375722157e-03
1.2000000000000004e-02 -2.6999999999999996e-02 4.0000000000000001e-03  1.4386640864982995e-03
1.2000000000000004e-02 -2.3999999999999997e-02 4.0000000000000001e-03  1.3835918704695157e-03
1.2000000000000004e-02 -2.0999999999999998e-02 4.0000000000000001e-03  1.3464008294613136e-03
1.2000000000000004e-02 -1.7999999999999999e-02 4.0000000000000001e-03  1.3362188721044064e-03
1.2000000000000004e-02 -1.4999999999999999e-02 4.0000000000000001e-03  1.3425430719282937e-03
1.2000000000000004e-02 -1.1999999999999997e-02 4.0000000000000001e-03  1.3307718184938379e-03
1.2000000000000004e-02 -8.9999999999999941e-03 4.0000000000000001e-03  1.3234325435720075e-03
1.2000000000000004e-02 -5.9999999999999984e-03 4.0000000000000001e-03  1.3175813498748096e-03
1.2000000000000004e-02 -2.9999999999999957e-03 4.0000000000000001e-03  1.3132143416697993e-03
1.2000000000000004e-02 0.0000000000000000e+00 4.0000000000000001e-03  1.3103279434567567e-03
1.2000000000000004e-02 3.0000000000000027e-03 4.0000000000000001e-03  1.3089188999676740e-03
1.2000000000000004e-02 6.0000000000000053e-03 4.0000000000000001e-03  1.3091910709673187e-03
1.2000000000000004e-02 9.0000000000000011e-03 4.0000000000000001e-03  1.3129690303036259e-03
1.2000000000000004e-02 1.2000000000000004e-02 4.0000000000000001e-03  1.3183327247789684e-03
1.2000000000000004e-02 1.4999999999999999e-02 4.0000000000000001e-03  1.3252825301894042e-03
1.2000000000000004e-02 1.8000000000000002e-02 4.0000000000000001e-03  1.3338192475622886e-03
1.2000000000000004e-02 2.1000000000000005e-02 4.0000000000000001e-03  1.3439441031562393e-03
1.2000000000000004e-02 2.4000000000000007e-02 4.0000000000000001e-03  1.3556587484611572e-03
1.2000000000000004e-02 2.7000000000000010e-02 4.0000000000000001e-03  1.3775339449700562e-03
1.2000000000000004e-02 2.9999999999999999e-02 4.0000000000000001e-03  1.4191619441142026e-03
1.2000000000000004e-02 3.3000000000000002e-02 4.0000000000000001e-03  1.4789227401875988e-03
1.2000000000000004e-02 3.6000000000000004e-02 4.0000000000000001e-03  1.5314981040615292e-03
1.2000000000000004e-02 3.9000000000000007e-02 4.0000000000000001e-03  1.5892047124151242e-03
1.2000000000000004e-02 4.2000000000000010e-02 4.0000000000000001e-03  1.6520424180745371e-03
1.2000000000000004e-02 4.4999999999999998e-02 4.0000000000000001e-03  1.7368176079067049e-03
1.4999999999999999e-02 -4.4999999999999998e-02 4.0000000000000001e-03  2.1088713760519782e-03
1.4999999999999999e-02 -4.1999999999999996e-02 4.0000000000000001e-03  1.9692722701893542e-03
1.4999999999999999e-02 -3.9000000000000000e-02 4.0000000000000001e-03  1.8351829418497753e-03
1.4999999999999999e-02 -3.5999999999999997e-02 4.0000000000000001e-03  1.7180251096989498e-03
1.4999999999999999e-02 -3.3000000000000002e-02 4.0000000000000001e-03  1.6176846866609437e-03
1.4999999999999999e-02 -2.9999999999999999e-02 4.0000000000000001e-03  1.5340482081885030e-03
1.4999999999999999e-02 -2.6999999999999996e-02 4.0000000000000001e-03  1.4670028322630499e-03
1.4999999999999999e-02 -2.3999999999999997e-02 4.0000000000000001e-03  1.4164363393946865e-03
1.4999999999999999e-02 -2.0999999999999998e-02 4.0000000000000001e-03  1.3822371326221903e-03
1.4999999999999999e-02 -1.7999999999999999e-02 4.0000000000000001e-03  1.3644496280816576e-03
1.4999999999999999e-02 -1.4999999999999999e-02 4.0000000000000001e-03  1.3524621239143159e-03
1.4999999999999999e-02 -1.1999999999999997e-02 4.0000000000000001e-03  1.3400059085886280e-03
1.4999999999999999e-02 -8.9999999999999941e-03 4.0000000000000001e-03  1.3327906791610281e-03
1.4999999999999999e-02 -5.9999999999999984e-03 4.0000000000000001e-03  1.3270126927512056e-03
1.4999999999999999e-02 -2.9999999999999957e-03 4.0000000000000001e-03  1.3226700884107492e-03
1.4999999999999999e-02 0.0000000000000000e+00 4.0000000000000001e-03  1.3197615399661762e-03
1.4999999999999999e-02 3.0000000000000027e-03 4.0000000000000001e-03  1.3188227950996837e-03
1.4999999999999999e-02 6.0000000000000053e-03 4.0000000000000001e-03  1.3200086341285577e-03
1.4999999999999999e-02 9.0000000000000011e-03 4.0000000000000001e-03  1.3226808881635344e-03
1.4999999999999999e-02 1.2000000000000004e-02 4.0000000000000001e-03  1.3278134883405782e-03
1.4999999999999999e-02 1.4999999999999999e-02 4.0000000000000001e-03  1.3347830758484753e-03
1.4999999999999999e-02 1.8000000000000002e-02 4.0000000000000001e-03  1.3433409463512224e-03
1.4999999999999999e-02 2.1000000000000005e-02 4.0000000000000001e-03  1.3534888081348669e-03
1.4999999999999999e-02 2.4000000000000007e-02 4.0000000000000001e-03  1.3652287947167113e-03
1.4999999999999999e-02 2.7000000000000010e-02 4.0000000000000001e-03  1.3816388064610008e-03
1.4999999999999999e-02 2.9999999999999999e-02 4.0000000000000001e-03  1.4155995552747914e-03
1.4999999999999999e-02 3.3000000000000002e-02 4.0000000000000001e-03  1.4545631025438227e-03
1.4999999999999999e-02 3.6000000000000004e-02 4.0000000000000001e-03  1.4987098427453010e-03
1.4999999999999999e-02 3.9000000000000007e-02 4.0000000000000001e-03  1.5480404657564264e-03
1.4999999999999999e-02 4.2000000000000010e-02 4.0000000000000001e-03  1.6288759770583035e-03
1.4999999999999999e-02 4.4999999999999998e-02 4.0000000000000001e-03  1.7463054462868862e-03
1.8000000000000002e-02 -4.4999999999999998e-02 4.0000000000000001e-03  2.0969588764043882e-03
1.8000000000000002e-02 -4.1999999999999996e-02 4.0000000000000001e-03  1.9526731315543942e-03
1.8000000000000002e-02 -3.9000000000000000e-02 4.0000000000000001e-03  1.8227143951948287e-03
1.8000000000000002e-02 -3.5999999999999997e-02 4.0000000000000001e-03  1.7096822511570142e-03
1.8000000000000002e-02 -3.3000000000000002e-02 4.0000000000000001e-03  1.6134742064835993e-03
1.8000000000000002e-02 -2.9999999999999999e-02 4.0000000000000001e-03  1.5339883907459217e-03
1.8000000000000002e-02 -2.6999999999999996e-02 4.0000000000000001e-03  1.4711235560439964e-03
1.8000000000000002e-02 -2.3999999999999997e-02 4.0000000000000001e-03  1.4316601151644066e-03
1.8000000000000002e-02 -2.0999999999999998e-02 4.0000000000000001e-03  1.4077202975070727e-03
1.8000000000000002e-02 -1.7999999999999999e-02 4.0000000000000001e-03  1.3973465353265798e-03
1.8000000000000002e-02 -1.4999999999999999e-02 4.0000000000000001e-03  1.3744129771895127e-03
1.8000000000000002e-02 -1.1999999999999997e-02 4.0000000000000001e-03  1.3629784489773303e-03
1.8000000000000002e-02 -8.9999999999999941e-03 4.0000000000000001e-03  1.3500642914386486e-03
1.8000000000000002e-02 -5.9999999999999984e-03 4.0000000000000001e-03  1.3454006013036031e-03
1.8000000000000002e-02 -2.9999999999999957e-03 4.0000000000000001e-03  1.3421590489957674e-03
1.8000000000000002e-02 0.0000000000000000e+00 4.0000000000000001e-03  1.3404729438340956e-03
1.8000000000000002e-02 3.0000000000000027e-03 4.0000000000000001e-03  1.3408011176597328e-03
1.8000000000000002e-02 6.0000000000000053e-03 4.0000000000000001e-03  1.3426093128516090e-03
1.8000000000000002e-02 9.0000000000000011e-03 4.0000000000000001e-03  1.3458993268357891e-03
1.8000000000000002e-02 1.2000000000000004e-02 4.0000000000000001e-03  1.3506734021761322e-03
1.8000000000000002e-02 1.4999999999999999e-02 4.0000000000000001e-03  1.3569342265742944e-03
1.8000000000000002e-02 1.8000000000000002e-02 4.0000000000000001e-03  1.3646849328697265e-03
1.8000000000000002e-02 2.1000000000000005e-02 4.0000000000000001e-03  1.3739290990396793e-03
1.8000000000000002e-02 2.4000000000000007e-02 4.0000000000000001e-03  1.3846707481991937e-03
1.8000000000000002e-02 2.7000000000000010e-02 4.0000000000000001e-03  1.3974992105710991e-03
1.8000000000000002e-02 2.9999999999999999e-02 4.0000000000000001e-03  1.4213925748600129e-03
1.8000000000000002e-02 3.3000000000000002e-02 4.0000000000000001e-03  1.4491489053707835e-03
1.8000000000000002e-02 3.6000000000000004e-02 4.0000000000000001e-03  1.4796488579551792e-03
1.8000000000000002e-02 3.9000000000000007e-02 4.0000000000000001e-03  1.5462662811651063e-03
1.8000000000000002e-02 4.2000000000000010e-02 4.0000000000000001e-03  1.6394088285190034e-03
1.8000000000000002e-02 4.4999999999999998e-02 4.0000000000000001e-03  1.7590416509640295e-03
2.1000000000000005e-02 -4.4999999999999998e-02 4.0000000000000001e-03  2.0580838948543751e-03
2.1000000000000005e-02 -4.1999999999999996e-02 4.0000000000000001e-03  1.9149725914511030e-03
2.1000000000000005e-02 -3.9000000000000000e-02 4.0000000000000001e-03  1.7888857224653925e-03
2.1000000000000005e-02 -3.5999999999999997e-02 4.0000000000000001e-03  1.6797317665298167e-03
2.1000000000000005e-02 -3.3000000000000002e-02 4.0000000000000001e-03  1.5926814164078731e-03
2.1000000000000005e-02 -2.9999999999999999e-02 4.0000000000000001e-03  1.5309808145182379e-03
2.1000000000000005e-02 -2.6999999999999996e-02 4.0000000000000001e-03  1.4847690259078086e-03
2.1000000000000005e-02 -2.3999999999999997e-02 4.0000000000000001e-03  1.4533163407942967e-03
2.1000000000000005e-02 -2.0999999999999998e-02 4.0000000000000001e-03  1.4358767704671360e-03
2.1000000000000005e-02 -1.7999999999999999e-02 4.0000000000000001e-03  1.4174665918300037e-03
2.1000000000000005e-02 -1.4999999999999999e-02 4.0000000000000001e-03  1.3966115849417533e-03
2.1000000000000005e-02 -1.1999999999999997e-02 4.0000000000000001e-03  1.3941301858034591e-03
2.1000000000000005e-02 -8.9999999999999941e-03 4.0000000000000001e-03  1.3726726289395347e-03
2.1000000000000005e-02 -5.9999999999999984e-03 4.0000000000000001e-03  1.3635150935344066e-03
2.1000000000000005e-02 -2.9999999999999957e-03 4.0000000000000001e-03  1.3613635370289929e-03
2.1000000000000005e-02 0.0000000000000000e+00 4.0000000000000001e-03  1.3608230919932164e-03
2.1000000000000005e-02 3.0000000000000027e-03 4.0000000000000001e-03  1.3617679493107670e-03
2.1000000000000005e-02 6.0000000000000053e-03 4.0000000000000001e-03  1.3641884580438200e-03
2.1000000000000005e-02 9.0000000000000011e-03 4.0000000000000001e-03  1.3680868322357711e-03
2.1000000000000005e-02 1.2000000000000004e-02 4.0000000000000001e-03  1.3734657310678204e-03
2.1000000000000005e-02 1.4999999999999999e-02 4.0000000000000001e-03  1.3803282588589498e-03
2.1000000000000005e-02 1.8000000000000002e-02 4.0000000000000001e-03  1.3886779650659504e-03
2.1000000000000005e-02 2.1000000000000005e-02 4.0000000000000001e-03  1.3985188442833980e-03
2.1000000000000005e-02 2.4000000000000007e-02 4.0000000000000001e-03  1.4108335485015647e-03
2.1000000000000005e-02 2.7000000000000010e-02 4.0000000000000001e-03  1.4251186181347324e-03
2.1000000000000005e-02 2.9999999999999999e-02 4.0000000000000001e-03  1.4461895139966268e-03
2.1000000000000005e-02 3.3000000000000002e-02 4.0000000000000001e-03  1.4750293125690276e-03
2.1000000000000005e-02 3.6000000000000004e-02 4.0000000000000001e-03  1.5096869615673820e-03
2.1000000000000005e-02 3.9000000000000007e-02 4.0000000000000001e-03  1.5580049642082694e-03
2.1000000000000005e-02 4.2000000000000010e-02 4.0000000000000001e-03  1.6532470513037972e-03
2.1000000000000005e-02 4.4999999999999998e-02 4.0000000000000001e-03  1.7750371189053716e-03
2.4000000000000007e-02 -4.4999999999999998e-02 4.0000000000000001e-03  1.9983428947646736e-03
2.4000000000000007e-02 -4.1999999999999996e-02 4.0000000000000001e-03  1.8589198906242507e-03
2.4000000000000007e-02 -3.9000000000000000e-02 4.0000000000000001e-03  1.7522800407999389e-03
2.4000000000000007e-02 -3.5999999999999997e-02 4.0000000000000001e-03  1.6652667245800562e-03
2.4000000000000007e-02 -3.3000000000000002e-02 4.0000000000000001e-03  1.5956243839722237e-03
2.4000000000000007e-02 -2.9999999999999999e-02 4.0000000000000001e-03  1.5503901427608529e-03
2.4000000000000007e-02 -2.6999999999999996e-02 4.0000000000000001e-03  1.5150974163676901e-03
2.4000000000000007e-02 -2.3999999999999997e-02 4.0000000000000001e-03  1.4889958700466290e-03
2.4000000000000007e-02 -2.0999999999999998e-02 4.0000000000000001e-03  1.4713772258727949e-03
2.4000000000000007e-02 -1.7999999999999999e-02 4.0000000000000001e-03  1.4403882118638317e-03
2.4000000000000007e-02 -1.4999999999999999e-02 4.0000000000000001e-03  1.4195875009674697e-03
2.4000000000000007e-02 -1.1999999999999997e-02 4.0000000000000001e-03  1.4208175426848537e-03
2.4000000000000007e-02 -8.9999999999999941e-03 4.0000000000000001e-03  1.4020423516328852e-03
2.4000000000000007e-02 -5.9999999999999984e-03 4.0000000000000001e-03  1.3858271853926917e-03
2.4000000000000007e-02 -2.9999999999999957e-03 4.0000000000000001e-03  1.3801006069750368e-03
2.4000000000000007e-02 0.0000000000000000e+00 4.0000000000000001e-03  1.3801818013599728e-03
2.4000000000000007e-02 3.0000000000000027e-03 4.0000000000000001e-03  1.3817327345671336e-03
2.4000000000000007e-02 6.0000000000000053e-03 4.0000000000000001e-03  1.3847555921194705e-03
2.4000000000000007e-02 9.0000000000000011e-03 4.0000000000000001e-03  1.3892530046776983e-03
2.4000000000000007e-02 1.2000000000000004e-02 4.0000000000000001e-03  1.3952280480403526e-03
2.4000000000000007e-02 1.4999999999999999e-02 4.0000000000000001e-03  1.4026842431437531e-03
2.4000000000000007e-02 1.8000000000000002e-02 4.0000000000000001e-03  1.4116255560620197e-03
2.4000000000000007e-02 2.1000000000000005e-02 4.0000000000000001e-03  1.4232604876259314e-03
2.4000000000000007e-02 2.4000000000000007e-02 4.0000000000000001e-03  1.4377509993533442e-03
2.4000000000000007e-02 2.7000000000000010e-02 4.0000000000000001e-03  1.4527849127503470e-03
2.4000000000000007e-02 2.9999999999999999e-02 4.0000000000000001e-03  1.4707081055631540e-03
2.4000000000000007e-02 3.3000000000000002e-02 4.0000000000000001e-03  1.5010993884975289e-03
2.4000000000000007e-02 3.6000000000000004e-02 4.0000000000000001e-03  1.5450904852670269e-03
2.4000000000000007e-02 3.9000000000000007e-02 4.0000000000000001e-03  1.5824988608856517e-03
2.4000000000000007e-02 4.2000000000000010e-02 4.0000000000000001e-03  1.6704259635104222e-03
2.4000000000000007e-02 4.4999999999999998e-02 4.0000000000000001e-03  1.7943182190470600e-03
2.7000000000000010e-02 -4.4999999999999998e-02 4.0000000000000001e-03  1.9642858059462868e-03
2.7000000000000010e-02 -4.1999999999999996e-02 4.0000000000000001e-03  1.8683879926334110e-03
2.7000000000000010e-02 -3.9000000000000000e-02 4.0000000000000001e-03  1.7852422113950397e-03
2.7000000000000010e-02 -3.5999999999999997e-02 4.0000000000000001e-03  1.7140030094837349e-03
2.7000000000000010e-02 -3.3000000000000002e-02 4.0000000000000001e-03  1.6538669909732847e-03
2.7000000000000010e-02 -2.9999999999999999e-02 4.0000000000000001e-03  1.6040728167587327e-03
2.7000000000000010e-02 -2.6999999999999996e-02 4.0000000000000001e-03  1.5639012045563425e-03
2.7000000000000010e-02 -2.3999999999999997e-02 4.0000000000000001e-03  1.5326749289036263e-03
2.7000000000000010e-02 -2.0999999999999998e-02 4.0000000000000001e-03  1.5040989122872210e-03
2.7000000000000010e-02 -1.7999999999999999e-02 4.0000000000000001e-03  1.4744270985592764e-03
2.7000000000000010e-02 -1.4999999999999999e-02 4.0000000000000001e-03  1.4527520320873118e-03
2.7000000000000010e-02 -1.1999999999999997e-02 4.0000000000000001e-03  1.4455152976067726e-03
2.7000000000000010e-02 -8.9999999999999941e-03 4.0000000000000001e-03  1.4322753267577396e-03
2.7000000000000010e-02 -5.9999999999999984e-03 4.0000000000000001e-03  1.4220039686274578e-03
2.7000000000000010e-02 -2.9999999999999957e-03 4.0000000000000001e-03  1.4038368672502040e-03
2.7000000000000010e-02 0.0000000000000000e+00 4.0000000000000001e-03  1.3998160248855070e-03
2.7000000000000010e-02 3.0000000000000027e-03 4.0000000000000001e-03  1.4005356883622969e-03
2.7000000000000010e-02 6.0000000000000053e-03 4.0000000000000001e-03  1.4029818064059242e-03
2.7000000000000010e-02 9.0000000000000011e-03 4.0000000000000001e-03  1.4071562138166852e-03
2.7000000000000010e-02 1.2000000000000004e-02 4.0000000000000001e-03  1.4130613081559753e-03
2.7000000000000010e-02 1.4999999999999999e-02 4.0000000000000001e-03  1.4207000497463080e-03
2.7000000000000010e-02 1.8000000000000002e-02 4.0000000000000001e-03  1.4372901453261072e-03
2.7000000000000010e-02 2.1000000000000005e-02 4.0000000000000001e-03  1.4499728073407102e-03
2.7000000000000010e-02 2.4000000000000007e-02 4.0000000000000001e-03  1.4634079803412397e-03
2.7000000000000010e-02 2.7000000000000010e-02 4.0000000000000001e-03  1.4776114795080990e-03
2.7000000000000010e-02 2.9999999999999999e-02 4.0000000000000001e-03  1.4955097516622584e-03
2.7000000000000010e-02 3.3000000000000002e-02 4.0000000000000001e-03  1.5316706817946780e-03
2.7000000000000010e-02 3.6000000000000004e-02 4.0000000000000001e-03  1.5858483641902506e-03
2.7000000000000010e-02 3.9000000000000007e-02 4.0000000000000001e-03  1.6454811388782991e-03
2.7000000000000010e-02 4.2000000000000010e-02 4.0000000000000001e-03  1.7015457102971816e-03
2.7000000000000010e-02 4.4999999999999998e-02 4.0000000000000001e-03  1.8169267922941625e-03
2.9999999999999999e-02 -4.4999999999999998e-02 4.0000000000000001e-03  2.0398662102841356e-03
2.9999999999999999e-02 -4.1999999999999996e-02 4.0000000000000001e-03  1.9410644835231230e-03
2.9999999999999999e-02 -3.9000000000000000e-02 4.0000000000000001e-03  1.8544912201465178e-03
2.9999999999999999e-02 -3.5999999999999997e-02 4.0000000000000001e-03  1.7793740766904956e-03
2.9999999999999999e-02 -3.3000000000000002e-02 4.0000000000000001e-03  1.7149827665124771e-03
2.9999999999999999e-02 -2.9999999999999999e-02 4.0000000000000001e-03  1.6606290597911092e-03
2.9999999999999999e-02 -2.6999999999999996e-02 4.0000000000000001e-03  1.6156667835262872e-03
2.9999999999999999e-02 -2.3999999999999997e-02 4.0000000000000001e-03  1.5794918215391322e-03
2.9999999999999999e-02 -2.0999999999999998e-02 4.0000000000000001e-03  1.5415947755509820e-03
2.9999999999999999e-02 -1.7999999999999999e-02 4.0000000000000001e-03  1.5203463769082460e-03
2.9999999999999999e-02 -1.4999999999999999e-02 4.0000000000000001e-03  1.4976841097551815e-03
2.9999999999999999e-02 -1.1999999999999997e-02 4.0000000000000001e-03  1.4850935593375596e-03
2.9999999999999999e-02 -8.9999999999999941e-03 4.0000000000000001e-03  1.4781394832341795e-03
2.9999999999999999e-02 -5.9999999999999984e-03 4.0000000000000001e-03  1.4729910379516853e-03
2.9999999999999999e-02 -2.9999999999999957e-03 4.0000000000000001e-03  1.4602057120505605e-03
2.9999999999999999e-02 0.0000000000000000e+00 4.0000000000000001e-03  1.4399105363256911e-03
2.9999999999999999e-02 3.0000000000000027e-03 4.0000000000000001e-03  1.4387133399549983e-03
2.9999999999999999e-02 6.0000000000000053e-03 4.0000000000000001e-03  1.4392416299781471e-03
2.9999999999999999e-02 9.0000000000000011e-03 4.0000000000000001e-03  1.4414976306725612e-03
2.9999999999999999e-02 1.2000000000000004e-02 4.0000000000000001e-03  1.4454841290767661e-03
2.9999999999999999e-02 1.4999999999999999e-02 4.0000000000000001e-03  1.4600529379484081e-03
2.9999999999999999e-02 1.8000000000000002e-02 4.0000000000000001e-03  1.4765811566308782e-03
2.9999999999999999e-02 2.1000000000000005e-02 4.0000000000000001e-03  1.4851070517429810e-03
2.9999999999999999e-02 2.4000000000000007e-02 4.0000000000000001e-03  1.4944075171878172e-03
2.9999999999999999e-02 2.7000000000000010e-02 4.0000000000000001e-03  1.5072124288019006e-03
2.9999999999999999e-02 2.9999999999999999e-02 4.0000000000000001e-03  1.5361117004478782e-03
2.9999999999999999e-02 3.3000000000000002e-02 4.0000000000000001e-03  1.5679308448279306e-03
2.9999999999999999e-02 3.6000000000000004e-02 4.0000000000000001e-03  1.6325089571088726e-03
2.9999999999999999e-02 3.9000000000000007e-02 4.0000000000000001e-03  1.7123169778113382e-03
2.9999999999999999e-02 4.2000000000000010e-02 4.0000000000000001e-03  1.7533939372580990e-03
2.9999999999999999e-02 4.4999999999999998e-02 4.0000000000000001e-03  1.8557316814884963e-03
3.3000000000000002e-02 -4.4999999999999998e-02 4.0000000000000001e-03  2.0898626012335023e-03
3.3000000000000002e-02 -4.1999999999999996e-02 4.0000000000000001e-03  2.0175260912916452e-03
3.3000000000000002e-02 -3.9000000000000000e-02 4.0000000000000001e-03  1.9274189582788881e-03
3.3000000000000002e-02 -3.5999999999999997e-02 4.0000000000000001e-03  1.8484053070306609e-03
3.3000000000000002e-02 -3.3000000000000002e-02 4.0000000000000001e-03  1.7798279601880015e-03
3.3000000000000002e-02 -2.9999999999999999e-02 4.0000000000000001e-03  1.7210717972131759e-03
3.3000000000000002e-02 -2.6999999999999996e-02 4.0000000000000001e-03  1.6715637543897003e-03
3.3000000000000002e-02 -2.3999999999999997e-02 4.0000000000000001e-03  1.6498308741076015e-03
3.3000000000000002e-02 -2.0999999999999998e-02 4.0000000000000001e-03  1.6032020100127577e-03
3.3000000000000002e-02 -1.7999999999999999e-02 4.0000000000000001e-03  1.5789453234874493e-03
3.3000000000000002e-02 -1.4999999999999999e-02 4.0000000000000001e-03  1.5552041477453742e-03
3.3000000000000002e-02 -1.1999999999999997e-02 4.0000000000000001e-03  1.5412897298584113e-03
3.3000000000000002e-02 -8.9999999999999941e-03 4.0000000000000001e-03  1.5404133680408157e-03
3.3000000000000002e-02 -5.9999999999999984e-03 4.0000000000000001e-03  1.5412738645977104e-03
3.3000000000000002e-02 -2.9999999999999957e-03 4.0000000000000001e-03  1.5336113696627425e-03
3.3000000000000002e-02 0.0000000000000000e+00 4.0000000000000001e-03  1.5167778069555698e-03
3.3000000000000002e-02 3.0000000000000027e-03 4.0000000000000001e-03  1.4985232465784570e-03
3.3000000000000002e-02 6.0000000000000053e-03 4.0000000000000001e-03  1.4971177179624170e-03
3.3000000000000002e-02 9.0000000000000011e-03 4.0000000000000001e-03  1.4974371051624364e-03
3.3000000000000002e-02 1.2000000000000004e-02 4.0000000000000001e-03  1.5051216503085732e-03
3.3000000000000002e-02 1.4999999999999999e-02 4.0000000000000001e-03  1.5301498694381354e-03
3.3000000000000002e-02 1.8000000000000002e-02 4.0000000000000001e-03  1.5280118834076590e-03
3.3000000000000002e-02 2.1000000000000005e-02 4.0000000000000001e-03  1.5324339952705903e-03
3.3000000000000002e-02 2.4000000000000007e-02 4.0000000000000001e-03  1.5376614880279248e-03
3.3000000000000002e-02 2.7000000000000010e-02 4.0000000000000001e-03  1.5744780620698881e-03
3.3000000000000002e-02 2.9999999999999999e-02 4.0000000000000001e-03  1.6006619937379870e-03
3.3000000000000002e-02 3.3000000000000002e-02 4.0000000000000001e-03  1.6152847877102404e-03
3.3000000000000002e-02 3.6000000000000004e-02 4.0000000000000001e-03  1.6856460962075921e-03
3.3000000000000002e-02 3.9000000000000007e-02 4.0000000000000001e-03  1.7803540683472866e-03
3.3000000000000002e-02 4.2000000000000010e-02 4.0000000000000001e-03  1.8394366759437056e-03
3.3000000000000002e-02 4.4999999999999998e-02 4.0000000000000001e-03  1.9158414785087020e-03
3.6000000000000004e-02 -4.4999999999999998e-02 4.0000000000000001e-03  2.2568269882464092e-03
3.6000000000000004e-02 -4.1999999999999996e-02 4.0000000000000001e-03  2.0729639527494914e-03
3.6000000000000004e-02 -3.9000000000000000e-02 4.0000000000000001e-03  2.0048942406529434e-03
3.6000000000000004e-02 -3.5999999999999997e-02 4.0000000000000001e-03  1.9221221911220052e-03
3.6000000000000004e-02 -3.3000000000000002e-02 4.0000000000000001e-03  1.8495847383746243e-03
3.6000000000000004e-02 -2.9999999999999999e-02 4.0000000000000001e-03  1.7867398711566853e-03
3.6000000000000004e-02 -2.6999999999999996e-02 4.0000000000000001e-03  1.7330876350353224e-03
3.6000000000000004e-02 -2.3999999999999997e-02 4.0000000000000001e-03  1.7398160165446931e-03
3.6000000000000004e-02 -2.0999999999999998e-02 4.0000000000000001e-03  1.6885522955102110e-03
3.6000000000000004e-02 -1.7999999999999999e-02 4.0000000000000001e-03  1.6667173664928442e-03
3.6000000000000004e-02 -1.4999999999999999e-02 4.0000000000000001e-03  1.6261754598858411e-03
3.6000000000000004e-02 -1.1999999999999997e-02 4.0000000000000001e-03  1.6149556865051283e-03
3.6000000000000004e-02 -8.9999999999999941e-03 4.0000000000000001e-03  1.6215852231092902e-03
3.6000000000000004e-02 -5.9999999999999984e-03 4.0000000000000001e-03  1.6272069591450669e-03
3.6000000000000004e-02 -2.9999999999999957e-03 4.0000000000000001e-03  1.6243842910083094e-03
3.6000000000000004e-02 0.0000000000000000e+00 4.0000000000000001e-03  1.6126794540086925e-03
3.6000000000000004e-02 3.0000000000000027e-03 4.0000000000000001e-03  1.5918464999841377e-03
3.6000000000000004e-02 6.0000000000000053e-03 4.0000000000000001e-03  1.5767549340054211e-03
3.6000000000000004e-02 9.0000000000000011e-03 4.0000000000000001e-03  1.5751176840488243e-03
3.6000000000000004e-02 1.2000000000000004e-02 4.0000000000000001e-03  1.6184030204529310e-03
3.6000000000000004e-02 1.4999999999999999e-02 4.0000000000000001e-03  1.5935124939821755e-03
3.6000000000000004e-02 1.8000000000000002e-02 4.0000000000000001e-03  1.5930909880837148e-03
3.6000000000000004e-02 2.1000000000000005e-02 4.0000000000000001e-03  1.5934933934346784e-03
3.6000000000000004e-02 2.4000000000000007e-02 4.0000000000000001e-03  1.6321209009287044e-03
3.6000000000000004e-02 2.7000000000000010e-02 4.0000000000000001e-03  1.6671832164310660e-03
3.6000000000000004e-02 2.9999999999999999e-02 4.0000000000000001e-03  1.6904300248505176e-03
3.6000000000000004e-02 3.3000000000000002e-02 4.0000000000000001e-03  1.7019426660604530e-03
3.6000000000000004e-02 3.6000000000000004e-02 4.0000000000000001e-03  1.7458590870839887e-03
3.6000000000000004e-02 3.9000000000000007e-02 4.0000000000000001e-03  1.8511782209701024e-03
3.6000000000000004e-02 4.2000000000000010e-02 4.0000000000000001e-03  1.9222392827664505e-03
3.6000000000000004e-02 4.4999999999999998e-02 4.0000000000000001e-03  1.9772313530845684e-03
3.9000000000000007e-02 -4.4999999999999998e-02 4.0000000000000001e-03  2.3985076142213446e-03
3.9000000000000007e-02 -4.1999999999999996e-02 4.0000000000000001e-03  2.2267031047760550e-03
3.9000000000000007e-02 -3.9000000000000000e-02 4.0000000000000001e-03  2.0670597328080716e-03
3.9000000000000007e-02 -3.5999999999999997e-02 4.0000000000000001e-03  2.0018761363588865e-03
3.9000000000000007e-02 -3.3000000000000002e-02 4.0000000000000001e-03  1.9257611842236847e-03
3.9000000000000007e-02 -2.9999999999999999e-02 4.0000000000000001e-03  1.8592980405299636e-03
3.9000000000000007e-02 -2.6999999999999996e-02 4.0000000000000001e-03  1.8179312826757674e-03
3.9000000000000007e-02 -2.3999999999999997e-02 4.0000000000000001e-03  1.8342412811959421e-03
3.9000000000000007e-02 -2.0999999999999998e-02 4.0000000000000001e-03  1.7977156582673513e-03
3.9000000000000007e-02 -1.7999999999999999e-02 4.0000000000000001e-03  1.7806842209211378e-03
3.9000000000000007e-02 -1.4999999999999999e-02 4.0000000000000001e-03  1.7115042600582104e-03
3.9000000000000007e-02 -1.1999999999999997e-02 4.0000000000000001e-03  1.7069439282763675e-03
3.9000000000000007e-02 -8.9999999999999941e-03 4.0000000000000001e-03  1.7214395771939753e-03
3.9000000000000007e-02 -5.9999999999999984e-03 4.0000000000000001e-03  1.7311563741414006e-03
3.9000000000000007e-02 -2.9999999999999957e-03 4.0000000000000001e-03  1.7328664689769291e-03
3.9000000000000007e-02 0.0000000000000000e+00 4.0000000000000001e-03  1.7260344289945994e-03
3.9000000000000007e-02 3.0000000000000027e-03 4.0000000000000001e-03  1.7103166380166789e-03
3.9000000000000007e-02 6.0000000000000053e-03 4.0000000000000001e-03  1.6884803765086589e-03
3.9000000000000007e-02 9.0000000000000011e-03 4.0000000000000001e-03  1.7303981539328330e-03
3.9000000000000007e-02 1.2000000000000004e-02 4.0000000000000001e-03  1.7149657911427233e-03
3.9000000000000007e-02 1.4999999999999999e-02 4.0000000000000001e-03  1.6777732061086777e-03
3.9000000000000007e-02 1.8000000000000002e-02 4.0000000000000001e-03  1.6734012281371612e-03
3.9000000000000007e-02 2.1000000000000005e-02 4.0000000000000001e-03  1.7103777730171027e-03
3.9000000000000007e-02 2.4000000000000007e-02 4.0000000000000001e-03  1.7544928633837064e-03
3.9000000000000007e-02 2.7000000000000010e-02 4.0000000000000001e-03  1.7865763043041142e-03
3.9000000000000007e-02 2.9999999999999999e-02 4.0000000000000001e-03  1.8066928552675212e-03
3.9000000000000007e-02 3.3000000000000002e-02 4.0000000000000001e-03  1.8149181362766820e-03
3.9000000000000007e-02 3.6000000000000004e-02 4.0000000000000001e-03  1.8137727087485336e-03
3.9000000000000007e-02 3.9000000000000007e-02 4.0000000000000001e-03  1.9281887116275472e-03
3.9000000000000007e-02 4.2000000000000010e-02 4.0000000000000001e-03  2.0059402390733222e-03
3.9000000000000007e-02 4.4999999999999998e-02 4.0000000000000001e-03  2.0397058730747997e-03
4.2000000000000010e-02 -4.4999999999999998e-02 4.0000000000000001e-03  2.5151055499361727e-03
4.2000000000000010e-02 -4.1999999999999996e-02 4.0000000000000001e-03  2.3701423635495975e-03
4.2000000000000010e-02 -3.9000000000000000e-02 4.0000000000000001e-03  2.2099588133222725e-03
4.2000000000000010e-02 -3.5999999999999997e-02 4.0000000000000001e-03  2.0728664146084075e-03
4.2000000000000010e-02 -3.3000000000000002e-02 4.0000000000000001e-03  2.0101912976630966e-03
4.2000000000000010e-02 -2.9999999999999999e-02 4.0000000000000001e-03  1.9407369810179021e-03
4.2000000000000010e-02 -2.6999999999999996e-02 4.0000000000000001e-03  1.9600198699082547e-03
4.2000000000000010e-02 -2.3999999999999997e-02 4.0000000000000001e-03  1.9352325559140343e-03
4.2000000000000010e-02 -2.0999999999999998e-02 4.0000000000000001e-03  1.9307573443023988e-03
4.2000000000000010e-02 -1.7999999999999999e-02 4.0000000000000001e-03  1.9180129810751284e-03
4.2000000000000010e-02 -1.4999999999999999e-02 4.0000000000000001e-03  1.8121396621977532e-03
4.2000000000000010e-02 -1.1999999999999997e-02 4.0000000000000001e-03  1.8199475579576978e-03
4.2000000000000010e-02 -8.9999999999999941e-03 4.0000000000000001e-03  1.8400701048629487e-03
4.2000000000000010e-02 -5.9999999999999984e-03 4.0000000000000001e-03  1.8534997041024660e-03
4.2000000000000010e-02 -2.9999999999999957e-03 4.0000000000000001e-03  1.8594114384263931e-03
4.2000000000000010e-02 0.0000000000000000e+00 4.0000000000000001e-03  1.8944722738872713e-03
4.2000000000000010e-02 3.0000000000000027e-03 4.0000000000000001e-03  1.9090048548669344e-03
4.2000000000000010e-02 6.0000000000000053e-03 4.0000000000000001e-03  1.9003958506628928e-03
4.2000000000000010e-02 9.0000000000000011e-03 4.0000000000000001e-03  1.8704390524741125e-03
4.2000000000000010e-02 1.2000000000000004e-02 4.0000000000000001e-03  1.8000439757359216e-03
4.2000000000000010e-02 1.4999999999999999e-02 4.0000000000000001e-03  1.7787843944514473e-03
4.2000000000000010e-02 1.8000000000000002e-02 4.0000000000000001e-03  1.8106086068482180e-03
4.2000000000000010e-02 2.1000000000000005e-02 4.0000000000000001e-03  1.8639037117401148e-03
4.2000000000000010e-02 2.4000000000000007e-02 4.0000000000000001e-03  1.9049892518463152e-03
4.2000000000000010e-02 2.7000000000000010e-02 4.0000000000000001e-03  1.9339134062718118e-03
4.2000000000000010e-02 2.9999999999999999e-02 4.0000000000000001e-03  1.9507352146351594e-03
4.2000000000000010e-02 3.3000000000000002e-02 4.0000000000000001e-03  1.9555245770684561e-03
4.2000000000000010e-02 3.6000000000000004e-02 4.0000000000000001e-03  1.9483622542173517e-03
4.2000000000000010e-02 3.9000000000000007e-02 4.0000000000000001e-03  2.0159493457303497e-03
4.2000000000000010e-02 4.2000000000000010e-02 4.0000000000000001e-03  2.0909836377876602e-03
4.2000000000000010e-02 4.4999999999999998e-02 4.0000000000000001e-03  2.1222120105177425e-03
4.4999999999999998e-02 -4.4999999999999998e-02 4.0000000000000001e-03  2.6096805812203670e-03
4.4999999999999998e-02 -4.1999999999999996e-02 4.0000000000000001e-03  2.4912026825554684e-03
4.4999999999999998e-02 -3.9000000000000000e-02 4.0000000000000001e-03  2.3578599966044200e-03
4.4999999999999998e-02 -3.5999999999999997e-02 4.0000000000000001e-03  2.2089305822789443e-03
4.4999999999999998e-02 -3.3000000000000002e-02 4.0000000000000001e-03  2.0929754135391135e-03
4.4999999999999998e-02 -2.9999999999999999e-02 4.0000000000000001e-03  2.0333732850819622e-03
4.4999999999999998e-02 -2.6999999999999996e-02 4.0000000000000001e-03  2.1630332814414907e-03
4.4999999999999998e-02 -2.3999999999999997e-02 4.0000000000000001e-03  2.2190769284673494e-03
4.4999999999999998e-02 -2.0999999999999998e-02 4.0000000000000001e-03  2.1600907266861435e-03
4.4999999999999998e-02 -1.7999999999999999e-02 4.0000000000000001e-03  2.0787510510597578e-03
4.4999999999999998e-02 -1.4999999999999999e-02 4.0000000000000001e-03  1.9328338721791177e-03
4.4999999999999998e-02 -1.1999999999999997e-02 4.0000000000000001e-03  1.9550986116858133e-03
4.4999999999999998e-02 -8.9999999999999941e-03 4.0000000000000001e-03  2.0232315767682732e-03
4.4999999999999998e-02 -5.9999999999999984e-03 4.0000000000000001e-03  2.0788511492201849e-03
4.4999999999999998e-02 -2.9999999999999957e-03 4.0000000000000001e-03  2.1101847695253490e-03
4.4999999999999998e-02 0.0000000000000000e+00 4.0000000000000001e-03  2.1170618308707654e-03
4.4999999999999998e-02 3.0000000000000027e-03 4.0000000000000001e-03  2.0994043280811408e-03
4.4999999999999998e-02 6.0000000000000053e-03 4.0000000000000001e-03  2.0572268576189083e-03
4.4999999999999998e-02 9.0000000000000011e-03 4.0000000000000001e-03  1.9906366175841939e-03
4.4999999999999998e-02 1.2000000000000004e-02 4.0000000000000001e-03  1.9110369308477908e-03
4.4999999999999998e-02 1.4999999999999999e-02 4.0000000000000001e-03  1.9341957034555394e-03
4.4999999999999998e-02 1.8000000000000002e-02 4.0000000000000001e-03  1.9967509111648669e-03
4.4999999999999998e-02 2.1000000000000005e-02 4.0000000000000001e-03  2.0469568657727690e-03
4.4999999999999998e-02 2.4000000000000007e-02 4.0000000000000001e-03  2.0848451660000506e-03
4.4999999999999998e-02 2.7000000000000010e-02 4.0000000000000001e-03  2.1104582710810590e-03
4.4999999999999998e-02 2.9999999999999999e-02 4.0000000000000001e-03  2.1238495007636971e-03
4.4999999999999998e-02 3.3000000000000002e-02 4.0000000000000001e-03  2.1250830353094167e-03
4.4999999999999998e-02 3.6000000000000004e-02 4.0000000000000001e-03  2.1142339154932260e-03
4.4999999999999998e-02 3.9000000000000007e-02 4.0000000000000001e-03  2.1129630310708931e-03
4.4999999999999998e-02 4.2000000000000010e-02 4.0000000000000001e-03  2.1778837112115773e-03
4.4999999999999998e-02 4.4999999999999998e-02 4.0000000000000001e-03  2.2088064553358799e-03
