Grid Output Min: [-45mm -45mm 4mm] Max: [45mm 45mm 4mm] Grid Size: [3mm 3mm 0mm]
X, Y, Z, Scalar data "Mag_B"
-4.4999999999999998e-02 -4.4999999999999998e-02 4.0000000000000001e-03  2.3680258285255864e-03
-4.4999999999999998e-02 -4.1999999999999996e-02 4.0000000000000001e-03  2.2219751278311061e-03
-4.4999999999999998e-02 -3.9000000000000000e-02 4.0000000000000001e-03  2.1793519116213105e-03
-4.4999999999999998e-02 -3.5999999999999997e-02 4.0000000000000001e-03  2.0502672620290002e-03
-4.4999999999999998e-02 -3.3000000000000002e-02 4.0000000000000001e-03  1.9414556345263441e-03
-4.4999999999999998e-02 -2.9999999999999999e-02 4.0000000000000001e-03  1.9423405203913950e-03
-4.4999999999999998e-02 -2.6999999999999996e-02 4.0000000000000001e-03  1.9522945129451666e-03
-4.4999999999999998e-02 -2.3999999999999997e-02 4.0000000000000001e-03  1.9172934566579439e-03
-4.4999999999999998e-02 -2.0999999999999998e-02 4.0000000000000001e-03  1.8940764563119723e-03
-4.4999999999999998e-02 -1.7999999999999999e-02 4.0000000000000001e-03  1.8818879440256032e-03
-4.4999999999999998e-02 -1.4999999999999999e-02 4.0000000000000001e-03  1.8753965537664200e-03
-4.4999999999999998e-02 -1.1999999999999997e-02 4.0000000000000001e-03  1.8717981235565984e-03
-4.4999999999999998e-02 -8.9999999999999941e-03 4.0000000000000001e-03  1.8688031949098314e-03
-4.4999999999999998e-02 -5.9999999999999984e-03 4.0000000000000001e-03  1.8698833708165497e-03
-4.4999999999999998e-02 -2.9999999999999957e-03 4.0000000000000001e-03  1.8942703715255458e-03
-4.4999999999999998e-02 0.0000000000000000e+00 4.0000000000000001e-03  1.8758155819436288e-03
-4.4999999999999998e-02 3.0000000000000027e-03 4.0000000000000001e-03  1.8890408581052143e-03
-4.4999999999999998e-02 6.0000000000000053e-03 4.0000000000000001e-03  1.8877741340905115e-03
-4.4999999999999998e-02 9.0000000000000011e-03 4.0000000000000001e-03  1.8909340553980656e-03
-4.4999999999999998e-02 1.2000000000000004e-02 4.0000000000000001e-03  1.8964647303112243e-03
-4.4999999999999998e-02 1.4999999999999999e-02 4.0000000000000001e-03  1.9131485117793925e-03
-4.4999999999999998e-02 1.8000000000000002e-02 4.0000000000000001e-03  1.9364255262785490e-03
-4.4999999999999998e-02 2.1000000000000005e-02 4.0000000000000001e-03  1.9605384795691643e-03
-4.4999999999999998e-02 2.4000000000000007e-02 4.0000000000000001e-03  1.9820263618683426e-03
-4.4999999999999998e-02 2.7000000000000010e-02 4.0000000000000001e-03  2.0397145351218221e-03
-4.4999999999999998e-02 2.9999999999999999e-02 4.0000000000000001e-03  2.0694766947505329e-03
-4.4999999999999998e-02 3.3000000000000002e-02 4.0000000000000001e-03  2.1024269998213265e-03
-4.4999999999999998e-02 3.6000000000000004e-02 4.0000000000000001e-03  2.1431764318883121e-03
-4.4999999999999998e-02 3.9000000000000007e-02 4.0000000000000001e-03  2.1862572311370327e-03
-4.4999999999999998e-02 4.2000000000000010e-02 4.0000000000000001e-03  2.2125310746482717e-03
-4.4999999999999998e-02 4.4999999999999998e-02 4.0000000000000001e-03  2.2588023894287313e-03
-4.1999999999999996e-02 -4.4999999999999998e-02 4.0000000000000001e-03  2.2325806588344827e-03
-4.1999999999999996e-02 -4.1999999999999996e-02 4.0000000000000001e-03  2.0857658823000614e-03
-4.1999999999999996e-02 -3.9000000000000000e-02 4.0000000000000001e-03  1.9419949812827021e-03
-4.1999999999999996e-02 -3.5999999999999997e-02 4.0000000000000001e-03  1.8753650409899631e-03
-4.1999999999999996e-02 -3.3000000000000002e-02 4.0000000000000001e-03  1.8631027194434206e-03
-4.1999999999999996e-02 -2.9999999999999999e-02 4.0000000000000001e-03  1.8607066418489023e-03
-4.1999999999999996e-02 -2.6999999999999996e-02 4.0000000000000001e-03  1.8400578814844221e-03
-4.1999999999999996e-02 -2.3999999999999997e-02 4.0000000000000001e-03  1.7922890892424694e-03
-4.1999999999999996e-02 -2.0999999999999998e-02 4.0000000000000001e-03  1.7685875326821474e-03
-4.1999999999999996e-02 -1.7999999999999999e-02 4.0000000000000001e-03  1.7573222770715868e-03
-4.1999999999999996e-02 -1.4999999999999999e-02 4.0000000000000001e-03  1.7478635327926948e-03
-4.1999999999999996e-02 -1.1999999999999997e-02 4.0000000000000001e-03  1.7409429679654104e-03
-4.1999999999999996e-02 -8.9999999999999941e-03 4.0000000000000001e-03  1.7340755081119777e-03
-4.1999999999999996e-02 -5.9999999999999984e-03 4.0000000000000001e-03  1.7352680385894436e-03
-4.1999999999999996e-02 -2.9999999999999957e-03 4.0000000000000001e-03  1.7243177064997796e-03
-4.1999999999999996e-02 0.0000000000000000e+00 4.0000000000000001e-03  1.7396673578490497e-03
-4.1999999999999996e-02 3.0000000000000027e-03 4.0000000000000001e-03  1.7509362933910871e-03
-4.1999999999999996e-02 6.0000000000000053e-03 4.0000000000000001e-03  1.7611831922458216e-03
-4.1999999999999996e-02 9.0000000000000011e-03 4.0000000000000001e-03  1.7666751447245098e-03
-4.1999999999999996e-02 1.2000000000000004e-02 4.0000000000000001e-03  1.7833281591004835e-03
-4.1999999999999996e-02 1.4999999999999999e-02 4.0000000000000001e-03  1.8007949734740983e-03
-4.1999999999999996e-02 1.8000000000000002e-02 4.0000000000000001e-03  1.8227726566142240e-03
-4.1999999999999996e-02 2.1000000000000005e-02 4.0000000000000001e-03  1.8486670285408756e-03
-4.1999999999999996e-02 2.4000000000000007e-02 4.0000000000000001e-03  1.8758873974840226e-03
-4.1999999999999996e-02 2.7000000000000010e-02 4.0000000000000001e-03  1.9071553606327710e-03
-4.1999999999999996e-02 2.9999999999999999e-02 4.0000000000000001e-03  1.9386814431382256e-03
-4.1999999999999996e-02 3.3000000000000002e-02 4.0000000000000001e-03  1.9701976192677043e-03
-4.1999999999999996e-02 3.6000000000000004e-02 4.0000000000000001e-03  2.0040443555000838e-03
-4.1999999999999996e-02 3.9000000000000007e-02 4.0000000000000001e-03  2.0402679464414856e-03
-4.1999999999999996e-02 4.2000000000000010e-02 4.0000000000000001e-03  2.0693191119723537e-03
-4.1999999999999996e-02 4.4999999999999998e-02 4.0000000000000001e-03  2.1740431958301287e-03
-3.9000000000000000e-02 -4.4999999999999998e-02 4.0000000000000001e-03  2.0847442515234305e-03
-3.9000000000000000e-02 -4.1999999999999996e-02 4.0000000000000001e-03  1.9262730542289885e-03
-3.9000000000000000e-02 -3.9000000000000000e-02 4.0000000000000001e-03  1.8382929480354870e-03
-3.9000000000000000e-02 -3.5999999999999997e-02 4.0000000000000001e-03  1.8003533975993078e-03
-3.9000000000000000e-02 -3.3000000000000002e-02 4.0000000000000001e-03  1.7853858762697180e-03
-3.9000000000000000e-02 -2.9999999999999999e-02 4.0000000000000001e-03  1.7803147856020249e-03
-3.9000000000000000e-02 -2.6999999999999996e-02 4.0000000000000001e-03  1.7365903360687530e-03
-3.9000000000000000e-02 -2.3999999999999997e-02 4.0000000000000001e-03  1.6822766193189298e-03
-3.9000000000000000e-02 -2.0999999999999998e-02 4.0000000000000001e-03  1.6649487817912418e-03
-3.9000000000000000e-02 -1.7999999999999999e-02 4.0000000000000001e-03  1.6545684606528637e-03
-3.9000000000000000e-02 -1.4999999999999999e-02 4.0000000000000001e-03  1.6460035384882410e-03
-3.9000000000000000e-02 -1.1999999999999997e-02 4.0000000000000001e-03  1.6389171355163836e-03
-3.9000000000000000e-02 -8.9999999999999941e-03 4.0000000000000001e-03  1.6329831092425499e-03
-3.9000000000000000e-02 -5.9999999999999984e-03 4.0000000000000001e-03  1.6286583834824893e-03
-3.9000000000000000e-02 -2.9999999999999957e-03 4.0000000000000001e-03  1.6342597909677721e-03
-3.9000000000000000e-02 0.0000000000000000e+00 4.0000000000000001e-03  1.6489413402402246e-03
-3.9000000000000000e-02 3.0000000000000027e-03 4.0000000000000001e-03  1.6590010929692302e-03
-3.9000000000000000e-02 6.0000000000000053e-03 4.0000000000000001e-03  1.6662468107055660e-03
-3.9000000000000000e-02 9.0000000000000011e-03 4.0000000000000001e-03  1.6802017957662028e-03
-3.9000000000000000e-02 1.2000000000000004e-02 4.0000000000000001e-03  1.6944750143749706e-03
-3.9000000000000000e-02 1.4999999999999999e-02 4.0000000000000001e-03  1.7096145006307447e-03
-3.9000000000000000e-02 1.8000000000000002e-02 4.0000000000000001e-03  1.7301923415082709e-03
-3.9000000000000000e-02 2.1000000000000005e-02 4.0000000000000001e-03  1.7535747966662099e-03
-3.9000000000000000e-02 2.4000000000000007e-02 4.0000000000000001e-03  1.7879712804153443e-03
-3.9000000000000000e-02 2.7000000000000010e-02 4.0000000000000001e-03  1.8284056936738364e-03
-3.9000000000000000e-02 2.9999999999999999e-02 4.0000000000000001e-03  1.8596581443495125e-03
-3.9000000000000000e-02 3.3000000000000002e-02 4.0000000000000001e-03  1.8878561014760169e-03
-3.9000000000000000e-02 3.6000000000000004e-02 4.0000000000000001e-03  1.9150751427049919e-03
-3.9000000000000000e-02 3.9000000000000007e-02 4.0000000000000001e-03  1.9439389029620871e-03
-3.9000000000000000e-02 4.2000000000000010e-02 4.0000000000000001e-03  2.0179877269046764e-03
-3.9000000000000000e-02 4.4999999999999998e-02 4.0000000000000001e-03  2.1431785450572918e-03
-3.5999999999999997e-02 -4.4999999999999998e-02 4.0000000000000001e-03  1.9639596118794516e-03
-3.5999999999999997e-02 -4.1999999999999996e-02 4.0000000000000001e-03  1.8646325478426473e-03
-3.5999999999999997e-02 -3.9000000000000000e-02 4.0000000000000001e-03  1.7983571550193060e-03
-3.5999999999999997e-02 -3.5999999999999997e-02 4.0000000000000001e-03  1.7417322235690486e-03
-3.5999999999999997e-02 -3.3000000000000002e-02 4.0000000000000001e-03  1.7065111081384947e-03
-3.5999999999999997e-02 -2.9999999999999999e-02 4.0000000000000001e-03  1.6993195897337275e-03
-3.5999999999999997e-02 -2.6999999999999996e-02 4.0000000000000001e-03  1.6379458617702400e-03
-3.5999999999999997e-02 -2.3999999999999997e-02 4.0000000000000001e-03  1.6168712541631308e-03
-3.5999999999999997e-02 -2.0999999999999998e-02 4.0000000000000001e-03  1.6031299271924220e-03
-3.5999999999999997e-02 -1.7999999999999999e-02 4.0000000000000001e-03  1.5913410135300350e-03
-3.5999999999999997e-02 -1.4999999999999999e-02 4.0000000000000001e-03  1.5815080812172323e-03
-3.5999999999999997e-02 -1.1999999999999997e-02 4.0000000000000001e-03  1.5736423298556691e-03
-3.5999999999999997e-02 -8.9999999999999941e-03 4.0000000000000001e-03  1.5693709323133470e-03
-3.5999999999999997e-02 -5.9999999999999984e-03 4.0000000000000001e-03  1.5695890013363366e-03
-3.5999999999999997e-02 -2.9999999999999957e-03 4.0000000000000001e-03  1.5795849788061930e-03
-3.5999999999999997e-02 0.0000000000000000e+00 4.0000000000000001e-03  1.5867440105867125e-03
-3.5999999999999997e-02 3.0000000000000027e-03 4.0000000000000001e-03  1.5939954054209611e-03
-3.5999999999999997e-02 6.0000000000000053e-03 4.0000000000000001e-03  1.6028915581486659e-03
-3.5999999999999997e-02 9.0000000000000011e-03 4.0000000000000001e-03  1.6130210211868841e-03
-3.5999999999999997e-02 1.2000000000000004e-02 4.0000000000000001e-03  1.6249332457247126e-03
-3.5999999999999997e-02 1.4999999999999999e-02 4.0000000000000001e-03  1.6390334774787547e-03
-3.5999999999999997e-02 1.8000000000000002e-02 4.0000000000000001e-03  1.6572651193473746e-03
-3.5999999999999997e-02 2.1000000000000005e-02 4.0000000000000001e-03  1.6782483234557321e-03
-3.5999999999999997e-02 2.4000000000000007e-02 4.0000000000000001e-03  1.7105025693490868e-03
-3.5999999999999997e-02 2.7000000000000010e-02 4.0000000000000001e-03  1.7571232138776801e-03
-3.5999999999999997e-02 2.9999999999999999e-02 4.0000000000000001e-03  1.7890373230253084e-03
-3.5999999999999997e-02 3.3000000000000002e-02 4.0000000000000001e-03  1.8208792172140157e-03
-3.5999999999999997e-02 3.6000000000000004e-02 4.0000000000000001e-03  1.8526421311180412e-03
-3.5999999999999997e-02 3.9000000000000007e-02 4.0000000000000001e-03  1.8975320390431142e-03
-3.5999999999999997e-02 4.2000000000000010e-02 4.0000000000000001e-03  1.9692553831148537e-03
-3.5999999999999997e-02 4.4999999999999998e-02 4.0000000000000001e-03  2.0914270582726058e-03
-3.3000000000000002e-02 -4.4999999999999998e-02 4.0000000000000001e-03  1.9376625870301022e-03
-3.3000000000000002e-02 -4.1999999999999996e-02 4.0000000000000001e-03  1.8487087486996174e-03
-3.3000000000000002e-02 -3.9000000000000000e-02 4.0000000000000001e-03  1.7721222634594701e-03
-3.3000000000000002e-02 -3.5999999999999997e-02 4.0000000000000001e-03  1.7062190048363996e-03
-3.3000000000000002e-02 -3.3000000000000002e-02 4.0000000000000001e-03  1.6493199990277119e-03
-3.3000000000000002e-02 -2.9999999999999999e-02 4.0000000000000001e-03  1.6093695772454739e-03
-3.3000000000000002e-02 -2.6999999999999996e-02 4.0000000000000001e-03  1.6013729277345003e-03
-3.3000000000000002e-02 -2.3999999999999997e-02 4.0000000000000001e-03  1.5867780965898124e-03
-3.3000000000000002e-02 -2.0999999999999998e-02 4.0000000000000001e-03  1.5705887916630671e-03
-3.3000000000000002e-02 -1.7999999999999999e-02 4.0000000000000001e-03  1.5563900638952723e-03
-3.3000000000000002e-02 -1.4999999999999999e-02 4.0000000000000001e-03  1.5441844326643198e-03
-3.3000000000000002e-02 -1.1999999999999997e-02 4.0000000000000001e-03  1.5334729610621929e-03
-3.3000000000000002e-02 -8.9999999999999941e-03 4.0000000000000001e-03  1.5214780374415845e-03
-3.3000000000000002e-02 -5.9999999999999984e-03 4.0000000000000001e-03  1.5208912472008725e-03
-3.3000000000000002e-02 -2.9999999999999957e-03 4.0000000000000001e-03  1.5276660347381434e-03
-3.3000000000000002e-02 0.0000000000000000e+00 4.0000000000000001e-03  1.5348039065867559e-03
-3.3000000000000002e-02 3.0000000000000027e-03 4.0000000000000001e-03  1.5428133091995387e-03
-3.3000000000000002e-02 6.0000000000000053e-03 4.0000000000000001e-03  1.5516980906890641e-03
-3.3000000000000002e-02 9.0000000000000011e-03 4.0000000000000001e-03  1.5614620318265202e-03
-3.3000000000000002e-02 1.2000000000000004e-02 4.0000000000000001e-03  1.5721088460417154e-03
-3.3000000000000002e-02 1.4999999999999999e-02 4.0000000000000001e-03  1.5862395895023325e-03
-3.3000000000000002e-02 1.8000000000000002e-02 4.0000000000000001e-03  1.6027198529793498e-03
-3.3000000000000002e-02 2.1000000000000005e-02 4.0000000000000001e-03  1.6215007778559087e-03
-3.3000000000000002e-02 2.4000000000000007e-02 4.0000000000000001e-03  1.6431830793955421e-03
-3.3000000000000002e-02 2.7000000000000010e-02 4.0000000000000001e-03  1.6852178836063237e-03
-3.3000000000000002e-02 2.9999999999999999e-02 4.0000000000000001e-03  1.7207585673778543e-03
-3.3000000000000002e-02 3.3000000000000002e-02 4.0000000000000001e-03  1.7562806755276530e-03
-3.3000000000000002e-02 3.6000000000000004e-02 4.0000000000000001e-03  1.7951864749886207e-03
-3.3000000000000002e-02 3.9000000000000007e-02 4.0000000000000001e-03  1.8512239342973026e-03
-3.3000000000000002e-02 4.2000000000000010e-02 4.0000000000000001e-03  1.9246230736025328e-03
-3.3000000000000002e-02 4.4999999999999998e-02 4.0000000000000001e-03  2.0336242052775987e-03
-2.9999999999999999e-02 -4.4999999999999998e-02 4.0000000000000001e-03  1.9435326163003133e-03
-2.9999999999999999e-02 -4.1999999999999996e-02 4.0000000000000001e-03  1.8438715546037782e-03
-2.9999999999999999e-02 -3.9000000000000000e-02 4.0000000000000001e-03  1.7605472599900650e-03
-2.9999999999999999e-02 -3.5999999999999997e-02 4.0000000000000001e-03  1.6916534617443157e-03
-2.9999999999999999e-02 -3.3000000000000002e-02 4.0000000000000001e-03  1.6353334712453219e-03
-2.9999999999999999e-02 -2.9999999999999999e-02 4.0000000000000001e-03  1.5897801819655289e-03
-2.9999999999999999e-02 -2.6999999999999996e-02 4.0000000000000001e-03  1.5749398583645179e-03
-2.9999999999999999e-02 -2.3999999999999997e-02 4.0000000000000001e-03  1.5542822399253651e-03
-2.9999999999999999e-02 -2.0999999999999998e-02 4.0000000000000001e-03  1.5356564237208330e-03
-2.9999999999999999e-02 -1.7999999999999999e-02 4.0000000000000001e-03  1.5190562489050411e-03
-2.9999999999999999e-02 -1.4999999999999999e-02 4.0000000000000001e-03  1.5044831861925165e-03
-2.9999999999999999e-02 -1.1999999999999997e-02 4.0000000000000001e-03  1.4909254143198780e-03
-2.9999999999999999e-02 -8.9999999999999941e-03 4.0000000000000001e-03  1.4810543686493941e-03
-2.9999999999999999e-02 -5.9999999999999984e-03 4.0000000000000001e-03  1.4784983155867882e-03
-2.9999999999999999e-02 -2.9999999999999957e-03 4.0000000000000001e-03  1.4808957029075476e-03
-2.9999999999999999e-02 0.0000000000000000e+00 4.0000000000000001e-03  1.4880779679659175e-03
-2.9999999999999999e-02 3.0000000000000027e-03 4.0000000000000001e-03  1.4961224040295836e-03
-2.9999999999999999e-02 6.0000000000000053e-03 4.0000000000000001e-03  1.5050333220215405e-03
-2.9999999999999999e-02 9.0000000000000011e-03 4.0000000000000001e-03  1.5148149655233917e-03
-2.9999999999999999e-02 1.2000000000000004e-02 4.0000000000000001e-03  1.5266096874025094e-03
-2.9999999999999999e-02 1.4999999999999999e-02 4.0000000000000001e-03  1.5411441076471049e-03
-2.9999999999999999e-02 1.8000000000000002e-02 4.0000000000000001e-03  1.5578853311932139e-03
-2.9999999999999999e-02 2.1000000000000005e-02 4.0000000000000001e-03  1.5768529157161391e-03
-2.9999999999999999e-02 2.4000000000000007e-02 4.0000000000000001e-03  1.5980748119796175e-03
-2.9999999999999999e-02 2.7000000000000010e-02 4.0000000000000001e-03  1.6184085643527208e-03
-2.9999999999999999e-02 2.9999999999999999e-02 4.0000000000000001e-03  1.6547540381570275e-03
-2.9999999999999999e-02 3.3000000000000002e-02 4.0000000000000001e-03  1.6939753938334380e-03
-2.9999999999999999e-02 3.6000000000000004e-02 4.0000000000000001e-03  1.7447347098181385e-03
-2.9999999999999999e-02 3.9000000000000007e-02 4.0000000000000001e-03  1.8092563459865510e-03
-2.9999999999999999e-02 4.2000000000000010e-02 4.0000000000000001e-03  1.8852864679478950e-03
-2.9999999999999999e-02 4.4999999999999998e-02 4.0000000000000001e-03  1.9942482251512441e-03
-2.6999999999999996e-02 -4.4999999999999998e-02 4.0000000000000001e-03  2.0253209208234485e-03
-2.6999999999999996e-02 -4.1999999999999996e-02 4.0000000000000001e-03  1.8932039405522042e-03
-2.6999999999999996e-02 -3.9000000000000000e-02 4.0000000000000001e-03  1.7818589366999967e-03
-2.6999999999999996e-02 -3.5999999999999997e-02 4.0000000000000001e-03  1.6901470803903779e-03
-2.6999999999999996e-02 -3.3000000000000002e-02 4.0000000000000001e-03  1.6168973775651085e-03
-2.6999999999999996e-02 -2.9999999999999999e-02 4.0000000000000001e-03  1.5609066689841787e-03
-2.6999999999999996e-02 -2.6999999999999996e-02 4.0000000000000001e-03  1.5437832852362859e-03
-2.6999999999999996e-02 -2.3999999999999997e-02 4.0000000000000001e-03  1.5213765617364565e-03
-2.6999999999999996e-02 -2.0999999999999998e-02 4.0000000000000001e-03  1.5009305321804966e-03
-2.6999999999999996e-02 -1.7999999999999999e-02 4.0000000000000001e-03  1.4824381105537001e-03
-2.6999999999999996e-02 -1.4999999999999999e-02 4.0000000000000001e-03  1.4659000756221811e-03
-2.6999999999999996e-02 -1.1999999999999997e-02 4.0000000000000001e-03  1.4592029520582670e-03
-2.6999999999999996e-02 -8.9999999999999941e-03 4.0000000000000001e-03  1.4541157459591633e-03
-2.6999999999999996e-02 -5.9999999999999984e-03 4.0000000000000001e-03  1.4526933871419061e-03
-2.6999999999999996e-02 -2.9999999999999957e-03 4.0000000000000001e-03  1.4521888154965827e-03
-2.6999999999999996e-02 0.0000000000000000e+00 4.0000000000000001e-03  1.4520511595049396e-03
-2.6999999999999996e-02 3.0000000000000027e-03 4.0000000000000001e-03  1.4537298903168606e-03
-2.6999999999999996e-02 6.0000000000000053e-03 4.0000000000000001e-03  1.4627049277871793e-03
-2.6999999999999996e-02 9.0000000000000011e-03 4.0000000000000001e-03  1.4727939920515165e-03
-2.6999999999999996e-02 1.2000000000000004e-02 4.0000000000000001e-03  1.4854737125785135e-03
-2.6999999999999996e-02 1.4999999999999999e-02 4.0000000000000001e-03  1.5003006792385666e-03
-2.6999999999999996e-02 1.8000000000000002e-02 4.0000000000000001e-03  1.5172894074035527e-03
-2.6999999999999996e-02 2.1000000000000005e-02 4.0000000000000001e-03  1.5364628055337985e-03
-2.6999999999999996e-02 2.4000000000000007e-02 4.0000000000000001e-03  1.5578521751780786e-03
-2.6999999999999996e-02 2.7000000000000010e-02 4.0000000000000001e-03  1.5801640142881993e-03
-2.6999999999999996e-02 2.9999999999999999e-02 4.0000000000000001e-03  1.6032550607702365e-03
-2.6999999999999996e-02 3.3000000000000002e-02 4.0000000000000001e-03  1.6368754265902704e-03
-2.6999999999999996e-02 3.6000000000000004e-02 4.0000000000000001e-03  1.6984191369656656e-03
-2.6999999999999996e-02 3.9000000000000007e-02 4.0000000000000001e-03  1.7714767878852845e-03
-2.6999999999999996e-02 4.2000000000000010e-02 4.0000000000000001e-03  1.8560948058369542e-03
-2.6999999999999996e-02 4.4999999999999998e-02 4.0000000000000001e-03  1.9656008570109653e-03
-2.3999999999999997e-02 -4.4999999999999998e-02 4.0000000000000001e-03  2.0950068289711469e-03
-2.3999999999999997e-02 -4.1999999999999996e-02 4.0000000000000001e-03  1.9378975046606176e-03
-2.3999999999999997e-02 -3.9000000000000000e-02 4.0000000000000001e-03  1.7938800716209434e-03
-2.3999999999999997e-02 -3.5999999999999997e-02 4.0000000000000001e-03  1.6685306984337597e-03
-2.3999999999999997e-02 -3.3000000000000002e-02 4.0000000000000001e-03  1.5608458314795650e-03
-2.3999999999999997e-02 -2.9999999999999999e-02 4.0000000000000001e-03  1.5187953551899036e-03
-2.3999999999999997e-02 -2.6999999999999996e-02 4.0000000000000001e-03  1.5063303294453911e-03
-2.3999999999999997e-02 -2.3999999999999997e-02 4.0000000000000001e-03  1.4948181225381038e-03
-2.3999999999999997e-02 -2.0999999999999998e-02 4.0000000000000001e-03  1.4747703851733316e-03
-2.3999999999999997e-02 -1.7999999999999999e-02 4.0000000000000001e-03  1.4566874793622542e-03
-2.3999999999999997e-02 -1.4999999999999999e-02 4.0000000000000001e-03  1.4413052470007618e-03
-2.3999999999999997e-02 -1.1999999999999997e-02 4.0000000000000001e-03  1.4348573050727118e-03
-2.3999999999999997e-02 -8.9999999999999941e-03 4.0000000000000001e-03  1.4291706282745903e-03
-2.3999999999999997e-02 -5.9999999999999984e-03 4.0000000000000001e-03  1.4293193447363240e-03
-2.3999999999999997e-02 -2.9999999999999957e-03 4.0000000000000001e-03  1.4298312146646109e-03
-2.3999999999999997e-02 0.0000000000000000e+00 4.0000000000000001e-03  1.4307079526718984e-03
-2.3999999999999997e-02 3.0000000000000027e-03 4.0000000000000001e-03  1.4319515089623908e-03
-2.3999999999999997e-02 6.0000000000000053e-03 4.0000000000000001e-03  1.4340529826402841e-03
-2.3999999999999997e-02 9.0000000000000011e-03 4.0000000000000001e-03  1.4408533791449474e-03
-2.3999999999999997e-02 1.2000000000000004e-02 4.0000000000000001e-03  1.4495101012609549e-03
-2.3999999999999997e-02 1.4999999999999999e-02 4.0000000000000001e-03  1.4634698971431790e-03
-2.3999999999999997e-02 1.8000000000000002e-02 4.0000000000000001e-03  1.4806992605172330e-03
-2.3999999999999997e-02 2.1000000000000005e-02 4.0000000000000001e-03  1.5000751770236312e-03
-2.3999999999999997e-02 2.4000000000000007e-02 4.0000000000000001e-03  1.5216322989961670e-03
-2.3999999999999997e-02 2.7000000000000010e-02 4.0000000000000001e-03  1.5451827534671498e-03
-2.3999999999999997e-02 2.9999999999999999e-02 4.0000000000000001e-03  1.5736313331953780e-03
-2.3999999999999997e-02 3.3000000000000002e-02 4.0000000000000001e-03  1.6079862621076239e-03
-2.3999999999999997e-02 3.6000000000000004e-02 4.0000000000000001e-03  1.6645847768340387e-03
-2.3999999999999997e-02 3.9000000000000007e-02 4.0000000000000001e-03  1.7391380773158478e-03
-2.3999999999999997e-02 4.2000000000000010e-02 4.0000000000000001e-03  1.8311349676720713e-03
-2.3999999999999997e-02 4.4999999999999998e-02 4.0000000000000001e-03  1.9361008554003281e-03
-2.0999999999999998e-02 -4.4999999999999998e-02 4.0000000000000001e-03  2.1118343943597444e-03
-2.0999999999999998e-02 -4.1999999999999996e-02 4.0000000000000001e-03  1.9497809315331422e-03
-2.0999999999999998e-02 -3.9000000000000000e-02 4.0000000000000001e-03  1.7717953613078984e-03
-2.0999999999999998e-02 -3.5999999999999997e-02 4.0000000000000001e-03  1.6123449547100566e-03
-2.0999999999999998e-02 -3.3000000000000002e-02 4.0000000000000001e-03  1.5403751179799371e-03
-2.0999999999999998e-02 -2.9999999999999999e-02 4.0000000000000001e-03  1.4927552571717562e-03
-2.0999999999999998e-02 -2.6999999999999996e-02 4.0000000000000001e-03  1.4691775335726048e-03
-2.0999999999999998e-02 -2.3999999999999997e-02 4.0000000000000001e-03  1.4693825390436415e-03
-2.0999999999999998e-02 -2.0999999999999998e-02 4.0000000000000001e-03  1.4507340967673044e-03
-2.0999999999999998e-02 -1.7999999999999999e-02 4.0000000000000001e-03  1.4330503891626717e-03
-2.0999999999999998e-02 -1.4999999999999999e-02 4.0000000000000001e-03  1.4195793594612093e-03
-2.0999999999999998e-02 -1.1999999999999997e-02 4.0000000000000001e-03  1.4120140730105144e-03
-2.0999999999999998e-02 -8.9999999999999941e-03 4.0000000000000001e-03  1.4072098899979993e-03
-2.0999999999999998e-02 -5.9999999999999984e-03 4.0000000000000001e-03  1.4083735819857099e-03
-2.0999999999999998e-02 -2.9999999999999957e-03 4.0000000000000001e-03  1.4098999808740791e-03
-2.0999999999999998e-02 0.0000000000000000e+00 4.0000000000000001e-03  1.4117902731481311e-03
-2.0999999999999998e-02 3.0000000000000027e-03 4.0000000000000001e-03  1.4158525916510116e-03
-2.0999999999999998e-02 6.0000000000000053e-03 4.0000000000000001e-03  1.4221015671014598e-03
-2.0999999999999998e-02 9.0000000000000011e-03 4.0000000000000001e-03  1.4288867308089282e-03
-2.0999999999999998e-02 1.2000000000000004e-02 4.0000000000000001e-03  1.4369349439883766e-03
-2.0999999999999998e-02 1.4999999999999999e-02 4.0000000000000001e-03  1.4475636303846195e-03
-2.0999999999999998e-02 1.8000000000000002e-02 4.0000000000000001e-03  1.4607627099445075e-03
-2.0999999999999998e-02 2.1000000000000005e-02 4.0000000000000001e-03  1.4765346721711688e-03
-2.0999999999999998e-02 2.4000000000000007e-02 4.0000000000000001e-03  1.4948945761239960e-03
-2.0999999999999998e-02 2.7000000000000010e-02 4.0000000000000001e-03  1.5176606642285813e-03
-2.0999999999999998e-02 2.9999999999999999e-02 4.0000000000000001e-03  1.5538833125290431e-03
-2.0999999999999998e-02 3.3000000000000002e-02 4.0000000000000001e-03  1.5880140144322967e-03
-2.0999999999999998e-02 3.6000000000000004e-02 4.0000000000000001e-03  1.6343799313794183e-03
-2.0999999999999998e-02 3.9000000000000007e-02 4.0000000000000001e-03  1.7188614501242540e-03
-2.0999999999999998e-02 4.2000000000000010e-02 4.0000000000000001e-03  1.8213510176241035e-03
-2.0999999999999998e-02 4.4999999999999998e-02 4.0000000000000001e-03  1.9299026604486613e-03
-1.7999999999999999e-02 -4.4999999999999998e-02 4.0000000000000001e-03  2.1172330479660843e-03
-1.7999999999999999e-02 -4.1999999999999996e-02 4.0000000000000001e-03  1.9443099016479175e-03
-1.7999999999999999e-02 -3.9000000000000000e-02 4.0000000000000001e-03  1.7253550998644126e-03
-1.7999999999999999e-02 -3.5999999999999997e-02 4.0000000000000001e-03  1.6170713459123214e-03
-1.7999999999999999e-02 -3.3000000000000002e-02 4.0000000000000001e-03  1.5336390333248304e-03
-1.7999999999999999e-02 -2.9999999999999999e-02 4.0000000000000001e-03  1.4746957246623790e-03
-1.7999999999999999e-02 -2.6999999999999996e-02 4.0000000000000001e-03  1.4399274130594635e-03
-1.7999999999999999e-02 -2.3999999999999997e-02 4.0000000000000001e-03  1.4290685222246538e-03
-1.7999999999999999e-02 -2.0999999999999998e-02 4.0000000000000001e-03  1.4288207172840101e-03
-1.7999999999999999e-02 -1.7999999999999999e-02 4.0000000000000001e-03  1.4115264736934857e-03
-1.7999999999999999e-02 -1.4999999999999999e-02 4.0000000000000001e-03  1.3993545346705609e-03
-1.7999999999999999e-02 -1.1999999999999997e-02 4.0000000000000001e-03  1.3906735486744525e-03
-1.7999999999999999e-02 -8.9999999999999941e-03 4.0000000000000001e-03  1.3876786824371554e-03
-1.7999999999999999e-02 -5.9999999999999984e-03 4.0000000000000001e-03  1.3898542774421240e-03
-1.7999999999999999e-02 -2.9999999999999957e-03 4.0000000000000001e-03  1.3923932056632185e-03
-1.7999999999999999e-02 0.0000000000000000e+00 4.0000000000000001e-03  1.3971663198966179e-03
-1.7999999999999999e-02 3.0000000000000027e-03 4.0000000000000001e-03  1.4026318105708761e-03
-1.7999999999999999e-02 6.0000000000000053e-03 4.0000000000000001e-03  1.4086898192685860e-03
-1.7999999999999999e-02 9.0000000000000011e-03 4.0000000000000001e-03  1.4153397606856493e-03
-1.7999999999999999e-02 1.2000000000000004e-02 4.0000000000000001e-03  1.4229250729353355e-03
-1.7999999999999999e-02 1.4999999999999999e-02 4.0000000000000001e-03  1.4329526508044730e-03
-1.7999999999999999e-02 1.8000000000000002e-02 4.0000000000000001e-03  1.4455566708930485e-03
-1.7999999999999999e-02 2.1000000000000005e-02 4.0000000000000001e-03  1.4607381889296472e-03
-1.7999999999999999e-02 2.4000000000000007e-02 4.0000000000000001e-03  1.4785108301991171e-03
-1.7999999999999999e-02 2.7000000000000010e-02 4.0000000000000001e-03  1.5034351166626214e-03
-1.7999999999999999e-02 2.9999999999999999e-02 4.0000000000000001e-03  1.5327467569296422e-03
-1.7999999999999999e-02 3.3000000000000002e-02 4.0000000000000001e-03  1.5679817054399909e-03
-1.7999999999999999e-02 3.6000000000000004e-02 4.0000000000000001e-03  1.6127979347072289e-03
-1.7999999999999999e-02 3.9000000000000007e-02 4.0000000000000001e-03  1.6840035318917393e-03
-1.7999999999999999e-02 4.2000000000000010e-02 4.0000000000000001e-03  1.7970314210322084e-03
-1.7999999999999999e-02 4.4999999999999998e-02 4.0000000000000001e-03  1.9270432868849522e-03
-1.4999999999999999e-02 -4.4999999999999998e-02 4.0000000000000001e-03  2.1110253219212920e-03
-1.4999999999999999e-02 -4.1999999999999996e-02 4.0000000000000001e-03  1.9448960641814078e-03
-1.4999999999999999e-02 -3.9000000000000000e-02 4.0000000000000001e-03  1.7078245653853945e-03
-1.4999999999999999e-02 -3.5999999999999997e-02 4.0000000000000001e-03  1.6133325731716938e-03
-1.4999999999999999e-02 -3.3000000000000002e-02 4.0000000000000001e-03  1.5333429957504995e-03
-1.4999999999999999e-02 -2.9999999999999999e-02 4.0000000000000001e-03  1.4646550918030949e-03
-1.4999999999999999e-02 -2.6999999999999996e-02 4.0000000000000001e-03  1.4186239423560345e-03
-1.4999999999999999e-02 -2.3999999999999997e-02 4.0000000000000001e-03  1.3966251413101744e-03
-1.4999999999999999e-02 -2.0999999999999998e-02 4.0000000000000001e-03  1.3984353747955591e-03
-1.4999999999999999e-02 -1.7999999999999999e-02 4.0000000000000001e-03  1.3921164060724197e-03
-1.4999999999999999e-02 -1.4999999999999999e-02 4.0000000000000001e-03  1.3806309696942427e-03
-1.4999999999999999e-02 -1.1999999999999997e-02 4.0000000000000001e-03  1.3708359287006294e-03
-1.4999999999999999e-02 -8.9999999999999941e-03 4.0000000000000001e-03  1.3705760560943408e-03
-1.4999999999999999e-02 -5.9999999999999984e-03 4.0000000000000001e-03  1.3739003586488235e-03
-1.4999999999999999e-02 -2.9999999999999957e-03 4.0000000000000001e-03  1.3779865083705196e-03
-1.4999999999999999e-02 0.0000000000000000e+00 4.0000000000000001e-03  1.3826683431858984e-03
-1.4999999999999999e-02 3.0000000000000027e-03 4.0000000000000001e-03  1.3879441213723491e-03
-1.4999999999999999e-02 6.0000000000000053e-03 4.0000000000000001e-03  1.3938125109402744e-03
-1.4999999999999999e-02 9.0000000000000011e-03 4.0000000000000001e-03  1.4002725896331075e-03
-1.4999999999999999e-02 1.2000000000000004e-02 4.0000000000000001e-03  1.4074745891359674e-03
-1.4999999999999999e-02 1.4999999999999999e-02 4.0000000000000001e-03  1.4169007317717242e-03
-1.4999999999999999e-02 1.8000000000000002e-02 4.0000000000000001e-03  1.4289087617329749e-03
-1.4999999999999999e-02 2.1000000000000005e-02 4.0000000000000001e-03  1.4434983009737705e-03
-1.4999999999999999e-02 2.4000000000000007e-02 4.0000000000000001e-03  1.4639806870698413e-03
-1.4999999999999999e-02 2.7000000000000010e-02 4.0000000000000001e-03  1.4895780383962294e-03
-1.4999999999999999e-02 2.9999999999999999e-02 4.0000000000000001e-03  1.5158432299802668e-03
-1.4999999999999999e-02 3.3000000000000002e-02 4.0000000000000001e-03  1.5508533141450423e-03
-1.4999999999999999e-02 3.6000000000000004e-02 4.0000000000000001e-03  1.6012161584698027e-03
-1.4999999999999999e-02 3.9000000000000007e-02 4.0000000000000001e-03  1.6655338211237416e-03
-1.4999999999999999e-02 4.2000000000000010e-02 4.0000000000000001e-03  1.7587819134290391e-03
-1.4999999999999999e-02 4.4999999999999998e-02 4.0000000000000001e-03  1.9006735139633136e-03
-1.1999999999999997e-02 -4.4999999999999998e-02 4.0000000000000001e-03  2.0931834293978352e-03
-1.1999999999999997e-02 -4.1999999999999996e-02 4.0000000000000001e-03  1.9366509227762656e-03
-1.1999999999999997e-02 -3.9000000000000000e-02 4.0000000000000001e-03  1.7385052372826302e-03
-1.1999999999999997e-02 -3.5999999999999997e-02 4.0000000000000001e-03  1.5698324251384183e-03
-1.1999999999999997e-02 -3.3000000000000002e-02 4.0000000000000001e-03  1.5015539975059371e-03
-1.1999999999999997e-02 -2.9999999999999999e-02 4.0000000000000001e-03  1.4474679830893990e-03
-1.1999999999999997e-02 -2.6999999999999996e-02 4.0000000000000001e-03  1.4074279465115884e-03
-1.1999999999999997e-02 -2.3999999999999997e-02 4.0000000000000001e-03  1.3813143564090642e-03
-1.1999999999999997e-02 -2.0999999999999998e-02 4.0000000000000001e-03  1.3690345854321551e-03
-1.1999999999999997e-02 -1.7999999999999999e-02 4.0000000000000001e-03  1.3748218987964138e-03
-1.1999999999999997e-02 -1.4999999999999999e-02 4.0000000000000001e-03  1.3634087654310083e-03
-1.1999999999999997e-02 -1.1999999999999997e-02 4.0000000000000001e-03  1.3525013135584666e-03
-1.1999999999999997e-02 -8.9999999999999941e-03 4.0000000000000001e-03  1.3550232658570039e-03
-1.1999999999999997e-02 -5.9999999999999984e-03 4.0000000000000001e-03  1.3583172072351949e-03
-1.1999999999999997e-02 -2.9999999999999957e-03 4.0000000000000001e-03  1.3622107542009636e-03
-1.1999999999999997e-02 0.0000000000000000e+00 4.0000000000000001e-03  1.3667014183462078e-03
-1.1999999999999997e-02 3.0000000000000027e-03 4.0000000000000001e-03  1.3717871209958338e-03
-1.1999999999999997e-02 6.0000000000000053e-03 4.0000000000000001e-03  1.3774661932077737e-03
-1.1999999999999997e-02 9.0000000000000011e-03 4.0000000000000001e-03  1.3837373757729704e-03
-1.1999999999999997e-02 1.2000000000000004e-02 4.0000000000000001e-03  1.3905998192153908e-03
-1.1999999999999997e-02 1.4999999999999999e-02 4.0000000000000001e-03  1.3994030585913434e-03
-1.1999999999999997e-02 1.8000000000000002e-02 4.0000000000000001e-03  1.4108145274336027e-03
-1.1999999999999997e-02 2.1000000000000005e-02 4.0000000000000001e-03  1.4250294458221235e-03
-1.1999999999999997e-02 2.4000000000000007e-02 4.0000000000000001e-03  1.4499611581226147e-03
-1.1999999999999997e-02 2.7000000000000010e-02 4.0000000000000001e-03  1.4755978235389533e-03
-1.1999999999999997e-02 2.9999999999999999e-02 4.0000000000000001e-03  1.5038975477277728e-03
-1.1999999999999997e-02 3.3000000000000002e-02 4.0000000000000001e-03  1.5369735249275045e-03
-1.1999999999999997e-02 3.6000000000000004e-02 4.0000000000000001e-03  1.5893356305379314e-03
-1.1999999999999997e-02 3.9000000000000007e-02 4.0000000000000001e-03  1.6622313466059977e-03
-1.1999999999999997e-02 4.2000000000000010e-02 4.0000000000000001e-03  1.7479071648190282e-03
-1.1999999999999997e-02 4.4999999999999998e-02 4.0000000000000001e-03  1.8609320408853702e-03
-8.9999999999999941e-03 -4.4999999999999998e-02 4.0000000000000001e-03  2.0474317366473665e-03
-8.9999999999999941e-03 -4.1999999999999996e-02 4.0000000000000001e-03  1.8927083859178791e-03
-8.9999999999999941e-03 -3.9000000000000000e-02 4.0000000000000001e-03  1.7380459659185818e-03
-8.9999999999999941e-03 -3.5999999999999997e-02 4.0000000000000001e-03  1.5826241810355580e-03
-8.9999999999999941e-03 -3.3000000000000002e-02 4.0000000000000001e-03  1.4729960049353248e-03
-8.9999999999999941e-03 -2.9999999999999999e-02 4.0000000000000001e-03  1.4304572724163846e-03
-8.9999999999999941e-03 -2.6999999999999996e-02 4.0000000000000001e-03  1.4018624594320057e-03
-8.9999999999999941e-03 -2.3999999999999997e-02 4.0000000000000001e-03  1.3871106891107331e-03
-8.9999999999999941e-03 -2.0999999999999998e-02 4.0000000000000001e-03  1.3833321224866507e-03
-8.9999999999999941e-03 -1.7999999999999999e-02 4.0000000000000001e-03  1.3643905398257206e-03
-8.9999999999999941e-03 -1.4999999999999999e-02 4.0000000000000001e-03  1.3493487171501166e-03
-8.9999999999999941e-03 -1.1999999999999997e-02 4.0000000000000001e-03  1.3377553967470705e-03
-8.9999999999999941e-03 -8.9999999999999941e-03 4.0000000000000001e-03  1.3370369786888127e-03
-8.9999999999999941e-03 -5.9999999999999984e-03 4.0000000000000001e-03  1.3409116058567356e-03
-8.9999999999999941e-03 -2.9999999999999957e-03 4.0000000000000001e-03  1.3449685477056154e-03
-8.9999999999999941e-03 0.0000000000000000e+00 4.0000000000000001e-03  1.3492659674597314e-03
-8.9999999999999941e-03 3.0000000000000027e-03 4.0000000000000001e-03  1.3541601856743551e-03
-8.9999999999999941e-03 6.0000000000000053e-03 4.0000000000000001e-03  1.3596491964549371e-03
-8.9999999999999941e-03 9.0000000000000011e-03 4.0000000000000001e-03  1.3657314036399431e-03
-8.9999999999999941e-03 1.2000000000000004e-02 4.0000000000000001e-03  1.3724056208008623e-03
-8.9999999999999941e-03 1.4999999999999999e-02 4.0000000000000001e-03  1.3804555411748192e-03
-8.9999999999999941e-03 1.8000000000000002e-02 4.0000000000000001e-03  1.3912702375707331e-03
-8.9999999999999941e-03 2.1000000000000005e-02 4.0000000000000001e-03  1.4108330928546242e-03
-8.9999999999999941e-03 2.4000000000000007e-02 4.0000000000000001e-03  1.4358209731908942e-03
-8.9999999999999941e-03 2.7000000000000010e-02 4.0000000000000001e-03  1.4615089028844181e-03
-8.9999999999999941e-03 2.9999999999999999e-02 4.0000000000000001e-03  1.4946740720409074e-03
-8.9999999999999941e-03 3.3000000000000002e-02 4.0000000000000001e-03  1.5262258859962143e-03
-8.9999999999999941e-03 3.6000000000000004e-02 4.0000000000000001e-03  1.5715685562325834e-03
-8.9999999999999941e-03 3.9000000000000007e-02 4.0000000000000001e-03  1.6433792053960363e-03
-8.9999999999999941e-03 4.2000000000000010e-02 4.0000000000000001e-03  1.7438329035040600e-03
-8.9999999999999941e-03 4.4999999999999998e-02 4.0000000000000001e-03  1.8621059122831507e-03
-5.9999999999999984e-03 -4.4999999999999998e-02 4.0000000000000001e-03  1.9257591556258184e-03
-5.9999999999999984e-03 -4.1999999999999996e-02 4.0000000000000001e-03  1.8122691372549867e-03
-5.9999999999999984e-03 -3.9000000000000000e-02 4.0000000000000001e-03  1.7000081319200448e-03
-5.9999999999999984e-03 -3.5999999999999997e-02 4.0000000000000001e-03  1.5879117962722636e-03
-5.9999999999999984e-03 -3.3000000000000002e-02 4.0000000000000001e-03  1.4749277796463297e-03
-5.9999999999999984e-03 -2.9999999999999999e-02 4.0000000000000001e-03  1.4166073891157017e-03
-5.9999999999999984e-03 -2.6999999999999996e-02 4.0000000000000001e-03  1.3993835801357655e-03
-5.9999999999999984e-03 -2.3999999999999997e-02 4.0000000000000001e-03  1.3913962734408609e-03
-5.9999999999999984e-03 -2.0999999999999998e-02 4.0000000000000001e-03  1.3773461294632294e-03
-5.9999999999999984e-03 -1.7999999999999999e-02 4.0000000000000001e-03  1.3587721713225517e-03
-5.9999999999999984e-03 -1.4999999999999999e-02 4.0000000000000001e-03  1.3398329285539473e-03
-5.9999999999999984e-03 -1.1999999999999997e-02 4.0000000000000001e-03  1.3276441407475237e-03
-5.9999999999999984e-03 -8.9999999999999941e-03 4.0000000000000001e-03  1.3212153616164240e-03
-5.9999999999999984e-03 -5.9999999999999984e-03 4.0000000000000001e-03  1.3244345517855940e-03
-5.9999999999999984e-03 -2.9999999999999957e-03 4.0000000000000001e-03  1.3279445315530864e-03
-5.9999999999999984e-03 0.0000000000000000e+00 4.0000000000000001e-03  1.3317446817985622e-03
-5.9999999999999984e-03 3.0000000000000027e-03 4.0000000000000001e-03  1.3358348662764999e-03
-5.9999999999999984e-03 6.0000000000000053e-03 4.0000000000000001e-03  1.3403616303582480e-03
-5.9999999999999984e-03 9.0000000000000011e-03 4.0000000000000001e-03  1.3462537370613418e-03
-5.9999999999999984e-03 1.2000000000000004e-02 4.0000000000000001e-03  1.3527392676618488e-03
-5.9999999999999984e-03 1.4999999999999999e-02 4.0000000000000001e-03  1.3600548140401238e-03
-5.9999999999999984e-03 1.8000000000000002e-02 4.0000000000000001e-03  1.3722040796745535e-03
-5.9999999999999984e-03 2.1000000000000005e-02 4.0000000000000001e-03  1.3965198608245932e-03
-5.9999999999999984e-03 2.4000000000000007e-02 4.0000000000000001e-03  1.4215772064474809e-03
-5.9999999999999984e-03 2.7000000000000010e-02 4.0000000000000001e-03  1.4518816287544779e-03
-5.9999999999999984e-03 2.9999999999999999e-02 4.0000000000000001e-03  1.4866423827482275e-03
-5.9999999999999984e-03 3.3000000000000002e-02 4.0000000000000001e-03  1.5184217114214539e-03
-5.9999999999999984e-03 3.6000000000000004e-02 4.0000000000000001e-03  1.5568000296006291e-03
-5.9999999999999984e-03 3.9000000000000007e-02 4.0000000000000001e-03  1.6213815708658245e-03
-5.9999999999999984e-03 4.2000000000000010e-02 4.0000000000000001e-03  1.7144571778323844e-03
-5.9999999999999984e-03 4.4999999999999998e-02 4.0000000000000001e-03  1.8382826380283091e-03
-2.9999999999999957e-03 -4.4999999999999998e-02 4.0000000000000001e-03  1.8569718376357232e-03
-2.9999999999999957e-03 -4.1999999999999996e-02 4.0000000000000001e-03  1.7476832628042418e-03
-2.9999999999999957e-03 -3.9000000000000000e-02 4.0000000000000001e-03  1.6499652612623518e-03
-2.9999999999999957e-03 -3.5999999999999997e-02 4.0000000000000001e-03  1.5630114002055584e-03
-2.9999999999999957e-03 -3.3000000000000002e-02 4.0000000000000001e-03  1.4859371246225819e-03
-2.9999999999999957e-03 -2.9999999999999999e-02 4.0000000000000001e-03  1.4147398255141210e-03
-2.9999999999999957e-03 -2.6999999999999996e-02 4.0000000000000001e-03  1.3986667987666299e-03
-2.9999999999999957e-03 -2.3999999999999997e-02 4.0000000000000001e-03  1.3894796655046985e-03
-2.9999999999999957e-03 -2.0999999999999998e-02 4.0000000000000001e-03  1.3757956611853211e-03
-2.9999999999999957e-03 -1.7999999999999999e-02 4.0000000000000001e-03  1.3575876761082225e-03
-2.9999999999999957e-03 -1.4999999999999999e-02 4.0000000000000001e-03  1.3348391008213786e-03
-2.9999999999999957e-03 -1.1999999999999997e-02 4.0000000000000001e-03  1.3220364579835083e-03
-2.9999999999999957e-03 -8.9999999999999941e-03 4.0000000000000001e-03  1.3099326063073095e-03
-2.9999999999999957e-03 -5.9999999999999984e-03 4.0000000000000001e-03  1.3124957747638227e-03
-2.9999999999999957e-03 -2.9999999999999957e-03 4.0000000000000001e-03  1.3153492029145334e-03
-2.9999999999999957e-03 0.0000000000000000e+00 4.0000000000000001e-03  1.3184919972443004e-03
-2.9999999999999957e-03 3.0000000000000027e-03 4.0000000000000001e-03  1.3219237471127933e-03
-2.9999999999999957e-03 6.0000000000000053e-03 4.0000000000000001e-03  1.3256445247545195e-03
-2.9999999999999957e-03 9.0000000000000011e-03 4.0000000000000001e-03  1.3296548852787936e-03
-2.9999999999999957e-03 1.2000000000000004e-02 4.0000000000000001e-03  1.3339558666697659e-03
-2.9999999999999957e-03 1.4999999999999999e-02 4.0000000000000001e-03  1.3385489897864017e-03
-2.9999999999999957e-03 1.8000000000000002e-02 4.0000000000000001e-03  1.3577040031354090e-03
-2.9999999999999957e-03 2.1000000000000005e-02 4.0000000000000001e-03  1.3821094672840095e-03
-2.9999999999999957e-03 2.4000000000000007e-02 4.0000000000000001e-03  1.4072496927849661e-03
-2.9999999999999957e-03 2.7000000000000010e-02 4.0000000000000001e-03  1.4447853995763588e-03
-2.9999999999999957e-03 2.9999999999999999e-02 4.0000000000000001e-03  1.4797940485326907e-03
-2.9999999999999957e-03 3.3000000000000002e-02 4.0000000000000001e-03  1.5122304928518939e-03
-2.9999999999999957e-03 3.6000000000000004e-02 4.0000000000000001e-03  1.5450076949362764e-03
-2.9999999999999957e-03 3.9000000000000007e-02 4.0000000000000001e-03  1.6024039257088549e-03
-2.9999999999999957e-03 4.2000000000000010e-02 4.0000000000000001e-03  1.6881304106772231e-03
-2.9999999999999957e-03 4.4999999999999998e-02 4.0000000000000001e-03  1.8045587099672431e-03
0.0000000000000000e+00 -4.4999999999999998e-02 4.0000000000000001e-03  1.8633565802813274e-03
0.0000000000000000e+00 -4.1999999999999996e-02 4.0000000000000001e-03  1.7519701092078071e-03
0.0000000000000000e+00 -3.9000000000000000e-02 4.0000000000000001e-03  1.6516421461445433e-03
0.0000000000000000e+00 -3.5999999999999997e-02 4.0000000000000001e-03  1.5620803380320975e-03
0.0000000000000000e+00 -3.3000000000000002e-02 4.0000000000000001e-03  1.4823968329007290e-03
0.0000000000000000e+00 -2.9999999999999999e-02 4.0000000000000001e-03  1.4116256565739219e-03
0.0000000000000000e+00 -2.6999999999999996e-02 4.0000000000000001e-03  1.4006604966862722e-03
0.0000000000000000e+00 -2.3999999999999997e-02 4.0000000000000001e-03  1.3920067515953839e-03
0.0000000000000000e+00 -2.0999999999999998e-02 4.0000000000000001e-03  1.3786866595350872e-03
0.0000000000000000e+00 -1.7999999999999999e-02 4.0000000000000001e-03  1.3608420785276786e-03
0.0000000000000000e+00 -1.4999999999999999e-02 4.0000000000000001e-03  1.3384557228681769e-03
0.0000000000000000e+00 -1.1999999999999997e-02 4.0000000000000001e-03  1.3209406954448888e-03
0.0000000000000000e+00 -8.9999999999999941e-03 4.0000000000000001e-03  1.3079000548166214e-03
0.0000000000000000e+00 -5.9999999999999984e-03 4.0000000000000001e-03  1.3050974158238307e-03
0.0000000000000000e+00 -2.9999999999999957e-03 4.0000000000000001e-03  1.3072938603014097e-03
0.0000000000000000e+00 0.0000000000000000e+00 4.0000000000000001e-03  1.3097790856358123e-03
0.0000000000000000e+00 3.0000000000000027e-03 4.0000000000000001e-03  1.3125524067919105e-03
0.0000000000000000e+00 6.0000000000000053e-03 4.0000000000000001e-03  1.3156136216093991e-03
0.0000000000000000e+00 9.0000000000000011e-03 4.0000000000000001e-03  1.3189630108027984e-03
0.0000000000000000e+00 1.2000000000000004e-02 4.0000000000000001e-03  1.3226013379614460e-03
0.0000000000000000e+00 1.4999999999999999e-02 4.0000000000000001e-03  1.3346394174475172e-03
0.0000000000000000e+00 1.8000000000000002e-02 4.0000000000000001e-03  1.3476398134528484e-03
0.0000000000000000e+00 2.1000000000000005e-02 4.0000000000000001e-03  1.3676243905046410e-03
0.0000000000000000e+00 2.4000000000000007e-02 4.0000000000000001e-03  1.4009775967732138e-03
0.0000000000000000e+00 2.7000000000000010e-02 4.0000000000000001e-03  1.4388819648015639e-03
0.0000000000000000e+00 2.9999999999999999e-02 4.0000000000000001e-03  1.4741277517214988e-03
0.0000000000000000e+00 3.3000000000000002e-02 4.0000000000000001e-03  1.5068038375436626e-03
0.0000000000000000e+00 3.6000000000000004e-02 4.0000000000000001e-03  1.5361708518343378e-03
0.0000000000000000e+00 3.9000000000000007e-02 4.0000000000000001e-03  1.5864291118710939e-03
0.0000000000000000e+00 4.2000000000000010e-02 4.0000000000000001e-03  1.6648389863356892e-03
0.0000000000000000e+00 4.4999999999999998e-02 4.0000000000000001e-03  1.7738878079518498e-03
3.0000000000000027e-03 -4.4999999999999998e-02 4.0000000000000001e-03  1.8702565986391129e-03
3.0000000000000027e-03 -4.1999999999999996e-02 4.0000000000000001e-03  1.7570184850976616e-03
3.0000000000000027e-03 -3.9000000000000000e-02 4.0000000000000001e-03  1.6544008564295279e-03
3.0000000000000027e-03 -3.5999999999999997e-02 4.0000000000000001e-03  1.5618323850248312e-03
3.0000000000000027e-03 -3.3000000000000002e-02 4.0000000000000001e-03  1.4795503387680143e-03
3.0000000000000027e-03 -2.9999999999999999e-02 4.0000000000000001e-03  1.4113730126997415e-03
3.0000000000000027e-03 -2.6999999999999996e-02 4.0000000000000001e-03  1.4048737410978930e-03
3.0000000000000027e-03 -2.3999999999999997e-02 4.0000000000000001e-03  1.3961747172171429e-03
3.0000000000000027e-03 -2.0999999999999998e-02 4.0000000000000001e-03  1.3852575359062529e-03
3.0000000000000027e-03 -1.7999999999999999e-02 4.0000000000000001e-03  1.3685428053697272e-03
3.0000000000000027e-03 -1.4999999999999999e-02 4.0000000000000001e-03  1.3465148412117151e-03
3.0000000000000027e-03 -1.1999999999999997e-02 4.0000000000000001e-03  1.3243652805098886e-03
3.0000000000000027e-03 -8.9999999999999941e-03 4.0000000000000001e-03  1.3107024718360368e-03
3.0000000000000027e-03 -5.9999999999999984e-03 4.0000000000000001e-03  1.3022425235774942e-03
3.0000000000000027e-03 -2.9999999999999957e-03 4.0000000000000001e-03  1.3037814860064325e-03
3.0000000000000027e-03 0.0000000000000000e+00 4.0000000000000001e-03  1.3056088629466664e-03
3.0000000000000027e-03 3.0000000000000027e-03 4.0000000000000001e-03  1.3077236949682659e-03
3.0000000000000027e-03 6.0000000000000053e-03 4.0000000000000001e-03  1.3101255055161160e-03
3.0000000000000027e-03 9.0000000000000011e-03 4.0000000000000001e-03  1.3128143009099313e-03
3.0000000000000027e-03 1.2000000000000004e-02 4.0000000000000001e-03  1.3226675028974067e-03
3.0000000000000027e-03 1.4999999999999999e-02 4.0000000000000001e-03  1.3353627155430186e-03
3.0000000000000027e-03 1.8000000000000002e-02 4.0000000000000001e-03  1.3476541911151998e-03
3.0000000000000027e-03 2.1000000000000005e-02 4.0000000000000001e-03  1.3629972010310515e-03
3.0000000000000027e-03 2.4000000000000007e-02 4.0000000000000001e-03  1.3961604504000656e-03
3.0000000000000027e-03 2.7000000000000010e-02 4.0000000000000001e-03  1.4341789934202822e-03
3.0000000000000027e-03 2.9999999999999999e-02 4.0000000000000001e-03  1.4696492882860898e-03
3.0000000000000027e-03 3.3000000000000002e-02 4.0000000000000001e-03  1.5025463315871067e-03
3.0000000000000027e-03 3.6000000000000004e-02 4.0000000000000001e-03  1.5302704551902299e-03
3.0000000000000027e-03 3.9000000000000007e-02 4.0000000000000001e-03  1.5734416265991038e-03
3.0000000000000027e-03 4.2000000000000010e-02 4.0000000000000001e-03  1.6445709444054990e-03
3.0000000000000027e-03 4.4999999999999998e-02 4.0000000000000001e-03  1.7918120512808629e-03
6.0000000000000053e-03 -4.4999999999999998e-02 4.0000000000000001e-03  1.8780833102583201e-03
6.0000000000000053e-03 -4.1999999999999996e-02 4.0000000000000001e-03  1.7628777187587003e-03
6.0000000000000053e-03 -3.9000000000000000e-02 4.0000000000000001e-03  1.6585698315155376e-03
6.0000000000000053e-03 -3.5999999999999997e-02 4.0000000000000001e-03  1.5640026718595594e-03
6.0000000000000053e-03 -3.3000000000000002e-02 4.0000000000000001e-03  1.4779312033475762e-03
6.0000000000000053e-03 -2.9999999999999999e-02 4.0000000000000001e-03  1.4177969855212107e-03
6.0000000000000053e-03 -2.6999999999999996e-02 4.0000000000000001e-03  1.4107339033138562e-03
6.0000000000000053e-03 -2.3999999999999997e-02 4.0000000000000001e-03  1.4014727868224951e-03
6.0000000000000053e-03 -2.0999999999999998e-02 4.0000000000000001e-03  1.3899955007233003e-03
6.0000000000000053e-03 -1.7999999999999999e-02 4.0000000000000001e-03  1.3762885281725760e-03
6.0000000000000053e-03 -1.4999999999999999e-02 4.0000000000000001e-03  1.3590253675474359e-03
6.0000000000000053e-03 -1.1999999999999997e-02 4.0000000000000001e-03  1.3327977429442182e-03
6.0000000000000053e-03 -8.9999999999999941e-03 4.0000000000000001e-03  1.3180368994027034e-03
6.0000000000000053e-03 -5.9999999999999984e-03 4.0000000000000001e-03  1.3040931145373649e-03
6.0000000000000053e-03 -2.9999999999999957e-03 4.0000000000000001e-03  1.3048159699017830e-03
6.0000000000000053e-03 0.0000000000000000e+00 4.0000000000000001e-03  1.3059851527298968e-03
6.0000000000000053e-03 3.0000000000000027e-03 4.0000000000000001e-03  1.3074413688757376e-03
6.0000000000000053e-03 6.0000000000000053e-03 4.0000000000000001e-03  1.3093115468579390e-03
6.0000000000000053e-03 9.0000000000000011e-03 4.0000000000000001e-03  1.3162381613178588e-03
6.0000000000000053e-03 1.2000000000000004e-02 4.0000000000000001e-03  1.3254677841226744e-03
6.0000000000000053e-03 1.4999999999999999e-02 4.0000000000000001e-03  1.3369825866249023e-03
6.0000000000000053e-03 1.8000000000000002e-02 4.0000000000000001e-03  1.3491445207799006e-03
6.0000000000000053e-03 2.1000000000000005e-02 4.0000000000000001e-03  1.3726483407392510e-03
6.0000000000000053e-03 2.4000000000000007e-02 4.0000000000000001e-03  1.4005448401290105e-03
6.0000000000000053e-03 2.7000000000000010e-02 4.0000000000000001e-03  1.4365440051559251e-03
6.0000000000000053e-03 2.9999999999999999e-02 4.0000000000000001e-03  1.4674124126277963e-03
6.0000000000000053e-03 3.3000000000000002e-02 4.0000000000000001e-03  1.4994690115791619e-03
6.0000000000000053e-03 3.6000000000000004e-02 4.0000000000000001e-03  1.5272891151999724e-03
6.0000000000000053e-03 3.9000000000000007e-02 4.0000000000000001e-03  1.5675105084265949e-03
6.0000000000000053e-03 4.2000000000000010e-02 4.0000000000000001e-03  1.6682507921013778e-03
6.0000000000000053e-03 4.4999999999999998e-02 4.0000000000000001e-03  1.8115171450755270e-03
9.0000000000000011e-03 -4.4999999999999998e-02 4.0000000000000001e-03  1.8868375763235487e-03
9.0000000000000011e-03 -4.1999999999999996e-02 4.0000000000000001e-03  1.7695367937348757e-03
9.0000000000000011e-03 -3.9000000000000000e-02 4.0000000000000001e-03  1.6634195585807409e-03
9.0000000000000011e-03 -3.5999999999999997e-02 4.0000000000000001e-03  1.5673283234362038e-03
9.0000000000000011e-03 -3.3000000000000002e-02 4.0000000000000001e-03  1.4844181066136872e-03
9.0000000000000011e-03 -2.9999999999999999e-02 4.0000000000000001e-03  1.4363646556618955e-03
9.0000000000000011e-03 -2.6999999999999996e-02 4.0000000000000001e-03  1.4182604943954612e-03
9.0000000000000011e-03 -2.3999999999999997e-02 4.0000000000000001e-03  1.4084150362781104e-03
9.0000000000000011e-03 -2.0999999999999998e-02 4.0000000000000001e-03  1.3963568806390431e-03
9.0000000000000011e-03 -1.7999999999999999e-02 4.0000000000000001e-03  1.3820727804619579e-03
9.0000000000000011e-03 -1.4999999999999999e-02 4.0000000000000001e-03  1.3655541072106817e-03
9.0000000000000011e-03 -1.1999999999999997e-02 4.0000000000000001e-03  1.3467968508291410e-03
9.0000000000000011e-03 -8.9999999999999941e-03 4.0000000000000001e-03  1.3299128989441443e-03
9.0000000000000011e-03 -5.9999999999999984e-03 4.0000000000000001e-03  1.3153202420234293e-03
9.0000000000000011e-03 -2.9999999999999957e-03 4.0000000000000001e-03  1.3104021094391008e-03
9.0000000000000011e-03 0.0000000000000000e+00 4.0000000000000001e-03  1.3109126861179851e-03
9.0000000000000011e-03 3.0000000000000027e-03 4.0000000000000001e-03  1.3118898264805657e-03
9.0000000000000011e-03 6.0000000000000053e-03 4.0000000000000001e-03  1.3153463502430700e-03
9.0000000000000011e-03 9.0000000000000011e-03 4.0000000000000001e-03  1.3211199548662711e-03
9.0000000000000011e-03 1.2000000000000004e-02 4.0000000000000001e-03  1.3291876112337475e-03
9.0000000000000011e-03 1.4999999999999999e-02 4.0000000000000001e-03  1.3395308830004540e-03
9.0000000000000011e-03 1.8000000000000002e-02 4.0000000000000001e-03  1.3608056683654609e-03
9.0000000000000011e-03 2.1000000000000005e-02 4.0000000000000001e-03  1.3838891016470191e-03
9.0000000000000011e-03 2.4000000000000007e-02 4.0000000000000001e-03  1.4071595385678985e-03
9.0000000000000011e-03 2.7000000000000010e-02 4.0000000000000001e-03  1.4436277706301563e-03
9.0000000000000011e-03 2.9999999999999999e-02 4.0000000000000001e-03  1.4777704527897196e-03
9.0000000000000011e-03 3.3000000000000002e-02 4.0000000000000001e-03  1.5068396940651158e-03
9.0000000000000011e-03 3.6000000000000004e-02 4.0000000000000001e-03  1.5326207509535983e-03
9.0000000000000011e-03 3.9000000000000007e-02 4.0000000000000001e-03  1.5863463538250870e-03
9.0000000000000011e-03 4.2000000000000010e-02 4.0000000000000001e-03  1.6788254547115476e-03
9.0000000000000011e-03 4.4999999999999998e-02 4.0000000000000001e-03  1.8134759485196601e-03
1.2000000000000004e-02 -4.4999999999999998e-02 4.0000000000000001e-03  1.8965373410522776e-03
1.2000000000000004e-02 -4.1999999999999996e-02 4.0000000000000001e-03  1.7770023101862861e-03
1.2000000000000004e-02 -3.9000000000000000e-02 4.0000000000000001e-03  1.6689452937278502e-03
1.2000000000000004e-02 -3.5999999999999997e-02 4.0000000000000001e-03  1.5796185602483901e-03
1.2000000000000004e-02 -3.3000000000000002e-02 4.0000000000000001e-03  1.5115301683313812e-03
1.2000000000000004e-02 -2.9999999999999999e-02 4.0000000000000001e-03  1.4614389534669922e-03
1.2000000000000004e-02 -2.6999999999999996e-02 4.0000000000000001e-03  1.4448353493156270e-03
1.2000000000000004e-02 -2.3999999999999997e-02 4.0000000000000001e-03  1.4226511132313044e-03
1.2000000000000004e-02 -2.0999999999999998e-02 4.0000000000000001e-03  1.4043586453261322e-03
1.2000000000000004e-02 -1.7999999999999999e-02 4.0000000000000001e-03  1.3894766265112406e-03
1.2000000000000004e-02 -1.4999999999999999e-02 4.0000000000000001e-03  1.3723655306268922e-03
1.2000000000000004e-02 -1.1999999999999997e-02 4.0000000000000001e-03  1.3530216174444305e-03
1.2000000000000004e-02 -8.9999999999999941e-03 4.0000000000000001e-03  1.3382625320863760e-03
1.2000000000000004e-02 -5.9999999999999984e-03 4.0000000000000001e-03  1.3311033658984462e-03
1.2000000000000004e-02 -2.9999999999999957e-03 4.0000000000000001e-03  1.3205456096494759e-03
1.2000000000000004e-02 0.0000000000000000e+00 4.0000000000000001e-03  1.3200037480867912e-03
1.2000000000000004e-02 3.0000000000000027e-03 4.0000000000000001e-03  1.3199893816248549e-03
1.2000000000000004e-02 6.0000000000000053e-03 4.0000000000000001e-03  1.3223116757699043e-03
1.2000000000000004e-02 9.0000000000000011e-03 4.0000000000000001e-03  1.3269424009365719e-03
1.2000000000000004e-02 1.2000000000000004e-02 4.0000000000000001e-03  1.3338579203108763e-03
1.2000000000000004e-02 1.4999999999999999e-02 4.0000000000000001e-03  1.3453871536743295e-03
1.2000000000000004e-02 1.8000000000000002e-02 4.0000000000000001e-03  1.3654704558145191e-03
1.2000000000000004e-02 2.1000000000000005e-02 4.0000000000000001e-03  1.3933304331306142e-03
1.2000000000000004e-02 2.4000000000000007e-02 4.0000000000000001e-03  1.4195849420052871e-03
1.2000000000000004e-02 2.7000000000000010e-02 4.0000000000000001e-03  1.4501628376371769e-03
1.2000000000000004e-02 2.9999999999999999e-02 4.0000000000000001e-03  1.4875588339167559e-03
1.2000000000000004e-02 3.3000000000000002e-02 4.0000000000000001e-03  1.5198844245700935e-03
1.2000000000000004e-02 3.6000000000000004e-02 4.0000000000000001e-03  1.5475117926842066e-03
1.2000000000000004e-02 3.9000000000000007e-02 4.0000000000000001e-03  1.5942525518979908e-03
1.2000000000000004e-02 4.2000000000000010e-02 4.0000000000000001e-03  1.6719962593578746e-03
1.2000000000000004e-02 4.4999999999999998e-02 4.0000000000000001e-03  1.7977120828594486e-03
1.4999999999999999e-02 -4.4999999999999998e-02 4.0000000000000001e-03  1.9072176316948432e-03
1.4999999999999999e-02 -4.1999999999999996e-02 4.0000000000000001e-03  1.7852979513058977e-03
1.4999999999999999e-02 -3.9000000000000000e-02 4.0000000000000001e-03  1.6845373362309112e-03
1.4999999999999999e-02 -3.5999999999999997e-02 4.0000000000000001e-03  1.6020488873835094e-03
1.4999999999999999e-02 -3.3000000000000002e-02 4.0000000000000001e-03  1.5344635903139141e-03
1.4999999999999999e-02 -2.9999999999999999e-02 4.0000000000000001e-03  1.4818281798471794e-03
1.4999999999999999e-02 -2.6999999999999996e-02 4.0000000000000001e-03  1.4693105620533782e-03
1.4999999999999999e-02 -2.3999999999999997e-02 4.0000000000000001e-03  1.4512264096214345e-03
1.4999999999999999e-02 -2.0999999999999998e-02 4.0000000000000001e-03  1.4275240767493880e-03
1.4999999999999999e-02 -1.7999999999999999e-02 4.0000000000000001e-03  1.3985160051281302e-03
1.4999999999999999e-02 -1.4999999999999999e-02 4.0000000000000001e-03  1.3807916693393764e-03
1.4999999999999999e-02 -1.1999999999999997e-02 4.0000000000000001e-03  1.3608417663484632e-03
1.4999999999999999e-02 -8.9999999999999941e-03 4.0000000000000001e-03  1.3428156880075457e-03
1.4999999999999999e-02 -5.9999999999999984e-03 4.0000000000000001e-03  1.3369535639694249e-03
1.4999999999999999e-02 -2.9999999999999957e-03 4.0000000000000001e-03  1.3335027274486079e-03
1.4999999999999999e-02 0.0000000000000000e+00 4.0000000000000001e-03  1.3301669218326703e-03
1.4999999999999999e-02 3.0000000000000027e-03 4.0000000000000001e-03  1.3290377492472989e-03
1.4999999999999999e-02 6.0000000000000053e-03 4.0000000000000001e-03  1.3302368941913772e-03
1.4999999999999999e-02 9.0000000000000011e-03 4.0000000000000001e-03  1.3340933770368873e-03
1.4999999999999999e-02 1.2000000000000004e-02 4.0000000000000001e-03  1.3451136011264631e-03
1.4999999999999999e-02 1.4999999999999999e-02 4.0000000000000001e-03  1.3561628408252869e-03
1.4999999999999999e-02 1.8000000000000002e-02 4.0000000000000001e-03  1.3672415511124896e-03
1.4999999999999999e-02 2.1000000000000005e-02 4.0000000000000001e-03  1.3960390907307647e-03
1.4999999999999999e-02 2.4000000000000007e-02 4.0000000000000001e-03  1.4249559607727557e-03
1.4999999999999999e-02 2.7000000000000010e-02 4.0000000000000001e-03  1.4523530860027021e-03
1.4999999999999999e-02 2.9999999999999999e-02 4.0000000000000001e-03  1.4948631323434018e-03
1.4999999999999999e-02 3.3000000000000002e-02 4.0000000000000001e-03  1.5323665027101362e-03
1.4999999999999999e-02 3.6000000000000004e-02 4.0000000000000001e-03  1.5629401754118162e-03
1.4999999999999999e-02 3.9000000000000007e-02 4.0000000000000001e-03  1.6048702479207150e-03
1.4999999999999999e-02 4.2000000000000010e-02 4.0000000000000001e-03  1.6737672679772947e-03
1.4999999999999999e-02 4.4999999999999998e-02 4.0000000000000001e-03  1.7717219247497592e-03
1.8000000000000002e-02 -4.4999999999999998e-02 4.0000000000000001e-03  1.9192678864705232e-03
1.8000000000000002e-02 -4.1999999999999996e-02 4.0000000000000001e-03  1.8014841351485086e-03
1.8000000000000002e-02 -3.9000000000000000e-02 4.0000000000000001e-03  1.7024570555158906e-03
1.8000000000000002e-02 -3.5999999999999997e-02 4.0000000000000001e-03  1.6203438507565444e-03
1.8000000000000002e-02 -3.3000000000000002e-02 4.0000000000000001e-03  1.5532256993794496e-03
1.8000000000000002e-02 -2.9999999999999999e-02 4.0000000000000001e-03  1.4991077552187232e-03
1.8000000000000002e-02 -2.6999999999999996e-02 4.0000000000000001e-03  1.4891061279046183e-03
1.8000000000000002e-02 -2.3999999999999997e-02 4.0000000000000001e-03  1.4751125317227045e-03
1.8000000000000002e-02 -2.0999999999999998e-02 4.0000000000000001e-03  1.4555145933639459e-03
1.8000000000000002e-02 -1.7999999999999999e-02 4.0000000000000001e-03  1.4302681407818497e-03
1.8000000000000002e-02 -1.4999999999999999e-02 4.0000000000000001e-03  1.3993388935188483e-03
1.8000000000000002e-02 -1.1999999999999997e-02 4.0000000000000001e-03  1.3702706949603094e-03
1.8000000000000002e-02 -8.9999999999999941e-03 4.0000000000000001e-03  1.3485628953028310e-03
1.8000000000000002e-02 -5.9999999999999984e-03 4.0000000000000001e-03  1.3433604577762458e-03
1.8000000000000002e-02 -2.9999999999999957e-03 4.0000000000000001e-03  1.3439016055606461e-03
1.8000000000000002e-02 0.0000000000000000e+00 4.0000000000000001e-03  1.3412953321298067e-03
1.8000000000000002e-02 3.0000000000000027e-03 4.0000000000000001e-03  1.3390633838737927e-03
1.8000000000000002e-02 6.0000000000000053e-03 4.0000000000000001e-03  1.3407475939439676e-03
1.8000000000000002e-02 9.0000000000000011e-03 4.0000000000000001e-03  1.3510297921622832e-03
1.8000000000000002e-02 1.2000000000000004e-02 4.0000000000000001e-03  1.3613429818213258e-03
1.8000000000000002e-02 1.4999999999999999e-02 4.0000000000000001e-03  1.3716865739436352e-03
1.8000000000000002e-02 1.8000000000000002e-02 4.0000000000000001e-03  1.3820610473806096e-03
1.8000000000000002e-02 2.1000000000000005e-02 4.0000000000000001e-03  1.4002377791572020e-03
1.8000000000000002e-02 2.4000000000000007e-02 4.0000000000000001e-03  1.4317885979638913e-03
1.8000000000000002e-02 2.7000000000000010e-02 4.0000000000000001e-03  1.4618165268691123e-03
1.8000000000000002e-02 2.9999999999999999e-02 4.0000000000000001e-03  1.4955744300147067e-03
1.8000000000000002e-02 3.3000000000000002e-02 4.0000000000000001e-03  1.5374530524159546e-03
1.8000000000000002e-02 3.6000000000000004e-02 4.0000000000000001e-03  1.5754399063168038e-03
1.8000000000000002e-02 3.9000000000000007e-02 4.0000000000000001e-03  1.6159294683801403e-03
1.8000000000000002e-02 4.2000000000000010e-02 4.0000000000000001e-03  1.6801188137320312e-03
1.8000000000000002e-02 4.4999999999999998e-02 4.0000000000000001e-03  1.7730283809744291e-03
2.1000000000000005e-02 -4.4999999999999998e-02 4.0000000000000001e-03  1.9327750318777726e-03
2.1000000000000005e-02 -4.1999999999999996e-02 4.0000000000000001e-03  1.8151078157256893e-03
2.1000000000000005e-02 -3.9000000000000000e-02 4.0000000000000001e-03  1.7162988189542907e-03
2.1000000000000005e-02 -3.5999999999999997e-02 4.0000000000000001e-03  1.6345120806313873e-03
2.1000000000000005e-02 -3.3000000000000002e-02 4.0000000000000001e-03  1.5678356151499098e-03
2.1000000000000005e-02 -2.9999999999999999e-02 4.0000000000000001e-03  1.5142814122279108e-03
2.1000000000000005e-02 -2.6999999999999996e-02 4.0000000000000001e-03  1.5042528528988605e-03
2.1000000000000005e-02 -2.3999999999999997e-02 4.0000000000000001e-03  1.4943359025529927e-03
2.1000000000000005e-02 -2.0999999999999998e-02 4.0000000000000001e-03  1.4788306070954674e-03
2.1000000000000005e-02 -1.7999999999999999e-02 4.0000000000000001e-03  1.4576903766463168e-03
2.1000000000000005e-02 -1.4999999999999999e-02 4.0000000000000001e-03  1.4308785129145049e-03
2.1000000000000005e-02 -1.1999999999999997e-02 4.0000000000000001e-03  1.3983682091979327e-03
2.1000000000000005e-02 -8.9999999999999941e-03 4.0000000000000001e-03  1.3601425503834514e-03
2.1000000000000005e-02 -5.9999999999999984e-03 4.0000000000000001e-03  1.3546690540878026e-03
2.1000000000000005e-02 -2.9999999999999957e-03 4.0000000000000001e-03  1.3549649974133240e-03
2.1000000000000005e-02 0.0000000000000000e+00 4.0000000000000001e-03  1.3534165172770720e-03
2.1000000000000005e-02 3.0000000000000027e-03 4.0000000000000001e-03  1.3535834798963965e-03
2.1000000000000005e-02 6.0000000000000053e-03 4.0000000000000001e-03  1.3631210199876907e-03
2.1000000000000005e-02 9.0000000000000011e-03 4.0000000000000001e-03  1.3726930764001194e-03
2.1000000000000005e-02 1.2000000000000004e-02 4.0000000000000001e-03  1.3822980161996375e-03
2.1000000000000005e-02 1.4999999999999999e-02 4.0000000000000001e-03  1.3919352742810542e-03
2.1000000000000005e-02 1.8000000000000002e-02 4.0000000000000001e-03  1.4016053533680317e-03
2.1000000000000005e-02 2.1000000000000005e-02 4.0000000000000001e-03  1.4113098240130853e-03
2.1000000000000005e-02 2.4000000000000007e-02 4.0000000000000001e-03  1.4400882682776076e-03
2.1000000000000005e-02 2.7000000000000010e-02 4.0000000000000001e-03  1.4727266756305972e-03
2.1000000000000005e-02 2.9999999999999999e-02 4.0000000000000001e-03  1.5039192374816659e-03
2.1000000000000005e-02 3.3000000000000002e-02 4.0000000000000001e-03  1.5432495728688821e-03
2.1000000000000005e-02 3.6000000000000004e-02 4.0000000000000001e-03  1.5811281765723275e-03
2.1000000000000005e-02 3.9000000000000007e-02 4.0000000000000001e-03  1.6273990239538559e-03
2.1000000000000005e-02 4.2000000000000010e-02 4.0000000000000001e-03  1.6968752227992055e-03
2.1000000000000005e-02 4.4999999999999998e-02 4.0000000000000001e-03  1.7915045761186783e-03
2.4000000000000007e-02 -4.4999999999999998e-02 4.0000000000000001e-03  1.9579143727965214e-03
2.4000000000000007e-02 -4.1999999999999996e-02 4.0000000000000001e-03  1.8346108385388536e-03
2.4000000000000007e-02 -3.9000000000000000e-02 4.0000000000000001e-03  1.7287047940813078e-03
2.4000000000000007e-02 -3.5999999999999997e-02 4.0000000000000001e-03  1.6445740000757131e-03
2.4000000000000007e-02 -3.3000000000000002e-02 4.0000000000000001e-03  1.5783242500509887e-03
2.4000000000000007e-02 -2.9999999999999999e-02 4.0000000000000001e-03  1.5253421357835711e-03
2.4000000000000007e-02 -2.6999999999999996e-02 4.0000000000000001e-03  1.5147996213640789e-03
2.4000000000000007e-02 -2.3999999999999997e-02 4.0000000000000001e-03  1.5089410234286496e-03
2.4000000000000007e-02 -2.0999999999999998e-02 4.0000000000000001e-03  1.4975122362486733e-03
2.4000000000000007e-02 -1.7999999999999999e-02 4.0000000000000001e-03  1.4800475293697132e-03
2.4000000000000007e-02 -1.4999999999999999e-02 4.0000000000000001e-03  1.4555428518524339e-03
2.4000000000000007e-02 -1.1999999999999997e-02 4.0000000000000001e-03  1.4249394865736237e-03
2.4000000000000007e-02 -8.9999999999999941e-03 4.0000000000000001e-03  1.4052274496997308e-03
2.4000000000000007e-02 -5.9999999999999984e-03 4.0000000000000001e-03  1.3931455959397196e-03
2.4000000000000007e-02 -2.9999999999999957e-03 4.0000000000000001e-03  1.3823126268435989e-03
2.4000000000000007e-02 0.0000000000000000e+00 4.0000000000000001e-03  1.3703782082143993e-03
2.4000000000000007e-02 3.0000000000000027e-03 4.0000000000000001e-03  1.3804114431445347e-03
2.4000000000000007e-02 6.0000000000000053e-03 4.0000000000000001e-03  1.3902019623798264e-03
2.4000000000000007e-02 9.0000000000000011e-03 4.0000000000000001e-03  1.3990637297914322e-03
2.4000000000000007e-02 1.2000000000000004e-02 4.0000000000000001e-03  1.4079608015011020e-03
2.4000000000000007e-02 1.4999999999999999e-02 4.0000000000000001e-03  1.4168926362759142e-03
2.4000000000000007e-02 1.8000000000000002e-02 4.0000000000000001e-03  1.4258597607118011e-03
2.4000000000000007e-02 2.1000000000000005e-02 4.0000000000000001e-03  1.4348637692335423e-03
2.4000000000000007e-02 2.4000000000000007e-02 4.0000000000000001e-03  1.4498652656131403e-03
2.4000000000000007e-02 2.7000000000000010e-02 4.0000000000000001e-03  1.4850961043179364e-03
2.4000000000000007e-02 2.9999999999999999e-02 4.0000000000000001e-03  1.5188670793075392e-03
2.4000000000000007e-02 3.3000000000000002e-02 4.0000000000000001e-03  1.5531793274109881e-03
2.4000000000000007e-02 3.6000000000000004e-02 4.0000000000000001e-03  1.5914551318929628e-03
2.4000000000000007e-02 3.9000000000000007e-02 4.0000000000000001e-03  1.6437127312847290e-03
2.4000000000000007e-02 4.2000000000000010e-02 4.0000000000000001e-03  1.7255292317125922e-03
2.4000000000000007e-02 4.4999999999999998e-02 4.0000000000000001e-03  1.8389004996328944e-03
2.7000000000000010e-02 -4.4999999999999998e-02 4.0000000000000001e-03  1.9884937394691487e-03
2.7000000000000010e-02 -4.1999999999999996e-02 4.0000000000000001e-03  1.8665472096258901e-03
2.7000000000000010e-02 -3.9000000000000000e-02 4.0000000000000001e-03  1.7615462657834687e-03
2.7000000000000010e-02 -3.5999999999999997e-02 4.0000000000000001e-03  1.6722040989747740e-03
2.7000000000000010e-02 -3.3000000000000002e-02 4.0000000000000001e-03  1.5971532646069017e-03
2.7000000000000010e-02 -2.9999999999999999e-02 4.0000000000000001e-03  1.5349456824611508e-03
2.7000000000000010e-02 -2.6999999999999996e-02 4.0000000000000001e-03  1.5203303260247546e-03
2.7000000000000010e-02 -2.3999999999999997e-02 4.0000000000000001e-03  1.5174658731277461e-03
2.7000000000000010e-02 -2.0999999999999998e-02 4.0000000000000001e-03  1.5086726550611160e-03
2.7000000000000010e-02 -1.7999999999999999e-02 4.0000000000000001e-03  1.4938848388676349e-03
2.7000000000000010e-02 -1.4999999999999999e-02 4.0000000000000001e-03  1.4730553306264457e-03
2.7000000000000010e-02 -1.1999999999999997e-02 4.0000000000000001e-03  1.4535614436173361e-03
2.7000000000000010e-02 -8.9999999999999941e-03 4.0000000000000001e-03  1.4406873451155891e-03
2.7000000000000010e-02 -5.9999999999999984e-03 4.0000000000000001e-03  1.4290895123315287e-03
2.7000000000000010e-02 -2.9999999999999957e-03 4.0000000000000001e-03  1.4187686629034638e-03
2.7000000000000010e-02 0.0000000000000000e+00 4.0000000000000001e-03  1.4042255218949097e-03
2.7000000000000010e-02 3.0000000000000027e-03 4.0000000000000001e-03  1.4060122549236082e-03
2.7000000000000010e-02 6.0000000000000053e-03 4.0000000000000001e-03  1.4136421271415209e-03
2.7000000000000010e-02 9.0000000000000011e-03 4.0000000000000001e-03  1.4232164698882378e-03
2.7000000000000010e-02 1.2000000000000004e-02 4.0000000000000001e-03  1.4327663674909218e-03
2.7000000000000010e-02 1.4999999999999999e-02 4.0000000000000001e-03  1.4422924155740380e-03
2.7000000000000010e-02 1.8000000000000002e-02 4.0000000000000001e-03  1.4517967287925664e-03
2.7000000000000010e-02 2.1000000000000005e-02 4.0000000000000001e-03  1.4612829408319956e-03
2.7000000000000010e-02 2.4000000000000007e-02 4.0000000000000001e-03  1.4707562044083183e-03
2.7000000000000010e-02 2.7000000000000010e-02 4.0000000000000001e-03  1.4994820703908747e-03
2.7000000000000010e-02 2.9999999999999999e-02 4.0000000000000001e-03  1.5362993182745674e-03
2.7000000000000010e-02 3.3000000000000002e-02 4.0000000000000001e-03  1.5718402015003849e-03
2.7000000000000010e-02 3.6000000000000004e-02 4.0000000000000001e-03  1.6098858626669671e-03
2.7000000000000010e-02 3.9000000000000007e-02 4.0000000000000001e-03  1.6759724290750894e-03
2.7000000000000010e-02 4.2000000000000010e-02 4.0000000000000001e-03  1.7690920254366297e-03
2.7000000000000010e-02 4.4999999999999998e-02 4.0000000000000001e-03  1.8900122770539928e-03
2.9999999999999999e-02 -4.4999999999999998e-02 4.0000000000000001e-03  2.0211919241219269e-03
2.9999999999999999e-02 -4.1999999999999996e-02 4.0000000000000001e-03  1.9007356429705110e-03
2.9999999999999999e-02 -3.9000000000000000e-02 4.0000000000000001e-03  1.7967812454609102e-03
2.9999999999999999e-02 -3.5999999999999997e-02 4.0000000000000001e-03  1.7080623881250009e-03
2.9999999999999999e-02 -3.3000000000000002e-02 4.0000000000000001e-03  1.6332320918688531e-03
2.9999999999999999e-02 -2.9999999999999999e-02 4.0000000000000001e-03  1.5788500892021445e-03
2.9999999999999999e-02 -2.6999999999999996e-02 4.0000000000000001e-03  1.5420430479351911e-03
2.9999999999999999e-02 -2.3999999999999997e-02 4.0000000000000001e-03  1.5377178703285840e-03
2.9999999999999999e-02 -2.0999999999999998e-02 4.0000000000000001e-03  1.5157354484121599e-03
2.9999999999999999e-02 -1.7999999999999999e-02 4.0000000000000001e-03  1.5046617982058615e-03
2.9999999999999999e-02 -1.4999999999999999e-02 4.0000000000000001e-03  1.4890763274526336e-03
2.9999999999999999e-02 -1.1999999999999997e-02 4.0000000000000001e-03  1.4754447285137565e-03
2.9999999999999999e-02 -8.9999999999999941e-03 4.0000000000000001e-03  1.4631176571421425e-03
2.9999999999999999e-02 -5.9999999999999984e-03 4.0000000000000001e-03  1.4520469840137726e-03
2.9999999999999999e-02 -2.9999999999999957e-03 4.0000000000000001e-03  1.4574938934894689e-03
2.9999999999999999e-02 0.0000000000000000e+00 4.0000000000000001e-03  1.4549653699632006e-03
2.9999999999999999e-02 3.0000000000000027e-03 4.0000000000000001e-03  1.4634958600293181e-03
2.9999999999999999e-02 6.0000000000000053e-03 4.0000000000000001e-03  1.4592714436884699e-03
2.9999999999999999e-02 9.0000000000000011e-03 4.0000000000000001e-03  1.4645263613758965e-03
2.9999999999999999e-02 1.2000000000000004e-02 4.0000000000000001e-03  1.4724481910593382e-03
2.9999999999999999e-02 1.4999999999999999e-02 4.0000000000000001e-03  1.4803475415028529e-03
2.9999999999999999e-02 1.8000000000000002e-02 4.0000000000000001e-03  1.4882262590913335e-03
2.9999999999999999e-02 2.1000000000000005e-02 4.0000000000000001e-03  1.4960877092401847e-03
2.9999999999999999e-02 2.4000000000000007e-02 4.0000000000000001e-03  1.5067760147521258e-03
2.9999999999999999e-02 2.7000000000000010e-02 4.0000000000000001e-03  1.5292856810337891e-03
2.9999999999999999e-02 2.9999999999999999e-02 4.0000000000000001e-03  1.5686262677867384e-03
2.9999999999999999e-02 3.3000000000000002e-02 4.0000000000000001e-03  1.6079830945304623e-03
2.9999999999999999e-02 3.6000000000000004e-02 4.0000000000000001e-03  1.6513004728227882e-03
2.9999999999999999e-02 3.9000000000000007e-02 4.0000000000000001e-03  1.6976141483747479e-03
2.9999999999999999e-02 4.2000000000000010e-02 4.0000000000000001e-03  1.7993521392895093e-03
2.9999999999999999e-02 4.4999999999999998e-02 4.0000000000000001e-03  1.9284043995976465e-03
3.3000000000000002e-02 -4.4999999999999998e-02 4.0000000000000001e-03  2.0561533719404067e-03
3.3000000000000002e-02 -4.1999999999999996e-02 4.0000000000000001e-03  1.9373090946305830e-03
3.3000000000000002e-02 -3.9000000000000000e-02 4.0000000000000001e-03  1.8345312000438365e-03
3.3000000000000002e-02 -3.5999999999999997e-02 4.0000000000000001e-03  1.7462119539559014e-03
3.3000000000000002e-02 -3.3000000000000002e-02 4.0000000000000001e-03  1.6776060635372504e-03
3.3000000000000002e-02 -2.9999999999999999e-02 4.0000000000000001e-03  1.6410665651849176e-03
3.3000000000000002e-02 -2.6999999999999996e-02 4.0000000000000001e-03  1.6060919725178829e-03
3.3000000000000002e-02 -2.3999999999999997e-02 4.0000000000000001e-03  1.5817712667187637e-03
3.3000000000000002e-02 -2.0999999999999998e-02 4.0000000000000001e-03  1.5827107430945939e-03
3.3000000000000002e-02 -1.7999999999999999e-02 4.0000000000000001e-03  1.5642231084521960e-03
3.3000000000000002e-02 -1.4999999999999999e-02 4.0000000000000001e-03  1.5383009442331030e-03
3.3000000000000002e-02 -1.1999999999999997e-02 4.0000000000000001e-03  1.5175394392073561e-03
3.3000000000000002e-02 -8.9999999999999941e-03 4.0000000000000001e-03  1.4982354271779266e-03
3.3000000000000002e-02 -5.9999999999999984e-03 4.0000000000000001e-03  1.4905379021636508e-03
3.3000000000000002e-02 -2.9999999999999957e-03 4.0000000000000001e-03  1.5085908048693131e-03
3.3000000000000002e-02 0.0000000000000000e+00 4.0000000000000001e-03  1.5181550429839410e-03
3.3000000000000002e-02 3.0000000000000027e-03 4.0000000000000001e-03  1.5436373742440973e-03
3.3000000000000002e-02 6.0000000000000053e-03 4.0000000000000001e-03  1.5206975480531848e-03
3.3000000000000002e-02 9.0000000000000011e-03 4.0000000000000001e-03  1.5302717626638320e-03
3.3000000000000002e-02 1.2000000000000004e-02 4.0000000000000001e-03  1.5331839594431645e-03
3.3000000000000002e-02 1.4999999999999999e-02 4.0000000000000001e-03  1.5394252452633657e-03
3.3000000000000002e-02 1.8000000000000002e-02 4.0000000000000001e-03  1.5456442418857765e-03
3.3000000000000002e-02 2.1000000000000005e-02 4.0000000000000001e-03  1.5518440464557235e-03
3.3000000000000002e-02 2.4000000000000007e-02 4.0000000000000001e-03  1.5724426739768759e-03
3.3000000000000002e-02 2.7000000000000010e-02 4.0000000000000001e-03  1.5952564912903569e-03
3.3000000000000002e-02 2.9999999999999999e-02 4.0000000000000001e-03  1.6159052108339132e-03
3.3000000000000002e-02 3.3000000000000002e-02 4.0000000000000001e-03  1.6589811219935367e-03
3.3000000000000002e-02 3.6000000000000004e-02 4.0000000000000001e-03  1.7047476993652909e-03
3.3000000000000002e-02 3.9000000000000007e-02 4.0000000000000001e-03  1.7449759007606496e-03
3.3000000000000002e-02 4.2000000000000010e-02 4.0000000000000001e-03  1.8157289635838667e-03
3.3000000000000002e-02 4.4999999999999998e-02 4.0000000000000001e-03  1.9533838220842752e-03
3.6000000000000004e-02 -4.4999999999999998e-02 4.0000000000000001e-03  2.0935376646770425e-03
3.6000000000000004e-02 -4.1999999999999996e-02 4.0000000000000001e-03  1.9764156572308843e-03
3.6000000000000004e-02 -3.9000000000000000e-02 4.0000000000000001e-03  1.8705892115036334e-03
3.6000000000000004e-02 -3.5999999999999997e-02 4.0000000000000001e-03  1.7891539571832078e-03
3.6000000000000004e-02 -3.3000000000000002e-02 4.0000000000000001e-03  1.7525281750433255e-03
3.6000000000000004e-02 -2.9999999999999999e-02 4.0000000000000001e-03  1.7178404073523790e-03
3.6000000000000004e-02 -2.6999999999999996e-02 4.0000000000000001e-03  1.6848194041130902e-03
3.6000000000000004e-02 -2.3999999999999997e-02 4.0000000000000001e-03  1.6532280766207773e-03
3.6000000000000004e-02 -2.0999999999999998e-02 4.0000000000000001e-03  1.6444808505290723e-03
3.6000000000000004e-02 -1.7999999999999999e-02 4.0000000000000001e-03  1.6484726124261933e-03
3.6000000000000004e-02 -1.4999999999999999e-02 4.0000000000000001e-03  1.6324689405847999e-03
3.6000000000000004e-02 -1.1999999999999997e-02 4.0000000000000001e-03  1.6106459322947635e-03
3.6000000000000004e-02 -8.9999999999999941e-03 4.0000000000000001e-03  1.5915260860253360e-03
3.6000000000000004e-02 -5.9999999999999984e-03 4.0000000000000001e-03  1.5888211464801167e-03
3.6000000000000004e-02 -2.9999999999999957e-03 4.0000000000000001e-03  1.5722941812922244e-03
3.6000000000000004e-02 0.0000000000000000e+00 4.0000000000000001e-03  1.5940342804376996e-03
3.6000000000000004e-02 3.0000000000000027e-03 4.0000000000000001e-03  1.6314614442384107e-03
3.6000000000000004e-02 6.0000000000000053e-03 4.0000000000000001e-03  1.6318728442306241e-03
3.6000000000000004e-02 9.0000000000000011e-03 4.0000000000000001e-03  1.6307792575009706e-03
3.6000000000000004e-02 1.2000000000000004e-02 4.0000000000000001e-03  1.6192705397327191e-03
3.6000000000000004e-02 1.4999999999999999e-02 4.0000000000000001e-03  1.6198754429795192e-03
3.6000000000000004e-02 1.8000000000000002e-02 4.0000000000000001e-03  1.6244057596284721e-03
3.6000000000000004e-02 2.1000000000000005e-02 4.0000000000000001e-03  1.6289122012598130e-03
3.6000000000000004e-02 2.4000000000000007e-02 4.0000000000000001e-03  1.6630389879410290e-03
3.6000000000000004e-02 2.7000000000000010e-02 4.0000000000000001e-03  1.6862688748997923e-03
3.6000000000000004e-02 2.9999999999999999e-02 4.0000000000000001e-03  1.6989400852690849e-03
3.6000000000000004e-02 3.3000000000000002e-02 4.0000000000000001e-03  1.7265550641051284e-03
3.6000000000000004e-02 3.6000000000000004e-02 4.0000000000000001e-03  1.7719319859298645e-03
3.6000000000000004e-02 3.9000000000000007e-02 4.0000000000000001e-03  1.8302294709220655e-03
3.6000000000000004e-02 4.2000000000000010e-02 4.0000000000000001e-03  1.8703714588599626e-03
3.6000000000000004e-02 4.4999999999999998e-02 4.0000000000000001e-03  1.9667747064112807e-03
3.9000000000000007e-02 -4.4999999999999998e-02 4.0000000000000001e-03  2.1335195206511671e-03
3.9000000000000007e-02 -4.1999999999999996e-02 4.0000000000000001e-03  2.0331353804096553e-03
3.9000000000000007e-02 -3.9000000000000000e-02 4.0000000000000001e-03  1.9395254470099801e-03
3.9000000000000007e-02 -3.5999999999999997e-02 4.0000000000000001e-03  1.8776005795290477e-03
3.9000000000000007e-02 -3.3000000000000002e-02 4.0000000000000001e-03  1.8428709203284432e-03
3.9000000000000007e-02 -2.9999999999999999e-02 4.0000000000000001e-03  1.8101765018270761e-03
3.9000000000000007e-02 -2.6999999999999996e-02 4.0000000000000001e-03  1.7792373489452793e-03
3.9000000000000007e-02 -2.3999999999999997e-02 4.0000000000000001e-03  1.7498076478959720e-03
3.9000000000000007e-02 -2.0999999999999998e-02 4.0000000000000001e-03  1.7216757461846763e-03
3.9000000000000007e-02 -1.7999999999999999e-02 4.0000000000000001e-03  1.7292768709932765e-03
3.9000000000000007e-02 -1.4999999999999999e-02 4.0000000000000001e-03  1.7308511438332082e-03
3.9000000000000007e-02 -1.1999999999999997e-02 4.0000000000000001e-03  1.7079859963386307e-03
3.9000000000000007e-02 -8.9999999999999941e-03 4.0000000000000001e-03  1.7110171409938054e-03
3.9000000000000007e-02 -5.9999999999999984e-03 4.0000000000000001e-03  1.7277878409470585e-03
3.9000000000000007e-02 -2.9999999999999957e-03 4.0000000000000001e-03  1.7120382009046347e-03
3.9000000000000007e-02 0.0000000000000000e+00 4.0000000000000001e-03  1.6829507618868959e-03
3.9000000000000007e-02 3.0000000000000027e-03 4.0000000000000001e-03  1.7273979152721975e-03
3.9000000000000007e-02 6.0000000000000053e-03 4.0000000000000001e-03  1.7613128680205041e-03
3.9000000000000007e-02 9.0000000000000011e-03 4.0000000000000001e-03  1.7100635862637283e-03
3.9000000000000007e-02 1.2000000000000004e-02 4.0000000000000001e-03  1.7596207382782284e-03
3.9000000000000007e-02 1.4999999999999999e-02 4.0000000000000001e-03  1.7266664425063271e-03
3.9000000000000007e-02 1.8000000000000002e-02 4.0000000000000001e-03  1.7250020416618404e-03
3.9000000000000007e-02 2.1000000000000005e-02 4.0000000000000001e-03  1.7445651445060527e-03
3.9000000000000007e-02 2.4000000000000007e-02 4.0000000000000001e-03  1.7789670858435341e-03
3.9000000000000007e-02 2.7000000000000010e-02 4.0000000000000001e-03  1.8027127673039694e-03
3.9000000000000007e-02 2.9999999999999999e-02 4.0000000000000001e-03  1.8162751193115344e-03
3.9000000000000007e-02 3.3000000000000002e-02 4.0000000000000001e-03  1.8206597189038458e-03
3.9000000000000007e-02 3.6000000000000004e-02 4.0000000000000001e-03  1.8615158073214063e-03
3.9000000000000007e-02 3.9000000000000007e-02 4.0000000000000001e-03  1.9359743348275802e-03
3.9000000000000007e-02 4.2000000000000010e-02 4.0000000000000001e-03  1.9528012097320983e-03
3.9000000000000007e-02 4.4999999999999998e-02 4.0000000000000001e-03  2.0463311062298233e-03
4.2000000000000010e-02 -4.4999999999999998e-02 4.0000000000000001e-03  2.2307433983650687e-03
4.2000000000000010e-02 -4.1999999999999996e-02 4.0000000000000001e-03  2.1394433385157835e-03
4.2000000000000010e-02 -3.9000000000000000e-02 4.0000000000000001e-03  2.0172995384559931e-03
4.2000000000000010e-02 -3.5999999999999997e-02 4.0000000000000001e-03  1.9821861276174621e-03
4.2000000000000010e-02 -3.3000000000000002e-02 4.0000000000000001e-03  1.9495146875846919e-03
4.2000000000000010e-02 -2.9999999999999999e-02 4.0000000000000001e-03  1.9189623569030180e-03
4.2000000000000010e-02 -2.6999999999999996e-02 4.0000000000000001e-03  1.8902404354103686e-03
4.2000000000000010e-02 -2.3999999999999997e-02 4.0000000000000001e-03  1.8630943842372683e-03
4.2000000000000010e-02 -2.0999999999999998e-02 4.0000000000000001e-03  1.8373038258068524e-03
4.2000000000000010e-02 -1.7999999999999999e-02 4.0000000000000001e-03  1.8126825438348436e-03
4.2000000000000010e-02 -1.4999999999999999e-02 4.0000000000000001e-03  1.8356444804802912e-03
4.2000000000000010e-02 -1.1999999999999997e-02 4.0000000000000001e-03  1.8117278419912560e-03
4.2000000000000010e-02 -8.9999999999999941e-03 4.0000000000000001e-03  1.8555943710424198e-03
4.2000000000000010e-02 -5.9999999999999984e-03 4.0000000000000001e-03  1.8913303634999390e-03
4.2000000000000010e-02 -2.9999999999999957e-03 4.0000000000000001e-03  1.8951635568123443e-03
4.2000000000000010e-02 0.0000000000000000e+00 4.0000000000000001e-03  1.8663632033214183e-03
4.2000000000000010e-02 3.0000000000000027e-03 4.0000000000000001e-03  1.8321230029837972e-03
4.2000000000000010e-02 6.0000000000000053e-03 4.0000000000000001e-03  1.8991882356373814e-03
4.2000000000000010e-02 9.0000000000000011e-03 4.0000000000000001e-03  1.8807285943783297e-03
4.2000000000000010e-02 1.2000000000000004e-02 4.0000000000000001e-03  1.8137930145893668e-03
4.2000000000000010e-02 1.4999999999999999e-02 4.0000000000000001e-03  1.9076889348263360e-03
4.2000000000000010e-02 1.8000000000000002e-02 4.0000000000000001e-03  1.8529994783240266e-03
4.2000000000000010e-02 2.1000000000000005e-02 4.0000000000000001e-03  1.8860794322257976e-03
4.2000000000000010e-02 2.4000000000000007e-02 4.0000000000000001e-03  1.9206790785614232e-03
4.2000000000000010e-02 2.7000000000000010e-02 4.0000000000000001e-03  1.9450280856228325e-03
4.2000000000000010e-02 2.9999999999999999e-02 4.0000000000000001e-03  1.9596006989259997e-03
4.2000000000000010e-02 3.3000000000000002e-02 4.0000000000000001e-03  1.9654038106003109e-03
4.2000000000000010e-02 3.6000000000000004e-02 4.0000000000000001e-03  1.9715436343079387e-03
4.2000000000000010e-02 3.9000000000000007e-02 4.0000000000000001e-03  2.0361331629887955e-03
4.2000000000000010e-02 4.2000000000000010e-02 4.0000000000000001e-03  2.0257300169226082e-03
4.2000000000000010e-02 4.4999999999999998e-02 4.0000000000000001e-03  2.1214246589313841e-03
4.4999999999999998e-02 -4.4999999999999998e-02 4.0000000000000001e-03  2.3653434891926571e-03
4.4999999999999998e-02 -4.1999999999999996e-02 4.0000000000000001e-03  2.1724838694333333e-03
4.4999999999999998e-02 -3.9000000000000000e-02 4.0000000000000001e-03  2.1366317031861056e-03
4.4999999999999998e-02 -3.5999999999999997e-02 4.0000000000000001e-03  2.1036664917100972e-03
4.4999999999999998e-02 -3.3000000000000002e-02 4.0000000000000001e-03  2.0732224871756384e-03
4.4999999999999998e-02 -2.9999999999999999e-02 4.0000000000000001e-03  2.0449681030456721e-03
4.4999999999999998e-02 -2.6999999999999996e-02 4.0000000000000001e-03  2.0186059140757358e-03
4.4999999999999998e-02 -2.3999999999999997e-02 4.0000000000000001e-03  1.9938726563139613e-03
4.4999999999999998e-02 -2.0999999999999998e-02 4.0000000000000001e-03  1.9705392271010874e-03
4.4999999999999998e-02 -1.7999999999999999e-02 4.0000000000000001e-03  1.9484106850704422e-03
4.4999999999999998e-02 -1.4999999999999999e-02 4.0000000000000001e-03  1.9392720412733937e-03
4.4999999999999998e-02 -1.1999999999999997e-02 4.0000000000000001e-03  1.9422825952990065e-03
4.4999999999999998e-02 -8.9999999999999941e-03 4.0000000000000001e-03  2.0263209800175171e-03
4.4999999999999998e-02 -5.9999999999999984e-03 4.0000000000000001e-03  2.1012606380737468e-03
4.4999999999999998e-02 -2.9999999999999957e-03 4.0000000000000001e-03  2.1797615944789718e-03
4.4999999999999998e-02 0.0000000000000000e+00 4.0000000000000001e-03  2.2176371577280257e-03
4.4999999999999998e-02 3.0000000000000027e-03 4.0000000000000001e-03  2.2148468429420928e-03
4.4999999999999998e-02 6.0000000000000053e-03 4.0000000000000001e-03  2.1714294103095024e-03
4.4999999999999998e-02 9.0000000000000011e-03 4.0000000000000001e-03  2.0875028650857112e-03
4.4999999999999998e-02 1.2000000000000004e-02 4.0000000000000001e-03  1.9952525612384293e-03
4.4999999999999998e-02 1.4999999999999999e-02 4.0000000000000001e-03  2.0044886731054460e-03
4.4999999999999998e-02 1.8000000000000002e-02 4.0000000000000001e-03  2.0812898912644195e-03
4.4999999999999998e-02 2.1000000000000005e-02 4.0000000000000001e-03  2.1207965185247855e-03
4.4999999999999998e-02 2.4000000000000007e-02 4.0000000000000001e-03  2.1435089419359096e-03
4.4999999999999998e-02 2.7000000000000010e-02 4.0000000000000001e-03  2.1495960940885999e-03
4.4999999999999998e-02 2.9999999999999999e-02 4.0000000000000001e-03  2.1396120092157392e-03
4.4999999999999998e-02 3.3000000000000002e-02 4.0000000000000001e-03  2.1367546673680075e-03
4.4999999999999998e-02 3.6000000000000004e-02 4.0000000000000001e-03  2.1373259971327516e-03
4.4999999999999998e-02 3.9000000000000007e-02 4.0000000000000001e-03  2.1589139413320940e-03
4.4999999999999998e-02 4.2000000000000010e-02 4.0000000000000001e-03  2.1500626234916840e-03
4.4999999999999998e-02 4.4999999999999998e-02 4.0000000000000001e-03  2.1805393791975041e-03
