Grid Output Min: [-45mm -45mm 4mm] Max: [45mm 45mm 4mm] Grid Size: [3mm 3mm 0mm]
X, Y, Z, Scalar data "Mag_B"
-4.4999999999999998e-02 -4.4999999999999998e-02 4.0000000000000001e-03  2.3022079201911487e-03
-4.4999999999999998e-02 -4.1999999999999996e-02 4.0000000000000001e-03  2.1757697753939506e-03
-4.4999999999999998e-02 -3.9000000000000000e-02 4.0000000000000001e-03  2.0724247597970358e-03
-4.4999999999999998e-02 -3.5999999999999997e-02 4.0000000000000001e-03  2.0192136079693270e-03
-4.4999999999999998e-02 -3.3000000000000002e-02 4.0000000000000001e-03  1.9706442798205631e-03
-4.4999999999999998e-02 -2.9999999999999999e-02 4.0000000000000001e-03  1.9262353727292742e-03
-4.4999999999999998e-02 -2.6999999999999996e-02 4.0000000000000001e-03  1.8856204917304809e-03
-4.4999999999999998e-02 -2.3999999999999997e-02 4.0000000000000001e-03  1.8458074431504071e-03
-4.4999999999999998e-02 -2.0999999999999998e-02 4.0000000000000001e-03  1.8508695580970421e-03
-4.4999999999999998e-02 -1.7999999999999999e-02 4.0000000000000001e-03  1.8410533672143219e-03
-4.4999999999999998e-02 -1.4999999999999999e-02 4.0000000000000001e-03  1.8066728839149365e-03
-4.4999999999999998e-02 -1.1999999999999997e-02 4.0000000000000001e-03  1.7964604913967930e-03
-4.4999999999999998e-02 -8.9999999999999941e-03 4.0000000000000001e-03  1.7311441405494640e-03
-4.4999999999999998e-02 -5.9999999999999984e-03 4.0000000000000001e-03  1.7719586954444127e-03
-4.4999999999999998e-02 -2.9999999999999957e-03 4.0000000000000001e-03  1.7755698526754817e-03
-4.4999999999999998e-02 0.0000000000000000e+00 4.0000000000000001e-03  1.7678025380981005e-03
-4.4999999999999998e-02 3.0000000000000027e-03 4.0000000000000001e-03  1.7795003328801098e-03
-4.4999999999999998e-02 6.0000000000000053e-03 4.0000000000000001e-03  1.8271905700337620e-03
-4.4999999999999998e-02 9.0000000000000011e-03 4.0000000000000001e-03  1.8096958779834705e-03
-4.4999999999999998e-02 1.2000000000000004e-02 4.0000000000000001e-03  1.8047871844256067e-03
-4.4999999999999998e-02 1.4999999999999999e-02 4.0000000000000001e-03  1.8279534267157281e-03
-4.4999999999999998e-02 1.8000000000000002e-02 4.0000000000000001e-03  1.8316930930987647e-03
-4.4999999999999998e-02 2.1000000000000005e-02 4.0000000000000001e-03  1.8342963028898573e-03
-4.4999999999999998e-02 2.4000000000000007e-02 4.0000000000000001e-03  1.8829184841779980e-03
-4.4999999999999998e-02 2.7000000000000010e-02 4.0000000000000001e-03  1.9164180206848547e-03
-4.4999999999999998e-02 2.9999999999999999e-02 4.0000000000000001e-03  1.9546828162535965e-03
-4.4999999999999998e-02 3.3000000000000002e-02 4.0000000000000001e-03  1.9974657545333064e-03
-4.4999999999999998e-02 3.6000000000000004e-02 4.0000000000000001e-03  2.0447523390855530e-03
-4.4999999999999998e-02 3.9000000000000007e-02 4.0000000000000001e-03  2.0967606933844003e-03
-4.4999999999999998e-02 4.2000000000000010e-02 4.0000000000000001e-03  2.1345911407148520e-03
-4.4999999999999998e-02 4.4999999999999998e-02 4.0000000000000001e-03  2.1814052532042804e-03
-4.1999999999999996e-02 -4.4999999999999998e-02 4.0000000000000001e-03  2.2593270579023784e-03
-4.1999999999999996e-02 -4.1999999999999996e-02 4.0000000000000001e-03  2.0723842835153245e-03
-4.1999999999999996e-02 -3.9000000000000000e-02 4.0000000000000001e-03  1.9613976011105374e-03
-4.1999999999999996e-02 -3.5999999999999997e-02 4.0000000000000001e-03  1.8970877411862714e-03
-4.1999999999999996e-02 -3.3000000000000002e-02 4.0000000000000001e-03  1.8514821789321287e-03
-4.1999999999999996e-02 -2.9999999999999999e-02 4.0000000000000001e-03  1.8101338334471757e-03
-4.1999999999999996e-02 -2.6999999999999996e-02 4.0000000000000001e-03  1.7667499862209907e-03
-4.1999999999999996e-02 -2.3999999999999997e-02 4.0000000000000001e-03  1.7385271175562426e-03
-4.1999999999999996e-02 -2.0999999999999998e-02 4.0000000000000001e-03  1.7302256868455034e-03
-4.1999999999999996e-02 -1.7999999999999999e-02 4.0000000000000001e-03  1.7046841653867691e-03
-4.1999999999999996e-02 -1.4999999999999999e-02 4.0000000000000001e-03  1.6770173439796068e-03
-4.1999999999999996e-02 -1.1999999999999997e-02 4.0000000000000001e-03  1.6404770771819932e-03
-4.1999999999999996e-02 -8.9999999999999941e-03 4.0000000000000001e-03  1.6654282326256250e-03
-4.1999999999999996e-02 -5.9999999999999984e-03 4.0000000000000001e-03  1.6820917255214909e-03
-4.1999999999999996e-02 -2.9999999999999957e-03 4.0000000000000001e-03  1.6829328537299097e-03
-4.1999999999999996e-02 0.0000000000000000e+00 4.0000000000000001e-03  1.6812186478051970e-03
-4.1999999999999996e-02 3.0000000000000027e-03 4.0000000000000001e-03  1.6627435462439547e-03
-4.1999999999999996e-02 6.0000000000000053e-03 4.0000000000000001e-03  1.6791920533594362e-03
-4.1999999999999996e-02 9.0000000000000011e-03 4.0000000000000001e-03  1.6921316933120982e-03
-4.1999999999999996e-02 1.2000000000000004e-02 4.0000000000000001e-03  1.6847909258809969e-03
-4.1999999999999996e-02 1.4999999999999999e-02 4.0000000000000001e-03  1.7078345373976560e-03
-4.1999999999999996e-02 1.8000000000000002e-02 4.0000000000000001e-03  1.6974565175919669e-03
-4.1999999999999996e-02 2.1000000000000005e-02 4.0000000000000001e-03  1.6934909925475532e-03
-4.1999999999999996e-02 2.4000000000000007e-02 4.0000000000000001e-03  1.7428971273807849e-03
-4.1999999999999996e-02 2.7000000000000010e-02 4.0000000000000001e-03  1.7827467986106492e-03
-4.1999999999999996e-02 2.9999999999999999e-02 4.0000000000000001e-03  1.8185734966298273e-03
-4.1999999999999996e-02 3.3000000000000002e-02 4.0000000000000001e-03  1.8583383007383591e-03
-4.1999999999999996e-02 3.6000000000000004e-02 4.0000000000000001e-03  1.9021591080422935e-03
-4.1999999999999996e-02 3.9000000000000007e-02 4.0000000000000001e-03  1.9428056083619558e-03
-4.1999999999999996e-02 4.2000000000000010e-02 4.0000000000000001e-03  1.9743295425073471e-03
-4.1999999999999996e-02 4.4999999999999998e-02 4.0000000000000001e-03  2.1593253193422169e-03
-3.9000000000000000e-02 -4.4999999999999998e-02 4.0000000000000001e-03  2.2004233603659536e-03
-3.9000000000000000e-02 -4.1999999999999996e-02 4.0000000000000001e-03  2.0873908203952727e-03
-3.9000000000000000e-02 -3.9000000000000000e-02 4.0000000000000001e-03  1.9246225657956180e-03
-3.9000000000000000e-02 -3.5999999999999997e-02 4.0000000000000001e-03  1.8062078167992495e-03
-3.9000000000000000e-02 -3.3000000000000002e-02 4.0000000000000001e-03  1.7620217169086968e-03
-3.9000000000000000e-02 -2.9999999999999999e-02 4.0000000000000001e-03  1.7237133055088233e-03
-3.9000000000000000e-02 -2.6999999999999996e-02 4.0000000000000001e-03  1.6833472700358793e-03
-3.9000000000000000e-02 -2.3999999999999997e-02 4.0000000000000001e-03  1.6619730730924975e-03
-3.9000000000000000e-02 -2.0999999999999998e-02 4.0000000000000001e-03  1.6330221317538555e-03
-3.9000000000000000e-02 -1.7999999999999999e-02 4.0000000000000001e-03  1.5998464102163895e-03
-3.9000000000000000e-02 -1.4999999999999999e-02 4.0000000000000001e-03  1.5707297044778715e-03
-3.9000000000000000e-02 -1.1999999999999997e-02 4.0000000000000001e-03  1.5787993087552231e-03
-3.9000000000000000e-02 -8.9999999999999941e-03 4.0000000000000001e-03  1.6058285225869044e-03
-3.9000000000000000e-02 -5.9999999999999984e-03 4.0000000000000001e-03  1.6072562809299974e-03
-3.9000000000000000e-02 -2.9999999999999957e-03 4.0000000000000001e-03  1.6057622301529156e-03
-3.9000000000000000e-02 0.0000000000000000e+00 4.0000000000000001e-03  1.6014512317311183e-03
-3.9000000000000000e-02 3.0000000000000027e-03 4.0000000000000001e-03  1.5889403916654621e-03
-3.9000000000000000e-02 6.0000000000000053e-03 4.0000000000000001e-03  1.5720776431521414e-03
-3.9000000000000000e-02 9.0000000000000011e-03 4.0000000000000001e-03  1.5825655161996646e-03
-3.9000000000000000e-02 1.2000000000000004e-02 4.0000000000000001e-03  1.5814805402991777e-03
-3.9000000000000000e-02 1.4999999999999999e-02 4.0000000000000001e-03  1.5905814361877825e-03
-3.9000000000000000e-02 1.8000000000000002e-02 4.0000000000000001e-03  1.5875781310212560e-03
-3.9000000000000000e-02 2.1000000000000005e-02 4.0000000000000001e-03  1.5913486206323374e-03
-3.9000000000000000e-02 2.4000000000000007e-02 4.0000000000000001e-03  1.6019907821139790e-03
-3.9000000000000000e-02 2.7000000000000010e-02 4.0000000000000001e-03  1.6745196812252825e-03
-3.9000000000000000e-02 2.9999999999999999e-02 4.0000000000000001e-03  1.7073006156474260e-03
-3.9000000000000000e-02 3.3000000000000002e-02 4.0000000000000001e-03  1.7434872666008089e-03
-3.9000000000000000e-02 3.6000000000000004e-02 4.0000000000000001e-03  1.7818793933591895e-03
-3.9000000000000000e-02 3.9000000000000007e-02 4.0000000000000001e-03  1.8197397496871367e-03
-3.9000000000000000e-02 4.2000000000000010e-02 4.0000000000000001e-03  1.9467176083132216e-03
-3.9000000000000000e-02 4.4999999999999998e-02 4.0000000000000001e-03  2.0766820668113306e-03
-3.5999999999999997e-02 -4.4999999999999998e-02 4.0000000000000001e-03  2.0982275921635285e-03
-3.5999999999999997e-02 -4.1999999999999996e-02 4.0000000000000001e-03  1.9906874203668551e-03
-3.5999999999999997e-02 -3.9000000000000000e-02 4.0000000000000001e-03  1.9044935858706761e-03
-3.5999999999999997e-02 -3.5999999999999997e-02 4.0000000000000001e-03  1.8019271719174614e-03
-3.5999999999999997e-02 -3.3000000000000002e-02 4.0000000000000001e-03  1.7057964327917407e-03
-3.5999999999999997e-02 -2.9999999999999999e-02 4.0000000000000001e-03  1.6600610975137521e-03
-3.5999999999999997e-02 -2.6999999999999996e-02 4.0000000000000001e-03  1.6315857164908864e-03
-3.5999999999999997e-02 -2.3999999999999997e-02 4.0000000000000001e-03  1.6142035415566912e-03
-3.5999999999999997e-02 -2.0999999999999998e-02 4.0000000000000001e-03  1.5838530872219188e-03
-3.5999999999999997e-02 -1.7999999999999999e-02 4.0000000000000001e-03  1.5574895428265903e-03
-3.5999999999999997e-02 -1.4999999999999999e-02 4.0000000000000001e-03  1.5351138819263441e-03
-3.5999999999999997e-02 -1.1999999999999997e-02 4.0000000000000001e-03  1.5345251065342167e-03
-3.5999999999999997e-02 -8.9999999999999941e-03 4.0000000000000001e-03  1.5458681003855143e-03
-3.5999999999999997e-02 -5.9999999999999984e-03 4.0000000000000001e-03  1.5455771056068310e-03
-3.5999999999999997e-02 -2.9999999999999957e-03 4.0000000000000001e-03  1.5421658276941652e-03
-3.5999999999999997e-02 0.0000000000000000e+00 4.0000000000000001e-03  1.5357144962450571e-03
-3.5999999999999997e-02 3.0000000000000027e-03 4.0000000000000001e-03  1.5257603408317729e-03
-3.5999999999999997e-02 6.0000000000000053e-03 4.0000000000000001e-03  1.5088527241438046e-03
-3.5999999999999997e-02 9.0000000000000011e-03 4.0000000000000001e-03  1.4935761733662202e-03
-3.5999999999999997e-02 1.2000000000000004e-02 4.0000000000000001e-03  1.4947648344324869e-03
-3.5999999999999997e-02 1.4999999999999999e-02 4.0000000000000001e-03  1.4971671337730647e-03
-3.5999999999999997e-02 1.8000000000000002e-02 4.0000000000000001e-03  1.5056611004952794e-03
-3.5999999999999997e-02 2.1000000000000005e-02 4.0000000000000001e-03  1.5280328376756436e-03
-3.5999999999999997e-02 2.4000000000000007e-02 4.0000000000000001e-03  1.5519439511395541e-03
-3.5999999999999997e-02 2.7000000000000010e-02 4.0000000000000001e-03  1.5774385784712499e-03
-3.5999999999999997e-02 2.9999999999999999e-02 4.0000000000000001e-03  1.6188105476483542e-03
-3.5999999999999997e-02 3.3000000000000002e-02 4.0000000000000001e-03  1.6509059401781129e-03
-3.5999999999999997e-02 3.6000000000000004e-02 4.0000000000000001e-03  1.6847642702243718e-03
-3.5999999999999997e-02 3.9000000000000007e-02 4.0000000000000001e-03  1.7538377058144870e-03
-3.5999999999999997e-02 4.2000000000000010e-02 4.0000000000000001e-03  1.8687398464849226e-03
-3.5999999999999997e-02 4.4999999999999998e-02 4.0000000000000001e-03  2.0135437062885710e-03
-3.3000000000000002e-02 -4.4999999999999998e-02 4.0000000000000001e-03  2.0117556403417966e-03
-3.3000000000000002e-02 -4.1999999999999996e-02 4.0000000000000001e-03  1.9023508167201710e-03
-3.3000000000000002e-02 -3.9000000000000000e-02 4.0000000000000001e-03  1.8139931642257524e-03
-3.3000000000000002e-02 -3.5999999999999997e-02 4.0000000000000001e-03  1.7452533534693729e-03
-3.3000000000000002e-02 -3.3000000000000002e-02 4.0000000000000001e-03  1.6946120893923063e-03
-3.3000000000000002e-02 -2.9999999999999999e-02 4.0000000000000001e-03  1.6250890189187259e-03
-3.3000000000000002e-02 -2.6999999999999996e-02 4.0000000000000001e-03  1.5977334921937606e-03
-3.3000000000000002e-02 -2.3999999999999997e-02 4.0000000000000001e-03  1.5713553264135786e-03
-3.3000000000000002e-02 -2.0999999999999998e-02 4.0000000000000001e-03  1.5471121831088827e-03
-3.3000000000000002e-02 -1.7999999999999999e-02 4.0000000000000001e-03  1.5268463041143946e-03
-3.3000000000000002e-02 -1.4999999999999999e-02 4.0000000000000001e-03  1.5105551406582268e-03
-3.3000000000000002e-02 -1.1999999999999997e-02 4.0000000000000001e-03  1.4988708278959241e-03
-3.3000000000000002e-02 -8.9999999999999941e-03 4.0000000000000001e-03  1.4969217019519983e-03
-3.3000000000000002e-02 -5.9999999999999984e-03 4.0000000000000001e-03  1.4952745000943683e-03
-3.3000000000000002e-02 -2.9999999999999957e-03 4.0000000000000001e-03  1.4903470487087997e-03
-3.3000000000000002e-02 0.0000000000000000e+00 4.0000000000000001e-03  1.4821949455149207e-03
-3.3000000000000002e-02 3.0000000000000027e-03 4.0000000000000001e-03  1.4709040948913171e-03
-3.3000000000000002e-02 6.0000000000000053e-03 4.0000000000000001e-03  1.4551958797746499e-03
-3.3000000000000002e-02 9.0000000000000011e-03 4.0000000000000001e-03  1.4394909980450115e-03
-3.3000000000000002e-02 1.2000000000000004e-02 4.0000000000000001e-03  1.4334739250789817e-03
-3.3000000000000002e-02 1.4999999999999999e-02 4.0000000000000001e-03  1.4492314813617326e-03
-3.3000000000000002e-02 1.8000000000000002e-02 4.0000000000000001e-03  1.4665840172744294e-03
-3.3000000000000002e-02 2.1000000000000005e-02 4.0000000000000001e-03  1.4853951429230445e-03
-3.3000000000000002e-02 2.4000000000000007e-02 4.0000000000000001e-03  1.5057031099707399e-03
-3.3000000000000002e-02 2.7000000000000010e-02 4.0000000000000001e-03  1.5275472375830042e-03
-3.3000000000000002e-02 2.9999999999999999e-02 4.0000000000000001e-03  1.5509679124276394e-03
-3.3000000000000002e-02 3.3000000000000002e-02 4.0000000000000001e-03  1.5783578725100252e-03
-3.3000000000000002e-02 3.6000000000000004e-02 4.0000000000000001e-03  1.6377337378115785e-03
-3.3000000000000002e-02 3.9000000000000007e-02 4.0000000000000001e-03  1.7227772164859225e-03
-3.3000000000000002e-02 4.2000000000000010e-02 4.0000000000000001e-03  1.8337675149601752e-03
-3.3000000000000002e-02 4.4999999999999998e-02 4.0000000000000001e-03  1.9704445347319571e-03
-2.9999999999999999e-02 -4.4999999999999998e-02 4.0000000000000001e-03  1.9455154578730378e-03
-2.9999999999999999e-02 -4.1999999999999996e-02 4.0000000000000001e-03  1.8364584437561740e-03
-2.9999999999999999e-02 -3.9000000000000000e-02 4.0000000000000001e-03  1.7481279139900550e-03
-2.9999999999999999e-02 -3.5999999999999997e-02 4.0000000000000001e-03  1.6791482350515655e-03
-2.9999999999999999e-02 -3.3000000000000002e-02 4.0000000000000001e-03  1.6280516722325931e-03
-2.9999999999999999e-02 -2.9999999999999999e-02 4.0000000000000001e-03  1.5932783896400733e-03
-2.9999999999999999e-02 -2.6999999999999996e-02 4.0000000000000001e-03  1.5725643532791161e-03
-2.9999999999999999e-02 -2.3999999999999997e-02 4.0000000000000001e-03  1.5501910051616682e-03
-2.9999999999999999e-02 -2.0999999999999998e-02 4.0000000000000001e-03  1.5263625051348633e-03
-2.9999999999999999e-02 -1.7999999999999999e-02 4.0000000000000001e-03  1.5063714782671492e-03
-2.9999999999999999e-02 -1.4999999999999999e-02 4.0000000000000001e-03  1.4903530481158815e-03
-2.9999999999999999e-02 -1.1999999999999997e-02 4.0000000000000001e-03  1.4789047048256241e-03
-2.9999999999999999e-02 -8.9999999999999941e-03 4.0000000000000001e-03  1.4700570461370585e-03
-2.9999999999999999e-02 -5.9999999999999984e-03 4.0000000000000001e-03  1.4603252020083295e-03
-2.9999999999999999e-02 -2.9999999999999957e-03 4.0000000000000001e-03  1.4497069223251952e-03
-2.9999999999999999e-02 0.0000000000000000e+00 4.0000000000000001e-03  1.4391746403140792e-03
-2.9999999999999999e-02 3.0000000000000027e-03 4.0000000000000001e-03  1.4264349585110662e-03
-2.9999999999999999e-02 6.0000000000000053e-03 4.0000000000000001e-03  1.4104373311358237e-03
-2.9999999999999999e-02 9.0000000000000011e-03 4.0000000000000001e-03  1.3950717442027878e-03
-2.9999999999999999e-02 1.2000000000000004e-02 4.0000000000000001e-03  1.4040963685251042e-03
-2.9999999999999999e-02 1.4999999999999999e-02 4.0000000000000001e-03  1.4152084959929692e-03
-2.9999999999999999e-02 1.8000000000000002e-02 4.0000000000000001e-03  1.4284316817850522e-03
-2.9999999999999999e-02 2.1000000000000005e-02 4.0000000000000001e-03  1.4435830233375875e-03
-2.9999999999999999e-02 2.4000000000000007e-02 4.0000000000000001e-03  1.4602124900478044e-03
-2.9999999999999999e-02 2.7000000000000010e-02 4.0000000000000001e-03  1.4796757459670899e-03
-2.9999999999999999e-02 2.9999999999999999e-02 4.0000000000000001e-03  1.5063968414484980e-03
-2.9999999999999999e-02 3.3000000000000002e-02 4.0000000000000001e-03  1.5406622732323278e-03
-2.9999999999999999e-02 3.6000000000000004e-02 4.0000000000000001e-03  1.6032965456457859e-03
-2.9999999999999999e-02 3.9000000000000007e-02 4.0000000000000001e-03  1.6728346115684998e-03
-2.9999999999999999e-02 4.2000000000000010e-02 4.0000000000000001e-03  1.7736627966519452e-03
-2.9999999999999999e-02 4.4999999999999998e-02 4.0000000000000001e-03  1.9009700446569672e-03
-2.6999999999999996e-02 -4.4999999999999998e-02 4.0000000000000001e-03  1.9339047743882809e-03
-2.6999999999999996e-02 -4.1999999999999996e-02 4.0000000000000001e-03  1.8222423785733447e-03
-2.6999999999999996e-02 -3.9000000000000000e-02 4.0000000000000001e-03  1.7311466272614024e-03
-2.6999999999999996e-02 -3.5999999999999997e-02 4.0000000000000001e-03  1.6592647428988016e-03
-2.6999999999999996e-02 -3.3000000000000002e-02 4.0000000000000001e-03  1.6051518467469182e-03
-2.6999999999999996e-02 -2.9999999999999999e-02 4.0000000000000001e-03  1.5676940611792812e-03
-2.6999999999999996e-02 -2.6999999999999996e-02 4.0000000000000001e-03  1.5475498280712549e-03
-2.6999999999999996e-02 -2.3999999999999997e-02 4.0000000000000001e-03  1.5252750224963372e-03
-2.6999999999999996e-02 -2.0999999999999998e-02 4.0000000000000001e-03  1.5024437317063576e-03
-2.6999999999999996e-02 -1.7999999999999999e-02 4.0000000000000001e-03  1.4827226208908636e-03
-2.6999999999999996e-02 -1.4999999999999999e-02 4.0000000000000001e-03  1.4669746572413341e-03
-2.6999999999999996e-02 -1.1999999999999997e-02 4.0000000000000001e-03  1.4551229558180784e-03
-2.6999999999999996e-02 -8.9999999999999941e-03 4.0000000000000001e-03  1.4437307285140772e-03
-2.6999999999999996e-02 -5.9999999999999984e-03 4.0000000000000001e-03  1.4314318362325406e-03
-2.6999999999999996e-02 -2.9999999999999957e-03 4.0000000000000001e-03  1.4182252541071053e-03
-2.6999999999999996e-02 0.0000000000000000e+00 4.0000000000000001e-03  1.4041097745387896e-03
-2.6999999999999996e-02 3.0000000000000027e-03 4.0000000000000001e-03  1.3890840071960043e-03
-2.6999999999999996e-02 6.0000000000000053e-03 4.0000000000000001e-03  1.3731463790145446e-03
-2.6999999999999996e-02 9.0000000000000011e-03 4.0000000000000001e-03  1.3728034248350147e-03
-2.6999999999999996e-02 1.2000000000000004e-02 4.0000000000000001e-03  1.3785654961963351e-03
-2.6999999999999996e-02 1.4999999999999999e-02 4.0000000000000001e-03  1.3873209760980941e-03
-2.6999999999999996e-02 1.8000000000000002e-02 4.0000000000000001e-03  1.3990432262039089e-03
-2.6999999999999996e-02 2.1000000000000005e-02 4.0000000000000001e-03  1.4046351020476802e-03
-2.6999999999999996e-02 2.4000000000000007e-02 4.0000000000000001e-03  1.4159501572581985e-03
-2.6999999999999996e-02 2.7000000000000010e-02 4.0000000000000001e-03  1.4405335315698330e-03
-2.6999999999999996e-02 2.9999999999999999e-02 4.0000000000000001e-03  1.4726625586760046e-03
-2.6999999999999996e-02 3.3000000000000002e-02 4.0000000000000001e-03  1.5123387817395514e-03
-2.6999999999999996e-02 3.6000000000000004e-02 4.0000000000000001e-03  1.5622234268438979e-03
-2.6999999999999996e-02 3.9000000000000007e-02 4.0000000000000001e-03  1.6514143484493479e-03
-2.6999999999999996e-02 4.2000000000000010e-02 4.0000000000000001e-03  1.7361408600662968e-03
-2.6999999999999996e-02 4.4999999999999998e-02 4.0000000000000001e-03  1.8181078878537387e-03
-2.3999999999999997e-02 -4.4999999999999998e-02 4.0000000000000001e-03  1.9284119412070889e-03
-2.3999999999999997e-02 -4.1999999999999996e-02 4.0000000000000001e-03  1.8118662082420489e-03
-2.3999999999999997e-02 -3.9000000000000000e-02 4.0000000000000001e-03  1.7180221467779071e-03
-2.3999999999999997e-02 -3.5999999999999997e-02 4.0000000000000001e-03  1.6432513925698970e-03
-2.3999999999999997e-02 -3.3000000000000002e-02 4.0000000000000001e-03  1.5861319228488663e-03
-2.3999999999999997e-02 -2.9999999999999999e-02 4.0000000000000001e-03  1.5464927360835335e-03
-2.3999999999999997e-02 -2.6999999999999996e-02 4.0000000000000001e-03  1.5247627415880059e-03
-2.3999999999999997e-02 -2.3999999999999997e-02 4.0000000000000001e-03  1.5005227694538266e-03
-2.3999999999999997e-02 -2.0999999999999998e-02 4.0000000000000001e-03  1.4775431461262383e-03
-2.3999999999999997e-02 -1.7999999999999999e-02 4.0000000000000001e-03  1.4559014389638335e-03
-2.3999999999999997e-02 -1.4999999999999999e-02 4.0000000000000001e-03  1.4404159585360583e-03
-2.3999999999999997e-02 -1.1999999999999997e-02 4.0000000000000001e-03  1.4275207716802072e-03
-2.3999999999999997e-02 -8.9999999999999941e-03 4.0000000000000001e-03  1.4136071787758289e-03
-2.3999999999999997e-02 -5.9999999999999984e-03 4.0000000000000001e-03  1.3987927285217651e-03
-2.3999999999999997e-02 -2.9999999999999957e-03 4.0000000000000001e-03  1.3830776212995237e-03
-2.3999999999999997e-02 0.0000000000000000e+00 4.0000000000000001e-03  1.3684924619482139e-03
-2.3999999999999997e-02 3.0000000000000027e-03 4.0000000000000001e-03  1.3632054103899535e-03
-2.3999999999999997e-02 6.0000000000000053e-03 4.0000000000000001e-03  1.3592299940525915e-03
-2.3999999999999997e-02 9.0000000000000011e-03 4.0000000000000001e-03  1.3565882836570745e-03
-2.3999999999999997e-02 1.2000000000000004e-02 4.0000000000000001e-03  1.3618146400713297e-03
-2.3999999999999997e-02 1.4999999999999999e-02 4.0000000000000001e-03  1.3703650086559918e-03
-2.3999999999999997e-02 1.8000000000000002e-02 4.0000000000000001e-03  1.3692001961448529e-03
-2.3999999999999997e-02 2.1000000000000005e-02 4.0000000000000001e-03  1.3765100555217797e-03
-2.3999999999999997e-02 2.4000000000000007e-02 4.0000000000000001e-03  1.3923374602507629e-03
-2.3999999999999997e-02 2.7000000000000010e-02 4.0000000000000001e-03  1.4167209436057769e-03
-2.3999999999999997e-02 2.9999999999999999e-02 4.0000000000000001e-03  1.4496946986707635e-03
-2.3999999999999997e-02 3.3000000000000002e-02 4.0000000000000001e-03  1.4927905865727263e-03
-2.3999999999999997e-02 3.6000000000000004e-02 4.0000000000000001e-03  1.5455239691436976e-03
-2.3999999999999997e-02 3.9000000000000007e-02 4.0000000000000001e-03  1.6165120989166330e-03
-2.3999999999999997e-02 4.2000000000000010e-02 4.0000000000000001e-03  1.7304346069212594e-03
-2.3999999999999997e-02 4.4999999999999998e-02 4.0000000000000001e-03  1.8403270243222726e-03
-2.0999999999999998e-02 -4.4999999999999998e-02 4.0000000000000001e-03  1.9474901319629350e-03
-2.0999999999999998e-02 -4.1999999999999996e-02 4.0000000000000001e-03  1.8053188696942695e-03
-2.0999999999999998e-02 -3.9000000000000000e-02 4.0000000000000001e-03  1.7087418979761983e-03
-2.0999999999999998e-02 -3.5999999999999997e-02 4.0000000000000001e-03  1.6310940980060985e-03
-2.0999999999999998e-02 -3.3000000000000002e-02 4.0000000000000001e-03  1.5709763029843041e-03
-2.0999999999999998e-02 -2.9999999999999999e-02 4.0000000000000001e-03  1.5294117098203709e-03
-2.0999999999999998e-02 -2.6999999999999996e-02 4.0000000000000001e-03  1.5060955853883398e-03
-2.0999999999999998e-02 -2.3999999999999997e-02 4.0000000000000001e-03  1.4799521895902581e-03
-2.0999999999999998e-02 -2.0999999999999998e-02 4.0000000000000001e-03  1.4530061375882814e-03
-2.0999999999999998e-02 -1.7999999999999999e-02 4.0000000000000001e-03  1.4293630964276199e-03
-2.0999999999999998e-02 -1.4999999999999999e-02 4.0000000000000001e-03  1.4106866457568937e-03
-2.0999999999999998e-02 -1.1999999999999997e-02 4.0000000000000001e-03  1.3961110456664455e-03
-2.0999999999999998e-02 -8.9999999999999941e-03 4.0000000000000001e-03  1.3797063124155236e-03
-2.0999999999999998e-02 -5.9999999999999984e-03 4.0000000000000001e-03  1.3671859614330069e-03
-2.0999999999999998e-02 -2.9999999999999957e-03 4.0000000000000001e-03  1.3601549841619966e-03
-2.0999999999999998e-02 0.0000000000000000e+00 4.0000000000000001e-03  1.3543942762466725e-03
-2.0999999999999998e-02 3.0000000000000027e-03 4.0000000000000001e-03  1.3499152661458804e-03
-2.0999999999999998e-02 6.0000000000000053e-03 4.0000000000000001e-03  1.3467319276673161e-03
-2.0999999999999998e-02 9.0000000000000011e-03 4.0000000000000001e-03  1.3448607799675088e-03
-2.0999999999999998e-02 1.2000000000000004e-02 4.0000000000000001e-03  1.3430509756577505e-03
-2.0999999999999998e-02 1.4999999999999999e-02 4.0000000000000001e-03  1.3344195087944765e-03
-2.0999999999999998e-02 1.8000000000000002e-02 4.0000000000000001e-03  1.3384226523210922e-03
-2.0999999999999998e-02 2.1000000000000005e-02 4.0000000000000001e-03  1.3509149826335975e-03
-2.0999999999999998e-02 2.4000000000000007e-02 4.0000000000000001e-03  1.3719412040474033e-03
-2.0999999999999998e-02 2.7000000000000010e-02 4.0000000000000001e-03  1.4015416806878976e-03
-2.0999999999999998e-02 2.9999999999999999e-02 4.0000000000000001e-03  1.4397524364904459e-03
-2.0999999999999998e-02 3.3000000000000002e-02 4.0000000000000001e-03  1.4866051552003760e-03
-2.0999999999999998e-02 3.6000000000000004e-02 4.0000000000000001e-03  1.5421271803729970e-03
-2.0999999999999998e-02 3.9000000000000007e-02 4.0000000000000001e-03  1.6063415153735839e-03
-2.0999999999999998e-02 4.2000000000000010e-02 4.0000000000000001e-03  1.7016844414516584e-03
-2.0999999999999998e-02 4.4999999999999998e-02 4.0000000000000001e-03  1.8418335521124124e-03
-1.7999999999999999e-02 -4.4999999999999998e-02 4.0000000000000001e-03  1.9586939369312275e-03
-1.7999999999999999e-02 -4.1999999999999996e-02 4.0000000000000001e-03  1.8099770035119151e-03
-1.7999999999999999e-02 -3.9000000000000000e-02 4.0000000000000001e-03  1.7032956462047243e-03
-1.7999999999999999e-02 -3.5999999999999997e-02 4.0000000000000001e-03  1.6227811130604863e-03
-1.7999999999999999e-02 -3.3000000000000002e-02 4.0000000000000001e-03  1.5596717295109400e-03
-1.7999999999999999e-02 -2.9999999999999999e-02 4.0000000000000001e-03  1.5164352387063746e-03
-1.7999999999999999e-02 -2.6999999999999996e-02 4.0000000000000001e-03  1.4915326461113685e-03
-1.7999999999999999e-02 -2.3999999999999997e-02 4.0000000000000001e-03  1.4638030816370581e-03
-1.7999999999999999e-02 -2.0999999999999998e-02 4.0000000000000001e-03  1.4332578754139493e-03
-1.7999999999999999e-02 -1.7999999999999999e-02 4.0000000000000001e-03  1.4050290133812886e-03
-1.7999999999999999e-02 -1.4999999999999999e-02 4.0000000000000001e-03  1.3807436810397682e-03
-1.7999999999999999e-02 -1.1999999999999997e-02 4.0000000000000001e-03  1.3675962260639692e-03
-1.7999999999999999e-02 -8.9999999999999941e-03 4.0000000000000001e-03  1.3588259369363420e-03
-1.7999999999999999e-02 -5.9999999999999984e-03 4.0000000000000001e-03  1.3513259522219690e-03
-1.7999999999999999e-02 -2.9999999999999957e-03 4.0000000000000001e-03  1.3450970581176118e-03
-1.7999999999999999e-02 0.0000000000000000e+00 4.0000000000000001e-03  1.3401425861688711e-03
-1.7999999999999999e-02 3.0000000000000027e-03 4.0000000000000001e-03  1.3364684132701912e-03
-1.7999999999999999e-02 6.0000000000000053e-03 4.0000000000000001e-03  1.3314672920135711e-03
-1.7999999999999999e-02 9.0000000000000011e-03 4.0000000000000001e-03  1.3262340033508560e-03
-1.7999999999999999e-02 1.2000000000000004e-02 4.0000000000000001e-03  1.3293785724201334e-03
-1.7999999999999999e-02 1.4999999999999999e-02 4.0000000000000001e-03  1.3252272743353240e-03
-1.7999999999999999e-02 1.8000000000000002e-02 4.0000000000000001e-03  1.3186873017911936e-03
-1.7999999999999999e-02 2.1000000000000005e-02 4.0000000000000001e-03  1.3279168136520515e-03
-1.7999999999999999e-02 2.4000000000000007e-02 4.0000000000000001e-03  1.3541164402399841e-03
-1.7999999999999999e-02 2.7000000000000010e-02 4.0000000000000001e-03  1.3889105816086451e-03
-1.7999999999999999e-02 2.9999999999999999e-02 4.0000000000000001e-03  1.4323370925448126e-03
-1.7999999999999999e-02 3.3000000000000002e-02 4.0000000000000001e-03  1.4844294876452380e-03
-1.7999999999999999e-02 3.6000000000000004e-02 4.0000000000000001e-03  1.5452169413166389e-03
-1.7999999999999999e-02 3.9000000000000007e-02 4.0000000000000001e-03  1.6147242877757179e-03
-1.7999999999999999e-02 4.2000000000000010e-02 4.0000000000000001e-03  1.6980671246899890e-03
-1.7999999999999999e-02 4.4999999999999998e-02 4.0000000000000001e-03  1.8331616317772714e-03
-1.4999999999999999e-02 -4.4999999999999998e-02 4.0000000000000001e-03  1.9619470319672920e-03
-1.4999999999999999e-02 -4.1999999999999996e-02 4.0000000000000001e-03  1.8104702248154633e-03
-1.4999999999999999e-02 -3.9000000000000000e-02 4.0000000000000001e-03  1.6992167629077057e-03
-1.4999999999999999e-02 -3.5999999999999997e-02 4.0000000000000001e-03  1.6183030314979906e-03
-1.4999999999999999e-02 -3.3000000000000002e-02 4.0000000000000001e-03  1.5522072846983319e-03
-1.4999999999999999e-02 -2.9999999999999999e-02 4.0000000000000001e-03  1.5075501663927144e-03
-1.4999999999999999e-02 -2.6999999999999996e-02 4.0000000000000001e-03  1.4810607977307944e-03
-1.4999999999999999e-02 -2.3999999999999997e-02 4.0000000000000001e-03  1.4517458791328951e-03
-1.4999999999999999e-02 -2.0999999999999998e-02 4.0000000000000001e-03  1.4196156591414547e-03
-1.4999999999999999e-02 -1.7999999999999999e-02 4.0000000000000001e-03  1.3849669208855719e-03
-1.4999999999999999e-02 -1.4999999999999999e-02 4.0000000000000001e-03  1.3682042686417933e-03
-1.4999999999999999e-02 -1.1999999999999997e-02 4.0000000000000001e-03  1.3564422812109972e-03
-1.4999999999999999e-02 -8.9999999999999941e-03 4.0000000000000001e-03  1.3462009192550396e-03
-1.4999999999999999e-02 -5.9999999999999984e-03 4.0000000000000001e-03  1.3374802818560724e-03
-1.4999999999999999e-02 -2.9999999999999957e-03 4.0000000000000001e-03  1.3301578259258923e-03
-1.4999999999999999e-02 0.0000000000000000e+00 4.0000000000000001e-03  1.3239724620625456e-03
-1.4999999999999999e-02 3.0000000000000027e-03 4.0000000000000001e-03  1.3184770209109654e-03
-1.4999999999999999e-02 6.0000000000000053e-03 4.0000000000000001e-03  1.3133877473929787e-03
-1.4999999999999999e-02 9.0000000000000011e-03 4.0000000000000001e-03  1.3087216538368676e-03
-1.4999999999999999e-02 1.2000000000000004e-02 4.0000000000000001e-03  1.3158963658647586e-03
-1.4999999999999999e-02 1.4999999999999999e-02 4.0000000000000001e-03  1.3279287620450329e-03
-1.4999999999999999e-02 1.8000000000000002e-02 4.0000000000000001e-03  1.3174343599297816e-03
-1.4999999999999999e-02 2.1000000000000005e-02 4.0000000000000001e-03  1.3222638896566007e-03
-1.4999999999999999e-02 2.4000000000000007e-02 4.0000000000000001e-03  1.3424927114315255e-03
-1.4999999999999999e-02 2.7000000000000010e-02 4.0000000000000001e-03  1.3781964738000267e-03
-1.4999999999999999e-02 2.9999999999999999e-02 4.0000000000000001e-03  1.4275212603326432e-03
-1.4999999999999999e-02 3.3000000000000002e-02 4.0000000000000001e-03  1.4848318253586992e-03
-1.4999999999999999e-02 3.6000000000000004e-02 4.0000000000000001e-03  1.5508652840173999e-03
-1.4999999999999999e-02 3.9000000000000007e-02 4.0000000000000001e-03  1.6256483013768605e-03
-1.4999999999999999e-02 4.2000000000000010e-02 4.0000000000000001e-03  1.7200541504861346e-03
-1.4999999999999999e-02 4.4999999999999998e-02 4.0000000000000001e-03  1.8151655577145322e-03
-1.1999999999999997e-02 -4.4999999999999998e-02 4.0000000000000001e-03  1.9571921341903489e-03
-1.1999999999999997e-02 -4.1999999999999996e-02 4.0000000000000001e-03  1.8031993419429205e-03
-1.1999999999999997e-02 -3.9000000000000000e-02 4.0000000000000001e-03  1.6893905058753737e-03
-1.1999999999999997e-02 -3.5999999999999997e-02 4.0000000000000001e-03  1.6134395247729286e-03
-1.1999999999999997e-02 -3.3000000000000002e-02 4.0000000000000001e-03  1.5485743907278685e-03
-1.1999999999999997e-02 -2.9999999999999999e-02 4.0000000000000001e-03  1.5027459238651224e-03
-1.1999999999999997e-02 -2.6999999999999996e-02 4.0000000000000001e-03  1.4746695015548921e-03
-1.1999999999999997e-02 -2.3999999999999997e-02 4.0000000000000001e-03  1.4437700737085857e-03
-1.1999999999999997e-02 -2.0999999999999998e-02 4.0000000000000001e-03  1.4109145331240650e-03
-1.1999999999999997e-02 -1.7999999999999999e-02 4.0000000000000001e-03  1.3788218309785947e-03
-1.1999999999999997e-02 -1.4999999999999999e-02 4.0000000000000001e-03  1.3605629480547138e-03
-1.1999999999999997e-02 -1.1999999999999997e-02 4.0000000000000001e-03  1.3483249233510537e-03
-1.1999999999999997e-02 -8.9999999999999941e-03 4.0000000000000001e-03  1.3376040837081271e-03
-1.1999999999999997e-02 -5.9999999999999984e-03 4.0000000000000001e-03  1.3283789376757301e-03
-1.1999999999999997e-02 -2.9999999999999957e-03 4.0000000000000001e-03  1.3159551072434376e-03
-1.1999999999999997e-02 0.0000000000000000e+00 4.0000000000000001e-03  1.3083783661573102e-03
-1.1999999999999997e-02 3.0000000000000027e-03 4.0000000000000001e-03  1.3034288381286461e-03
-1.1999999999999997e-02 6.0000000000000053e-03 4.0000000000000001e-03  1.2988966211638321e-03
-1.1999999999999997e-02 9.0000000000000011e-03 4.0000000000000001e-03  1.2947937556470265e-03
-1.1999999999999997e-02 1.2000000000000004e-02 4.0000000000000001e-03  1.3054381045874445e-03
-1.1999999999999997e-02 1.4999999999999999e-02 4.0000000000000001e-03  1.3231034624647882e-03
-1.1999999999999997e-02 1.8000000000000002e-02 4.0000000000000001e-03  1.3188404550642224e-03
-1.1999999999999997e-02 2.1000000000000005e-02 4.0000000000000001e-03  1.3197064905189832e-03
-1.1999999999999997e-02 2.4000000000000007e-02 4.0000000000000001e-03  1.3359533438494578e-03
-1.1999999999999997e-02 2.7000000000000010e-02 4.0000000000000001e-03  1.3676571223238858e-03
-1.1999999999999997e-02 2.9999999999999999e-02 4.0000000000000001e-03  1.4148942215499473e-03
-1.1999999999999997e-02 3.3000000000000002e-02 4.0000000000000001e-03  1.4777413254747659e-03
-1.1999999999999997e-02 3.6000000000000004e-02 4.0000000000000001e-03  1.5562754063849012e-03
-1.1999999999999997e-02 3.9000000000000007e-02 4.0000000000000001e-03  1.6420795307135060e-03
-1.1999999999999997e-02 4.2000000000000010e-02 4.0000000000000001e-03  1.7454661780284685e-03
-1.1999999999999997e-02 4.4999999999999998e-02 4.0000000000000001e-03  1.8449651303298505e-03
-8.9999999999999941e-03 -4.4999999999999998e-02 4.0000000000000001e-03  1.9443910019835288e-03
-8.9999999999999941e-03 -4.1999999999999996e-02 4.0000000000000001e-03  1.7881182713634437e-03
-8.9999999999999941e-03 -3.9000000000000000e-02 4.0000000000000001e-03  1.6720086948050774e-03
-8.9999999999999941e-03 -3.5999999999999997e-02 4.0000000000000001e-03  1.5936269605179264e-03
-8.9999999999999941e-03 -3.3000000000000002e-02 4.0000000000000001e-03  1.5431340037383040e-03
-8.9999999999999941e-03 -2.9999999999999999e-02 4.0000000000000001e-03  1.5020145294439245e-03
-8.9999999999999941e-03 -2.6999999999999996e-02 4.0000000000000001e-03  1.4716122572157289e-03
-8.9999999999999941e-03 -2.3999999999999997e-02 4.0000000000000001e-03  1.4376615606054690e-03
-8.9999999999999941e-03 -2.0999999999999998e-02 4.0000000000000001e-03  1.4041209615087724e-03
-8.9999999999999941e-03 -1.7999999999999999e-02 4.0000000000000001e-03  1.3738553983651863e-03
-8.9999999999999941e-03 -1.4999999999999999e-02 4.0000000000000001e-03  1.3544948733822926e-03
-8.9999999999999941e-03 -1.1999999999999997e-02 4.0000000000000001e-03  1.3417909707381550e-03
-8.9999999999999941e-03 -8.9999999999999941e-03 4.0000000000000001e-03  1.3306009244767110e-03
-8.9999999999999941e-03 -5.9999999999999984e-03 4.0000000000000001e-03  1.3169489688226504e-03
-8.9999999999999941e-03 -2.9999999999999957e-03 4.0000000000000001e-03  1.3051260183892738e-03
-8.9999999999999941e-03 0.0000000000000000e+00 4.0000000000000001e-03  1.2963813108642685e-03
-8.9999999999999941e-03 3.0000000000000027e-03 4.0000000000000001e-03  1.2919719211510802e-03
-8.9999999999999941e-03 6.0000000000000053e-03 4.0000000000000001e-03  1.2879919982620900e-03
-8.9999999999999941e-03 9.0000000000000011e-03 4.0000000000000001e-03  1.2844486106373422e-03
-8.9999999999999941e-03 1.2000000000000004e-02 4.0000000000000001e-03  1.2980028771210545e-03
-8.9999999999999941e-03 1.4999999999999999e-02 4.0000000000000001e-03  1.3146261006942649e-03
-8.9999999999999941e-03 1.8000000000000002e-02 4.0000000000000001e-03  1.3228913446854975e-03
-8.9999999999999941e-03 2.1000000000000005e-02 4.0000000000000001e-03  1.3198027735732293e-03
-8.9999999999999941e-03 2.4000000000000007e-02 4.0000000000000001e-03  1.3320751694942644e-03
-8.9999999999999941e-03 2.7000000000000010e-02 4.0000000000000001e-03  1.3597850984396046e-03
-8.9999999999999941e-03 2.9999999999999999e-02 4.0000000000000001e-03  1.4030094147397011e-03
-8.9999999999999941e-03 3.3000000000000002e-02 4.0000000000000001e-03  1.4618252610644408e-03
-8.9999999999999941e-03 3.6000000000000004e-02 4.0000000000000001e-03  1.5363100684231527e-03
-8.9999999999999941e-03 3.9000000000000007e-02 4.0000000000000001e-03  1.6447510666554226e-03
-8.9999999999999941e-03 4.2000000000000010e-02 4.0000000000000001e-03  1.7677719718941088e-03
-8.9999999999999941e-03 4.4999999999999998e-02 4.0000000000000001e-03  1.8783241751330238e-03
-5.9999999999999984e-03 -4.4999999999999998e-02 4.0000000000000001e-03  1.9235244349938799e-03
-5.9999999999999984e-03 -4.1999999999999996e-02 4.0000000000000001e-03  1.7651999708101053e-03
-5.9999999999999984e-03 -3.9000000000000000e-02 4.0000000000000001e-03  1.6470364455159088e-03
-5.9999999999999984e-03 -3.5999999999999997e-02 4.0000000000000001e-03  1.5665005883218374e-03
-5.9999999999999984e-03 -3.3000000000000002e-02 4.0000000000000001e-03  1.5197823200178964e-03
-5.9999999999999984e-03 -2.9999999999999999e-02 4.0000000000000001e-03  1.5001319224681624e-03
-5.9999999999999984e-03 -2.6999999999999996e-02 4.0000000000000001e-03  1.4651830697218822e-03
-5.9999999999999984e-03 -2.3999999999999997e-02 4.0000000000000001e-03  1.4306386225096273e-03
-5.9999999999999984e-03 -2.0999999999999998e-02 4.0000000000000001e-03  1.3964998095065640e-03
-5.9999999999999984e-03 -1.7999999999999999e-02 4.0000000000000001e-03  1.3702175418252014e-03
-5.9999999999999984e-03 -1.4999999999999999e-02 4.0000000000000001e-03  1.3500044799998072e-03
-5.9999999999999984e-03 -1.1999999999999997e-02 4.0000000000000001e-03  1.3368440158575963e-03
-5.9999999999999984e-03 -8.9999999999999941e-03 4.0000000000000001e-03  1.3219877864464912e-03
-5.9999999999999984e-03 -5.9999999999999984e-03 4.0000000000000001e-03  1.3088882432342297e-03
-5.9999999999999984e-03 -2.9999999999999957e-03 4.0000000000000001e-03  1.2976669628452101e-03
-5.9999999999999984e-03 0.0000000000000000e+00 4.0000000000000001e-03  1.2883430388455595e-03
-5.9999999999999984e-03 3.0000000000000027e-03 4.0000000000000001e-03  1.2841042063916057e-03
-5.9999999999999984e-03 6.0000000000000053e-03 4.0000000000000001e-03  1.2806720320211456e-03
-5.9999999999999984e-03 9.0000000000000011e-03 4.0000000000000001e-03  1.2782668689164875e-03
-5.9999999999999984e-03 1.2000000000000004e-02 4.0000000000000001e-03  1.2935899664593138e-03
-5.9999999999999984e-03 1.4999999999999999e-02 4.0000000000000001e-03  1.3091698146415881e-03
-5.9999999999999984e-03 1.8000000000000002e-02 4.0000000000000001e-03  1.3249971641462323e-03
-5.9999999999999984e-03 2.1000000000000005e-02 4.0000000000000001e-03  1.3225406898709140e-03
-5.9999999999999984e-03 2.4000000000000007e-02 4.0000000000000001e-03  1.3308465355983520e-03
-5.9999999999999984e-03 2.7000000000000010e-02 4.0000000000000001e-03  1.3545691455604308e-03
-5.9999999999999984e-03 2.9999999999999999e-02 4.0000000000000001e-03  1.3937858328103596e-03
-5.9999999999999984e-03 3.3000000000000002e-02 4.0000000000000001e-03  1.4485741987407960e-03
-5.9999999999999984e-03 3.6000000000000004e-02 4.0000000000000001e-03  1.5321447537693066e-03
-5.9999999999999984e-03 3.9000000000000007e-02 4.0000000000000001e-03  1.6303818847572640e-03
-5.9999999999999984e-03 4.2000000000000010e-02 4.0000000000000001e-03  1.7437508069360645e-03
-5.9999999999999984e-03 4.4999999999999998e-02 4.0000000000000001e-03  1.8745343384918571e-03
-2.9999999999999957e-03 -4.4999999999999998e-02 4.0000000000000001e-03  1.8994852649304667e-03
-2.9999999999999957e-03 -4.1999999999999996e-02 4.0000000000000001e-03  1.7547014320380345e-03
-2.9999999999999957e-03 -3.9000000000000000e-02 4.0000000000000001e-03  1.6494458850428461e-03
-2.9999999999999957e-03 -3.5999999999999997e-02 4.0000000000000001e-03  1.5815665010356060e-03
-2.9999999999999957e-03 -3.3000000000000002e-02 4.0000000000000001e-03  1.5426622835525614e-03
-2.9999999999999957e-03 -2.9999999999999999e-02 4.0000000000000001e-03  1.4938250339050102e-03
-2.9999999999999957e-03 -2.6999999999999996e-02 4.0000000000000001e-03  1.4579264954891428e-03
-2.9999999999999957e-03 -2.3999999999999997e-02 4.0000000000000001e-03  1.4227836968844908e-03
-2.9999999999999957e-03 -2.0999999999999998e-02 4.0000000000000001e-03  1.3918284191283164e-03
-2.9999999999999957e-03 -1.7999999999999999e-02 4.0000000000000001e-03  1.3679155673239256e-03
-2.9999999999999957e-03 -1.4999999999999999e-02 4.0000000000000001e-03  1.3470977195169118e-03
-2.9999999999999957e-03 -1.1999999999999997e-02 4.0000000000000001e-03  1.3310359350950523e-03
-2.9999999999999957e-03 -8.9999999999999941e-03 4.0000000000000001e-03  1.3166861886229348e-03
-2.9999999999999957e-03 -5.9999999999999984e-03 4.0000000000000001e-03  1.3041932689125042e-03
-2.9999999999999957e-03 -2.9999999999999957e-03 4.0000000000000001e-03  1.2935745419590536e-03
-2.9999999999999957e-03 0.0000000000000000e+00 4.0000000000000001e-03  1.2848488949932571e-03
-2.9999999999999957e-03 3.0000000000000027e-03 4.0000000000000001e-03  1.2798236986610149e-03
-2.9999999999999957e-03 6.0000000000000053e-03 4.0000000000000001e-03  1.2769349441718425e-03
-2.9999999999999957e-03 9.0000000000000011e-03 4.0000000000000001e-03  1.2779169522040244e-03
-2.9999999999999957e-03 1.2000000000000004e-02 4.0000000000000001e-03  1.2921988500568281e-03
-2.9999999999999957e-03 1.4999999999999999e-02 4.0000000000000001e-03  1.3067341123393602e-03
-2.9999999999999957e-03 1.8000000000000002e-02 4.0000000000000001e-03  1.3215140196253742e-03
-2.9999999999999957e-03 2.1000000000000005e-02 4.0000000000000001e-03  1.3279099878433637e-03
-2.9999999999999957e-03 2.4000000000000007e-02 4.0000000000000001e-03  1.3322575867738893e-03
-2.9999999999999957e-03 2.7000000000000010e-02 4.0000000000000001e-03  1.3519998044793605e-03
-2.9999999999999957e-03 2.9999999999999999e-02 4.0000000000000001e-03  1.3872144127357595e-03
-2.9999999999999957e-03 3.3000000000000002e-02 4.0000000000000001e-03  1.4464636032983488e-03
-2.9999999999999957e-03 3.6000000000000004e-02 4.0000000000000001e-03  1.5200045991378545e-03
-2.9999999999999957e-03 3.9000000000000007e-02 4.0000000000000001e-03  1.6083124712725173e-03
-2.9999999999999957e-03 4.2000000000000010e-02 4.0000000000000001e-03  1.7138755381480365e-03
-2.9999999999999957e-03 4.4999999999999998e-02 4.0000000000000001e-03  1.8394710298709792e-03
0.0000000000000000e+00 -4.4999999999999998e-02 4.0000000000000001e-03  1.9249322026932631e-03
0.0000000000000000e+00 -4.1999999999999996e-02 4.0000000000000001e-03  1.7768734015806075e-03
0.0000000000000000e+00 -3.9000000000000000e-02 4.0000000000000001e-03  1.6688591214453269e-03
0.0000000000000000e+00 -3.5999999999999997e-02 4.0000000000000001e-03  1.5985194448559911e-03
0.0000000000000000e+00 -3.3000000000000002e-02 4.0000000000000001e-03  1.5415191408683856e-03
0.0000000000000000e+00 -2.9999999999999999e-02 4.0000000000000001e-03  1.4900320038288869e-03
0.0000000000000000e+00 -2.6999999999999996e-02 4.0000000000000001e-03  1.4498313059224707e-03
0.0000000000000000e+00 -2.3999999999999997e-02 4.0000000000000001e-03  1.4141024802230005e-03
0.0000000000000000e+00 -2.0999999999999998e-02 4.0000000000000001e-03  1.3893562541493682e-03
0.0000000000000000e+00 -1.7999999999999999e-02 4.0000000000000001e-03  1.3669593056873284e-03
0.0000000000000000e+00 -1.4999999999999999e-02 4.0000000000000001e-03  1.3440617684052089e-03
0.0000000000000000e+00 -1.1999999999999997e-02 4.0000000000000001e-03  1.3284852574979721e-03
0.0000000000000000e+00 -8.9999999999999941e-03 4.0000000000000001e-03  1.3147463724632526e-03
0.0000000000000000e+00 -5.9999999999999984e-03 4.0000000000000001e-03  1.3028607517255202e-03
0.0000000000000000e+00 -2.9999999999999957e-03 4.0000000000000001e-03  1.2928455549446162e-03
0.0000000000000000e+00 0.0000000000000000e+00 4.0000000000000001e-03  1.2847194630157676e-03
0.0000000000000000e+00 3.0000000000000027e-03 4.0000000000000001e-03  1.2791284711675317e-03
0.0000000000000000e+00 6.0000000000000053e-03 4.0000000000000001e-03  1.2767790248424586e-03
0.0000000000000000e+00 9.0000000000000011e-03 4.0000000000000001e-03  1.2805900240215301e-03
0.0000000000000000e+00 1.2000000000000004e-02 4.0000000000000001e-03  1.2938291998290622e-03
0.0000000000000000e+00 1.4999999999999999e-02 4.0000000000000001e-03  1.3073186962810552e-03
0.0000000000000000e+00 1.8000000000000002e-02 4.0000000000000001e-03  1.3210503238420851e-03
0.0000000000000000e+00 2.1000000000000005e-02 4.0000000000000001e-03  1.3350213588556746e-03
0.0000000000000000e+00 2.4000000000000007e-02 4.0000000000000001e-03  1.3363002650127965e-03
0.0000000000000000e+00 2.7000000000000010e-02 4.0000000000000001e-03  1.3520694133691566e-03
0.0000000000000000e+00 2.9999999999999999e-02 4.0000000000000001e-03  1.3875727940397544e-03
0.0000000000000000e+00 3.3000000000000002e-02 4.0000000000000001e-03  1.4365332065188578e-03
0.0000000000000000e+00 3.6000000000000004e-02 4.0000000000000001e-03  1.4998625074878187e-03
0.0000000000000000e+00 3.9000000000000007e-02 4.0000000000000001e-03  1.5815981185554181e-03
0.0000000000000000e+00 4.2000000000000010e-02 4.0000000000000001e-03  1.6816765436496995e-03
0.0000000000000000e+00 4.4999999999999998e-02 4.0000000000000001e-03  1.8003559100559716e-03
3.0000000000000027e-03 -4.4999999999999998e-02 4.0000000000000001e-03  1.9425169946128377e-03
3.0000000000000027e-03 -4.1999999999999996e-02 4.0000000000000001e-03  1.7915458684819089e-03
3.0000000000000027e-03 -3.9000000000000000e-02 4.0000000000000001e-03  1.6811983146653635e-03
3.0000000000000027e-03 -3.5999999999999997e-02 4.0000000000000001e-03  1.6052420132707263e-03
3.0000000000000027e-03 -3.3000000000000002e-02 4.0000000000000001e-03  1.5403935884644754e-03
3.0000000000000027e-03 -2.9999999999999999e-02 4.0000000000000001e-03  1.4863606353211895e-03
3.0000000000000027e-03 -2.6999999999999996e-02 4.0000000000000001e-03  1.4409081295809244e-03
3.0000000000000027e-03 -2.3999999999999997e-02 4.0000000000000001e-03  1.4046225261721914e-03
3.0000000000000027e-03 -2.0999999999999998e-02 4.0000000000000001e-03  1.3882422122578988e-03
3.0000000000000027e-03 -1.7999999999999999e-02 4.0000000000000001e-03  1.3673624478494626e-03
3.0000000000000027e-03 -1.4999999999999999e-02 4.0000000000000001e-03  1.3443119215706927e-03
3.0000000000000027e-03 -1.1999999999999997e-02 4.0000000000000001e-03  1.3292927044025109e-03
3.0000000000000027e-03 -8.9999999999999941e-03 4.0000000000000001e-03  1.3161651483557173e-03
3.0000000000000027e-03 -5.9999999999999984e-03 4.0000000000000001e-03  1.3048875954073209e-03
3.0000000000000027e-03 -2.9999999999999957e-03 4.0000000000000001e-03  1.2954769988817161e-03
3.0000000000000027e-03 0.0000000000000000e+00 4.0000000000000001e-03  1.2879518333386822e-03
3.0000000000000027e-03 3.0000000000000027e-03 4.0000000000000001e-03  1.2823320945733793e-03
3.0000000000000027e-03 6.0000000000000053e-03 4.0000000000000001e-03  1.2802026325587207e-03
3.0000000000000027e-03 9.0000000000000011e-03 4.0000000000000001e-03  1.2862859201673419e-03
3.0000000000000027e-03 1.2000000000000004e-02 4.0000000000000001e-03  1.2984808821523630e-03
3.0000000000000027e-03 1.4999999999999999e-02 4.0000000000000001e-03  1.3109234634210180e-03
3.0000000000000027e-03 1.8000000000000002e-02 4.0000000000000001e-03  1.3236060043287079e-03
3.0000000000000027e-03 2.1000000000000005e-02 4.0000000000000001e-03  1.3365263111097844e-03
3.0000000000000027e-03 2.4000000000000007e-02 4.0000000000000001e-03  1.3429683096867532e-03
3.0000000000000027e-03 2.7000000000000010e-02 4.0000000000000001e-03  1.3553238330211660e-03
3.0000000000000027e-03 2.9999999999999999e-02 4.0000000000000001e-03  1.3818218215525390e-03
3.0000000000000027e-03 3.3000000000000002e-02 4.0000000000000001e-03  1.4243511921961031e-03
3.0000000000000027e-03 3.6000000000000004e-02 4.0000000000000001e-03  1.4831872390223212e-03
3.0000000000000027e-03 3.9000000000000007e-02 4.0000000000000001e-03  1.5590392230130251e-03
3.0000000000000027e-03 4.2000000000000010e-02 4.0000000000000001e-03  1.6526087241368439e-03
3.0000000000000027e-03 4.4999999999999998e-02 4.0000000000000001e-03  1.7554140366667838e-03
6.0000000000000053e-03 -4.4999999999999998e-02 4.0000000000000001e-03  1.9522772443319025e-03
6.0000000000000053e-03 -4.1999999999999996e-02 4.0000000000000001e-03  1.7988055358117391e-03
6.0000000000000053e-03 -3.9000000000000000e-02 4.0000000000000001e-03  1.6865992671998399e-03
6.0000000000000053e-03 -3.5999999999999997e-02 4.0000000000000001e-03  1.6068931357032228e-03
6.0000000000000053e-03 -3.3000000000000002e-02 4.0000000000000001e-03  1.5392466558981385e-03
6.0000000000000053e-03 -2.9999999999999999e-02 4.0000000000000001e-03  1.4826179330501659e-03
6.0000000000000053e-03 -2.6999999999999996e-02 4.0000000000000001e-03  1.4343421868468777e-03
6.0000000000000053e-03 -2.3999999999999997e-02 4.0000000000000001e-03  1.4026360754592732e-03
6.0000000000000053e-03 -2.0999999999999998e-02 4.0000000000000001e-03  1.3885057834860668e-03
6.0000000000000053e-03 -1.7999999999999999e-02 4.0000000000000001e-03  1.3701767843569458e-03
6.0000000000000053e-03 -1.4999999999999999e-02 4.0000000000000001e-03  1.3502304088767085e-03
6.0000000000000053e-03 -1.1999999999999997e-02 4.0000000000000001e-03  1.3334551907171804e-03
6.0000000000000053e-03 -8.9999999999999941e-03 4.0000000000000001e-03  1.3209395245546115e-03
6.0000000000000053e-03 -5.9999999999999984e-03 4.0000000000000001e-03  1.3102709015579621e-03
6.0000000000000053e-03 -2.9999999999999957e-03 4.0000000000000001e-03  1.3014660687161801e-03
6.0000000000000053e-03 0.0000000000000000e+00 4.0000000000000001e-03  1.2945432942535946e-03
6.0000000000000053e-03 3.0000000000000027e-03 4.0000000000000001e-03  1.2895223676299180e-03
6.0000000000000053e-03 6.0000000000000053e-03 4.0000000000000001e-03  1.2872041942438013e-03
6.0000000000000053e-03 9.0000000000000011e-03 4.0000000000000001e-03  1.2950046709006735e-03
6.0000000000000053e-03 1.2000000000000004e-02 4.0000000000000001e-03  1.3061539578639370e-03
6.0000000000000053e-03 1.4999999999999999e-02 4.0000000000000001e-03  1.3175485051744563e-03
6.0000000000000053e-03 1.8000000000000002e-02 4.0000000000000001e-03  1.3291811830784606e-03
6.0000000000000053e-03 2.1000000000000005e-02 4.0000000000000001e-03  1.3409745254821309e-03
6.0000000000000053e-03 2.4000000000000007e-02 4.0000000000000001e-03  1.3526860817074009e-03
6.0000000000000053e-03 2.7000000000000010e-02 4.0000000000000001e-03  1.3595071411745174e-03
6.0000000000000053e-03 2.9999999999999999e-02 4.0000000000000001e-03  1.3809173389108362e-03
6.0000000000000053e-03 3.3000000000000002e-02 4.0000000000000001e-03  1.4176555103251767e-03
6.0000000000000053e-03 3.6000000000000004e-02 4.0000000000000001e-03  1.4704528098131479e-03
6.0000000000000053e-03 3.9000000000000007e-02 4.0000000000000001e-03  1.5398482572592906e-03
6.0000000000000053e-03 4.2000000000000010e-02 4.0000000000000001e-03  1.6210844554758338e-03
6.0000000000000053e-03 4.4999999999999998e-02 4.0000000000000001e-03  1.7346566847750934e-03
9.0000000000000011e-03 -4.4999999999999998e-02 4.0000000000000001e-03  1.9542869548347052e-03
9.0000000000000011e-03 -4.1999999999999996e-02 4.0000000000000001e-03  1.7987755059814359e-03
9.0000000000000011e-03 -3.9000000000000000e-02 4.0000000000000001e-03  1.6906427961006678e-03
9.0000000000000011e-03 -3.5999999999999997e-02 4.0000000000000001e-03  1.6085606956895858e-03
9.0000000000000011e-03 -3.3000000000000002e-02 4.0000000000000001e-03  1.5380482404639055e-03
9.0000000000000011e-03 -2.9999999999999999e-02 4.0000000000000001e-03  1.4788016884561270e-03
9.0000000000000011e-03 -2.6999999999999996e-02 4.0000000000000001e-03  1.4375099984779731e-03
9.0000000000000011e-03 -2.3999999999999997e-02 4.0000000000000001e-03  1.4027735994051134e-03
9.0000000000000011e-03 -2.0999999999999998e-02 4.0000000000000001e-03  1.3901689827267114e-03
9.0000000000000011e-03 -1.7999999999999999e-02 4.0000000000000001e-03  1.3751797779462567e-03
9.0000000000000011e-03 -1.4999999999999999e-02 4.0000000000000001e-03  1.3583280357507257e-03
9.0000000000000011e-03 -1.1999999999999997e-02 4.0000000000000001e-03  1.3409698292164919e-03
9.0000000000000011e-03 -8.9999999999999941e-03 4.0000000000000001e-03  1.3290667071802190e-03
9.0000000000000011e-03 -5.9999999999999984e-03 4.0000000000000001e-03  1.3190079696434988e-03
9.0000000000000011e-03 -2.9999999999999957e-03 4.0000000000000001e-03  1.3108101572598294e-03
9.0000000000000011e-03 0.0000000000000000e+00 4.0000000000000001e-03  1.3044913319180996e-03
9.0000000000000011e-03 3.0000000000000027e-03 4.0000000000000001e-03  1.3000710767425677e-03
9.0000000000000011e-03 6.0000000000000053e-03 4.0000000000000001e-03  1.2977822052183006e-03
9.0000000000000011e-03 9.0000000000000011e-03 4.0000000000000001e-03  1.3067465009416017e-03
9.0000000000000011e-03 1.2000000000000004e-02 4.0000000000000001e-03  1.3166390382558465e-03
9.0000000000000011e-03 1.4999999999999999e-02 4.0000000000000001e-03  1.3266828531683678e-03
9.0000000000000011e-03 1.8000000000000002e-02 4.0000000000000001e-03  1.3371057990071307e-03
9.0000000000000011e-03 2.1000000000000005e-02 4.0000000000000001e-03  1.3479044422077659e-03
9.0000000000000011e-03 2.4000000000000007e-02 4.0000000000000001e-03  1.3590824592329613e-03
9.0000000000000011e-03 2.7000000000000010e-02 4.0000000000000001e-03  1.3674291901515545e-03
9.0000000000000011e-03 2.9999999999999999e-02 4.0000000000000001e-03  1.3833985086180829e-03
9.0000000000000011e-03 3.3000000000000002e-02 4.0000000000000001e-03  1.4144186545691770e-03
9.0000000000000011e-03 3.6000000000000004e-02 4.0000000000000001e-03  1.4637790021165438e-03
9.0000000000000011e-03 3.9000000000000007e-02 4.0000000000000001e-03  1.5253785536062617e-03
9.0000000000000011e-03 4.2000000000000010e-02 4.0000000000000001e-03  1.6099659027029299e-03
9.0000000000000011e-03 4.4999999999999998e-02 4.0000000000000001e-03  1.7340532572816460e-03
1.2000000000000004e-02 -4.4999999999999998e-02 4.0000000000000001e-03  1.9486565284470335e-03
1.2000000000000004e-02 -4.1999999999999996e-02 4.0000000000000001e-03  1.7928043406343728e-03
1.2000000000000004e-02 -3.9000000000000000e-02 4.0000000000000001e-03  1.6954709994044424e-03
1.2000000000000004e-02 -3.5999999999999997e-02 4.0000000000000001e-03  1.6101955641157845e-03
1.2000000000000004e-02 -3.3000000000000002e-02 4.0000000000000001e-03  1.5367771071935277e-03
1.2000000000000004e-02 -2.9999999999999999e-02 4.0000000000000001e-03  1.4940085580380433e-03
1.2000000000000004e-02 -2.6999999999999996e-02 4.0000000000000001e-03  1.4576033158282752e-03
1.2000000000000004e-02 -2.3999999999999997e-02 4.0000000000000001e-03  1.4244177380061172e-03
1.2000000000000004e-02 -2.0999999999999998e-02 4.0000000000000001e-03  1.3926064857314169e-03
1.2000000000000004e-02 -1.7999999999999999e-02 4.0000000000000001e-03  1.3823767596796144e-03
1.2000000000000004e-02 -1.4999999999999999e-02 4.0000000000000001e-03  1.3686086244612823e-03
1.2000000000000004e-02 -1.1999999999999997e-02 4.0000000000000001e-03  1.3520976399128135e-03
1.2000000000000004e-02 -8.9999999999999941e-03 4.0000000000000001e-03  1.3405441002188271e-03
1.2000000000000004e-02 -5.9999999999999984e-03 4.0000000000000001e-03  1.3310962969959872e-03
1.2000000000000004e-02 -2.9999999999999957e-03 4.0000000000000001e-03  1.3235068551905038e-03
1.2000000000000004e-02 0.0000000000000000e+00 4.0000000000000001e-03  1.3177936303558064e-03
1.2000000000000004e-02 3.0000000000000027e-03 4.0000000000000001e-03  1.3139759992807109e-03
1.2000000000000004e-02 6.0000000000000053e-03 4.0000000000000001e-03  1.3118186683259054e-03
1.2000000000000004e-02 9.0000000000000011e-03 4.0000000000000001e-03  1.3201726417206132e-03
1.2000000000000004e-02 1.2000000000000004e-02 4.0000000000000001e-03  1.3289243042155544e-03
1.2000000000000004e-02 1.4999999999999999e-02 4.0000000000000001e-03  1.3380580761741449e-03
1.2000000000000004e-02 1.8000000000000002e-02 4.0000000000000001e-03  1.3475654879868456e-03
1.2000000000000004e-02 2.1000000000000005e-02 4.0000000000000001e-03  1.3574451800711597e-03
1.2000000000000004e-02 2.4000000000000007e-02 4.0000000000000001e-03  1.3677029028716444e-03
1.2000000000000004e-02 2.7000000000000010e-02 4.0000000000000001e-03  1.3783515168599061e-03
1.2000000000000004e-02 2.9999999999999999e-02 4.0000000000000001e-03  1.3892449499029302e-03
1.2000000000000004e-02 3.3000000000000002e-02 4.0000000000000001e-03  1.4236448845229466e-03
1.2000000000000004e-02 3.6000000000000004e-02 4.0000000000000001e-03  1.4669084403999319e-03
1.2000000000000004e-02 3.9000000000000007e-02 4.0000000000000001e-03  1.5254488812325923e-03
1.2000000000000004e-02 4.2000000000000010e-02 4.0000000000000001e-03  1.6168334450416433e-03
1.2000000000000004e-02 4.4999999999999998e-02 4.0000000000000001e-03  1.7385738589215287e-03
1.4999999999999999e-02 -4.4999999999999998e-02 4.0000000000000001e-03  1.9355327668362237e-03
1.4999999999999999e-02 -4.1999999999999996e-02 4.0000000000000001e-03  1.8011954321736257e-03
1.4999999999999999e-02 -3.9000000000000000e-02 4.0000000000000001e-03  1.7002842428680762e-03
1.4999999999999999e-02 -3.5999999999999997e-02 4.0000000000000001e-03  1.6208133818614065e-03
1.4999999999999999e-02 -3.3000000000000002e-02 4.0000000000000001e-03  1.5721927495253726e-03
1.4999999999999999e-02 -2.9999999999999999e-02 4.0000000000000001e-03  1.5274792372306782e-03
1.4999999999999999e-02 -2.6999999999999996e-02 4.0000000000000001e-03  1.4801645226833512e-03
1.4999999999999999e-02 -2.3999999999999997e-02 4.0000000000000001e-03  1.4307113677260242e-03
1.4999999999999999e-02 -2.0999999999999998e-02 4.0000000000000001e-03  1.3959193177973382e-03
1.4999999999999999e-02 -1.7999999999999999e-02 4.0000000000000001e-03  1.3892029777406499e-03
1.4999999999999999e-02 -1.4999999999999999e-02 4.0000000000000001e-03  1.3810775329876647e-03
1.4999999999999999e-02 -1.1999999999999997e-02 4.0000000000000001e-03  1.3676551209852810e-03
1.4999999999999999e-02 -8.9999999999999941e-03 4.0000000000000001e-03  1.3553693055227318e-03
1.4999999999999999e-02 -5.9999999999999984e-03 4.0000000000000001e-03  1.3465335788134978e-03
1.4999999999999999e-02 -2.9999999999999957e-03 4.0000000000000001e-03  1.3395539510520315e-03
1.4999999999999999e-02 0.0000000000000000e+00 4.0000000000000001e-03  1.3327161606870609e-03
1.4999999999999999e-02 3.0000000000000027e-03 4.0000000000000001e-03  1.3254796932047506e-03
1.4999999999999999e-02 6.0000000000000053e-03 4.0000000000000001e-03  1.3285363024348250e-03
1.4999999999999999e-02 9.0000000000000011e-03 4.0000000000000001e-03  1.3359903545370508e-03
1.4999999999999999e-02 1.2000000000000004e-02 4.0000000000000001e-03  1.3438333765657543e-03
1.4999999999999999e-02 1.4999999999999999e-02 4.0000000000000001e-03  1.3520518628662144e-03
1.4999999999999999e-02 1.8000000000000002e-02 4.0000000000000001e-03  1.3606394178107611e-03
1.4999999999999999e-02 2.1000000000000005e-02 4.0000000000000001e-03  1.3695967557987797e-03
1.4999999999999999e-02 2.4000000000000007e-02 4.0000000000000001e-03  1.3789317012566961e-03
1.4999999999999999e-02 2.7000000000000010e-02 4.0000000000000001e-03  1.3876436533896295e-03
1.4999999999999999e-02 2.9999999999999999e-02 4.0000000000000001e-03  1.4147794429545401e-03
1.4999999999999999e-02 3.3000000000000002e-02 4.0000000000000001e-03  1.4441654688200926e-03
1.4999999999999999e-02 3.6000000000000004e-02 4.0000000000000001e-03  1.4796187280340604e-03
1.4999999999999999e-02 3.9000000000000007e-02 4.0000000000000001e-03  1.5399572788796852e-03
1.4999999999999999e-02 4.2000000000000010e-02 4.0000000000000001e-03  1.6288608704870262e-03
1.4999999999999999e-02 4.4999999999999998e-02 4.0000000000000001e-03  1.7482244554639626e-03
1.8000000000000002e-02 -4.4999999999999998e-02 4.0000000000000001e-03  1.9270014795500848e-03
1.8000000000000002e-02 -4.1999999999999996e-02 4.0000000000000001e-03  1.8095882360050582e-03
1.8000000000000002e-02 -3.9000000000000000e-02 4.0000000000000001e-03  1.7319415969220902e-03
1.8000000000000002e-02 -3.5999999999999997e-02 4.0000000000000001e-03  1.6737979631243293e-03
1.8000000000000002e-02 -3.3000000000000002e-02 4.0000000000000001e-03  1.6090131048878825e-03
1.8000000000000002e-02 -2.9999999999999999e-02 4.0000000000000001e-03  1.5458085788911716e-03
1.8000000000000002e-02 -2.6999999999999996e-02 4.0000000000000001e-03  1.4903809142975579e-03
1.8000000000000002e-02 -2.3999999999999997e-02 4.0000000000000001e-03  1.4418948924859786e-03
1.8000000000000002e-02 -2.0999999999999998e-02 4.0000000000000001e-03  1.4133850408785816e-03
1.8000000000000002e-02 -1.7999999999999999e-02 4.0000000000000001e-03  1.4031564789548441e-03
1.8000000000000002e-02 -1.4999999999999999e-02 4.0000000000000001e-03  1.3936794668993524e-03
1.8000000000000002e-02 -1.1999999999999997e-02 4.0000000000000001e-03  1.3849511007728420e-03
1.8000000000000002e-02 -8.9999999999999941e-03 4.0000000000000001e-03  1.3735401228102339e-03
1.8000000000000002e-02 -5.9999999999999984e-03 4.0000000000000001e-03  1.3647399058104846e-03
1.8000000000000002e-02 -2.9999999999999957e-03 4.0000000000000001e-03  1.3547137188329162e-03
1.8000000000000002e-02 0.0000000000000000e+00 4.0000000000000001e-03  1.3457957616425415e-03
1.8000000000000002e-02 3.0000000000000027e-03 4.0000000000000001e-03  1.3426783018437595e-03
1.8000000000000002e-02 6.0000000000000053e-03 4.0000000000000001e-03  1.3478930483179429e-03
1.8000000000000002e-02 9.0000000000000011e-03 4.0000000000000001e-03  1.3544396758458721e-03
1.8000000000000002e-02 1.2000000000000004e-02 4.0000000000000001e-03  1.3613674739886277e-03
1.8000000000000002e-02 1.4999999999999999e-02 4.0000000000000001e-03  1.3686650110733632e-03
1.8000000000000002e-02 1.8000000000000002e-02 4.0000000000000001e-03  1.3748990561116190e-03
1.8000000000000002e-02 2.1000000000000005e-02 4.0000000000000001e-03  1.3811217839320034e-03
1.8000000000000002e-02 2.4000000000000007e-02 4.0000000000000001e-03  1.3876869490267547e-03
1.8000000000000002e-02 2.7000000000000010e-02 4.0000000000000001e-03  1.3982988939900075e-03
1.8000000000000002e-02 2.9999999999999999e-02 4.0000000000000001e-03  1.4299236981511730e-03
1.8000000000000002e-02 3.3000000000000002e-02 4.0000000000000001e-03  1.4695945194614091e-03
1.8000000000000002e-02 3.6000000000000004e-02 4.0000000000000001e-03  1.5069224608658936e-03
1.8000000000000002e-02 3.9000000000000007e-02 4.0000000000000001e-03  1.5643881152032455e-03
1.8000000000000002e-02 4.2000000000000010e-02 4.0000000000000001e-03  1.6487093107704501e-03
1.8000000000000002e-02 4.4999999999999998e-02 4.0000000000000001e-03  1.7630129569596463e-03
2.1000000000000005e-02 -4.4999999999999998e-02 4.0000000000000001e-03  1.9422488982116324e-03
2.1000000000000005e-02 -4.1999999999999996e-02 4.0000000000000001e-03  1.8688809829320516e-03
2.1000000000000005e-02 -3.9000000000000000e-02 4.0000000000000001e-03  1.7828288166513414e-03
2.1000000000000005e-02 -3.5999999999999997e-02 4.0000000000000001e-03  1.7031941546831902e-03
2.1000000000000005e-02 -3.3000000000000002e-02 4.0000000000000001e-03  1.6328097555779368e-03
2.1000000000000005e-02 -2.9999999999999999e-02 4.0000000000000001e-03  1.5708401184975538e-03
2.1000000000000005e-02 -2.6999999999999996e-02 4.0000000000000001e-03  1.5164638273760559e-03
2.1000000000000005e-02 -2.3999999999999997e-02 4.0000000000000001e-03  1.4688735509195035e-03
2.1000000000000005e-02 -2.0999999999999998e-02 4.0000000000000001e-03  1.4449989187689210e-03
2.1000000000000005e-02 -1.7999999999999999e-02 4.0000000000000001e-03  1.4312509133845364e-03
2.1000000000000005e-02 -1.4999999999999999e-02 4.0000000000000001e-03  1.4182541168547560e-03
2.1000000000000005e-02 -1.1999999999999997e-02 4.0000000000000001e-03  1.4044088731671571e-03
2.1000000000000005e-02 -8.9999999999999941e-03 4.0000000000000001e-03  1.3918499556170459e-03
2.1000000000000005e-02 -5.9999999999999984e-03 4.0000000000000001e-03  1.3805439039727080e-03
2.1000000000000005e-02 -2.9999999999999957e-03 4.0000000000000001e-03  1.3699703579063524e-03
2.1000000000000005e-02 0.0000000000000000e+00 4.0000000000000001e-03  1.3605043595924153e-03
2.1000000000000005e-02 3.0000000000000027e-03 4.0000000000000001e-03  1.3645888040730082e-03
2.1000000000000005e-02 6.0000000000000053e-03 4.0000000000000001e-03  1.3698909057597590e-03
2.1000000000000005e-02 9.0000000000000011e-03 4.0000000000000001e-03  1.3738040594957657e-03
2.1000000000000005e-02 1.2000000000000004e-02 4.0000000000000001e-03  1.3773729182750742e-03
2.1000000000000005e-02 1.4999999999999999e-02 4.0000000000000001e-03  1.3812655675115122e-03
2.1000000000000005e-02 1.8000000000000002e-02 4.0000000000000001e-03  1.3854801090309044e-03
2.1000000000000005e-02 2.1000000000000005e-02 4.0000000000000001e-03  1.3900245842829076e-03
2.1000000000000005e-02 2.4000000000000007e-02 4.0000000000000001e-03  1.3962188976557720e-03
2.1000000000000005e-02 2.7000000000000010e-02 4.0000000000000001e-03  1.4195358338255656e-03
2.1000000000000005e-02 2.9999999999999999e-02 4.0000000000000001e-03  1.4613230046273433e-03
2.1000000000000005e-02 3.3000000000000002e-02 4.0000000000000001e-03  1.5017209342922777e-03
2.1000000000000005e-02 3.6000000000000004e-02 4.0000000000000001e-03  1.5407586189335105e-03
2.1000000000000005e-02 3.9000000000000007e-02 4.0000000000000001e-03  1.6000756938864766e-03
2.1000000000000005e-02 4.2000000000000010e-02 4.0000000000000001e-03  1.6840619116099045e-03
2.1000000000000005e-02 4.4999999999999998e-02 4.0000000000000001e-03  1.7948958967818807e-03
2.4000000000000007e-02 -4.4999999999999998e-02 4.0000000000000001e-03  2.0035244328089966e-03
2.4000000000000007e-02 -4.1999999999999996e-02 4.0000000000000001e-03  1.9048670189110452e-03
2.4000000000000007e-02 -3.9000000000000000e-02 4.0000000000000001e-03  1.8169801431237257e-03
2.4000000000000007e-02 -3.5999999999999997e-02 4.0000000000000001e-03  1.7390370925387841e-03
2.4000000000000007e-02 -3.3000000000000002e-02 4.0000000000000001e-03  1.6702252476573918e-03
2.4000000000000007e-02 -2.9999999999999999e-02 4.0000000000000001e-03  1.6097460823901277e-03
2.4000000000000007e-02 -2.6999999999999996e-02 4.0000000000000001e-03  1.5568151640569980e-03
2.4000000000000007e-02 -2.3999999999999997e-02 4.0000000000000001e-03  1.5106621533874313e-03
2.4000000000000007e-02 -2.0999999999999998e-02 4.0000000000000001e-03  1.4840972496601022e-03
2.4000000000000007e-02 -1.7999999999999999e-02 4.0000000000000001e-03  1.4618727712810095e-03
2.4000000000000007e-02 -1.4999999999999999e-02 4.0000000000000001e-03  1.4421500408358877e-03
2.4000000000000007e-02 -1.1999999999999997e-02 4.0000000000000001e-03  1.4249107031332592e-03
2.4000000000000007e-02 -8.9999999999999941e-03 4.0000000000000001e-03  1.4101471592847833e-03
2.4000000000000007e-02 -5.9999999999999984e-03 4.0000000000000001e-03  1.3978625667052519e-03
2.4000000000000007e-02 -2.9999999999999957e-03 4.0000000000000001e-03  1.3868529266952768e-03
2.4000000000000007e-02 0.0000000000000000e+00 4.0000000000000001e-03  1.3840695069657850e-03
2.4000000000000007e-02 3.0000000000000027e-03 4.0000000000000001e-03  1.3858885380211685e-03
2.4000000000000007e-02 6.0000000000000053e-03 4.0000000000000001e-03  1.3864600849255706e-03
2.4000000000000007e-02 9.0000000000000011e-03 4.0000000000000001e-03  1.3880320632902172e-03
2.4000000000000007e-02 1.2000000000000004e-02 4.0000000000000001e-03  1.3899317138771077e-03
2.4000000000000007e-02 1.4999999999999999e-02 4.0000000000000001e-03  1.3928505518781291e-03
2.4000000000000007e-02 1.8000000000000002e-02 4.0000000000000001e-03  1.4017920894303180e-03
2.4000000000000007e-02 2.1000000000000005e-02 4.0000000000000001e-03  1.4136132224584408e-03
2.4000000000000007e-02 2.4000000000000007e-02 4.0000000000000001e-03  1.4224675267311363e-03
2.4000000000000007e-02 2.7000000000000010e-02 4.0000000000000001e-03  1.4425992433246364e-03
2.4000000000000007e-02 2.9999999999999999e-02 4.0000000000000001e-03  1.4873239687517856e-03
2.4000000000000007e-02 3.3000000000000002e-02 4.0000000000000001e-03  1.5319859595709303e-03
2.4000000000000007e-02 3.6000000000000004e-02 4.0000000000000001e-03  1.5736132005491313e-03
2.4000000000000007e-02 3.9000000000000007e-02 4.0000000000000001e-03  1.6215889856345540e-03
2.4000000000000007e-02 4.2000000000000010e-02 4.0000000000000001e-03  1.6935106185896795e-03
2.4000000000000007e-02 4.4999999999999998e-02 4.0000000000000001e-03  1.7912603577276164e-03
2.7000000000000010e-02 -4.4999999999999998e-02 4.0000000000000001e-03  1.9987819948164877e-03
2.7000000000000010e-02 -4.1999999999999996e-02 4.0000000000000001e-03  1.9360969546649222e-03
2.7000000000000010e-02 -3.9000000000000000e-02 4.0000000000000001e-03  1.8481889126328551e-03
2.7000000000000010e-02 -3.5999999999999997e-02 4.0000000000000001e-03  1.7699088138495790e-03
2.7000000000000010e-02 -3.3000000000000002e-02 4.0000000000000001e-03  1.7004713916688491e-03
2.7000000000000010e-02 -2.9999999999999999e-02 4.0000000000000001e-03  1.6391054728538345e-03
2.7000000000000010e-02 -2.6999999999999996e-02 4.0000000000000001e-03  1.5850539775771190e-03
2.7000000000000010e-02 -2.3999999999999997e-02 4.0000000000000001e-03  1.5416460337423278e-03
2.7000000000000010e-02 -2.0999999999999998e-02 4.0000000000000001e-03  1.5146481016016346e-03
2.7000000000000010e-02 -1.7999999999999999e-02 4.0000000000000001e-03  1.4902039652585244e-03
2.7000000000000010e-02 -1.4999999999999999e-02 4.0000000000000001e-03  1.4682760899381970e-03
2.7000000000000010e-02 -1.1999999999999997e-02 4.0000000000000001e-03  1.4488376971689854e-03
2.7000000000000010e-02 -8.9999999999999941e-03 4.0000000000000001e-03  1.4318727647823488e-03
2.7000000000000010e-02 -5.9999999999999984e-03 4.0000000000000001e-03  1.4173760269128814e-03
2.7000000000000010e-02 -2.9999999999999957e-03 4.0000000000000001e-03  1.4057785614033525e-03
2.7000000000000010e-02 0.0000000000000000e+00 4.0000000000000001e-03  1.4030323553518111e-03
2.7000000000000010e-02 3.0000000000000027e-03 4.0000000000000001e-03  1.4014174603937993e-03
2.7000000000000010e-02 6.0000000000000053e-03 4.0000000000000001e-03  1.4012186505172571e-03
2.7000000000000010e-02 9.0000000000000011e-03 4.0000000000000001e-03  1.4068274855264858e-03
2.7000000000000010e-02 1.2000000000000004e-02 4.0000000000000001e-03  1.4153229728015961e-03
2.7000000000000010e-02 1.4999999999999999e-02 4.0000000000000001e-03  1.4267187412118790e-03
2.7000000000000010e-02 1.8000000000000002e-02 4.0000000000000001e-03  1.4410375860796770e-03
2.7000000000000010e-02 2.1000000000000005e-02 4.0000000000000001e-03  1.4546543746631580e-03
2.7000000000000010e-02 2.4000000000000007e-02 4.0000000000000001e-03  1.4560404515873422e-03
2.7000000000000010e-02 2.7000000000000010e-02 4.0000000000000001e-03  1.4748532644179560e-03
2.7000000000000010e-02 2.9999999999999999e-02 4.0000000000000001e-03  1.5110730857688735e-03
2.7000000000000010e-02 3.3000000000000002e-02 4.0000000000000001e-03  1.5598848429950664e-03
2.7000000000000010e-02 3.6000000000000004e-02 4.0000000000000001e-03  1.6075227340330497e-03
2.7000000000000010e-02 3.9000000000000007e-02 4.0000000000000001e-03  1.6501897097259619e-03
2.7000000000000010e-02 4.2000000000000010e-02 4.0000000000000001e-03  1.7103923602798214e-03
2.7000000000000010e-02 4.4999999999999998e-02 4.0000000000000001e-03  1.8103872774461803e-03
2.9999999999999999e-02 -4.4999999999999998e-02 4.0000000000000001e-03  2.0259911201692114e-03
2.9999999999999999e-02 -4.1999999999999996e-02 4.0000000000000001e-03  1.9088011834185504e-03
2.9999999999999999e-02 -3.9000000000000000e-02 4.0000000000000001e-03  1.8545175569853326e-03
2.9999999999999999e-02 -3.5999999999999997e-02 4.0000000000000001e-03  1.8049181892329745e-03
2.9999999999999999e-02 -3.3000000000000002e-02 4.0000000000000001e-03  1.7346923554083049e-03
2.9999999999999999e-02 -2.9999999999999999e-02 4.0000000000000001e-03  1.6723093044175052e-03
2.9999999999999999e-02 -2.6999999999999996e-02 4.0000000000000001e-03  1.6170393092857481e-03
2.9999999999999999e-02 -2.3999999999999997e-02 4.0000000000000001e-03  1.5779323170777315e-03
2.9999999999999999e-02 -2.0999999999999998e-02 4.0000000000000001e-03  1.5486638781363434e-03
2.9999999999999999e-02 -1.7999999999999999e-02 4.0000000000000001e-03  1.5219798552858084e-03
2.9999999999999999e-02 -1.4999999999999999e-02 4.0000000000000001e-03  1.4978342904711397e-03
2.9999999999999999e-02 -1.1999999999999997e-02 4.0000000000000001e-03  1.4788270764764732e-03
2.9999999999999999e-02 -8.9999999999999941e-03 4.0000000000000001e-03  1.4619510980874984e-03
2.9999999999999999e-02 -5.9999999999999984e-03 4.0000000000000001e-03  1.4461739384207088e-03
2.9999999999999999e-02 -2.9999999999999957e-03 4.0000000000000001e-03  1.4427752626234433e-03
2.9999999999999999e-02 0.0000000000000000e+00 4.0000000000000001e-03  1.4328346072589242e-03
2.9999999999999999e-02 3.0000000000000027e-03 4.0000000000000001e-03  1.4287384066871910e-03
2.9999999999999999e-02 6.0000000000000053e-03 4.0000000000000001e-03  1.4369018937511878e-03
2.9999999999999999e-02 9.0000000000000011e-03 4.0000000000000001e-03  1.4480169359889861e-03
2.9999999999999999e-02 1.2000000000000004e-02 4.0000000000000001e-03  1.4620864076824167e-03
2.9999999999999999e-02 1.4999999999999999e-02 4.0000000000000001e-03  1.4791223495663516e-03
2.9999999999999999e-02 1.8000000000000002e-02 4.0000000000000001e-03  1.4991459688287240e-03
2.9999999999999999e-02 2.1000000000000005e-02 4.0000000000000001e-03  1.4993706231095031e-03
2.9999999999999999e-02 2.4000000000000007e-02 4.0000000000000001e-03  1.5015761303952674e-03
2.9999999999999999e-02 2.7000000000000010e-02 4.0000000000000001e-03  1.5189377260128624e-03
2.9999999999999999e-02 2.9999999999999999e-02 4.0000000000000001e-03  1.5483908655817855e-03
2.9999999999999999e-02 3.3000000000000002e-02 4.0000000000000001e-03  1.5856060612567525e-03
2.9999999999999999e-02 3.6000000000000004e-02 4.0000000000000001e-03  1.6372232883193145e-03
2.9999999999999999e-02 3.9000000000000007e-02 4.0000000000000001e-03  1.6862586147218172e-03
2.9999999999999999e-02 4.2000000000000010e-02 4.0000000000000001e-03  1.7482210552255172e-03
2.9999999999999999e-02 4.4999999999999998e-02 4.0000000000000001e-03  1.8458995689755490e-03
3.3000000000000002e-02 -4.4999999999999998e-02 4.0000000000000001e-03  2.0766578300404097e-03
3.3000000000000002e-02 -4.1999999999999996e-02 4.0000000000000001e-03  1.9633309189818946e-03
3.3000000000000002e-02 -3.9000000000000000e-02 4.0000000000000001e-03  1.8624663295920578e-03
3.3000000000000002e-02 -3.5999999999999997e-02 4.0000000000000001e-03  1.7991276750241115e-03
3.3000000000000002e-02 -3.3000000000000002e-02 4.0000000000000001e-03  1.7537289221942662e-03
3.3000000000000002e-02 -2.9999999999999999e-02 4.0000000000000001e-03  1.7076413470796686e-03
3.3000000000000002e-02 -2.6999999999999996e-02 4.0000000000000001e-03  1.6528026840266334e-03
3.3000000000000002e-02 -2.3999999999999997e-02 4.0000000000000001e-03  1.6177269225210629e-03
3.3000000000000002e-02 -2.0999999999999998e-02 4.0000000000000001e-03  1.5960926778925389e-03
3.3000000000000002e-02 -1.7999999999999999e-02 4.0000000000000001e-03  1.5750690092115906e-03
3.3000000000000002e-02 -1.4999999999999999e-02 4.0000000000000001e-03  1.5527131881720275e-03
3.3000000000000002e-02 -1.1999999999999997e-02 4.0000000000000001e-03  1.5291860986381641e-03
3.3000000000000002e-02 -8.9999999999999941e-03 4.0000000000000001e-03  1.5099493016576121e-03
3.3000000000000002e-02 -5.9999999999999984e-03 4.0000000000000001e-03  1.5083093623007484e-03
3.3000000000000002e-02 -2.9999999999999957e-03 4.0000000000000001e-03  1.5012196263465261e-03
3.3000000000000002e-02 0.0000000000000000e+00 4.0000000000000001e-03  1.4877009128467199e-03
3.3000000000000002e-02 3.0000000000000027e-03 4.0000000000000001e-03  1.4776165090629502e-03
3.3000000000000002e-02 6.0000000000000053e-03 4.0000000000000001e-03  1.4915858588757452e-03
3.3000000000000002e-02 9.0000000000000011e-03 4.0000000000000001e-03  1.5085636992160391e-03
3.3000000000000002e-02 1.2000000000000004e-02 4.0000000000000001e-03  1.5285513162312428e-03
3.3000000000000002e-02 1.4999999999999999e-02 4.0000000000000001e-03  1.5515591625218132e-03
3.3000000000000002e-02 1.8000000000000002e-02 4.0000000000000001e-03  1.5560139157996212e-03
3.3000000000000002e-02 2.1000000000000005e-02 4.0000000000000001e-03  1.5567799179753809e-03
3.3000000000000002e-02 2.4000000000000007e-02 4.0000000000000001e-03  1.5599732837978874e-03
3.3000000000000002e-02 2.7000000000000010e-02 4.0000000000000001e-03  1.5758301281325793e-03
3.3000000000000002e-02 2.9999999999999999e-02 4.0000000000000001e-03  1.6024607520656433e-03
3.3000000000000002e-02 3.3000000000000002e-02 4.0000000000000001e-03  1.6093620358033321e-03
3.3000000000000002e-02 3.6000000000000004e-02 4.0000000000000001e-03  1.6842777415410385e-03
3.3000000000000002e-02 3.9000000000000007e-02 4.0000000000000001e-03  1.7450442859972294e-03
3.3000000000000002e-02 4.2000000000000010e-02 4.0000000000000001e-03  1.7939661321059259e-03
3.3000000000000002e-02 4.4999999999999998e-02 4.0000000000000001e-03  1.8898257151849086e-03
3.6000000000000004e-02 -4.4999999999999998e-02 4.0000000000000001e-03  2.1343069456832755e-03
3.6000000000000004e-02 -4.1999999999999996e-02 4.0000000000000001e-03  2.0247604170303521e-03
3.6000000000000004e-02 -3.9000000000000000e-02 4.0000000000000001e-03  1.9279183272122133e-03
3.6000000000000004e-02 -3.5999999999999997e-02 4.0000000000000001e-03  1.8414241338102252e-03
3.6000000000000004e-02 -3.3000000000000002e-02 4.0000000000000001e-03  1.7767450285580302e-03
3.6000000000000004e-02 -2.9999999999999999e-02 4.0000000000000001e-03  1.7365959421973263e-03
3.6000000000000004e-02 -2.6999999999999996e-02 4.0000000000000001e-03  1.7307884203126695e-03
3.6000000000000004e-02 -2.3999999999999997e-02 4.0000000000000001e-03  1.7062217981288553e-03
3.6000000000000004e-02 -2.0999999999999998e-02 4.0000000000000001e-03  1.6783942882800254e-03
3.6000000000000004e-02 -1.7999999999999999e-02 4.0000000000000001e-03  1.6495970052602320e-03
3.6000000000000004e-02 -1.4999999999999999e-02 4.0000000000000001e-03  1.6200776978900387e-03
3.6000000000000004e-02 -1.1999999999999997e-02 4.0000000000000001e-03  1.5989403885627678e-03
3.6000000000000004e-02 -8.9999999999999941e-03 4.0000000000000001e-03  1.5989408509541158e-03
3.6000000000000004e-02 -5.9999999999999984e-03 4.0000000000000001e-03  1.5935663366961493e-03
3.6000000000000004e-02 -2.9999999999999957e-03 4.0000000000000001e-03  1.5827897179059372e-03
3.6000000000000004e-02 0.0000000000000000e+00 4.0000000000000001e-03  1.5665974859548318e-03
3.6000000000000004e-02 3.0000000000000027e-03 4.0000000000000001e-03  1.5467366011632094e-03
3.6000000000000004e-02 6.0000000000000053e-03 4.0000000000000001e-03  1.5668726684527491e-03
3.6000000000000004e-02 9.0000000000000011e-03 4.0000000000000001e-03  1.5900617316530116e-03
3.6000000000000004e-02 1.2000000000000004e-02 4.0000000000000001e-03  1.6163034887769845e-03
3.6000000000000004e-02 1.4999999999999999e-02 4.0000000000000001e-03  1.6269841162888420e-03
3.6000000000000004e-02 1.8000000000000002e-02 4.0000000000000001e-03  1.6261002555793972e-03
3.6000000000000004e-02 2.1000000000000005e-02 4.0000000000000001e-03  1.6278434103108139e-03
3.6000000000000004e-02 2.4000000000000007e-02 4.0000000000000001e-03  1.6322105081676241e-03
3.6000000000000004e-02 2.7000000000000010e-02 4.0000000000000001e-03  1.6466043676779145e-03
3.6000000000000004e-02 2.9999999999999999e-02 4.0000000000000001e-03  1.6690464181843667e-03
3.6000000000000004e-02 3.3000000000000002e-02 4.0000000000000001e-03  1.6934686431458537e-03
3.6000000000000004e-02 3.6000000000000004e-02 4.0000000000000001e-03  1.7427826479819667e-03
3.6000000000000004e-02 3.9000000000000007e-02 4.0000000000000001e-03  1.8090053167206708e-03
3.6000000000000004e-02 4.2000000000000010e-02 4.0000000000000001e-03  1.8441208886398452e-03
3.6000000000000004e-02 4.4999999999999998e-02 4.0000000000000001e-03  1.9335265936140703e-03
3.9000000000000007e-02 -4.4999999999999998e-02 4.0000000000000001e-03  2.1996437210503811e-03
3.9000000000000007e-02 -4.1999999999999996e-02 4.0000000000000001e-03  2.0937839008158942e-03
3.9000000000000007e-02 -3.9000000000000000e-02 4.0000000000000001e-03  2.0069627662473678e-03
3.9000000000000007e-02 -3.5999999999999997e-02 4.0000000000000001e-03  1.9288075759854272e-03
3.9000000000000007e-02 -3.3000000000000002e-02 4.0000000000000001e-03  1.8513667666416090e-03
3.9000000000000007e-02 -2.9999999999999999e-02 4.0000000000000001e-03  1.8058408821533245e-03
3.9000000000000007e-02 -2.6999999999999996e-02 4.0000000000000001e-03  1.8241256886898285e-03
3.9000000000000007e-02 -2.3999999999999997e-02 4.0000000000000001e-03  1.8059653578065985e-03
3.9000000000000007e-02 -2.0999999999999998e-02 4.0000000000000001e-03  1.7713046533167059e-03
3.9000000000000007e-02 -1.7999999999999999e-02 4.0000000000000001e-03  1.7364687148284520e-03
3.9000000000000007e-02 -1.4999999999999999e-02 4.0000000000000001e-03  1.7148249730260740e-03
3.9000000000000007e-02 -1.1999999999999997e-02 4.0000000000000001e-03  1.7163381878337659e-03
3.9000000000000007e-02 -8.9999999999999941e-03 4.0000000000000001e-03  1.7125662282952796e-03
3.9000000000000007e-02 -5.9999999999999984e-03 4.0000000000000001e-03  1.7034776785585359e-03
3.9000000000000007e-02 -2.9999999999999957e-03 4.0000000000000001e-03  1.6890547420257503e-03
3.9000000000000007e-02 0.0000000000000000e+00 4.0000000000000001e-03  1.6692932413534269e-03
3.9000000000000007e-02 3.0000000000000027e-03 4.0000000000000001e-03  1.6420108682732471e-03
3.9000000000000007e-02 6.0000000000000053e-03 4.0000000000000001e-03  1.6644442836762174e-03
3.9000000000000007e-02 9.0000000000000011e-03 4.0000000000000001e-03  1.6941848283774619e-03
3.9000000000000007e-02 1.2000000000000004e-02 4.0000000000000001e-03  1.7133674904595139e-03
3.9000000000000007e-02 1.4999999999999999e-02 4.0000000000000001e-03  1.7106119948704784e-03
3.9000000000000007e-02 1.8000000000000002e-02 4.0000000000000001e-03  1.7106964885378617e-03
3.9000000000000007e-02 2.1000000000000005e-02 4.0000000000000001e-03  1.7136021268952827e-03
3.9000000000000007e-02 2.4000000000000007e-02 4.0000000000000001e-03  1.7193462756063709e-03
3.9000000000000007e-02 2.7000000000000010e-02 4.0000000000000001e-03  1.7324307384272545e-03
3.9000000000000007e-02 2.9999999999999999e-02 4.0000000000000001e-03  1.7491614396035378e-03
3.9000000000000007e-02 3.3000000000000002e-02 4.0000000000000001e-03  1.7752960236430808e-03
3.9000000000000007e-02 3.6000000000000004e-02 4.0000000000000001e-03  1.8014720264848915e-03
3.9000000000000007e-02 3.9000000000000007e-02 4.0000000000000001e-03  1.8832932818937474e-03
3.9000000000000007e-02 4.2000000000000010e-02 4.0000000000000001e-03  1.9589255255599031e-03
3.9000000000000007e-02 4.4999999999999998e-02 4.0000000000000001e-03  2.0348347138188830e-03
4.2000000000000010e-02 -4.4999999999999998e-02 4.0000000000000001e-03  2.2822869742484568e-03
4.2000000000000010e-02 -4.1999999999999996e-02 4.0000000000000001e-03  2.2021951553390148e-03
4.2000000000000010e-02 -3.9000000000000000e-02 4.0000000000000001e-03  2.1110235366504377e-03
4.2000000000000010e-02 -3.5999999999999997e-02 4.0000000000000001e-03  2.0453403821554545e-03
4.2000000000000010e-02 -3.3000000000000002e-02 4.0000000000000001e-03  1.9849349199267197e-03
4.2000000000000010e-02 -2.9999999999999999e-02 4.0000000000000001e-03  1.9287833015238581e-03
4.2000000000000010e-02 -2.6999999999999996e-02 4.0000000000000001e-03  1.9220013844964260e-03
4.2000000000000010e-02 -2.3999999999999997e-02 4.0000000000000001e-03  1.9195765023957581e-03
4.2000000000000010e-02 -2.0999999999999998e-02 4.0000000000000001e-03  1.8801162129174110e-03
4.2000000000000010e-02 -1.7999999999999999e-02 4.0000000000000001e-03  1.8591902753411300e-03
4.2000000000000010e-02 -1.4999999999999999e-02 4.0000000000000001e-03  1.8620792785936334e-03
4.2000000000000010e-02 -1.1999999999999997e-02 4.0000000000000001e-03  1.8597878921581732e-03
4.2000000000000010e-02 -8.9999999999999941e-03 4.0000000000000001e-03  1.8522804122135328e-03
4.2000000000000010e-02 -5.9999999999999984e-03 4.0000000000000001e-03  1.8395347541927806e-03
4.2000000000000010e-02 -2.9999999999999957e-03 4.0000000000000001e-03  1.8215424527832859e-03
4.2000000000000010e-02 0.0000000000000000e+00 4.0000000000000001e-03  1.7983086619267042e-03
4.2000000000000010e-02 3.0000000000000027e-03 4.0000000000000001e-03  1.7680719567319183e-03
4.2000000000000010e-02 6.0000000000000053e-03 4.0000000000000001e-03  1.7860625043723609e-03
4.2000000000000010e-02 9.0000000000000011e-03 4.0000000000000001e-03  1.8163227834451566e-03
4.2000000000000010e-02 1.2000000000000004e-02 4.0000000000000001e-03  1.8114624667629879e-03
4.2000000000000010e-02 1.4999999999999999e-02 4.0000000000000001e-03  1.8096684351742124e-03
4.2000000000000010e-02 1.8000000000000002e-02 4.0000000000000001e-03  1.8109060718615490e-03
4.2000000000000010e-02 2.1000000000000005e-02 4.0000000000000001e-03  1.8151769702377237e-03
4.2000000000000010e-02 2.4000000000000007e-02 4.0000000000000001e-03  1.8225189339454752e-03
4.2000000000000010e-02 2.7000000000000010e-02 4.0000000000000001e-03  1.8345759310365534e-03
4.2000000000000010e-02 2.9999999999999999e-02 4.0000000000000001e-03  1.8469616076270761e-03
4.2000000000000010e-02 3.3000000000000002e-02 4.0000000000000001e-03  1.8573476737463012e-03
4.2000000000000010e-02 3.6000000000000004e-02 4.0000000000000001e-03  1.9132310048037360e-03
4.2000000000000010e-02 3.9000000000000007e-02 4.0000000000000001e-03  1.9974823430471507e-03
4.2000000000000010e-02 4.2000000000000010e-02 4.0000000000000001e-03  2.0979189442106262e-03
4.2000000000000010e-02 4.4999999999999998e-02 4.0000000000000001e-03  2.1274079570448821e-03
4.4999999999999998e-02 -4.4999999999999998e-02 4.0000000000000001e-03  2.4092122670711100e-03
4.4999999999999998e-02 -4.1999999999999996e-02 4.0000000000000001e-03  2.3302296410893501e-03
4.4999999999999998e-02 -3.9000000000000000e-02 4.0000000000000001e-03  2.2603417927985424e-03
4.4999999999999998e-02 -3.5999999999999997e-02 4.0000000000000001e-03  2.1978759925188975e-03
4.4999999999999998e-02 -3.3000000000000002e-02 4.0000000000000001e-03  2.1414177062450343e-03
4.4999999999999998e-02 -2.9999999999999999e-02 4.0000000000000001e-03  2.0898105956459459e-03
4.4999999999999998e-02 -2.6999999999999996e-02 4.0000000000000001e-03  2.0421565180650343e-03
4.4999999999999998e-02 -2.3999999999999997e-02 4.0000000000000001e-03  2.0526915000995951e-03
4.4999999999999998e-02 -2.0999999999999998e-02 4.0000000000000001e-03  2.0335329622052441e-03
4.4999999999999998e-02 -1.7999999999999999e-02 4.0000000000000001e-03  2.0376514752913476e-03
4.4999999999999998e-02 -1.4999999999999999e-02 4.0000000000000001e-03  2.0367093657027895e-03
4.4999999999999998e-02 -1.1999999999999997e-02 4.0000000000000001e-03  2.0306666416492125e-03
4.4999999999999998e-02 -8.9999999999999941e-03 4.0000000000000001e-03  2.0194969305945398e-03
4.4999999999999998e-02 -5.9999999999999984e-03 4.0000000000000001e-03  2.0031874792570013e-03
4.4999999999999998e-02 -2.9999999999999957e-03 4.0000000000000001e-03  1.9817391536091108e-03
4.4999999999999998e-02 0.0000000000000000e+00 4.0000000000000001e-03  1.9551664388776781e-03
4.4999999999999998e-02 3.0000000000000027e-03 4.0000000000000001e-03  1.9234974395438073e-03
4.4999999999999998e-02 6.0000000000000053e-03 4.0000000000000001e-03  1.9335689689995773e-03
4.4999999999999998e-02 9.0000000000000011e-03 4.0000000000000001e-03  1.9298714814224677e-03
4.4999999999999998e-02 1.2000000000000004e-02 4.0000000000000001e-03  1.9259676461662418e-03
4.4999999999999998e-02 1.4999999999999999e-02 4.0000000000000001e-03  1.9253193247936290e-03
4.4999999999999998e-02 1.8000000000000002e-02 4.0000000000000001e-03  1.9279123384664484e-03
4.4999999999999998e-02 2.1000000000000005e-02 4.0000000000000001e-03  1.9337687185765372e-03
4.4999999999999998e-02 2.4000000000000007e-02 4.0000000000000001e-03  1.9429467067457417e-03
4.4999999999999998e-02 2.7000000000000010e-02 4.0000000000000001e-03  1.9544030330393555e-03
4.4999999999999998e-02 2.9999999999999999e-02 4.0000000000000001e-03  1.9525647495757942e-03
4.4999999999999998e-02 3.3000000000000002e-02 4.0000000000000001e-03  2.0350101284534053e-03
4.4999999999999998e-02 3.6000000000000004e-02 4.0000000000000001e-03  2.1058998044548183e-03
4.4999999999999998e-02 3.9000000000000007e-02 4.0000000000000001e-03  2.1489798831765519e-03
4.4999999999999998e-02 4.2000000000000010e-02 4.0000000000000001e-03  2.2477504647276324e-03
4.4999999999999998e-02 4.4999999999999998e-02 4.0000000000000001e-03  2.2583726423053372e-03
