Grid Output Min: [-45mm -45mm 4mm] Max: [45mm 45mm 4mm] Grid Size: [3mm 3mm 0mm]
X, Y, Z, Scalar data "Mag_B"
-4.4999999999999998e-002 -4.4999999999999998e-002 4.0000000000000001e-003  2.3892140077105173e-003
-4.4999999999999998e-002 -4.1999999999999996e-002 4.0000000000000001e-003  2.3296967713697611e-003
-4.4999999999999998e-002 -3.9000000000000000e-002 4.0000000000000001e-003  2.1927017268699614e-003
-4.4999999999999998e-002 -3.5999999999999997e-002 4.0000000000000001e-003  2.1013923182877222e-003
-4.4999999999999998e-002 -3.3000000000000002e-002 4.0000000000000001e-003  2.0404254653950482e-003
-4.4999999999999998e-002 -2.9999999999999999e-002 4.0000000000000001e-003  1.9921911673496042e-003
-4.4999999999999998e-002 -2.6999999999999996e-002 4.0000000000000001e-003  1.9561178446427848e-003
-4.4999999999999998e-002 -2.3999999999999997e-002 4.0000000000000001e-003  1.9317315399777536e-003
-4.4999999999999998e-002 -2.0999999999999998e-002 4.0000000000000001e-003  1.9268724301277080e-003
-4.4999999999999998e-002 -1.7999999999999999e-002 4.0000000000000001e-003  1.8936956498877575e-003
-4.4999999999999998e-002 -1.4999999999999999e-002 4.0000000000000001e-003  1.9065768519125610e-003
-4.4999999999999998e-002 -1.1999999999999997e-002 4.0000000000000001e-003  1.9047614717572694e-003
-4.4999999999999998e-002 -8.9999999999999941e-003 4.0000000000000001e-003  1.8784782303144037e-003
-4.4999999999999998e-002 -5.9999999999999984e-003 4.0000000000000001e-003  1.8981267655994757e-003
-4.4999999999999998e-002 -2.9999999999999957e-003 4.0000000000000001e-003  1.8571686252710391e-003
-4.4999999999999998e-002 0.0000000000000000e+000 4.0000000000000001e-003  1.8080385604885602e-003
-4.4999999999999998e-002 3.0000000000000027e-003 4.0000000000000001e-003  1.8339861770863357e-003
-4.4999999999999998e-002 6.0000000000000053e-003 4.0000000000000001e-003  1.8908860124307763e-003
-4.4999999999999998e-002 9.0000000000000011e-003 4.0000000000000001e-003  1.9251279979665950e-003
-4.4999999999999998e-002 1.2000000000000004e-002 4.0000000000000001e-003  1.9452515661547991e-003
-4.4999999999999998e-002 1.4999999999999999e-002 4.0000000000000001e-003  1.9612619061114239e-003
-4.4999999999999998e-002 1.8000000000000002e-002 4.0000000000000001e-003  1.9538142968837241e-003
-4.4999999999999998e-002 2.1000000000000005e-002 4.0000000000000001e-003  1.8858520708658231e-003
-4.4999999999999998e-002 2.4000000000000007e-002 4.0000000000000001e-003  1.8512591725271435e-003
-4.4999999999999998e-002 2.7000000000000010e-002 4.0000000000000001e-003  1.8765050885227888e-003
-4.4999999999999998e-002 2.9999999999999999e-002 4.0000000000000001e-003  1.9308495540392170e-003
-4.4999999999999998e-002 3.3000000000000002e-002 4.0000000000000001e-003  1.9781231377358041e-003
-4.4999999999999998e-002 3.6000000000000004e-002 4.0000000000000001e-003  2.0182962292881754e-003
-4.4999999999999998e-002 3.9000000000000007e-002 4.0000000000000001e-003  2.0515809542578848e-003
-4.4999999999999998e-002 4.2000000000000010e-002 4.0000000000000001e-003  2.0985536226558058e-003
-4.4999999999999998e-002 4.4999999999999998e-002 4.0000000000000001e-003  2.2077037488859117e-003
-4.1999999999999996e-002 -4.4999999999999998e-002 4.0000000000000001e-003  2.3516511763663288e-003
-4.1999999999999996e-002 -4.1999999999999996e-002 4.0000000000000001e-003  2.1273590743085499e-003
-4.1999999999999996e-002 -3.9000000000000000e-002 4.0000000000000001e-003  2.0768499805280420e-003
-4.1999999999999996e-002 -3.5999999999999997e-002 4.0000000000000001e-003  1.9667978810628040e-003
-4.1999999999999996e-002 -3.3000000000000002e-002 4.0000000000000001e-003  1.9143053373354797e-003
-4.1999999999999996e-002 -2.9999999999999999e-002 4.0000000000000001e-003  1.8743777469582548e-003
-4.1999999999999996e-002 -2.6999999999999996e-002 4.0000000000000001e-003  1.8464577516692398e-003
-4.1999999999999996e-002 -2.3999999999999997e-002 4.0000000000000001e-003  1.8336607852314003e-003
-4.1999999999999996e-002 -2.0999999999999998e-002 4.0000000000000001e-003  1.8184931397656804e-003
-4.1999999999999996e-002 -1.7999999999999999e-002 4.0000000000000001e-003  1.7856941239209221e-003
-4.1999999999999996e-002 -1.4999999999999999e-002 4.0000000000000001e-003  1.7667933322548376e-003
-4.1999999999999996e-002 -1.1999999999999997e-002 4.0000000000000001e-003  1.7611742363055410e-003
-4.1999999999999996e-002 -8.9999999999999941e-003 4.0000000000000001e-003  1.7200296286418199e-003
-4.1999999999999996e-002 -5.9999999999999984e-003 4.0000000000000001e-003  1.7451866837828298e-003
-4.1999999999999996e-002 -2.9999999999999957e-003 4.0000000000000001e-003  1.7067198660074693e-003
-4.1999999999999996e-002 0.0000000000000000e+000 4.0000000000000001e-003  1.7021024585836175e-003
-4.1999999999999996e-002 3.0000000000000027e-003 4.0000000000000001e-003  1.7342728737872420e-003
-4.1999999999999996e-002 6.0000000000000053e-003 4.0000000000000001e-003  1.7562132550698031e-003
-4.1999999999999996e-002 9.0000000000000011e-003 4.0000000000000001e-003  1.7543397712987835e-003
-4.1999999999999996e-002 1.2000000000000004e-002 4.0000000000000001e-003  1.7283118499221929e-003
-4.1999999999999996e-002 1.4999999999999999e-002 4.0000000000000001e-003  1.7741182191190609e-003
-4.1999999999999996e-002 1.8000000000000002e-002 4.0000000000000001e-003  1.7984927133123279e-003
-4.1999999999999996e-002 2.1000000000000005e-002 4.0000000000000001e-003  1.7617194963013766e-003
-4.1999999999999996e-002 2.4000000000000007e-002 4.0000000000000001e-003  1.7431381477907867e-003
-4.1999999999999996e-002 2.7000000000000010e-002 4.0000000000000001e-003  1.7564675910417915e-003
-4.1999999999999996e-002 2.9999999999999999e-002 4.0000000000000001e-003  1.7972883350023444e-003
-4.1999999999999996e-002 3.3000000000000002e-002 4.0000000000000001e-003  1.8417334498419921e-003
-4.1999999999999996e-002 3.6000000000000004e-002 4.0000000000000001e-003  1.8789020532066030e-003
-4.1999999999999996e-002 3.9000000000000007e-002 4.0000000000000001e-003  1.9090059220605174e-003
-4.1999999999999996e-002 4.2000000000000010e-002 4.0000000000000001e-003  1.9813329763857931e-003
-4.1999999999999996e-002 4.4999999999999998e-002 4.0000000000000001e-003  2.0874673927174119e-003
-3.9000000000000000e-002 -4.4999999999999998e-002 4.0000000000000001e-003  2.2297161988052883e-003
-3.9000000000000000e-002 -4.1999999999999996e-002 4.0000000000000001e-003  2.1033791280784318e-003
-3.9000000000000000e-002 -3.9000000000000000e-002 4.0000000000000001e-003  1.9598816592615526e-003
-3.9000000000000000e-002 -3.5999999999999997e-002 4.0000000000000001e-003  1.8892267020221302e-003
-3.9000000000000000e-002 -3.3000000000000002e-002 4.0000000000000001e-003  1.8191430866949653e-003
-3.9000000000000000e-002 -2.9999999999999999e-002 4.0000000000000001e-003  1.7872941488038772e-003
-3.9000000000000000e-002 -2.6999999999999996e-002 4.0000000000000001e-003  1.7677641832291736e-003
-3.9000000000000000e-002 -2.3999999999999997e-002 4.0000000000000001e-003  1.7584305976626963e-003
-3.9000000000000000e-002 -2.0999999999999998e-002 4.0000000000000001e-003  1.7330964051480678e-003
-3.9000000000000000e-002 -1.7999999999999999e-002 4.0000000000000001e-003  1.7009929529099746e-003
-3.9000000000000000e-002 -1.4999999999999999e-002 4.0000000000000001e-003  1.6722825338504610e-003
-3.9000000000000000e-002 -1.1999999999999997e-002 4.0000000000000001e-003  1.6542501936967157e-003
-3.9000000000000000e-002 -8.9999999999999941e-003 4.0000000000000001e-003  1.6442694154256790e-003
-3.9000000000000000e-002 -5.9999999999999984e-003 4.0000000000000001e-003  1.6292997884085232e-003
-3.9000000000000000e-002 -2.9999999999999957e-003 4.0000000000000001e-003  1.6214179645465145e-003
-3.9000000000000000e-002 0.0000000000000000e+000 4.0000000000000001e-003  1.6193088785872601e-003
-3.9000000000000000e-002 3.0000000000000027e-003 4.0000000000000001e-003  1.6286688450747172e-003
-3.9000000000000000e-002 6.0000000000000053e-003 4.0000000000000001e-003  1.6138419181034821e-003
-3.9000000000000000e-002 9.0000000000000011e-003 4.0000000000000001e-003  1.6039793846671115e-003
-3.9000000000000000e-002 1.2000000000000004e-002 4.0000000000000001e-003  1.6309032183453593e-003
-3.9000000000000000e-002 1.4999999999999999e-002 4.0000000000000001e-003  1.6295121981921288e-003
-3.9000000000000000e-002 1.8000000000000002e-002 4.0000000000000001e-003  1.6645157483969272e-003
-3.9000000000000000e-002 2.1000000000000005e-002 4.0000000000000001e-003  1.6606223370135445e-003
-3.9000000000000000e-002 2.4000000000000007e-002 4.0000000000000001e-003  1.6558260880118866e-003
-3.9000000000000000e-002 2.7000000000000010e-002 4.0000000000000001e-003  1.6694107250137208e-003
-3.9000000000000000e-002 2.9999999999999999e-002 4.0000000000000001e-003  1.6914820114412523e-003
-3.9000000000000000e-002 3.3000000000000002e-002 4.0000000000000001e-003  1.7309609023954111e-003
-3.9000000000000000e-002 3.6000000000000004e-002 4.0000000000000001e-003  1.7653191964473306e-003
-3.9000000000000000e-002 3.9000000000000007e-002 4.0000000000000001e-003  1.7975206477038130e-003
-3.9000000000000000e-002 4.2000000000000010e-002 4.0000000000000001e-003  1.8866924826916574e-003
-3.9000000000000000e-002 4.4999999999999998e-002 4.0000000000000001e-003  1.9899551134426796e-003
-3.5999999999999997e-002 -4.4999999999999998e-002 4.0000000000000001e-003  2.1533113269275777e-003
-3.5999999999999997e-002 -4.1999999999999996e-002 4.0000000000000001e-003  2.0204389615148589e-003
-3.5999999999999997e-002 -3.9000000000000000e-002 4.0000000000000001e-003  1.9146031752579824e-003
-3.5999999999999997e-002 -3.5999999999999997e-002 4.0000000000000001e-003  1.8341081091552390e-003
-3.5999999999999997e-002 -3.3000000000000002e-002 4.0000000000000001e-003  1.7728643908156050e-003
-3.5999999999999997e-002 -2.9999999999999999e-002 4.0000000000000001e-003  1.7278091946399318e-003
-3.5999999999999997e-002 -2.6999999999999996e-002 4.0000000000000001e-003  1.7144202557708437e-003
-3.5999999999999997e-002 -2.3999999999999997e-002 4.0000000000000001e-003  1.7011391898683792e-003
-3.5999999999999997e-002 -2.0999999999999998e-002 4.0000000000000001e-003  1.6684485078215211e-003
-3.5999999999999997e-002 -1.7999999999999999e-002 4.0000000000000001e-003  1.6372679313813004e-003
-3.5999999999999997e-002 -1.4999999999999999e-002 4.0000000000000001e-003  1.6094870179161303e-003
-3.5999999999999997e-002 -1.1999999999999997e-002 4.0000000000000001e-003  1.5837302705218438e-003
-3.5999999999999997e-002 -8.9999999999999941e-003 4.0000000000000001e-003  1.5742546938219489e-003
-3.5999999999999997e-002 -5.9999999999999984e-003 4.0000000000000001e-003  1.5630304555189485e-003
-3.5999999999999997e-002 -2.9999999999999957e-003 4.0000000000000001e-003  1.5517462057086549e-003
-3.5999999999999997e-002 0.0000000000000000e+000 4.0000000000000001e-003  1.5420875785407729e-003
-3.5999999999999997e-002 3.0000000000000027e-003 4.0000000000000001e-003  1.5140136577867455e-003
-3.5999999999999997e-002 6.0000000000000053e-003 4.0000000000000001e-003  1.5161284612640756e-003
-3.5999999999999997e-002 9.0000000000000011e-003 4.0000000000000001e-003  1.5303805085389816e-003
-3.5999999999999997e-002 1.2000000000000004e-002 4.0000000000000001e-003  1.5506550798068930e-003
-3.5999999999999997e-002 1.4999999999999999e-002 4.0000000000000001e-003  1.5559452396980162e-003
-3.5999999999999997e-002 1.8000000000000002e-002 4.0000000000000001e-003  1.5543900981126349e-003
-3.5999999999999997e-002 2.1000000000000005e-002 4.0000000000000001e-003  1.5811995832223718e-003
-3.5999999999999997e-002 2.4000000000000007e-002 4.0000000000000001e-003  1.5875693852035492e-003
-3.5999999999999997e-002 2.7000000000000010e-002 4.0000000000000001e-003  1.6013593607072229e-003
-3.5999999999999997e-002 2.9999999999999999e-002 4.0000000000000001e-003  1.6179783315569832e-003
-3.5999999999999997e-002 3.3000000000000002e-002 4.0000000000000001e-003  1.6441044332158191e-003
-3.5999999999999997e-002 3.6000000000000004e-002 4.0000000000000001e-003  1.6758459534702375e-003
-3.5999999999999997e-002 3.9000000000000007e-002 4.0000000000000001e-003  1.7269968338162233e-003
-3.5999999999999997e-002 4.2000000000000010e-002 4.0000000000000001e-003  1.8128128794448728e-003
-3.5999999999999997e-002 4.4999999999999998e-002 4.0000000000000001e-003  1.9134785774734804e-003
-3.3000000000000002e-002 -4.4999999999999998e-002 4.0000000000000001e-003  2.1107510921509242e-003
-3.3000000000000002e-002 -4.1999999999999996e-002 4.0000000000000001e-003  1.9802752539074407e-003
-3.3000000000000002e-002 -3.9000000000000000e-002 4.0000000000000001e-003  1.8770415578441839e-003
-3.3000000000000002e-002 -3.5999999999999997e-002 4.0000000000000001e-003  1.7991556614614080e-003
-3.3000000000000002e-002 -3.3000000000000002e-002 4.0000000000000001e-003  1.7472554181021302e-003
-3.3000000000000002e-002 -2.9999999999999999e-002 4.0000000000000001e-003  1.6936109207173718e-003
-3.3000000000000002e-002 -2.6999999999999996e-002 4.0000000000000001e-003  1.6786437723890584e-003
-3.3000000000000002e-002 -2.3999999999999997e-002 4.0000000000000001e-003  1.6585907954079705e-003
-3.3000000000000002e-002 -2.0999999999999998e-002 4.0000000000000001e-003  1.6245866109880444e-003
-3.3000000000000002e-002 -1.7999999999999999e-002 4.0000000000000001e-003  1.5934417013377556e-003
-3.3000000000000002e-002 -1.4999999999999999e-002 4.0000000000000001e-003  1.5657891090727933e-003
-3.3000000000000002e-002 -1.1999999999999997e-002 4.0000000000000001e-003  1.5418578496895663e-003
-3.3000000000000002e-002 -8.9999999999999941e-003 4.0000000000000001e-003  1.5254581003831670e-003
-3.3000000000000002e-002 -5.9999999999999984e-003 4.0000000000000001e-003  1.5105992181002788e-003
-3.3000000000000002e-002 -2.9999999999999957e-003 4.0000000000000001e-003  1.4958892300320767e-003
-3.3000000000000002e-002 0.0000000000000000e+000 4.0000000000000001e-003  1.4675291854905821e-003
-3.3000000000000002e-002 3.0000000000000027e-003 4.0000000000000001e-003  1.4631843148206175e-003
-3.3000000000000002e-002 6.0000000000000053e-003 4.0000000000000001e-003  1.4648425731048872e-003
-3.3000000000000002e-002 9.0000000000000011e-003 4.0000000000000001e-003  1.4725047921220142e-003
-3.3000000000000002e-002 1.2000000000000004e-002 4.0000000000000001e-003  1.4861708804528009e-003
-3.3000000000000002e-002 1.4999999999999999e-002 4.0000000000000001e-003  1.5014173461960142e-003
-3.3000000000000002e-002 1.8000000000000002e-002 4.0000000000000001e-003  1.5117228192704092e-003
-3.3000000000000002e-002 2.1000000000000005e-002 4.0000000000000001e-003  1.5219889808742637e-003
-3.3000000000000002e-002 2.4000000000000007e-002 4.0000000000000001e-003  1.5365553047881374e-003
-3.3000000000000002e-002 2.7000000000000010e-002 4.0000000000000001e-003  1.5504764475622120e-003
-3.3000000000000002e-002 2.9999999999999999e-002 4.0000000000000001e-003  1.5672633645124163e-003
-3.3000000000000002e-002 3.3000000000000002e-002 4.0000000000000001e-003  1.5855290609332498e-003
-3.3000000000000002e-002 3.6000000000000004e-002 4.0000000000000001e-003  1.6086176513703729e-003
-3.3000000000000002e-002 3.9000000000000007e-002 4.0000000000000001e-003  1.6751117532092558e-003
-3.3000000000000002e-002 4.2000000000000010e-002 4.0000000000000001e-003  1.7579999169534727e-003
-3.3000000000000002e-002 4.4999999999999998e-002 4.0000000000000001e-003  1.8564744636581608e-003
-2.9999999999999999e-002 -4.4999999999999998e-002 4.0000000000000001e-003  2.0922297637938781e-003
-2.9999999999999999e-002 -4.1999999999999996e-002 4.0000000000000001e-003  1.9595700255978709e-003
-2.9999999999999999e-002 -3.9000000000000000e-002 4.0000000000000001e-003  1.8534287237644313e-003
-2.9999999999999999e-002 -3.5999999999999997e-002 4.0000000000000001e-003  1.7717535505777020e-003
-2.9999999999999999e-002 -3.3000000000000002e-002 4.0000000000000001e-003  1.7124282341170983e-003
-2.9999999999999999e-002 -2.9999999999999999e-002 4.0000000000000001e-003  1.6647037813786610e-003
-2.9999999999999999e-002 -2.6999999999999996e-002 4.0000000000000001e-003  1.6486138626895836e-003
-2.9999999999999999e-002 -2.3999999999999997e-002 4.0000000000000001e-003  1.6230095492709552e-003
-2.9999999999999999e-002 -2.0999999999999998e-002 4.0000000000000001e-003  1.5909760362627084e-003
-2.9999999999999999e-002 -1.7999999999999999e-002 4.0000000000000001e-003  1.5589212833093961e-003
-2.9999999999999999e-002 -1.4999999999999999e-002 4.0000000000000001e-003  1.5303675096188249e-003
-2.9999999999999999e-002 -1.1999999999999997e-002 4.0000000000000001e-003  1.5078114096392591e-003
-2.9999999999999999e-002 -8.9999999999999941e-003 4.0000000000000001e-003  1.4906143094814222e-003
-2.9999999999999999e-002 -5.9999999999999984e-003 4.0000000000000001e-003  1.4724131008087217e-003
-2.9999999999999999e-002 -2.9999999999999957e-003 4.0000000000000001e-003  1.4582542761426526e-003
-2.9999999999999999e-002 0.0000000000000000e+000 4.0000000000000001e-003  1.4449077458305348e-003
-2.9999999999999999e-002 3.0000000000000027e-003 4.0000000000000001e-003  1.4340596218858487e-003
-2.9999999999999999e-002 6.0000000000000053e-003 4.0000000000000001e-003  1.4291888546550178e-003
-2.9999999999999999e-002 9.0000000000000011e-003 4.0000000000000001e-003  1.4302993153143598e-003
-2.9999999999999999e-002 1.2000000000000004e-002 4.0000000000000001e-003  1.4387485643815074e-003
-2.9999999999999999e-002 1.4999999999999999e-002 4.0000000000000001e-003  1.4658530764105691e-003
-2.9999999999999999e-002 1.8000000000000002e-002 4.0000000000000001e-003  1.4879767749971266e-003
-2.9999999999999999e-002 2.1000000000000005e-002 4.0000000000000001e-003  1.5044564455206654e-003
-2.9999999999999999e-002 2.4000000000000007e-002 4.0000000000000001e-003  1.5211526339320824e-003
-2.9999999999999999e-002 2.7000000000000010e-002 4.0000000000000001e-003  1.5416153490621905e-003
-2.9999999999999999e-002 2.9999999999999999e-002 4.0000000000000001e-003  1.5606285234750880e-003
-2.9999999999999999e-002 3.3000000000000002e-002 4.0000000000000001e-003  1.5663293311648082e-003
-2.9999999999999999e-002 3.6000000000000004e-002 4.0000000000000001e-003  1.5824793231487614e-003
-2.9999999999999999e-002 3.9000000000000007e-002 4.0000000000000001e-003  1.6401652400872227e-003
-2.9999999999999999e-002 4.2000000000000010e-002 4.0000000000000001e-003  1.7206843579620906e-003
-2.9999999999999999e-002 4.4999999999999998e-002 4.0000000000000001e-003  1.8175044632816552e-003
-2.6999999999999996e-002 -4.4999999999999998e-002 4.0000000000000001e-003  2.0451187350764479e-003
-2.6999999999999996e-002 -4.1999999999999996e-002 4.0000000000000001e-003  1.9191450458913566e-003
-2.6999999999999996e-002 -3.9000000000000000e-002 4.0000000000000001e-003  1.8177526115282219e-003
-2.6999999999999996e-002 -3.5999999999999997e-002 4.0000000000000001e-003  1.7388697781410153e-003
-2.6999999999999996e-002 -3.3000000000000002e-002 4.0000000000000001e-003  1.6829916376642246e-003
-2.6999999999999996e-002 -2.9999999999999999e-002 4.0000000000000001e-003  1.6453943558565306e-003
-2.6999999999999996e-002 -2.6999999999999996e-002 4.0000000000000001e-003  1.6147293314270447e-003
-2.6999999999999996e-002 -2.3999999999999997e-002 4.0000000000000001e-003  1.5895833117549369e-003
-2.6999999999999996e-002 -2.0999999999999998e-002 4.0000000000000001e-003  1.5605190226233242e-003
-2.6999999999999996e-002 -1.7999999999999999e-002 4.0000000000000001e-003  1.5284104575399083e-003
-2.6999999999999996e-002 -1.4999999999999999e-002 4.0000000000000001e-003  1.4989527748490632e-003
-2.6999999999999996e-002 -1.1999999999999997e-002 4.0000000000000001e-003  1.4782574013471365e-003
-2.6999999999999996e-002 -8.9999999999999941e-003 4.0000000000000001e-003  1.4602417902748034e-003
-2.6999999999999996e-002 -5.9999999999999984e-003 4.0000000000000001e-003  1.4411855441772722e-003
-2.6999999999999996e-002 -2.9999999999999957e-003 4.0000000000000001e-003  1.4302453282208150e-003
-2.6999999999999996e-002 0.0000000000000000e+000 4.0000000000000001e-003  1.4259882125277077e-003
-2.6999999999999996e-002 3.0000000000000027e-003 4.0000000000000001e-003  1.4204922616602238e-003
-2.6999999999999996e-002 6.0000000000000053e-003 4.0000000000000001e-003  1.4091278292410574e-003
-2.6999999999999996e-002 9.0000000000000011e-003 4.0000000000000001e-003  1.4037208531037300e-003
-2.6999999999999996e-002 1.2000000000000004e-002 4.0000000000000001e-003  1.4102750094864783e-003
-2.6999999999999996e-002 1.4999999999999999e-002 4.0000000000000001e-003  1.4491876633674758e-003
-2.6999999999999996e-002 1.8000000000000002e-002 4.0000000000000001e-003  1.4760709791064909e-003
-2.6999999999999996e-002 2.1000000000000005e-002 4.0000000000000001e-003  1.4925971741611311e-003
-2.6999999999999996e-002 2.4000000000000007e-002 4.0000000000000001e-003  1.5128880751060947e-003
-2.6999999999999996e-002 2.7000000000000010e-002 4.0000000000000001e-003  1.5327927325370640e-003
-2.6999999999999996e-002 2.9999999999999999e-002 4.0000000000000001e-003  1.5406564173346296e-003
-2.6999999999999996e-002 3.3000000000000002e-002 4.0000000000000001e-003  1.5558962272330687e-003
-2.6999999999999996e-002 3.6000000000000004e-002 4.0000000000000001e-003  1.5853966328662778e-003
-2.6999999999999996e-002 3.9000000000000007e-002 4.0000000000000001e-003  1.6253809463941109e-003
-2.6999999999999996e-002 4.2000000000000010e-002 4.0000000000000001e-003  1.7199238614698375e-003
-2.6999999999999996e-002 4.4999999999999998e-002 4.0000000000000001e-003  1.7952552800654827e-003
-2.3999999999999997e-002 -4.4999999999999998e-002 4.0000000000000001e-003  2.0693655125724160e-003
-2.3999999999999997e-002 -4.1999999999999996e-002 4.0000000000000001e-003  1.9004514424643120e-003
-2.3999999999999997e-002 -3.9000000000000000e-002 4.0000000000000001e-003  1.7858086878803615e-003
-2.3999999999999997e-002 -3.5999999999999997e-002 4.0000000000000001e-003  1.7122073270359158e-003
-2.3999999999999997e-002 -3.3000000000000002e-002 4.0000000000000001e-003  1.6670899107370856e-003
-2.3999999999999997e-002 -2.9999999999999999e-002 4.0000000000000001e-003  1.6258496851257781e-003
-2.3999999999999997e-002 -2.6999999999999996e-002 4.0000000000000001e-003  1.5852959388410167e-003
-2.3999999999999997e-002 -2.3999999999999997e-002 4.0000000000000001e-003  1.5582456526028320e-003
-2.3999999999999997e-002 -2.0999999999999998e-002 4.0000000000000001e-003  1.5322220382460350e-003
-2.3999999999999997e-002 -1.7999999999999999e-002 4.0000000000000001e-003  1.5022700265227007e-003
-2.3999999999999997e-002 -1.4999999999999999e-002 4.0000000000000001e-003  1.4715531525172731e-003
-2.3999999999999997e-002 -1.1999999999999997e-002 4.0000000000000001e-003  1.4531922459090506e-003
-2.3999999999999997e-002 -8.9999999999999941e-003 4.0000000000000001e-003  1.4343352351983635e-003
-2.3999999999999997e-002 -5.9999999999999984e-003 4.0000000000000001e-003  1.4144098119425626e-003
-2.3999999999999997e-002 -2.9999999999999957e-003 4.0000000000000001e-003  1.4065981535746940e-003
-2.3999999999999997e-002 0.0000000000000000e+000 4.0000000000000001e-003  1.4019191626246498e-003
-2.3999999999999997e-002 3.0000000000000027e-003 4.0000000000000001e-003  1.4001324535280755e-003
-2.3999999999999997e-002 6.0000000000000053e-003 4.0000000000000001e-003  1.4012413632189761e-003
-2.3999999999999997e-002 9.0000000000000011e-003 4.0000000000000001e-003  1.3927358755674265e-003
-2.3999999999999997e-002 1.2000000000000004e-002 4.0000000000000001e-003  1.4006805802786238e-003
-2.3999999999999997e-002 1.4999999999999999e-002 4.0000000000000001e-003  1.4388340053912399e-003
-2.3999999999999997e-002 1.8000000000000002e-002 4.0000000000000001e-003  1.4551841135048340e-003
-2.3999999999999997e-002 2.1000000000000005e-002 4.0000000000000001e-003  1.4752951489964423e-003
-2.3999999999999997e-002 2.4000000000000007e-002 4.0000000000000001e-003  1.4959649942013649e-003
-2.3999999999999997e-002 2.7000000000000010e-002 4.0000000000000001e-003  1.5060144657645662e-003
-2.3999999999999997e-002 2.9999999999999999e-002 4.0000000000000001e-003  1.5205898061326623e-003
-2.3999999999999997e-002 3.3000000000000002e-002 4.0000000000000001e-003  1.5473816901256199e-003
-2.3999999999999997e-002 3.6000000000000004e-002 4.0000000000000001e-003  1.5846185783302297e-003
-2.3999999999999997e-002 3.9000000000000007e-002 4.0000000000000001e-003  1.6325354137065784e-003
-2.3999999999999997e-002 4.2000000000000010e-002 4.0000000000000001e-003  1.6914867829977813e-003
-2.3999999999999997e-002 4.4999999999999998e-002 4.0000000000000001e-003  1.8365659647247507e-003
-2.0999999999999998e-002 -4.4999999999999998e-002 4.0000000000000001e-003  2.0957155325886257e-003
-2.0999999999999998e-002 -4.1999999999999996e-002 4.0000000000000001e-003  1.9028468126465437e-003
-2.0999999999999998e-002 -3.9000000000000000e-002 4.0000000000000001e-003  1.7732104578086377e-003
-2.0999999999999998e-002 -3.5999999999999997e-002 4.0000000000000001e-003  1.6930282835223389e-003
-2.0999999999999998e-002 -3.3000000000000002e-002 4.0000000000000001e-003  1.6501433544379577e-003
-2.0999999999999998e-002 -2.9999999999999999e-002 4.0000000000000001e-003  1.6067669127207847e-003
-2.0999999999999998e-002 -2.6999999999999996e-002 4.0000000000000001e-003  1.5654142550703800e-003
-2.0999999999999998e-002 -2.3999999999999997e-002 4.0000000000000001e-003  1.5289390835023350e-003
-2.0999999999999998e-002 -2.0999999999999998e-002 4.0000000000000001e-003  1.5060164509080509e-003
-2.0999999999999998e-002 -1.7999999999999999e-002 4.0000000000000001e-003  1.4791130861385984e-003
-2.0999999999999998e-002 -1.4999999999999999e-002 4.0000000000000001e-003  1.4506864071612510e-003
-2.0999999999999998e-002 -1.1999999999999997e-002 4.0000000000000001e-003  1.4326148546321296e-003
-2.0999999999999998e-002 -8.9999999999999941e-003 4.0000000000000001e-003  1.4128918268984498e-003
-2.0999999999999998e-002 -5.9999999999999984e-003 4.0000000000000001e-003  1.3953026106705115e-003
-2.0999999999999998e-002 -2.9999999999999957e-003 4.0000000000000001e-003  1.3873025931163546e-003
-2.0999999999999998e-002 0.0000000000000000e+000 4.0000000000000001e-003  1.3821927996092631e-003
-2.0999999999999998e-002 3.0000000000000027e-003 4.0000000000000001e-003  1.3799762996320329e-003
-2.0999999999999998e-002 6.0000000000000053e-003 4.0000000000000001e-003  1.3806564191244191e-003
-2.0999999999999998e-002 9.0000000000000011e-003 4.0000000000000001e-003  1.3842367404831443e-003
-2.0999999999999998e-002 1.2000000000000004e-002 4.0000000000000001e-003  1.3927350308452940e-003
-2.0999999999999998e-002 1.4999999999999999e-002 4.0000000000000001e-003  1.4089039899278432e-003
-2.0999999999999998e-002 1.8000000000000002e-002 4.0000000000000001e-003  1.4288281401921507e-003
-2.0999999999999998e-002 2.1000000000000005e-002 4.0000000000000001e-003  1.4501339565100948e-003
-2.0999999999999998e-002 2.4000000000000007e-002 4.0000000000000001e-003  1.4623778291359916e-003
-2.0999999999999998e-002 2.7000000000000010e-002 4.0000000000000001e-003  1.4765430636539507e-003
-2.0999999999999998e-002 2.9999999999999999e-002 4.0000000000000001e-003  1.5006175484444280e-003
-2.0999999999999998e-002 3.3000000000000002e-002 4.0000000000000001e-003  1.5350847705459852e-003
-2.0999999999999998e-002 3.6000000000000004e-002 4.0000000000000001e-003  1.5801525104777048e-003
-2.0999999999999998e-002 3.9000000000000007e-002 4.0000000000000001e-003  1.6361481925417003e-003
-2.0999999999999998e-002 4.2000000000000010e-002 4.0000000000000001e-003  1.7035188848231084e-003
-2.0999999999999998e-002 4.4999999999999998e-002 4.0000000000000001e-003  1.7828312991900977e-003
-1.7999999999999999e-002 -4.4999999999999998e-002 4.0000000000000001e-003  2.0900127045606473e-003
-1.7999999999999999e-002 -4.1999999999999996e-002 4.0000000000000001e-003  1.8876135002812314e-003
-1.7999999999999999e-002 -3.9000000000000000e-002 4.0000000000000001e-003  1.7573168832937878e-003
-1.7999999999999999e-002 -3.5999999999999997e-002 4.0000000000000001e-003  1.6805058862630487e-003
-1.7999999999999999e-002 -3.3000000000000002e-002 4.0000000000000001e-003  1.6359278689940797e-003
-1.7999999999999999e-002 -2.9999999999999999e-002 4.0000000000000001e-003  1.5908420102507814e-003
-1.7999999999999999e-002 -2.6999999999999996e-002 4.0000000000000001e-003  1.5488597270279297e-003
-1.7999999999999999e-002 -2.3999999999999997e-002 4.0000000000000001e-003  1.5123360605503494e-003
-1.7999999999999999e-002 -2.0999999999999998e-002 4.0000000000000001e-003  1.4818414776885834e-003
-1.7999999999999999e-002 -1.7999999999999999e-002 4.0000000000000001e-003  1.4580483624034031e-003
-1.7999999999999999e-002 -1.4999999999999999e-002 4.0000000000000001e-003  1.4313583101416480e-003
-1.7999999999999999e-002 -1.1999999999999997e-002 4.0000000000000001e-003  1.4142781476598873e-003
-1.7999999999999999e-002 -8.9999999999999941e-003 4.0000000000000001e-003  1.3959112382326937e-003
-1.7999999999999999e-002 -5.9999999999999984e-003 4.0000000000000001e-003  1.3807977778759377e-003
-1.7999999999999999e-002 -2.9999999999999957e-003 4.0000000000000001e-003  1.3722883985071669e-003
-1.7999999999999999e-002 0.0000000000000000e+000 4.0000000000000001e-003  1.3666571752084646e-003
-1.7999999999999999e-002 3.0000000000000027e-003 4.0000000000000001e-003  1.3643129295468836e-003
-1.7999999999999999e-002 6.0000000000000053e-003 4.0000000000000001e-003  1.3652562822109170e-003
-1.7999999999999999e-002 9.0000000000000011e-003 4.0000000000000001e-003  1.3694881074387279e-003
-1.7999999999999999e-002 1.2000000000000004e-002 4.0000000000000001e-003  1.3735840842309468e-003
-1.7999999999999999e-002 1.4999999999999999e-002 4.0000000000000001e-003  1.3734986872284952e-003
-1.7999999999999999e-002 1.8000000000000002e-002 4.0000000000000001e-003  1.3953098020966373e-003
-1.7999999999999999e-002 2.1000000000000005e-002 4.0000000000000001e-003  1.4097423947215559e-003
-1.7999999999999999e-002 2.4000000000000007e-002 4.0000000000000001e-003  1.4237569346190497e-003
-1.7999999999999999e-002 2.7000000000000010e-002 4.0000000000000001e-003  1.4451274839612481e-003
-1.7999999999999999e-002 2.9999999999999999e-002 4.0000000000000001e-003  1.4768251404963495e-003
-1.7999999999999999e-002 3.3000000000000002e-002 4.0000000000000001e-003  1.5190305223024354e-003
-1.7999999999999999e-002 3.6000000000000004e-002 4.0000000000000001e-003  1.5720438912406175e-003
-1.7999999999999999e-002 3.9000000000000007e-002 4.0000000000000001e-003  1.6362851529550305e-003
-1.7999999999999999e-002 4.2000000000000010e-002 4.0000000000000001e-003  1.7122938568728484e-003
-1.7999999999999999e-002 4.4999999999999998e-002 4.0000000000000001e-003  1.8007291962042532e-003
-1.4999999999999999e-002 -4.4999999999999998e-002 4.0000000000000001e-003  2.0151252734236283e-003
-1.4999999999999999e-002 -4.1999999999999996e-002 4.0000000000000001e-003  1.8831416234129145e-003
-1.4999999999999999e-002 -3.9000000000000000e-002 4.0000000000000001e-003  1.7480843993156405e-003
-1.4999999999999999e-002 -3.5999999999999997e-002 4.0000000000000001e-003  1.6710657657961225e-003
-1.4999999999999999e-002 -3.3000000000000002e-002 4.0000000000000001e-003  1.6248309855885627e-003
-1.4999999999999999e-002 -2.9999999999999999e-002 4.0000000000000001e-003  1.5780680982278457e-003
-1.4999999999999999e-002 -2.6999999999999996e-002 4.0000000000000001e-003  1.5356216223065479e-003
-1.4999999999999999e-002 -2.3999999999999997e-002 4.0000000000000001e-003  1.4991490171345203e-003
-1.4999999999999999e-002 -2.0999999999999998e-002 4.0000000000000001e-003  1.4648015965270866e-003
-1.4999999999999999e-002 -1.7999999999999999e-002 4.0000000000000001e-003  1.4390117777878454e-003
-1.4999999999999999e-002 -1.4999999999999999e-002 4.0000000000000001e-003  1.4145483335731149e-003
-1.4999999999999999e-002 -1.1999999999999997e-002 4.0000000000000001e-003  1.3969954184628981e-003
-1.4999999999999999e-002 -8.9999999999999941e-003 4.0000000000000001e-003  1.3793111658861983e-003
-1.4999999999999999e-002 -5.9999999999999984e-003 4.0000000000000001e-003  1.3673425099294113e-003
-1.4999999999999999e-002 -2.9999999999999957e-003 4.0000000000000001e-003  1.3586602138333397e-003
-1.4999999999999999e-002 0.0000000000000000e+000 4.0000000000000001e-003  1.3532644857755939e-003
-1.4999999999999999e-002 3.0000000000000027e-003 4.0000000000000001e-003  1.3511557874834523e-003
-1.4999999999999999e-002 6.0000000000000053e-003 4.0000000000000001e-003  1.3523348342338712e-003
-1.4999999999999999e-002 9.0000000000000011e-003 4.0000000000000001e-003  1.3568025948534879e-003
-1.4999999999999999e-002 1.2000000000000004e-002 4.0000000000000001e-003  1.3620966515756245e-003
-1.4999999999999999e-002 1.4999999999999999e-002 4.0000000000000001e-003  1.3616555114685338e-003
-1.4999999999999999e-002 1.8000000000000002e-002 4.0000000000000001e-003  1.3629757172491993e-003
-1.4999999999999999e-002 2.1000000000000005e-002 4.0000000000000001e-003  1.3692312601995076e-003
-1.4999999999999999e-002 2.4000000000000007e-002 4.0000000000000001e-003  1.3915848252957158e-003
-1.4999999999999999e-002 2.7000000000000010e-002 4.0000000000000001e-003  1.4235850376643482e-003
-1.4999999999999999e-002 2.9999999999999999e-002 4.0000000000000001e-003  1.4653168159429403e-003
-1.4999999999999999e-002 3.3000000000000002e-002 4.0000000000000001e-003  1.5169294934498296e-003
-1.4999999999999999e-002 3.6000000000000004e-002 4.0000000000000001e-003  1.5786368181841606e-003
-1.4999999999999999e-002 3.9000000000000007e-002 4.0000000000000001e-003  1.6507169528258755e-003
-1.4999999999999999e-002 4.2000000000000010e-002 4.0000000000000001e-003  1.7335124747357249e-003
-1.4999999999999999e-002 4.4999999999999998e-002 4.0000000000000001e-003  1.8274303759552497e-003
-1.1999999999999997e-002 -4.4999999999999998e-002 4.0000000000000001e-003  2.0290246337671164e-003
-1.1999999999999997e-002 -4.1999999999999996e-002 4.0000000000000001e-003  1.8684766355992605e-003
-1.1999999999999997e-002 -3.9000000000000000e-002 4.0000000000000001e-003  1.7482757954168156e-003
-1.1999999999999997e-002 -3.5999999999999997e-002 4.0000000000000001e-003  1.6647088397669697e-003
-1.1999999999999997e-002 -3.3000000000000002e-002 4.0000000000000001e-003  1.6168537462967567e-003
-1.1999999999999997e-002 -2.9999999999999999e-002 4.0000000000000001e-003  1.5684463431572811e-003
-1.1999999999999997e-002 -2.6999999999999996e-002 4.0000000000000001e-003  1.5256967812594079e-003
-1.1999999999999997e-002 -2.3999999999999997e-002 4.0000000000000001e-003  1.4892793164643691e-003
-1.1999999999999997e-002 -2.0999999999999998e-002 4.0000000000000001e-003  1.4549858049786397e-003
-1.1999999999999997e-002 -1.7999999999999999e-002 4.0000000000000001e-003  1.4228214890927924e-003
-1.1999999999999997e-002 -1.4999999999999999e-002 4.0000000000000001e-003  1.4004797581199943e-003
-1.1999999999999997e-002 -1.1999999999999997e-002 4.0000000000000001e-003  1.3821523166524792e-003
-1.1999999999999997e-002 -8.9999999999999941e-003 4.0000000000000001e-003  1.3667492973929245e-003
-1.1999999999999997e-002 -5.9999999999999984e-003 4.0000000000000001e-003  1.3550252242961792e-003
-1.1999999999999997e-002 -2.9999999999999957e-003 4.0000000000000001e-003  1.3465879821613987e-003
-1.1999999999999997e-002 0.0000000000000000e+000 4.0000000000000001e-003  1.3414378737546552e-003
-1.1999999999999997e-002 3.0000000000000027e-003 4.0000000000000001e-003  1.3395754553916998e-003
-1.1999999999999997e-002 6.0000000000000053e-003 4.0000000000000001e-003  1.3410015369379562e-003
-1.1999999999999997e-002 9.0000000000000011e-003 4.0000000000000001e-003  1.3456766704970508e-003
-1.1999999999999997e-002 1.2000000000000004e-002 4.0000000000000001e-003  1.3528460326003601e-003
-1.1999999999999997e-002 1.4999999999999999e-002 4.0000000000000001e-003  1.3534193217479824e-003
-1.1999999999999997e-002 1.8000000000000002e-002 4.0000000000000001e-003  1.3568658548642938e-003
-1.1999999999999997e-002 2.1000000000000005e-002 4.0000000000000001e-003  1.3659802099052921e-003
-1.1999999999999997e-002 2.4000000000000007e-002 4.0000000000000001e-003  1.3821796053690169e-003
-1.1999999999999997e-002 2.7000000000000010e-002 4.0000000000000001e-003  1.4150719599571615e-003
-1.1999999999999997e-002 2.9999999999999999e-002 4.0000000000000001e-003  1.4602315363961885e-003
-1.1999999999999997e-002 3.3000000000000002e-002 4.0000000000000001e-003  1.5152424959274712e-003
-1.1999999999999997e-002 3.6000000000000004e-002 4.0000000000000001e-003  1.5802659572422691e-003
-1.1999999999999997e-002 3.9000000000000007e-002 4.0000000000000001e-003  1.6555274537126418e-003
-1.1999999999999997e-002 4.2000000000000010e-002 4.0000000000000001e-003  1.7413169333914571e-003
-1.1999999999999997e-002 4.4999999999999998e-002 4.0000000000000001e-003  1.8379887590123775e-003
-8.9999999999999941e-003 -4.4999999999999998e-002 4.0000000000000001e-003  2.0015375760584877e-003
-8.9999999999999941e-003 -4.1999999999999996e-002 4.0000000000000001e-003  1.8824914210171123e-003
-8.9999999999999941e-003 -3.9000000000000000e-002 4.0000000000000001e-003  1.7514731072744362e-003
-8.9999999999999941e-003 -3.5999999999999997e-002 4.0000000000000001e-003  1.6603016695814776e-003
-8.9999999999999941e-003 -3.3000000000000002e-002 4.0000000000000001e-003  1.6120052391872452e-003
-8.9999999999999941e-003 -2.9999999999999999e-002 4.0000000000000001e-003  1.5619859575376049e-003
-8.9999999999999941e-003 -2.6999999999999996e-002 4.0000000000000001e-003  1.5190896169999452e-003
-8.9999999999999941e-003 -2.3999999999999997e-002 4.0000000000000001e-003  1.4827291147179501e-003
-8.9999999999999941e-003 -2.0999999999999998e-002 4.0000000000000001e-003  1.4484924337358010e-003
-8.9999999999999941e-003 -1.7999999999999999e-002 4.0000000000000001e-003  1.4163841528044225e-003
-8.9999999999999941e-003 -1.4999999999999999e-002 4.0000000000000001e-003  1.3885489201581212e-003
-8.9999999999999941e-003 -1.1999999999999997e-002 4.0000000000000001e-003  1.3705019280476271e-003
-8.9999999999999941e-003 -8.9999999999999941e-003 4.0000000000000001e-003  1.3557460293864723e-003
-8.9999999999999941e-003 -5.9999999999999984e-003 4.0000000000000001e-003  1.3445920257375349e-003
-8.9999999999999941e-003 -2.9999999999999957e-003 4.0000000000000001e-003  1.3373874177316182e-003
-8.9999999999999941e-003 0.0000000000000000e+000 4.0000000000000001e-003  1.3328849244203301e-003
-8.9999999999999941e-003 3.0000000000000027e-003 4.0000000000000001e-003  1.3310817565504261e-003
-8.9999999999999941e-003 6.0000000000000053e-003 4.0000000000000001e-003  1.3319750574163733e-003
-8.9999999999999941e-003 9.0000000000000011e-003 4.0000000000000001e-003  1.3355619028603532e-003
-8.9999999999999941e-003 1.2000000000000004e-002 4.0000000000000001e-003  1.3418393012722589e-003
-8.9999999999999941e-003 1.4999999999999999e-002 4.0000000000000001e-003  1.3462538938982227e-003
-8.9999999999999941e-003 1.8000000000000002e-002 4.0000000000000001e-003  1.3513869254895305e-003
-8.9999999999999941e-003 2.1000000000000005e-002 4.0000000000000001e-003  1.3637554241904542e-003
-8.9999999999999941e-003 2.4000000000000007e-002 4.0000000000000001e-003  1.3766226711566078e-003
-8.9999999999999941e-003 2.7000000000000010e-002 4.0000000000000001e-003  1.3992125029407766e-003
-8.9999999999999941e-003 2.9999999999999999e-002 4.0000000000000001e-003  1.4358614652470417e-003
-8.9999999999999941e-003 3.3000000000000002e-002 4.0000000000000001e-003  1.4916614614135985e-003
-8.9999999999999941e-003 3.6000000000000004e-002 4.0000000000000001e-003  1.5602510675854430e-003
-8.9999999999999941e-003 3.9000000000000007e-002 4.0000000000000001e-003  1.6390592521558505e-003
-8.9999999999999941e-003 4.2000000000000010e-002 4.0000000000000001e-003  1.7283233338697974e-003
-8.9999999999999941e-003 4.4999999999999998e-002 4.0000000000000001e-003  1.8283450461530632e-003
-5.9999999999999984e-003 -4.4999999999999998e-002 4.0000000000000001e-003  1.9854728135023899e-003
-5.9999999999999984e-003 -4.1999999999999996e-002 4.0000000000000001e-003  1.8640037541831156e-003
-5.9999999999999984e-003 -3.9000000000000000e-002 4.0000000000000001e-003  1.7622114908544622e-003
-5.9999999999999984e-003 -3.5999999999999997e-002 4.0000000000000001e-003  1.6601495451290887e-003
-5.9999999999999984e-003 -3.3000000000000002e-002 4.0000000000000001e-003  1.6048421026009744e-003
-5.9999999999999984e-003 -2.9999999999999999e-002 4.0000000000000001e-003  1.5587041998605718e-003
-5.9999999999999984e-003 -2.6999999999999996e-002 4.0000000000000001e-003  1.5158121154018704e-003
-5.9999999999999984e-003 -2.3999999999999997e-002 4.0000000000000001e-003  1.4795081408335896e-003
-5.9999999999999984e-003 -2.0999999999999998e-002 4.0000000000000001e-003  1.4453289548015101e-003
-5.9999999999999984e-003 -1.7999999999999999e-002 4.0000000000000001e-003  1.4130999097084996e-003
-5.9999999999999984e-003 -1.4999999999999999e-002 4.0000000000000001e-003  1.3821382323255238e-003
-5.9999999999999984e-003 -1.1999999999999997e-002 4.0000000000000001e-003  1.3667306614582326e-003
-5.9999999999999984e-003 -8.9999999999999941e-003 4.0000000000000001e-003  1.3529454796189764e-003
-5.9999999999999984e-003 -5.9999999999999984e-003 4.0000000000000001e-003  1.3418626243280414e-003
-5.9999999999999984e-003 -2.9999999999999957e-003 4.0000000000000001e-003  1.3334792693920322e-003
-5.9999999999999984e-003 0.0000000000000000e+000 4.0000000000000001e-003  1.3277925211652543e-003
-5.9999999999999984e-003 3.0000000000000027e-003 4.0000000000000001e-003  1.3247994185497441e-003
-5.9999999999999984e-003 6.0000000000000053e-003 4.0000000000000001e-003  1.3244969329952298e-003
-5.9999999999999984e-003 9.0000000000000011e-003 4.0000000000000001e-003  1.3268819684991618e-003
-5.9999999999999984e-003 1.2000000000000004e-002 4.0000000000000001e-003  1.3319513616067034e-003
-5.9999999999999984e-003 1.4999999999999999e-002 4.0000000000000001e-003  1.3397018814107319e-003
-5.9999999999999984e-003 1.8000000000000002e-002 4.0000000000000001e-003  1.3502471628405700e-003
-5.9999999999999984e-003 2.1000000000000005e-002 4.0000000000000001e-003  1.3620384130427284e-003
-5.9999999999999984e-003 2.4000000000000007e-002 4.0000000000000001e-003  1.3762657861089770e-003
-5.9999999999999984e-003 2.7000000000000010e-002 4.0000000000000001e-003  1.3954032905991640e-003
-5.9999999999999984e-003 2.9999999999999999e-002 4.0000000000000001e-003  1.4265178472762435e-003
-5.9999999999999984e-003 3.3000000000000002e-002 4.0000000000000001e-003  1.4680339377937601e-003
-5.9999999999999984e-003 3.6000000000000004e-002 4.0000000000000001e-003  1.5222247425519101e-003
-5.9999999999999984e-003 3.9000000000000007e-002 4.0000000000000001e-003  1.6031401715404865e-003
-5.9999999999999984e-003 4.2000000000000010e-002 4.0000000000000001e-003  1.6960149400072481e-003
-5.9999999999999984e-003 4.4999999999999998e-002 4.0000000000000001e-003  1.7996379416653334e-003
-2.9999999999999957e-003 -4.4999999999999998e-002 4.0000000000000001e-003  1.9806792681490021e-003
-2.9999999999999957e-003 -4.1999999999999996e-002 4.0000000000000001e-003  1.8563201356690143e-003
-2.9999999999999957e-003 -3.9000000000000000e-002 4.0000000000000001e-003  1.7535415102869500e-003
-2.9999999999999957e-003 -3.5999999999999997e-002 4.0000000000000001e-003  1.6679399262034789e-003
-2.9999999999999957e-003 -3.3000000000000002e-002 4.0000000000000001e-003  1.5958510937630081e-003
-2.9999999999999957e-003 -2.9999999999999999e-002 4.0000000000000001e-003  1.5552195096704619e-003
-2.9999999999999957e-003 -2.6999999999999996e-002 4.0000000000000001e-003  1.5162202915731374e-003
-2.9999999999999957e-003 -2.3999999999999997e-002 4.0000000000000001e-003  1.4800231835623945e-003
-2.9999999999999957e-003 -2.0999999999999998e-002 4.0000000000000001e-003  1.4447563330756423e-003
-2.9999999999999957e-003 -1.7999999999999999e-002 4.0000000000000001e-003  1.4104237481511717e-003
-2.9999999999999957e-003 -1.4999999999999999e-002 4.0000000000000001e-003  1.3826294322496560e-003
-2.9999999999999957e-003 -1.1999999999999997e-002 4.0000000000000001e-003  1.3664046207089062e-003
-2.9999999999999957e-003 -8.9999999999999941e-003 4.0000000000000001e-003  1.3528113768775294e-003
-2.9999999999999957e-003 -5.9999999999999984e-003 4.0000000000000001e-003  1.3405550298910588e-003
-2.9999999999999957e-003 -2.9999999999999957e-003 4.0000000000000001e-003  1.3309934041130667e-003
-2.9999999999999957e-003 0.0000000000000000e+000 4.0000000000000001e-003  1.3241234340531315e-003
-2.9999999999999957e-003 3.0000000000000027e-003 4.0000000000000001e-003  1.3203068735228381e-003
-2.9999999999999957e-003 6.0000000000000053e-003 4.0000000000000001e-003  1.3197377720048874e-003
-2.9999999999999957e-003 9.0000000000000011e-003 4.0000000000000001e-003  1.3223302570314398e-003
-2.9999999999999957e-003 1.2000000000000004e-002 4.0000000000000001e-003  1.3280829827693984e-003
-2.9999999999999957e-003 1.4999999999999999e-002 4.0000000000000001e-003  1.3384798265359036e-003
-2.9999999999999957e-003 1.8000000000000002e-002 4.0000000000000001e-003  1.3507737714175858e-003
-2.9999999999999957e-003 2.1000000000000005e-002 4.0000000000000001e-003  1.3623429449249708e-003
-2.9999999999999957e-003 2.4000000000000007e-002 4.0000000000000001e-003  1.3763454820207468e-003
-2.9999999999999957e-003 2.7000000000000010e-002 4.0000000000000001e-003  1.3923405147845006e-003
-2.9999999999999957e-003 2.9999999999999999e-002 4.0000000000000001e-003  1.4221128923785004e-003
-2.9999999999999957e-003 3.3000000000000002e-002 4.0000000000000001e-003  1.4620490819375010e-003
-2.9999999999999957e-003 3.6000000000000004e-002 4.0000000000000001e-003  1.5129200373554497e-003
-2.9999999999999957e-003 3.9000000000000007e-002 4.0000000000000001e-003  1.5756150100502575e-003
-2.9999999999999957e-003 4.2000000000000010e-002 4.0000000000000001e-003  1.6511415489637968e-003
-2.9999999999999957e-003 4.4999999999999998e-002 4.0000000000000001e-003  1.7548563849383776e-003
0.0000000000000000e+000 -4.4999999999999998e-002 4.0000000000000001e-003  1.9870978281884099e-003
0.0000000000000000e+000 -4.1999999999999996e-002 4.0000000000000001e-003  1.8593565513339201e-003
0.0000000000000000e+000 -3.9000000000000000e-002 4.0000000000000001e-003  1.7532653922045364e-003
0.0000000000000000e+000 -3.5999999999999997e-002 4.0000000000000001e-003  1.6666066680723168e-003
0.0000000000000000e+000 -3.3000000000000002e-002 4.0000000000000001e-003  1.5959292120609669e-003
0.0000000000000000e+000 -2.9999999999999999e-002 4.0000000000000001e-003  1.5582200804128503e-003
0.0000000000000000e+000 -2.6999999999999996e-002 4.0000000000000001e-003  1.5213517226681200e-003
0.0000000000000000e+000 -2.3999999999999997e-002 4.0000000000000001e-003  1.4830578629883280e-003
0.0000000000000000e+000 -2.0999999999999998e-002 4.0000000000000001e-003  1.4456924581846928e-003
0.0000000000000000e+000 -1.7999999999999999e-002 4.0000000000000001e-003  1.4092716982935941e-003
0.0000000000000000e+000 -1.4999999999999999e-002 4.0000000000000001e-003  1.3854097154355311e-003
0.0000000000000000e+000 -1.1999999999999997e-002 4.0000000000000001e-003  1.3672591261777677e-003
0.0000000000000000e+000 -8.9999999999999941e-003 4.0000000000000001e-003  1.3537179051077348e-003
0.0000000000000000e+000 -5.9999999999999984e-003 4.0000000000000001e-003  1.3403381401314435e-003
0.0000000000000000e+000 -2.9999999999999957e-003 4.0000000000000001e-003  1.3303194031573527e-003
0.0000000000000000e+000 0.0000000000000000e+000 4.0000000000000001e-003  1.3234649793302513e-003
0.0000000000000000e+000 3.0000000000000027e-003 4.0000000000000001e-003  1.3197730477449718e-003
0.0000000000000000e+000 6.0000000000000053e-003 4.0000000000000001e-003  1.3192419405371101e-003
0.0000000000000000e+000 9.0000000000000011e-003 4.0000000000000001e-003  1.3218701428830174e-003
0.0000000000000000e+000 1.2000000000000004e-002 4.0000000000000001e-003  1.3278196921408074e-003
0.0000000000000000e+000 1.4999999999999999e-002 4.0000000000000001e-003  1.3393807180113535e-003
0.0000000000000000e+000 1.8000000000000002e-002 4.0000000000000001e-003  1.3526035319769165e-003
0.0000000000000000e+000 2.1000000000000005e-002 4.0000000000000001e-003  1.3639434161194296e-003
0.0000000000000000e+000 2.4000000000000007e-002 4.0000000000000001e-003  1.3765544539245281e-003
0.0000000000000000e+000 2.7000000000000010e-002 4.0000000000000001e-003  1.3920252894061437e-003
0.0000000000000000e+000 2.9999999999999999e-002 4.0000000000000001e-003  1.4184974171310909e-003
0.0000000000000000e+000 3.3000000000000002e-002 4.0000000000000001e-003  1.4569407332992964e-003
0.0000000000000000e+000 3.6000000000000004e-002 4.0000000000000001e-003  1.5060685140605838e-003
0.0000000000000000e+000 3.9000000000000007e-002 4.0000000000000001e-003  1.5667409799651828e-003
0.0000000000000000e+000 4.2000000000000010e-002 4.0000000000000001e-003  1.6399366490872944e-003
0.0000000000000000e+000 4.4999999999999998e-002 4.0000000000000001e-003  1.7267523370250669e-003
3.0000000000000027e-003 -4.4999999999999998e-002 4.0000000000000001e-003  2.0146018338760251e-003
3.0000000000000027e-003 -4.1999999999999996e-002 4.0000000000000001e-003  1.8817443278280105e-003
3.0000000000000027e-003 -3.9000000000000000e-002 4.0000000000000001e-003  1.7701196008289254e-003
3.0000000000000027e-003 -3.5999999999999997e-002 4.0000000000000001e-003  1.6774632391624645e-003
3.0000000000000027e-003 -3.3000000000000002e-002 4.0000000000000001e-003  1.6040650100127593e-003
3.0000000000000027e-003 -2.9999999999999999e-002 4.0000000000000001e-003  1.5639905786733188e-003
3.0000000000000027e-003 -2.6999999999999996e-002 4.0000000000000001e-003  1.5280222364269982e-003
3.0000000000000027e-003 -2.3999999999999997e-002 4.0000000000000001e-003  1.4876161849626595e-003
3.0000000000000027e-003 -2.0999999999999998e-002 4.0000000000000001e-003  1.4481491239708450e-003
3.0000000000000027e-003 -1.7999999999999999e-002 4.0000000000000001e-003  1.4116592472286297e-003
3.0000000000000027e-003 -1.4999999999999999e-002 4.0000000000000001e-003  1.3904836040803743e-003
3.0000000000000027e-003 -1.1999999999999997e-002 4.0000000000000001e-003  1.3714724145200057e-003
3.0000000000000027e-003 -8.9999999999999941e-003 4.0000000000000001e-003  1.3564294731820750e-003
3.0000000000000027e-003 -5.9999999999999984e-003 4.0000000000000001e-003  1.3422154785367004e-003
3.0000000000000027e-003 -2.9999999999999957e-003 4.0000000000000001e-003  1.3317561830982849e-003
3.0000000000000027e-003 0.0000000000000000e+000 4.0000000000000001e-003  1.3249447441803478e-003
3.0000000000000027e-003 3.0000000000000027e-003 4.0000000000000001e-003  1.3212939043989892e-003
3.0000000000000027e-003 6.0000000000000053e-003 4.0000000000000001e-003  1.3208019799400205e-003
3.0000000000000027e-003 9.0000000000000011e-003 4.0000000000000001e-003  1.3234674400300090e-003
3.0000000000000027e-003 1.2000000000000004e-002 4.0000000000000001e-003  1.3309853313183719e-003
3.0000000000000027e-003 1.4999999999999999e-002 4.0000000000000001e-003  1.3418036441528777e-003
3.0000000000000027e-003 1.8000000000000002e-002 4.0000000000000001e-003  1.3546985384693690e-003
3.0000000000000027e-003 2.1000000000000005e-002 4.0000000000000001e-003  1.3668311017198866e-003
3.0000000000000027e-003 2.4000000000000007e-002 4.0000000000000001e-003  1.3789251951154783e-003
3.0000000000000027e-003 2.7000000000000010e-002 4.0000000000000001e-003  1.3945195537737173e-003
3.0000000000000027e-003 2.9999999999999999e-002 4.0000000000000001e-003  1.4156451337526547e-003
3.0000000000000027e-003 3.3000000000000002e-002 4.0000000000000001e-003  1.4526750950764782e-003
3.0000000000000027e-003 3.6000000000000004e-002 4.0000000000000001e-003  1.5001556712047569e-003
3.0000000000000027e-003 3.9000000000000007e-002 4.0000000000000001e-003  1.5589180518200531e-003
3.0000000000000027e-003 4.2000000000000010e-002 4.0000000000000001e-003  1.6299117241288809e-003
3.0000000000000027e-003 4.4999999999999998e-002 4.0000000000000001e-003  1.7142044728617250e-003
6.0000000000000053e-003 -4.4999999999999998e-002 4.0000000000000001e-003  2.0051786833327687e-003
6.0000000000000053e-003 -4.1999999999999996e-002 4.0000000000000001e-003  1.9130420852247734e-003
6.0000000000000053e-003 -3.9000000000000000e-002 4.0000000000000001e-003  1.7933654615191804e-003
6.0000000000000053e-003 -3.5999999999999997e-002 4.0000000000000001e-003  1.6924731865755678e-003
6.0000000000000053e-003 -3.3000000000000002e-002 4.0000000000000001e-003  1.6168686576001816e-003
6.0000000000000053e-003 -2.9999999999999999e-002 4.0000000000000001e-003  1.5700874010878755e-003
6.0000000000000053e-003 -2.6999999999999996e-002 4.0000000000000001e-003  1.5349174177739511e-003
6.0000000000000053e-003 -2.3999999999999997e-002 4.0000000000000001e-003  1.4936915438351170e-003
6.0000000000000053e-003 -2.0999999999999998e-002 4.0000000000000001e-003  1.4521290593574434e-003
6.0000000000000053e-003 -1.7999999999999999e-002 4.0000000000000001e-003  1.4198437233097756e-003
6.0000000000000053e-003 -1.4999999999999999e-002 4.0000000000000001e-003  1.3978560046117002e-003
6.0000000000000053e-003 -1.1999999999999997e-002 4.0000000000000001e-003  1.3780262023474841e-003
6.0000000000000053e-003 -8.9999999999999941e-003 4.0000000000000001e-003  1.3612978692105631e-003
6.0000000000000053e-003 -5.9999999999999984e-003 4.0000000000000001e-003  1.3473521798133461e-003
6.0000000000000053e-003 -2.9999999999999957e-003 4.0000000000000001e-003  1.3352462234428400e-003
6.0000000000000053e-003 0.0000000000000000e+000 4.0000000000000001e-003  1.3284783750607285e-003
6.0000000000000053e-003 3.0000000000000027e-003 4.0000000000000001e-003  1.3248695846958751e-003
6.0000000000000053e-003 6.0000000000000053e-003 4.0000000000000001e-003  1.3244181525843006e-003
6.0000000000000053e-003 9.0000000000000011e-003 4.0000000000000001e-003  1.3276718128796597e-003
6.0000000000000053e-003 1.2000000000000004e-002 4.0000000000000001e-003  1.3356669325009776e-003
6.0000000000000053e-003 1.4999999999999999e-002 4.0000000000000001e-003  1.3457391259009341e-003
6.0000000000000053e-003 1.8000000000000002e-002 4.0000000000000001e-003  1.3578878170654267e-003
6.0000000000000053e-003 2.1000000000000005e-002 4.0000000000000001e-003  1.3709983460778502e-003
6.0000000000000053e-003 2.4000000000000007e-002 4.0000000000000001e-003  1.3828685056446360e-003
6.0000000000000053e-003 2.7000000000000010e-002 4.0000000000000001e-003  1.3971033818184560e-003
6.0000000000000053e-003 2.9999999999999999e-002 4.0000000000000001e-003  1.4135385086689095e-003
6.0000000000000053e-003 3.3000000000000002e-002 4.0000000000000001e-003  1.4492271246734408e-003
6.0000000000000053e-003 3.6000000000000004e-002 4.0000000000000001e-003  1.4951489571710535e-003
6.0000000000000053e-003 3.9000000000000007e-002 4.0000000000000001e-003  1.5529315282241990e-003
6.0000000000000053e-003 4.2000000000000010e-002 4.0000000000000001e-003  1.6256249771968120e-003
6.0000000000000053e-003 4.4999999999999998e-002 4.0000000000000001e-003  1.7145586053721740e-003
9.0000000000000011e-003 -4.4999999999999998e-002 4.0000000000000001e-003  1.9833841561593176e-003
9.0000000000000011e-003 -4.1999999999999996e-002 4.0000000000000001e-003  1.8951191664941841e-003
9.0000000000000011e-003 -3.9000000000000000e-002 4.0000000000000001e-003  1.8177411121416086e-003
9.0000000000000011e-003 -3.5999999999999997e-002 4.0000000000000001e-003  1.7081888328902173e-003
9.0000000000000011e-003 -3.3000000000000002e-002 4.0000000000000001e-003  1.6322610509844570e-003
9.0000000000000011e-003 -2.9999999999999999e-002 4.0000000000000001e-003  1.5764916651459012e-003
9.0000000000000011e-003 -2.6999999999999996e-002 4.0000000000000001e-003  1.5412266600961456e-003
9.0000000000000011e-003 -2.3999999999999997e-002 4.0000000000000001e-003  1.5012837321021402e-003
9.0000000000000011e-003 -2.0999999999999998e-002 4.0000000000000001e-003  1.4576413914145381e-003
9.0000000000000011e-003 -1.7999999999999999e-002 4.0000000000000001e-003  1.4303314558067777e-003
9.0000000000000011e-003 -1.4999999999999999e-002 4.0000000000000001e-003  1.4075322076872948e-003
9.0000000000000011e-003 -1.1999999999999997e-002 4.0000000000000001e-003  1.3868840931634692e-003
9.0000000000000011e-003 -8.9999999999999941e-003 4.0000000000000001e-003  1.3684694746648460e-003
9.0000000000000011e-003 -5.9999999999999984e-003 4.0000000000000001e-003  1.3547770655838367e-003
9.0000000000000011e-003 -2.9999999999999957e-003 4.0000000000000001e-003  1.3428038632716927e-003
9.0000000000000011e-003 0.0000000000000000e+000 4.0000000000000001e-003  1.3340659089799778e-003
9.0000000000000011e-003 3.0000000000000027e-003 4.0000000000000001e-003  1.3305002468039023e-003
9.0000000000000011e-003 6.0000000000000053e-003 4.0000000000000001e-003  1.3300907377979143e-003
9.0000000000000011e-003 9.0000000000000011e-003 4.0000000000000001e-003  1.3346089142817152e-003
9.0000000000000011e-003 1.2000000000000004e-002 4.0000000000000001e-003  1.3418561934094189e-003
9.0000000000000011e-003 1.4999999999999999e-002 4.0000000000000001e-003  1.3511809988913108e-003
9.0000000000000011e-003 1.8000000000000002e-002 4.0000000000000001e-003  1.3625835021658249e-003
9.0000000000000011e-003 2.1000000000000005e-002 4.0000000000000001e-003  1.3760646220926981e-003
9.0000000000000011e-003 2.4000000000000007e-002 4.0000000000000001e-003  1.3882659371765485e-003
9.0000000000000011e-003 2.7000000000000010e-002 4.0000000000000001e-003  1.4027354937867077e-003
9.0000000000000011e-003 2.9999999999999999e-002 4.0000000000000001e-003  1.4195634666732898e-003
9.0000000000000011e-003 3.3000000000000002e-002 4.0000000000000001e-003  1.4430252301752121e-003
9.0000000000000011e-003 3.6000000000000004e-002 4.0000000000000001e-003  1.4897677896851885e-003
9.0000000000000011e-003 3.9000000000000007e-002 4.0000000000000001e-003  1.5503190828591881e-003
9.0000000000000011e-003 4.2000000000000010e-002 4.0000000000000001e-003  1.6258146382603135e-003
9.0000000000000011e-003 4.4999999999999998e-002 4.0000000000000001e-003  1.7175073731681885e-003
1.2000000000000004e-002 -4.4999999999999998e-002 4.0000000000000001e-003  1.9909961228460099e-003
1.2000000000000004e-002 -4.1999999999999996e-002 4.0000000000000001e-003  1.8525856473068198e-003
1.2000000000000004e-002 -3.9000000000000000e-002 4.0000000000000001e-003  1.7921438243391615e-003
1.2000000000000004e-002 -3.5999999999999997e-002 4.0000000000000001e-003  1.7260753310400618e-003
1.2000000000000004e-002 -3.3000000000000002e-002 4.0000000000000001e-003  1.6502499222796287e-003
1.2000000000000004e-002 -2.9999999999999999e-002 4.0000000000000001e-003  1.5866672101094643e-003
1.2000000000000004e-002 -2.6999999999999996e-002 4.0000000000000001e-003  1.5478047705511340e-003
1.2000000000000004e-002 -2.3999999999999997e-002 4.0000000000000001e-003  1.5103989404068702e-003
1.2000000000000004e-002 -2.0999999999999998e-002 4.0000000000000001e-003  1.4688941141878604e-003
1.2000000000000004e-002 -1.7999999999999999e-002 4.0000000000000001e-003  1.4431283143145745e-003
1.2000000000000004e-002 -1.4999999999999999e-002 4.0000000000000001e-003  1.4195178881952274e-003
1.2000000000000004e-002 -1.1999999999999997e-002 4.0000000000000001e-003  1.3980515671491688e-003
1.2000000000000004e-002 -8.9999999999999941e-003 4.0000000000000001e-003  1.3794077082614703e-003
1.2000000000000004e-002 -5.9999999999999984e-003 4.0000000000000001e-003  1.3644934672795666e-003
1.2000000000000004e-002 -2.9999999999999957e-003 4.0000000000000001e-003  1.3529433580744673e-003
1.2000000000000004e-002 0.0000000000000000e+000 4.0000000000000001e-003  1.3429691262797085e-003
1.2000000000000004e-002 3.0000000000000027e-003 4.0000000000000001e-003  1.3381860658486268e-003
1.2000000000000004e-002 6.0000000000000053e-003 4.0000000000000001e-003  1.3386291690253593e-003
1.2000000000000004e-002 9.0000000000000011e-003 4.0000000000000001e-003  1.3430491021397695e-003
1.2000000000000004e-002 1.2000000000000004e-002 4.0000000000000001e-003  1.3495481264598028e-003
1.2000000000000004e-002 1.4999999999999999e-002 4.0000000000000001e-003  1.3585564260540017e-003
1.2000000000000004e-002 1.8000000000000002e-002 4.0000000000000001e-003  1.3722465268196482e-003
1.2000000000000004e-002 2.1000000000000005e-002 4.0000000000000001e-003  1.3876127509951299e-003
1.2000000000000004e-002 2.4000000000000007e-002 4.0000000000000001e-003  1.3986299131244705e-003
1.2000000000000004e-002 2.7000000000000010e-002 4.0000000000000001e-003  1.4115759308426033e-003
1.2000000000000004e-002 2.9999999999999999e-002 4.0000000000000001e-003  1.4318737041848558e-003
1.2000000000000004e-002 3.3000000000000002e-002 4.0000000000000001e-003  1.4580445706775861e-003
1.2000000000000004e-002 3.6000000000000004e-002 4.0000000000000001e-003  1.4905551293972069e-003
1.2000000000000004e-002 3.9000000000000007e-002 4.0000000000000001e-003  1.5493630052965848e-003
1.2000000000000004e-002 4.2000000000000010e-002 4.0000000000000001e-003  1.6277619457949713e-003
1.2000000000000004e-002 4.4999999999999998e-002 4.0000000000000001e-003  1.7223214479391597e-003
1.4999999999999999e-002 -4.4999999999999998e-002 4.0000000000000001e-003  1.9982689820596416e-003
1.4999999999999999e-002 -4.1999999999999996e-002 4.0000000000000001e-003  1.8623034174727086e-003
1.4999999999999999e-002 -3.9000000000000000e-002 4.0000000000000001e-003  1.7722340426896590e-003
1.4999999999999999e-002 -3.5999999999999997e-002 4.0000000000000001e-003  1.7380654309817490e-003
1.4999999999999999e-002 -3.3000000000000002e-002 4.0000000000000001e-003  1.6707715770940023e-003
1.4999999999999999e-002 -2.9999999999999999e-002 4.0000000000000001e-003  1.6015827262208023e-003
1.4999999999999999e-002 -2.6999999999999996e-002 4.0000000000000001e-003  1.5546423004773563e-003
1.4999999999999999e-002 -2.3999999999999997e-002 4.0000000000000001e-003  1.5203242384420796e-003
1.4999999999999999e-002 -2.0999999999999998e-002 4.0000000000000001e-003  1.4848099891725799e-003
1.4999999999999999e-002 -1.7999999999999999e-002 4.0000000000000001e-003  1.4582405526583776e-003
1.4999999999999999e-002 -1.4999999999999999e-002 4.0000000000000001e-003  1.4338191052538549e-003
1.4999999999999999e-002 -1.1999999999999997e-002 4.0000000000000001e-003  1.4115344887160716e-003
1.4999999999999999e-002 -8.9999999999999941e-003 4.0000000000000001e-003  1.3930371449773257e-003
1.4999999999999999e-002 -5.9999999999999984e-003 4.0000000000000001e-003  1.3774636545146933e-003
1.4999999999999999e-002 -2.9999999999999957e-003 4.0000000000000001e-003  1.3653808823112406e-003
1.4999999999999999e-002 0.0000000000000000e+000 4.0000000000000001e-003  1.3558232684398803e-003
1.4999999999999999e-002 3.0000000000000027e-003 4.0000000000000001e-003  1.3479272339128852e-003
1.4999999999999999e-002 6.0000000000000053e-003 4.0000000000000001e-003  1.3502678396998652e-003
1.4999999999999999e-002 9.0000000000000011e-003 4.0000000000000001e-003  1.3558550096784206e-003
1.4999999999999999e-002 1.2000000000000004e-002 4.0000000000000001e-003  1.3641557647497986e-003
1.4999999999999999e-002 1.4999999999999999e-002 4.0000000000000001e-003  1.3751741989384931e-003
1.4999999999999999e-002 1.8000000000000002e-002 4.0000000000000001e-003  1.3889148223116931e-003
1.4999999999999999e-002 2.1000000000000005e-002 4.0000000000000001e-003  1.4013723367489763e-003
1.4999999999999999e-002 2.4000000000000007e-002 4.0000000000000001e-003  1.4133682990684719e-003
1.4999999999999999e-002 2.7000000000000010e-002 4.0000000000000001e-003  1.4236977058470022e-003
1.4999999999999999e-002 2.9999999999999999e-002 4.0000000000000001e-003  1.4453237425497783e-003
1.4999999999999999e-002 3.3000000000000002e-002 4.0000000000000001e-003  1.4820812054257755e-003
1.4999999999999999e-002 3.6000000000000004e-002 4.0000000000000001e-003  1.5207195036583297e-003
1.4999999999999999e-002 3.9000000000000007e-002 4.0000000000000001e-003  1.5666198703982298e-003
1.4999999999999999e-002 4.2000000000000010e-002 4.0000000000000001e-003  1.6314972033190055e-003
1.4999999999999999e-002 4.4999999999999998e-002 4.0000000000000001e-003  1.7290232522929301e-003
1.8000000000000002e-002 -4.4999999999999998e-002 4.0000000000000001e-003  2.0052037566816714e-003
1.8000000000000002e-002 -4.1999999999999996e-002 4.0000000000000001e-003  1.9231847909150061e-003
1.8000000000000002e-002 -3.9000000000000000e-002 4.0000000000000001e-003  1.8421536183606442e-003
1.8000000000000002e-002 -3.5999999999999997e-002 4.0000000000000001e-003  1.7491988047959963e-003
1.8000000000000002e-002 -3.3000000000000002e-002 4.0000000000000001e-003  1.6816194323746160e-003
1.8000000000000002e-002 -2.9999999999999999e-002 4.0000000000000001e-003  1.6178779372712918e-003
1.8000000000000002e-002 -2.6999999999999996e-002 4.0000000000000001e-003  1.5617312875924889e-003
1.8000000000000002e-002 -2.3999999999999997e-002 4.0000000000000001e-003  1.5300697301740729e-003
1.8000000000000002e-002 -2.0999999999999998e-002 4.0000000000000001e-003  1.5027053565205284e-003
1.8000000000000002e-002 -1.7999999999999999e-002 4.0000000000000001e-003  1.4756748088936835e-003
1.8000000000000002e-002 -1.4999999999999999e-002 4.0000000000000001e-003  1.4504423022118087e-003
1.8000000000000002e-002 -1.1999999999999997e-002 4.0000000000000001e-003  1.4277835910016731e-003
1.8000000000000002e-002 -8.9999999999999941e-003 4.0000000000000001e-003  1.4093612593278802e-003
1.8000000000000002e-002 -5.9999999999999984e-003 4.0000000000000001e-003  1.3935633185577672e-003
1.8000000000000002e-002 -2.9999999999999957e-003 4.0000000000000001e-003  1.3803901736625431e-003
1.8000000000000002e-002 0.0000000000000000e+000 4.0000000000000001e-003  1.3717144582396340e-003
1.8000000000000002e-002 3.0000000000000027e-003 4.0000000000000001e-003  1.3651431068132513e-003
1.8000000000000002e-002 6.0000000000000053e-003 4.0000000000000001e-003  1.3653729126648923e-003
1.8000000000000002e-002 9.0000000000000011e-003 4.0000000000000001e-003  1.3715451299245211e-003
1.8000000000000002e-002 1.2000000000000004e-002 4.0000000000000001e-003  1.3798838232581166e-003
1.8000000000000002e-002 1.4999999999999999e-002 4.0000000000000001e-003  1.3909406532708448e-003
1.8000000000000002e-002 1.8000000000000002e-002 4.0000000000000001e-003  1.4038137613333727e-003
1.8000000000000002e-002 2.1000000000000005e-002 4.0000000000000001e-003  1.4159223994491886e-003
1.8000000000000002e-002 2.4000000000000007e-002 4.0000000000000001e-003  1.4289210073554865e-003
1.8000000000000002e-002 2.7000000000000010e-002 4.0000000000000001e-003  1.4410445982779815e-003
1.8000000000000002e-002 2.9999999999999999e-002 4.0000000000000001e-003  1.4559718334825494e-003
1.8000000000000002e-002 3.3000000000000002e-002 4.0000000000000001e-003  1.4955479657847994e-003
1.8000000000000002e-002 3.6000000000000004e-002 4.0000000000000001e-003  1.5455229195748619e-003
1.8000000000000002e-002 3.9000000000000007e-002 4.0000000000000001e-003  1.6076345550982219e-003
1.8000000000000002e-002 4.2000000000000010e-002 4.0000000000000001e-003  1.6696933332215722e-003
1.8000000000000002e-002 4.4999999999999998e-002 4.0000000000000001e-003  1.7390746110140885e-003
2.1000000000000005e-002 -4.4999999999999998e-002 4.0000000000000001e-003  2.0623232132235647e-003
2.1000000000000005e-002 -4.1999999999999996e-002 4.0000000000000001e-003  1.9534809460934840e-003
2.1000000000000005e-002 -3.9000000000000000e-002 4.0000000000000001e-003  1.8577098587087787e-003
2.1000000000000005e-002 -3.5999999999999997e-002 4.0000000000000001e-003  1.7729748415483552e-003
2.1000000000000005e-002 -3.3000000000000002e-002 4.0000000000000001e-003  1.6974764987255017e-003
2.1000000000000005e-002 -2.9999999999999999e-002 4.0000000000000001e-003  1.6323647550891640e-003
2.1000000000000005e-002 -2.6999999999999996e-002 4.0000000000000001e-003  1.5758757776557725e-003
2.1000000000000005e-002 -2.3999999999999997e-002 4.0000000000000001e-003  1.5456948358258528e-003
2.1000000000000005e-002 -2.0999999999999998e-002 4.0000000000000001e-003  1.5179738185834677e-003
2.1000000000000005e-002 -1.7999999999999999e-002 4.0000000000000001e-003  1.4924470334623579e-003
2.1000000000000005e-002 -1.4999999999999999e-002 4.0000000000000001e-003  1.4689779615997415e-003
2.1000000000000005e-002 -1.1999999999999997e-002 4.0000000000000001e-003  1.4478364817775138e-003
2.1000000000000005e-002 -8.9999999999999941e-003 4.0000000000000001e-003  1.4327595987426458e-003
2.1000000000000005e-002 -5.9999999999999984e-003 4.0000000000000001e-003  1.4189930633722845e-003
2.1000000000000005e-002 -2.9999999999999957e-003 4.0000000000000001e-003  1.4041001941733247e-003
2.1000000000000005e-002 0.0000000000000000e+000 4.0000000000000001e-003  1.3933923926002505e-003
2.1000000000000005e-002 3.0000000000000027e-003 4.0000000000000001e-003  1.3879580472607039e-003
2.1000000000000005e-002 6.0000000000000053e-003 4.0000000000000001e-003  1.3854197780170678e-003
2.1000000000000005e-002 9.0000000000000011e-003 4.0000000000000001e-003  1.3883250098373383e-003
2.1000000000000005e-002 1.2000000000000004e-002 4.0000000000000001e-003  1.3951132620167990e-003
2.1000000000000005e-002 1.4999999999999999e-002 4.0000000000000001e-003  1.4057945889097423e-003
2.1000000000000005e-002 1.8000000000000002e-002 4.0000000000000001e-003  1.4181301494038351e-003
2.1000000000000005e-002 2.1000000000000005e-002 4.0000000000000001e-003  1.4312332533316231e-003
2.1000000000000005e-002 2.4000000000000007e-002 4.0000000000000001e-003  1.4478337806022499e-003
2.1000000000000005e-002 2.7000000000000010e-002 4.0000000000000001e-003  1.4636424852085086e-003
2.1000000000000005e-002 2.9999999999999999e-002 4.0000000000000001e-003  1.4759058389080901e-003
2.1000000000000005e-002 3.3000000000000002e-002 4.0000000000000001e-003  1.5125944836832390e-003
2.1000000000000005e-002 3.6000000000000004e-002 4.0000000000000001e-003  1.5640092593872882e-003
2.1000000000000005e-002 3.9000000000000007e-002 4.0000000000000001e-003  1.6268931588424719e-003
2.1000000000000005e-002 4.2000000000000010e-002 4.0000000000000001e-003  1.7029730626024826e-003
2.1000000000000005e-002 4.4999999999999998e-002 4.0000000000000001e-003  1.7940551458294849e-003
2.4000000000000007e-002 -4.4999999999999998e-002 4.0000000000000001e-003  2.0635966346644842e-003
2.4000000000000007e-002 -4.1999999999999996e-002 4.0000000000000001e-003  1.9557379919356993e-003
2.4000000000000007e-002 -3.9000000000000000e-002 4.0000000000000001e-003  1.8614950584973998e-003
2.4000000000000007e-002 -3.5999999999999997e-002 4.0000000000000001e-003  1.7792703264177018e-003
2.4000000000000007e-002 -3.3000000000000002e-002 4.0000000000000001e-003  1.7076384836715453e-003
2.4000000000000007e-002 -2.9999999999999999e-002 4.0000000000000001e-003  1.6453464141407076e-003
2.4000000000000007e-002 -2.6999999999999996e-002 4.0000000000000001e-003  1.5942653182019063e-003
2.4000000000000007e-002 -2.3999999999999997e-002 4.0000000000000001e-003  1.5623453614134846e-003
2.4000000000000007e-002 -2.0999999999999998e-002 4.0000000000000001e-003  1.5341405700638369e-003
2.4000000000000007e-002 -1.7999999999999999e-002 4.0000000000000001e-003  1.5146193200568721e-003
2.4000000000000007e-002 -1.4999999999999999e-002 4.0000000000000001e-003  1.4975559129530558e-003
2.4000000000000007e-002 -1.1999999999999997e-002 4.0000000000000001e-003  1.4819055929537802e-003
2.4000000000000007e-002 -8.9999999999999941e-003 4.0000000000000001e-003  1.4676783043633640e-003
2.4000000000000007e-002 -5.9999999999999984e-003 4.0000000000000001e-003  1.4509073686378513e-003
2.4000000000000007e-002 -2.9999999999999957e-003 4.0000000000000001e-003  1.4326435955226446e-003
2.4000000000000007e-002 0.0000000000000000e+000 4.0000000000000001e-003  1.4205605519328507e-003
2.4000000000000007e-002 3.0000000000000027e-003 4.0000000000000001e-003  1.4162706144684306e-003
2.4000000000000007e-002 6.0000000000000053e-003 4.0000000000000001e-003  1.4133729659431612e-003
2.4000000000000007e-002 9.0000000000000011e-003 4.0000000000000001e-003  1.4130105277775941e-003
2.4000000000000007e-002 1.2000000000000004e-002 4.0000000000000001e-003  1.4219856501477728e-003
2.4000000000000007e-002 1.4999999999999999e-002 4.0000000000000001e-003  1.4353364281222295e-003
2.4000000000000007e-002 1.8000000000000002e-002 4.0000000000000001e-003  1.4369089934149789e-003
2.4000000000000007e-002 2.1000000000000005e-002 4.0000000000000001e-003  1.4488799110023709e-003
2.4000000000000007e-002 2.4000000000000007e-002 4.0000000000000001e-003  1.4719878647266389e-003
2.4000000000000007e-002 2.7000000000000010e-002 4.0000000000000001e-003  1.4914672243130536e-003
2.4000000000000007e-002 2.9999999999999999e-002 4.0000000000000001e-003  1.5073598818106243e-003
2.4000000000000007e-002 3.3000000000000002e-002 4.0000000000000001e-003  1.5340841575085871e-003
2.4000000000000007e-002 3.6000000000000004e-002 4.0000000000000001e-003  1.5872488222012258e-003
2.4000000000000007e-002 3.9000000000000007e-002 4.0000000000000001e-003  1.6513063341286379e-003
2.4000000000000007e-002 4.2000000000000010e-002 4.0000000000000001e-003  1.7278932995442636e-003
2.4000000000000007e-002 4.4999999999999998e-002 4.0000000000000001e-003  1.8187256193100043e-003
2.7000000000000010e-002 -4.4999999999999998e-002 4.0000000000000001e-003  2.1138699610883235e-003
2.7000000000000010e-002 -4.1999999999999996e-002 4.0000000000000001e-003  1.9813594732885197e-003
2.7000000000000010e-002 -3.9000000000000000e-002 4.0000000000000001e-003  1.8869390064786969e-003
2.7000000000000010e-002 -3.5999999999999997e-002 4.0000000000000001e-003  1.8082246740982100e-003
2.7000000000000010e-002 -3.3000000000000002e-002 4.0000000000000001e-003  1.7398350005643879e-003
2.7000000000000010e-002 -2.9999999999999999e-002 4.0000000000000001e-003  1.6805369422892499e-003
2.7000000000000010e-002 -2.6999999999999996e-002 4.0000000000000001e-003  1.6326062198919961e-003
2.7000000000000010e-002 -2.3999999999999997e-002 4.0000000000000001e-003  1.5972892369199114e-003
2.7000000000000010e-002 -2.0999999999999998e-002 4.0000000000000001e-003  1.5711393052852650e-003
2.7000000000000010e-002 -1.7999999999999999e-002 4.0000000000000001e-003  1.5484800668407182e-003
2.7000000000000010e-002 -1.4999999999999999e-002 4.0000000000000001e-003  1.5297271417631169e-003
2.7000000000000010e-002 -1.1999999999999997e-002 4.0000000000000001e-003  1.5123922886472586e-003
2.7000000000000010e-002 -8.9999999999999941e-003 4.0000000000000001e-003  1.4964899340071123e-003
2.7000000000000010e-002 -5.9999999999999984e-003 4.0000000000000001e-003  1.4905472369554356e-003
2.7000000000000010e-002 -2.9999999999999957e-003 4.0000000000000001e-003  1.4845255874172279e-003
2.7000000000000010e-002 0.0000000000000000e+000 4.0000000000000001e-003  1.4695205291872255e-003
2.7000000000000010e-002 3.0000000000000027e-003 4.0000000000000001e-003  1.4592233640788770e-003
2.7000000000000010e-002 6.0000000000000053e-003 4.0000000000000001e-003  1.4526105454100930e-003
2.7000000000000010e-002 9.0000000000000011e-003 4.0000000000000001e-003  1.4540628285436086e-003
2.7000000000000010e-002 1.2000000000000004e-002 4.0000000000000001e-003  1.4608543307298861e-003
2.7000000000000010e-002 1.4999999999999999e-002 4.0000000000000001e-003  1.4653574261898283e-003
2.7000000000000010e-002 1.8000000000000002e-002 4.0000000000000001e-003  1.4670430693005958e-003
2.7000000000000010e-002 2.1000000000000005e-002 4.0000000000000001e-003  1.4747832477183817e-003
2.7000000000000010e-002 2.4000000000000007e-002 4.0000000000000001e-003  1.5014784102934204e-003
2.7000000000000010e-002 2.7000000000000010e-002 4.0000000000000001e-003  1.5245145209995296e-003
2.7000000000000010e-002 2.9999999999999999e-002 4.0000000000000001e-003  1.5440468400189289e-003
2.7000000000000010e-002 3.3000000000000002e-002 4.0000000000000001e-003  1.5600077681033552e-003
2.7000000000000010e-002 3.6000000000000004e-002 4.0000000000000001e-003  1.6150398412645062e-003
2.7000000000000010e-002 3.9000000000000007e-002 4.0000000000000001e-003  1.6806084060398845e-003
2.7000000000000010e-002 4.2000000000000010e-002 4.0000000000000001e-003  1.7581311549526562e-003
2.7000000000000010e-002 4.4999999999999998e-002 4.0000000000000001e-003  1.8347358297535405e-003
2.9999999999999999e-002 -4.4999999999999998e-002 4.0000000000000001e-003  2.1593752433412459e-003
2.9999999999999999e-002 -4.1999999999999996e-002 4.0000000000000001e-003  2.0416914005974541e-003
2.9999999999999999e-002 -3.9000000000000000e-002 4.0000000000000001e-003  1.9285051109429975e-003
2.9999999999999999e-002 -3.5999999999999997e-002 4.0000000000000001e-003  1.8432872748673330e-003
2.9999999999999999e-002 -3.3000000000000002e-002 4.0000000000000001e-003  1.7757923690502589e-003
2.9999999999999999e-002 -2.9999999999999999e-002 4.0000000000000001e-003  1.7194915334097548e-003
2.9999999999999999e-002 -2.6999999999999996e-002 4.0000000000000001e-003  1.6746703346797063e-003
2.9999999999999999e-002 -2.3999999999999997e-002 4.0000000000000001e-003  1.6411033863848899e-003
2.9999999999999999e-002 -2.0999999999999998e-002 4.0000000000000001e-003  1.6093566349813947e-003
2.9999999999999999e-002 -1.7999999999999999e-002 4.0000000000000001e-003  1.5883173813639356e-003
2.9999999999999999e-002 -1.4999999999999999e-002 4.0000000000000001e-003  1.5642030306274315e-003
2.9999999999999999e-002 -1.1999999999999997e-002 4.0000000000000001e-003  1.5412517109274707e-003
2.9999999999999999e-002 -8.9999999999999941e-003 4.0000000000000001e-003  1.5294788569610639e-003
2.9999999999999999e-002 -5.9999999999999984e-003 4.0000000000000001e-003  1.5221546797777011e-003
2.9999999999999999e-002 -2.9999999999999957e-003 4.0000000000000001e-003  1.5249776954352971e-003
2.9999999999999999e-002 0.0000000000000000e+000 4.0000000000000001e-003  1.5225742653164681e-003
2.9999999999999999e-002 3.0000000000000027e-003 4.0000000000000001e-003  1.5097862621519863e-003
2.9999999999999999e-002 6.0000000000000053e-003 4.0000000000000001e-003  1.5012545179175331e-003
2.9999999999999999e-002 9.0000000000000011e-003 4.0000000000000001e-003  1.4972553335956906e-003
2.9999999999999999e-002 1.2000000000000004e-002 4.0000000000000001e-003  1.4982787195073222e-003
2.9999999999999999e-002 1.4999999999999999e-002 4.0000000000000001e-003  1.4995852820314036e-003
2.9999999999999999e-002 1.8000000000000002e-002 4.0000000000000001e-003  1.5065382284185351e-003
2.9999999999999999e-002 2.1000000000000005e-002 4.0000000000000001e-003  1.5129522506611886e-003
2.9999999999999999e-002 2.4000000000000007e-002 4.0000000000000001e-003  1.5356222872788931e-003
2.9999999999999999e-002 2.7000000000000010e-002 4.0000000000000001e-003  1.5627250385427576e-003
2.9999999999999999e-002 2.9999999999999999e-002 4.0000000000000001e-003  1.5860649238785773e-003
2.9999999999999999e-002 3.3000000000000002e-002 4.0000000000000001e-003  1.6056127706896703e-003
2.9999999999999999e-002 3.6000000000000004e-002 4.0000000000000001e-003  1.6450776013914395e-003
2.9999999999999999e-002 3.9000000000000007e-002 4.0000000000000001e-003  1.6985328750013502e-003
2.9999999999999999e-002 4.2000000000000010e-002 4.0000000000000001e-003  1.7636788134664572e-003
2.9999999999999999e-002 4.4999999999999998e-002 4.0000000000000001e-003  1.8611579481424521e-003
3.3000000000000002e-002 -4.4999999999999998e-002 4.0000000000000001e-003  2.1833851247365023e-003
3.3000000000000002e-002 -4.1999999999999996e-002 4.0000000000000001e-003  2.0962758357024871e-003
3.3000000000000002e-002 -3.9000000000000000e-002 4.0000000000000001e-003  1.9885684644173813e-003
3.3000000000000002e-002 -3.5999999999999997e-002 4.0000000000000001e-003  1.8938963934282741e-003
3.3000000000000002e-002 -3.3000000000000002e-002 4.0000000000000001e-003  1.8203458947582917e-003
3.3000000000000002e-002 -2.9999999999999999e-002 4.0000000000000001e-003  1.7622176451172228e-003
3.3000000000000002e-002 -2.6999999999999996e-002 4.0000000000000001e-003  1.7206825466131493e-003
3.3000000000000002e-002 -2.3999999999999997e-002 4.0000000000000001e-003  1.6829827857953966e-003
3.3000000000000002e-002 -2.0999999999999998e-002 4.0000000000000001e-003  1.6433370164182970e-003
3.3000000000000002e-002 -1.7999999999999999e-002 4.0000000000000001e-003  1.6223735786070155e-003
3.3000000000000002e-002 -1.4999999999999999e-002 4.0000000000000001e-003  1.5941646607350423e-003
3.3000000000000002e-002 -1.1999999999999997e-002 4.0000000000000001e-003  1.5919422029272181e-003
3.3000000000000002e-002 -8.9999999999999941e-003 4.0000000000000001e-003  1.5760845803611326e-003
3.3000000000000002e-002 -5.9999999999999984e-003 4.0000000000000001e-003  1.5567655871417971e-003
3.3000000000000002e-002 -2.9999999999999957e-003 4.0000000000000001e-003  1.5571421371982023e-003
3.3000000000000002e-002 0.0000000000000000e+000 4.0000000000000001e-003  1.5581202256914181e-003
3.3000000000000002e-002 3.0000000000000027e-003 4.0000000000000001e-003  1.5564591704103346e-003
3.3000000000000002e-002 6.0000000000000053e-003 4.0000000000000001e-003  1.5461895825696962e-003
3.3000000000000002e-002 9.0000000000000011e-003 4.0000000000000001e-003  1.5390294266577902e-003
3.3000000000000002e-002 1.2000000000000004e-002 4.0000000000000001e-003  1.5390219938244618e-003
3.3000000000000002e-002 1.4999999999999999e-002 4.0000000000000001e-003  1.5486124515952571e-003
3.3000000000000002e-002 1.8000000000000002e-002 4.0000000000000001e-003  1.5592567299116504e-003
3.3000000000000002e-002 2.1000000000000005e-002 4.0000000000000001e-003  1.5709619174199012e-003
3.3000000000000002e-002 2.4000000000000007e-002 4.0000000000000001e-003  1.5879032734703350e-003
3.3000000000000002e-002 2.7000000000000010e-002 4.0000000000000001e-003  1.6099316560528605e-003
3.3000000000000002e-002 2.9999999999999999e-002 4.0000000000000001e-003  1.6323445499689436e-003
3.3000000000000002e-002 3.3000000000000002e-002 4.0000000000000001e-003  1.6556179712667268e-003
3.3000000000000002e-002 3.6000000000000004e-002 4.0000000000000001e-003  1.6674355960266877e-003
3.3000000000000002e-002 3.9000000000000007e-002 4.0000000000000001e-003  1.7329478392424853e-003
3.3000000000000002e-002 4.2000000000000010e-002 4.0000000000000001e-003  1.8130733345604584e-003
3.3000000000000002e-002 4.4999999999999998e-002 4.0000000000000001e-003  1.9102598404831844e-003
3.6000000000000004e-002 -4.4999999999999998e-002 4.0000000000000001e-003  2.2146129529686874e-003
3.6000000000000004e-002 -4.1999999999999996e-002 4.0000000000000001e-003  2.1371847034127199e-003
3.6000000000000004e-002 -3.9000000000000000e-002 4.0000000000000001e-003  2.0390261938238448e-003
3.6000000000000004e-002 -3.5999999999999997e-002 4.0000000000000001e-003  1.9512367187891693e-003
3.6000000000000004e-002 -3.3000000000000002e-002 4.0000000000000001e-003  1.8747112452145833e-003
3.6000000000000004e-002 -2.9999999999999999e-002 4.0000000000000001e-003  1.8144146404170222e-003
3.6000000000000004e-002 -2.6999999999999996e-002 4.0000000000000001e-003  1.7695845488253149e-003
3.6000000000000004e-002 -2.3999999999999997e-002 4.0000000000000001e-003  1.7413962283996088e-003
3.6000000000000004e-002 -2.0999999999999998e-002 4.0000000000000001e-003  1.7179131430161865e-003
3.6000000000000004e-002 -1.7999999999999999e-002 4.0000000000000001e-003  1.6901808832641882e-003
3.6000000000000004e-002 -1.4999999999999999e-002 4.0000000000000001e-003  1.6506584803395352e-003
3.6000000000000004e-002 -1.1999999999999997e-002 4.0000000000000001e-003  1.6796904891861729e-003
3.6000000000000004e-002 -8.9999999999999941e-003 4.0000000000000001e-003  1.6499009632586759e-003
3.6000000000000004e-002 -5.9999999999999984e-003 4.0000000000000001e-003  1.6274465070969405e-003
3.6000000000000004e-002 -2.9999999999999957e-003 4.0000000000000001e-003  1.6246981958046107e-003
3.6000000000000004e-002 0.0000000000000000e+000 4.0000000000000001e-003  1.6198298742741638e-003
3.6000000000000004e-002 3.0000000000000027e-003 4.0000000000000001e-003  1.6110243477096475e-003
3.6000000000000004e-002 6.0000000000000053e-003 4.0000000000000001e-003  1.5885368527367274e-003
3.6000000000000004e-002 9.0000000000000011e-003 4.0000000000000001e-003  1.5806122814366553e-003
3.6000000000000004e-002 1.2000000000000004e-002 4.0000000000000001e-003  1.5859951159582514e-003
3.6000000000000004e-002 1.4999999999999999e-002 4.0000000000000001e-003  1.5998703113172491e-003
3.6000000000000004e-002 1.8000000000000002e-002 4.0000000000000001e-003  1.6130337424853818e-003
3.6000000000000004e-002 2.1000000000000005e-002 4.0000000000000001e-003  1.6273266512476469e-003
3.6000000000000004e-002 2.4000000000000007e-002 4.0000000000000001e-003  1.6444001330779663e-003
3.6000000000000004e-002 2.7000000000000010e-002 4.0000000000000001e-003  1.6679400817016376e-003
3.6000000000000004e-002 2.9999999999999999e-002 4.0000000000000001e-003  1.6935248174532774e-003
3.6000000000000004e-002 3.3000000000000002e-002 4.0000000000000001e-003  1.7231302831189634e-003
3.6000000000000004e-002 3.6000000000000004e-002 4.0000000000000001e-003  1.7412392303149699e-003
3.6000000000000004e-002 3.9000000000000007e-002 4.0000000000000001e-003  1.7877360807874820e-003
3.6000000000000004e-002 4.2000000000000010e-002 4.0000000000000001e-003  1.8663865685573228e-003
3.6000000000000004e-002 4.4999999999999998e-002 4.0000000000000001e-003  1.9955418659062573e-003
3.9000000000000007e-002 -4.4999999999999998e-002 4.0000000000000001e-003  2.2816948823104950e-003
3.9000000000000007e-002 -4.1999999999999996e-002 4.0000000000000001e-003  2.1790611694105940e-003
3.9000000000000007e-002 -3.9000000000000000e-002 4.0000000000000001e-003  2.1017810369999969e-003
3.9000000000000007e-002 -3.5999999999999997e-002 4.0000000000000001e-003  2.0179121641187821e-003
3.9000000000000007e-002 -3.3000000000000002e-002 4.0000000000000001e-003  1.9608537671198314e-003
3.9000000000000007e-002 -2.9999999999999999e-002 4.0000000000000001e-003  1.9200791657661784e-003
3.9000000000000007e-002 -2.6999999999999996e-002 4.0000000000000001e-003  1.8707889964926126e-003
3.9000000000000007e-002 -2.3999999999999997e-002 4.0000000000000001e-003  1.8286291420935271e-003
3.9000000000000007e-002 -2.0999999999999998e-002 4.0000000000000001e-003  1.8092315483311022e-003
3.9000000000000007e-002 -1.7999999999999999e-002 4.0000000000000001e-003  1.7967970769524097e-003
3.9000000000000007e-002 -1.4999999999999999e-002 4.0000000000000001e-003  1.8062961223329894e-003
3.9000000000000007e-002 -1.1999999999999997e-002 4.0000000000000001e-003  1.7698339290344671e-003
3.9000000000000007e-002 -8.9999999999999941e-003 4.0000000000000001e-003  1.7339021089595036e-003
3.9000000000000007e-002 -5.9999999999999984e-003 4.0000000000000001e-003  1.7202327106751556e-003
3.9000000000000007e-002 -2.9999999999999957e-003 4.0000000000000001e-003  1.7127497311133959e-003
3.9000000000000007e-002 0.0000000000000000e+000 4.0000000000000001e-003  1.7117820765021065e-003
3.9000000000000007e-002 3.0000000000000027e-003 4.0000000000000001e-003  1.7023723320566627e-003
3.9000000000000007e-002 6.0000000000000053e-003 4.0000000000000001e-003  1.6847310623066788e-003
3.9000000000000007e-002 9.0000000000000011e-003 4.0000000000000001e-003  1.6788322673317127e-003
3.9000000000000007e-002 1.2000000000000004e-002 4.0000000000000001e-003  1.6984279335682368e-003
3.9000000000000007e-002 1.4999999999999999e-002 4.0000000000000001e-003  1.7123224280728873e-003
3.9000000000000007e-002 1.8000000000000002e-002 4.0000000000000001e-003  1.7132551127742419e-003
3.9000000000000007e-002 2.1000000000000005e-002 4.0000000000000001e-003  1.7175256832617830e-003
3.9000000000000007e-002 2.4000000000000007e-002 4.0000000000000001e-003  1.7235196775145622e-003
3.9000000000000007e-002 2.7000000000000010e-002 4.0000000000000001e-003  1.7305262986149249e-003
3.9000000000000007e-002 2.9999999999999999e-002 4.0000000000000001e-003  1.7655884368565414e-003
3.9000000000000007e-002 3.3000000000000002e-002 4.0000000000000001e-003  1.8044071335659594e-003
3.9000000000000007e-002 3.6000000000000004e-002 4.0000000000000001e-003  1.8277869750441334e-003
3.9000000000000007e-002 3.9000000000000007e-002 4.0000000000000001e-003  1.8463635130710086e-003
3.9000000000000007e-002 4.2000000000000010e-002 4.0000000000000001e-003  1.9576205363516785e-003
3.9000000000000007e-002 4.4999999999999998e-002 4.0000000000000001e-003  2.0730080014300361e-003
4.2000000000000010e-002 -4.4999999999999998e-002 4.0000000000000001e-003  2.3839846358858995e-003
4.2000000000000010e-002 -4.1999999999999996e-002 4.0000000000000001e-003  2.2586228263373189e-003
4.2000000000000010e-002 -3.9000000000000000e-002 4.0000000000000001e-003  2.2006647630531759e-003
4.2000000000000010e-002 -3.5999999999999997e-002 4.0000000000000001e-003  2.1254875135719533e-003
4.2000000000000010e-002 -3.3000000000000002e-002 4.0000000000000001e-003  2.0797136983817942e-003
4.2000000000000010e-002 -2.9999999999999999e-002 4.0000000000000001e-003  2.0609862114474189e-003
4.2000000000000010e-002 -2.6999999999999996e-002 4.0000000000000001e-003  2.0394707207382554e-003
4.2000000000000010e-002 -2.3999999999999997e-002 4.0000000000000001e-003  1.9947916631133000e-003
4.2000000000000010e-002 -2.0999999999999998e-002 4.0000000000000001e-003  1.9343027758554295e-003
4.2000000000000010e-002 -1.7999999999999999e-002 4.0000000000000001e-003  1.8995210400139294e-003
4.2000000000000010e-002 -1.4999999999999999e-002 4.0000000000000001e-003  1.9221407868775036e-003
4.2000000000000010e-002 -1.1999999999999997e-002 4.0000000000000001e-003  1.8735364421010130e-003
4.2000000000000010e-002 -8.9999999999999941e-003 4.0000000000000001e-003  1.8394180778669759e-003
4.2000000000000010e-002 -5.9999999999999984e-003 4.0000000000000001e-003  1.8287848099630621e-003
4.2000000000000010e-002 -2.9999999999999957e-003 4.0000000000000001e-003  1.8447571207505238e-003
4.2000000000000010e-002 0.0000000000000000e+000 4.0000000000000001e-003  1.8454944070361357e-003
4.2000000000000010e-002 3.0000000000000027e-003 4.0000000000000001e-003  1.8400232909873942e-003
4.2000000000000010e-002 6.0000000000000053e-003 4.0000000000000001e-003  1.8322351101304518e-003
4.2000000000000010e-002 9.0000000000000011e-003 4.0000000000000001e-003  1.8413002615471168e-003
4.2000000000000010e-002 1.2000000000000004e-002 4.0000000000000001e-003  1.8666945659602499e-003
4.2000000000000010e-002 1.4999999999999999e-002 4.0000000000000001e-003  1.8776377807700200e-003
4.2000000000000010e-002 1.8000000000000002e-002 4.0000000000000001e-003  1.8657452943614675e-003
4.2000000000000010e-002 2.1000000000000005e-002 4.0000000000000001e-003  1.8469618523937685e-003
4.2000000000000010e-002 2.4000000000000007e-002 4.0000000000000001e-003  1.8520085465995918e-003
4.2000000000000010e-002 2.7000000000000010e-002 4.0000000000000001e-003  1.8738933913124934e-003
4.2000000000000010e-002 2.9999999999999999e-002 4.0000000000000001e-003  1.8720333835119927e-003
4.2000000000000010e-002 3.3000000000000002e-002 4.0000000000000001e-003  1.8956170653803422e-003
4.2000000000000010e-002 3.6000000000000004e-002 4.0000000000000001e-003  1.9478930695683526e-003
4.2000000000000010e-002 3.9000000000000007e-002 4.0000000000000001e-003  1.9449067598368761e-003
4.2000000000000010e-002 4.2000000000000010e-002 4.0000000000000001e-003  2.0760285728344441e-003
4.2000000000000010e-002 4.4999999999999998e-002 4.0000000000000001e-003  2.1319082662930549e-003
4.4999999999999998e-002 -4.4999999999999998e-002 4.0000000000000001e-003  2.5774282922487058e-003
4.4999999999999998e-002 -4.1999999999999996e-002 4.0000000000000001e-003  2.4315724788538566e-003
4.4999999999999998e-002 -3.9000000000000000e-002 4.0000000000000001e-003  2.3415935675069714e-003
4.4999999999999998e-002 -3.5999999999999997e-002 4.0000000000000001e-003  2.2671850981498681e-003
4.4999999999999998e-002 -3.3000000000000002e-002 4.0000000000000001e-003  2.2096067295192547e-003
4.4999999999999998e-002 -2.9999999999999999e-002 4.0000000000000001e-003  2.1892877302079321e-003
4.4999999999999998e-002 -2.6999999999999996e-002 4.0000000000000001e-003  2.1646794959943273e-003
4.4999999999999998e-002 -2.3999999999999997e-002 4.0000000000000001e-003  2.1316637896183254e-003
4.4999999999999998e-002 -2.0999999999999998e-002 4.0000000000000001e-003  2.0901280269456069e-003
4.4999999999999998e-002 -1.7999999999999999e-002 4.0000000000000001e-003  2.0400547530242011e-003
4.4999999999999998e-002 -1.4999999999999999e-002 4.0000000000000001e-003  2.0174935435566871e-003
4.4999999999999998e-002 -1.1999999999999997e-002 4.0000000000000001e-003  1.9937721432155262e-003
4.4999999999999998e-002 -8.9999999999999941e-003 4.0000000000000001e-003  1.9728004224786265e-003
4.4999999999999998e-002 -5.9999999999999984e-003 4.0000000000000001e-003  1.9782538429790370e-003
4.4999999999999998e-002 -2.9999999999999957e-003 4.0000000000000001e-003  1.9810968761578441e-003
4.4999999999999998e-002 0.0000000000000000e+000 4.0000000000000001e-003  1.9810053774310613e-003
4.4999999999999998e-002 3.0000000000000027e-003 4.0000000000000001e-003  1.9778896976653882e-003
4.4999999999999998e-002 6.0000000000000053e-003 4.0000000000000001e-003  1.9716972427400912e-003
4.4999999999999998e-002 9.0000000000000011e-003 4.0000000000000001e-003  2.0032050472436110e-003
4.4999999999999998e-002 1.2000000000000004e-002 4.0000000000000001e-003  2.0299990449859605e-003
4.4999999999999998e-002 1.4999999999999999e-002 4.0000000000000001e-003  2.0415342796536542e-003
4.4999999999999998e-002 1.8000000000000002e-002 4.0000000000000001e-003  2.0378128094095957e-003
4.4999999999999998e-002 2.1000000000000005e-002 4.0000000000000001e-003  2.0188791642295812e-003
4.4999999999999998e-002 2.4000000000000007e-002 4.0000000000000001e-003  2.0045332132403006e-003
4.4999999999999998e-002 2.7000000000000010e-002 4.0000000000000001e-003  2.0445849406933864e-003
4.4999999999999998e-002 2.9999999999999999e-002 4.0000000000000001e-003  2.0876019315314324e-003
4.4999999999999998e-002 3.3000000000000002e-002 4.0000000000000001e-003  2.0939909243638242e-003
4.4999999999999998e-002 3.6000000000000004e-002 4.0000000000000001e-003  2.0660557008267532e-003
4.4999999999999998e-002 3.9000000000000007e-002 4.0000000000000001e-003  2.1000116916056358e-003
4.4999999999999998e-002 4.2000000000000010e-002 4.0000000000000001e-003  2.1567274560693548e-003
4.4999999999999998e-002 4.4999999999999998e-002 4.0000000000000001e-003  2.1824662259185899e-003
