Grid Output Min: [-45mm -45mm 4mm] Max: [45mm 45mm 4mm] Grid Size: [3mm 3mm 0mm]
X, Y, Z, Scalar data "Mag_B"
-4.4999999999999998e-002 -4.4999999999999998e-002 4.0000000000000001e-003  2.3613262462650881e-003
-4.4999999999999998e-002 -4.1999999999999996e-002 4.0000000000000001e-003  2.3009782413775815e-003
-4.4999999999999998e-002 -3.9000000000000000e-002 4.0000000000000001e-003  2.2498072696096661e-003
-4.4999999999999998e-002 -3.5999999999999997e-002 4.0000000000000001e-003  2.2014307792571244e-003
-4.4999999999999998e-002 -3.3000000000000002e-002 4.0000000000000001e-003  2.1546446258955592e-003
-4.4999999999999998e-002 -2.9999999999999999e-002 4.0000000000000001e-003  2.1084799954226279e-003
-4.4999999999999998e-002 -2.6999999999999996e-002 4.0000000000000001e-003  2.0622034040580278e-003
-4.4999999999999998e-002 -2.3999999999999997e-002 4.0000000000000001e-003  2.0234050680183928e-003
-4.4999999999999998e-002 -2.0999999999999998e-002 4.0000000000000001e-003  1.9749112490474209e-003
-4.4999999999999998e-002 -1.7999999999999999e-002 4.0000000000000001e-003  1.9069172095610913e-003
-4.4999999999999998e-002 -1.4999999999999999e-002 4.0000000000000001e-003  1.8878911457568160e-003
-4.4999999999999998e-002 -1.1999999999999997e-002 4.0000000000000001e-003  1.8837178378581538e-003
-4.4999999999999998e-002 -8.9999999999999941e-003 4.0000000000000001e-003  1.8829878450501412e-003
-4.4999999999999998e-002 -5.9999999999999984e-003 4.0000000000000001e-003  1.8810631156868946e-003
-4.4999999999999998e-002 -2.9999999999999957e-003 4.0000000000000001e-003  1.8779502683713245e-003
-4.4999999999999998e-002 0.0000000000000000e+000 4.0000000000000001e-003  1.8737257654140328e-003
-4.4999999999999998e-002 3.0000000000000027e-003 4.0000000000000001e-003  1.8703137378154602e-003
-4.4999999999999998e-002 6.0000000000000053e-003 4.0000000000000001e-003  1.8727177551626426e-003
-4.4999999999999998e-002 9.0000000000000011e-003 4.0000000000000001e-003  1.8772579333444330e-003
-4.4999999999999998e-002 1.2000000000000004e-002 4.0000000000000001e-003  1.8777123510940789e-003
-4.4999999999999998e-002 1.4999999999999999e-002 4.0000000000000001e-003  1.8664056286121632e-003
-4.4999999999999998e-002 1.8000000000000002e-002 4.0000000000000001e-003  1.8524372761546761e-003
-4.4999999999999998e-002 2.1000000000000005e-002 4.0000000000000001e-003  1.8697198080113290e-003
-4.4999999999999998e-002 2.4000000000000007e-002 4.0000000000000001e-003  1.8897462591283888e-003
-4.4999999999999998e-002 2.7000000000000010e-002 4.0000000000000001e-003  1.9125303956055719e-003
-4.4999999999999998e-002 2.9999999999999999e-002 4.0000000000000001e-003  1.9381030184237036e-003
-4.4999999999999998e-002 3.3000000000000002e-002 4.0000000000000001e-003  1.9733247187251816e-003
-4.4999999999999998e-002 3.6000000000000004e-002 4.0000000000000001e-003  2.0337696291095730e-003
-4.4999999999999998e-002 3.9000000000000007e-002 4.0000000000000001e-003  2.0995695221575953e-003
-4.4999999999999998e-002 4.2000000000000010e-002 4.0000000000000001e-003  2.1557655675537354e-003
-4.4999999999999998e-002 4.4999999999999998e-002 4.0000000000000001e-003  2.2234906139296422e-003
-4.1999999999999996e-002 -4.4999999999999998e-002 4.0000000000000001e-003  2.3859229554700164e-003
-4.1999999999999996e-002 -4.1999999999999996e-002 4.0000000000000001e-003  2.2003898579352156e-003
-4.1999999999999996e-002 -3.9000000000000000e-002 4.0000000000000001e-003  2.1357098353997502e-003
-4.1999999999999996e-002 -3.5999999999999997e-002 4.0000000000000001e-003  2.0876078106179447e-003
-4.1999999999999996e-002 -3.3000000000000002e-002 4.0000000000000001e-003  2.0405546511212736e-003
-4.1999999999999996e-002 -2.9999999999999999e-002 4.0000000000000001e-003  1.9936168940218515e-003
-4.1999999999999996e-002 -2.6999999999999996e-002 4.0000000000000001e-003  1.9626501994690665e-003
-4.1999999999999996e-002 -2.3999999999999997e-002 4.0000000000000001e-003  1.9319606809659593e-003
-4.1999999999999996e-002 -2.0999999999999998e-002 4.0000000000000001e-003  1.8637597948101897e-003
-4.1999999999999996e-002 -1.7999999999999999e-002 4.0000000000000001e-003  1.8274721761877466e-003
-4.1999999999999996e-002 -1.4999999999999999e-002 4.0000000000000001e-003  1.8153727682678857e-003
-4.1999999999999996e-002 -1.1999999999999997e-002 4.0000000000000001e-003  1.8109699929044992e-003
-4.1999999999999996e-002 -8.9999999999999941e-003 4.0000000000000001e-003  1.8123154331967676e-003
-4.1999999999999996e-002 -5.9999999999999984e-003 4.0000000000000001e-003  1.8126541702973720e-003
-4.1999999999999996e-002 -2.9999999999999957e-003 4.0000000000000001e-003  1.8001602363909791e-003
-4.1999999999999996e-002 0.0000000000000000e+000 4.0000000000000001e-003  1.7863384330081085e-003
-4.1999999999999996e-002 3.0000000000000027e-003 4.0000000000000001e-003  1.7842194925630917e-003
-4.1999999999999996e-002 6.0000000000000053e-003 4.0000000000000001e-003  1.7906570213194061e-003
-4.1999999999999996e-002 9.0000000000000011e-003 4.0000000000000001e-003  1.7929125271543406e-003
-4.1999999999999996e-002 1.2000000000000004e-002 4.0000000000000001e-003  1.7909787912747093e-003
-4.1999999999999996e-002 1.4999999999999999e-002 4.0000000000000001e-003  1.7847278393225241e-003
-4.1999999999999996e-002 1.8000000000000002e-002 4.0000000000000001e-003  1.7760950945117317e-003
-4.1999999999999996e-002 2.1000000000000005e-002 4.0000000000000001e-003  1.7708491130372082e-003
-4.1999999999999996e-002 2.4000000000000007e-002 4.0000000000000001e-003  1.7817008963669945e-003
-4.1999999999999996e-002 2.7000000000000010e-002 4.0000000000000001e-003  1.7994495916454206e-003
-4.1999999999999996e-002 2.9999999999999999e-002 4.0000000000000001e-003  1.8372016102427406e-003
-4.1999999999999996e-002 3.3000000000000002e-002 4.0000000000000001e-003  1.8798775836283209e-003
-4.1999999999999996e-002 3.6000000000000004e-002 4.0000000000000001e-003  1.9277374671546892e-003
-4.1999999999999996e-002 3.9000000000000007e-002 4.0000000000000001e-003  1.9659283995237535e-003
-4.1999999999999996e-002 4.2000000000000010e-002 4.0000000000000001e-003  2.0209709787572310e-003
-4.1999999999999996e-002 4.4999999999999998e-002 4.0000000000000001e-003  2.1117591951159802e-003
-3.9000000000000000e-002 -4.4999999999999998e-002 4.0000000000000001e-003  2.2867894965071843e-003
-3.9000000000000000e-002 -4.1999999999999996e-002 4.0000000000000001e-003  2.1848577196998181e-003
-3.9000000000000000e-002 -3.9000000000000000e-002 4.0000000000000001e-003  2.0562576405711635e-003
-3.9000000000000000e-002 -3.5999999999999997e-002 4.0000000000000001e-003  1.9786076778606195e-003
-3.9000000000000000e-002 -3.3000000000000002e-002 4.0000000000000001e-003  1.9313262140537690e-003
-3.9000000000000000e-002 -2.9999999999999999e-002 4.0000000000000001e-003  1.9133178705458063e-003
-3.9000000000000000e-002 -2.6999999999999996e-002 4.0000000000000001e-003  1.8875055757921284e-003
-3.9000000000000000e-002 -2.3999999999999997e-002 4.0000000000000001e-003  1.8421994351012151e-003
-3.9000000000000000e-002 -2.0999999999999998e-002 4.0000000000000001e-003  1.7962628185793847e-003
-3.9000000000000000e-002 -1.7999999999999999e-002 4.0000000000000001e-003  1.7806252537058054e-003
-3.9000000000000000e-002 -1.4999999999999999e-002 4.0000000000000001e-003  1.7750733472299406e-003
-3.9000000000000000e-002 -1.1999999999999997e-002 4.0000000000000001e-003  1.7771349078559736e-003
-3.9000000000000000e-002 -8.9999999999999941e-003 4.0000000000000001e-003  1.7705742275331831e-003
-3.9000000000000000e-002 -5.9999999999999984e-003 4.0000000000000001e-003  1.7451545028953773e-003
-3.9000000000000000e-002 -2.9999999999999957e-003 4.0000000000000001e-003  1.7209873148332072e-003
-3.9000000000000000e-002 0.0000000000000000e+000 4.0000000000000001e-003  1.7144756909088584e-003
-3.9000000000000000e-002 3.0000000000000027e-003 4.0000000000000001e-003  1.7227956015129402e-003
-3.9000000000000000e-002 6.0000000000000053e-003 4.0000000000000001e-003  1.7268716915830088e-003
-3.9000000000000000e-002 9.0000000000000011e-003 4.0000000000000001e-003  1.7266942578527263e-003
-3.9000000000000000e-002 1.2000000000000004e-002 4.0000000000000001e-003  1.7222571318200651e-003
-3.9000000000000000e-002 1.4999999999999999e-002 4.0000000000000001e-003  1.7135576797473061e-003
-3.9000000000000000e-002 1.8000000000000002e-002 4.0000000000000001e-003  1.7072073400766423e-003
-3.9000000000000000e-002 2.1000000000000005e-002 4.0000000000000001e-003  1.7085517122716182e-003
-3.9000000000000000e-002 2.4000000000000007e-002 4.0000000000000001e-003  1.7253553415962754e-003
-3.9000000000000000e-002 2.7000000000000010e-002 4.0000000000000001e-003  1.7521663389144029e-003
-3.9000000000000000e-002 2.9999999999999999e-002 4.0000000000000001e-003  1.7857903672123263e-003
-3.9000000000000000e-002 3.3000000000000002e-002 4.0000000000000001e-003  1.8242946978042904e-003
-3.9000000000000000e-002 3.6000000000000004e-002 4.0000000000000001e-003  1.8551901680085026e-003
-3.9000000000000000e-002 3.9000000000000007e-002 4.0000000000000001e-003  1.8953018674504685e-003
-3.9000000000000000e-002 4.2000000000000010e-002 4.0000000000000001e-003  1.9445340242377842e-003
-3.9000000000000000e-002 4.4999999999999998e-002 4.0000000000000001e-003  2.0197118969484773e-003
-3.5999999999999997e-002 -4.4999999999999998e-002 4.0000000000000001e-003  2.2189280628632517e-003
-3.5999999999999997e-002 -4.1999999999999996e-002 4.0000000000000001e-003  2.1159794772829350e-003
-3.5999999999999997e-002 -3.9000000000000000e-002 4.0000000000000001e-003  2.0169025856579315e-003
-3.5999999999999997e-002 -3.5999999999999997e-002 4.0000000000000001e-003  1.9231923862894987e-003
-3.5999999999999997e-002 -3.3000000000000002e-002 4.0000000000000001e-003  1.8716660351048148e-003
-3.5999999999999997e-002 -2.9999999999999999e-002 4.0000000000000001e-003  1.8528247993649003e-003
-3.5999999999999997e-002 -2.6999999999999996e-002 4.0000000000000001e-003  1.8186967607430511e-003
-3.5999999999999997e-002 -2.3999999999999997e-002 4.0000000000000001e-003  1.7794472483922904e-003
-3.5999999999999997e-002 -2.0999999999999998e-002 4.0000000000000001e-003  1.7637331566545257e-003
-3.5999999999999997e-002 -1.7999999999999999e-002 4.0000000000000001e-003  1.7484538752193246e-003
-3.5999999999999997e-002 -1.4999999999999999e-002 4.0000000000000001e-003  1.7379573262737266e-003
-3.5999999999999997e-002 -1.1999999999999997e-002 4.0000000000000001e-003  1.7292144031037713e-003
-3.5999999999999997e-002 -8.9999999999999941e-003 4.0000000000000001e-003  1.7185361040628266e-003
-3.5999999999999997e-002 -5.9999999999999984e-003 4.0000000000000001e-003  1.6757912578532234e-003
-3.5999999999999997e-002 -2.9999999999999957e-003 4.0000000000000001e-003  1.6603980723031446e-003
-3.5999999999999997e-002 0.0000000000000000e+000 4.0000000000000001e-003  1.6705167253343305e-003
-3.5999999999999997e-002 3.0000000000000027e-003 4.0000000000000001e-003  1.6763898791434929e-003
-3.5999999999999997e-002 6.0000000000000053e-003 4.0000000000000001e-003  1.6783783587212696e-003
-3.5999999999999997e-002 9.0000000000000011e-003 4.0000000000000001e-003  1.6765999776971723e-003
-3.5999999999999997e-002 1.2000000000000004e-002 4.0000000000000001e-003  1.6710539584586959e-003
-3.5999999999999997e-002 1.4999999999999999e-002 4.0000000000000001e-003  1.6617425949404813e-003
-3.5999999999999997e-002 1.8000000000000002e-002 4.0000000000000001e-003  1.6550469391701506e-003
-3.5999999999999997e-002 2.1000000000000005e-002 4.0000000000000001e-003  1.6652832387852451e-003
-3.5999999999999997e-002 2.4000000000000007e-002 4.0000000000000001e-003  1.6851496879714105e-003
-3.5999999999999997e-002 2.7000000000000010e-002 4.0000000000000001e-003  1.7142259753602160e-003
-3.5999999999999997e-002 2.9999999999999999e-002 4.0000000000000001e-003  1.7301626914159147e-003
-3.5999999999999997e-002 3.3000000000000002e-002 4.0000000000000001e-003  1.7412154655259634e-003
-3.5999999999999997e-002 3.6000000000000004e-002 4.0000000000000001e-003  1.7614186499956273e-003
-3.5999999999999997e-002 3.9000000000000007e-002 4.0000000000000001e-003  1.8119278613477664e-003
-3.5999999999999997e-002 4.2000000000000010e-002 4.0000000000000001e-003  1.8579424954462192e-003
-3.5999999999999997e-002 4.4999999999999998e-002 4.0000000000000001e-003  1.9324374680085624e-003
-3.3000000000000002e-002 -4.4999999999999998e-002 4.0000000000000001e-003  2.1828222785186184e-003
-3.3000000000000002e-002 -4.1999999999999996e-002 4.0000000000000001e-003  2.0788583687194610e-003
-3.3000000000000002e-002 -3.9000000000000000e-002 4.0000000000000001e-003  1.9824467178579594e-003
-3.3000000000000002e-002 -3.5999999999999997e-002 4.0000000000000001e-003  1.8996416991228240e-003
-3.3000000000000002e-002 -3.3000000000000002e-002 4.0000000000000001e-003  1.8292583898907532e-003
-3.3000000000000002e-002 -2.9999999999999999e-002 4.0000000000000001e-003  1.7979669604672116e-003
-3.3000000000000002e-002 -2.6999999999999996e-002 4.0000000000000001e-003  1.7618851547529760e-003
-3.3000000000000002e-002 -2.3999999999999997e-002 4.0000000000000001e-003  1.7383790762586782e-003
-3.3000000000000002e-002 -2.0999999999999998e-002 4.0000000000000001e-003  1.7126562795457220e-003
-3.3000000000000002e-002 -1.7999999999999999e-002 4.0000000000000001e-003  1.6916053456963050e-003
-3.3000000000000002e-002 -1.4999999999999999e-002 4.0000000000000001e-003  1.6810758285351235e-003
-3.3000000000000002e-002 -1.1999999999999997e-002 4.0000000000000001e-003  1.6681762775465321e-003
-3.3000000000000002e-002 -8.9999999999999941e-003 4.0000000000000001e-003  1.6580265298244933e-003
-3.3000000000000002e-002 -5.9999999999999984e-003 4.0000000000000001e-003  1.6486652680535083e-003
-3.3000000000000002e-002 -2.9999999999999957e-003 4.0000000000000001e-003  1.6262188118476922e-003
-3.3000000000000002e-002 0.0000000000000000e+000 4.0000000000000001e-003  1.6290500454067553e-003
-3.3000000000000002e-002 3.0000000000000027e-003 4.0000000000000001e-003  1.6365547263561080e-003
-3.3000000000000002e-002 6.0000000000000053e-003 4.0000000000000001e-003  1.6403077379761619e-003
-3.3000000000000002e-002 9.0000000000000011e-003 4.0000000000000001e-003  1.6403014897222454e-003
-3.3000000000000002e-002 1.2000000000000004e-002 4.0000000000000001e-003  1.6365314625968335e-003
-3.3000000000000002e-002 1.4999999999999999e-002 4.0000000000000001e-003  1.6304555523782545e-003
-3.3000000000000002e-002 1.8000000000000002e-002 4.0000000000000001e-003  1.6353344547699593e-003
-3.3000000000000002e-002 2.1000000000000005e-002 4.0000000000000001e-003  1.6400688019077795e-003
-3.3000000000000002e-002 2.4000000000000007e-002 4.0000000000000001e-003  1.6438866031370323e-003
-3.3000000000000002e-002 2.7000000000000010e-002 4.0000000000000001e-003  1.6495508791848786e-003
-3.3000000000000002e-002 2.9999999999999999e-002 4.0000000000000001e-003  1.6661148644928835e-003
-3.3000000000000002e-002 3.3000000000000002e-002 4.0000000000000001e-003  1.6934339969704002e-003
-3.3000000000000002e-002 3.6000000000000004e-002 4.0000000000000001e-003  1.7315008839363672e-003
-3.3000000000000002e-002 3.9000000000000007e-002 4.0000000000000001e-003  1.7790477683840174e-003
-3.3000000000000002e-002 4.2000000000000010e-002 4.0000000000000001e-003  1.8355226269690036e-003
-3.3000000000000002e-002 4.4999999999999998e-002 4.0000000000000001e-003  1.8853468682700346e-003
-2.9999999999999999e-002 -4.4999999999999998e-002 4.0000000000000001e-003  2.1506420707920731e-003
-2.9999999999999999e-002 -4.1999999999999996e-002 4.0000000000000001e-003  2.0405825123196424e-003
-2.9999999999999999e-002 -3.9000000000000000e-002 4.0000000000000001e-003  1.9474533613109877e-003
-2.9999999999999999e-002 -3.5999999999999997e-002 4.0000000000000001e-003  1.8692932898955023e-003
-2.9999999999999999e-002 -3.3000000000000002e-002 4.0000000000000001e-003  1.8043600204016735e-003
-2.9999999999999999e-002 -2.9999999999999999e-002 4.0000000000000001e-003  1.7511303253570519e-003
-2.9999999999999999e-002 -2.6999999999999996e-002 4.0000000000000001e-003  1.7161800335085281e-003
-2.9999999999999999e-002 -2.3999999999999997e-002 4.0000000000000001e-003  1.6897109311538264e-003
-2.9999999999999999e-002 -2.0999999999999998e-002 4.0000000000000001e-003  1.6680977162082382e-003
-2.9999999999999999e-002 -1.7999999999999999e-002 4.0000000000000001e-003  1.6513461659303506e-003
-2.9999999999999999e-002 -1.4999999999999999e-002 4.0000000000000001e-003  1.6394700062347821e-003
-2.9999999999999999e-002 -1.1999999999999997e-002 4.0000000000000001e-003  1.6324909116921913e-003
-2.9999999999999999e-002 -8.9999999999999941e-003 4.0000000000000001e-003  1.6278072289723005e-003
-2.9999999999999999e-002 -5.9999999999999984e-003 4.0000000000000001e-003  1.6219530712652819e-003
-2.9999999999999999e-002 -2.9999999999999957e-003 4.0000000000000001e-003  1.6123660532811656e-003
-2.9999999999999999e-002 0.0000000000000000e+000 4.0000000000000001e-003  1.5919873974725178e-003
-2.9999999999999999e-002 3.0000000000000027e-003 4.0000000000000001e-003  1.5942494998546137e-003
-2.9999999999999999e-002 6.0000000000000053e-003 4.0000000000000001e-003  1.5997635926435340e-003
-2.9999999999999999e-002 9.0000000000000011e-003 4.0000000000000001e-003  1.6015260862538739e-003
-2.9999999999999999e-002 1.2000000000000004e-002 4.0000000000000001e-003  1.5995287203030637e-003
-2.9999999999999999e-002 1.4999999999999999e-002 4.0000000000000001e-003  1.6044483591043509e-003
-2.9999999999999999e-002 1.8000000000000002e-002 4.0000000000000001e-003  1.6104150794179380e-003
-2.9999999999999999e-002 2.1000000000000005e-002 4.0000000000000001e-003  1.6210546978132245e-003
-2.9999999999999999e-002 2.4000000000000007e-002 4.0000000000000001e-003  1.6225979953374127e-003
-2.9999999999999999e-002 2.7000000000000010e-002 4.0000000000000001e-003  1.6265245768085968e-003
-2.9999999999999999e-002 2.9999999999999999e-002 4.0000000000000001e-003  1.6411181111710340e-003
-2.9999999999999999e-002 3.3000000000000002e-002 4.0000000000000001e-003  1.6664436519232809e-003
-2.9999999999999999e-002 3.6000000000000004e-002 4.0000000000000001e-003  1.7025050612952685e-003
-2.9999999999999999e-002 3.9000000000000007e-002 4.0000000000000001e-003  1.7486119208550018e-003
-2.9999999999999999e-002 4.2000000000000010e-002 4.0000000000000001e-003  1.8115890622688235e-003
-2.9999999999999999e-002 4.4999999999999998e-002 4.0000000000000001e-003  1.8685065022522747e-003
-2.6999999999999996e-002 -4.4999999999999998e-002 4.0000000000000001e-003  2.1256846321336532e-003
-2.6999999999999996e-002 -4.1999999999999996e-002 4.0000000000000001e-003  2.0171449951673099e-003
-2.6999999999999996e-002 -3.9000000000000000e-002 4.0000000000000001e-003  1.9245698744109121e-003
-2.6999999999999996e-002 -3.5999999999999997e-002 4.0000000000000001e-003  1.8461175630282442e-003
-2.6999999999999996e-002 -3.3000000000000002e-002 4.0000000000000001e-003  1.7801654043821601e-003
-2.6999999999999996e-002 -2.9999999999999999e-002 4.0000000000000001e-003  1.7291245577004714e-003
-2.6999999999999996e-002 -2.6999999999999996e-002 4.0000000000000001e-003  1.6864624454730054e-003
-2.6999999999999996e-002 -2.3999999999999997e-002 4.0000000000000001e-003  1.6546020490079008e-003
-2.6999999999999996e-002 -2.0999999999999998e-002 4.0000000000000001e-003  1.6324532318226000e-003
-2.6999999999999996e-002 -1.7999999999999999e-002 4.0000000000000001e-003  1.6167898851794174e-003
-2.6999999999999996e-002 -1.4999999999999999e-002 4.0000000000000001e-003  1.6054216430105616e-003
-2.6999999999999996e-002 -1.1999999999999997e-002 4.0000000000000001e-003  1.5983743082889693e-003
-2.6999999999999996e-002 -8.9999999999999941e-003 4.0000000000000001e-003  1.5972230410685772e-003
-2.6999999999999996e-002 -5.9999999999999984e-003 4.0000000000000001e-003  1.5932657642131458e-003
-2.6999999999999996e-002 -2.9999999999999957e-003 4.0000000000000001e-003  1.5848272662673027e-003
-2.6999999999999996e-002 0.0000000000000000e+000 4.0000000000000001e-003  1.5735865670476557e-003
-2.6999999999999996e-002 3.0000000000000027e-003 4.0000000000000001e-003  1.5551577290808286e-003
-2.6999999999999996e-002 6.0000000000000053e-003 4.0000000000000001e-003  1.5567327233949079e-003
-2.6999999999999996e-002 9.0000000000000011e-003 4.0000000000000001e-003  1.5602742633853213e-003
-2.6999999999999996e-002 1.2000000000000004e-002 4.0000000000000001e-003  1.5655249612107124e-003
-2.6999999999999996e-002 1.4999999999999999e-002 4.0000000000000001e-003  1.5732411746376314e-003
-2.6999999999999996e-002 1.8000000000000002e-002 4.0000000000000001e-003  1.5874337180224742e-003
-2.6999999999999996e-002 2.1000000000000005e-002 4.0000000000000001e-003  1.5958895087622921e-003
-2.6999999999999996e-002 2.4000000000000007e-002 4.0000000000000001e-003  1.5997995337611438e-003
-2.6999999999999996e-002 2.7000000000000010e-002 4.0000000000000001e-003  1.6040552198171136e-003
-2.6999999999999996e-002 2.9999999999999999e-002 4.0000000000000001e-003  1.6166741432635996e-003
-2.6999999999999996e-002 3.3000000000000002e-002 4.0000000000000001e-003  1.6400112667433403e-003
-2.6999999999999996e-002 3.6000000000000004e-002 4.0000000000000001e-003  1.6737769761621243e-003
-2.6999999999999996e-002 3.9000000000000007e-002 4.0000000000000001e-003  1.7206174521300114e-003
-2.6999999999999996e-002 4.2000000000000010e-002 4.0000000000000001e-003  1.7856134752136223e-003
-2.6999999999999996e-002 4.4999999999999998e-002 4.0000000000000001e-003  1.8705517302366071e-003
-2.3999999999999997e-002 -4.4999999999999998e-002 4.0000000000000001e-003  2.1313343949126650e-003
-2.3999999999999997e-002 -4.1999999999999996e-002 4.0000000000000001e-003  1.9911835232224373e-003
-2.3999999999999997e-002 -3.9000000000000000e-002 4.0000000000000001e-003  1.8987062631928447e-003
-2.3999999999999997e-002 -3.5999999999999997e-002 4.0000000000000001e-003  1.8196359531182716e-003
-2.3999999999999997e-002 -3.3000000000000002e-002 4.0000000000000001e-003  1.7551460818734110e-003
-2.3999999999999997e-002 -2.9999999999999999e-002 4.0000000000000001e-003  1.7070885272987861e-003
-2.3999999999999997e-002 -2.6999999999999996e-002 4.0000000000000001e-003  1.6651344913889475e-003
-2.3999999999999997e-002 -2.3999999999999997e-002 4.0000000000000001e-003  1.6377514378322776e-003
-2.3999999999999997e-002 -2.0999999999999998e-002 4.0000000000000001e-003  1.6144779718328607e-003
-2.3999999999999997e-002 -1.7999999999999999e-002 4.0000000000000001e-003  1.5953957773208584e-003
-2.3999999999999997e-002 -1.4999999999999999e-002 4.0000000000000001e-003  1.5806021658999272e-003
-2.3999999999999997e-002 -1.1999999999999997e-002 4.0000000000000001e-003  1.5704151607378277e-003
-2.3999999999999997e-002 -8.9999999999999941e-003 4.0000000000000001e-003  1.5681484308606843e-003
-2.3999999999999997e-002 -5.9999999999999984e-003 4.0000000000000001e-003  1.5640379322476325e-003
-2.3999999999999997e-002 -2.9999999999999957e-003 4.0000000000000001e-003  1.5561888935577465e-003
-2.3999999999999997e-002 0.0000000000000000e+000 4.0000000000000001e-003  1.5451236553700807e-003
-2.3999999999999997e-002 3.0000000000000027e-003 4.0000000000000001e-003  1.5323167213253460e-003
-2.3999999999999997e-002 6.0000000000000053e-003 4.0000000000000001e-003  1.5157943187815667e-003
-2.3999999999999997e-002 9.0000000000000011e-003 4.0000000000000001e-003  1.5185550898573433e-003
-2.3999999999999997e-002 1.2000000000000004e-002 4.0000000000000001e-003  1.5280647562496653e-003
-2.3999999999999997e-002 1.4999999999999999e-002 4.0000000000000001e-003  1.5433072377102662e-003
-2.3999999999999997e-002 1.8000000000000002e-002 4.0000000000000001e-003  1.5601714518060322e-003
-2.3999999999999997e-002 2.1000000000000005e-002 4.0000000000000001e-003  1.5677725523975108e-003
-2.3999999999999997e-002 2.4000000000000007e-002 4.0000000000000001e-003  1.5750643806222383e-003
-2.3999999999999997e-002 2.7000000000000010e-002 4.0000000000000001e-003  1.5820456057648920e-003
-2.3999999999999997e-002 2.9999999999999999e-002 4.0000000000000001e-003  1.5927836657704832e-003
-2.3999999999999997e-002 3.3000000000000002e-002 4.0000000000000001e-003  1.6141362344489752e-003
-2.3999999999999997e-002 3.6000000000000004e-002 4.0000000000000001e-003  1.6465620432681797e-003
-2.3999999999999997e-002 3.9000000000000007e-002 4.0000000000000001e-003  1.6950804899155357e-003
-2.3999999999999997e-002 4.2000000000000010e-002 4.0000000000000001e-003  1.7622644603085516e-003
-2.3999999999999997e-002 4.4999999999999998e-002 4.0000000000000001e-003  1.8499555993493242e-003
-2.0999999999999998e-002 -4.4999999999999998e-002 4.0000000000000001e-003  2.1342299330429338e-003
-2.0999999999999998e-002 -4.1999999999999996e-002 4.0000000000000001e-003  1.9877587927950259e-003
-2.0999999999999998e-002 -3.9000000000000000e-002 4.0000000000000001e-003  1.8698671523720985e-003
-2.0999999999999998e-002 -3.5999999999999997e-002 4.0000000000000001e-003  1.7898285881084663e-003
-2.0999999999999998e-002 -3.3000000000000002e-002 4.0000000000000001e-003  1.7352313320738767e-003
-2.0999999999999998e-002 -2.9999999999999999e-002 4.0000000000000001e-003  1.6893021386594584e-003
-2.0999999999999998e-002 -2.6999999999999996e-002 4.0000000000000001e-003  1.6484168660446526e-003
-2.0999999999999998e-002 -2.3999999999999997e-002 4.0000000000000001e-003  1.6233569719294398e-003
-2.0999999999999998e-002 -2.0999999999999998e-002 4.0000000000000001e-003  1.6000338795873995e-003
-2.0999999999999998e-002 -1.7999999999999999e-002 4.0000000000000001e-003  1.5775350715539914e-003
-2.0999999999999998e-002 -1.4999999999999999e-002 4.0000000000000001e-003  1.5593195113188518e-003
-2.0999999999999998e-002 -1.1999999999999997e-002 4.0000000000000001e-003  1.5488953044633363e-003
-2.0999999999999998e-002 -8.9999999999999941e-003 4.0000000000000001e-003  1.5438812618994305e-003
-2.0999999999999998e-002 -5.9999999999999984e-003 4.0000000000000001e-003  1.5370182438020242e-003
-2.0999999999999998e-002 -2.9999999999999957e-003 4.0000000000000001e-003  1.5282996232282636e-003
-2.0999999999999998e-002 0.0000000000000000e+000 4.0000000000000001e-003  1.5166116470116345e-003
-2.0999999999999998e-002 3.0000000000000027e-003 4.0000000000000001e-003  1.5060082300057832e-003
-2.0999999999999998e-002 6.0000000000000053e-003 4.0000000000000001e-003  1.4979226768156663e-003
-2.0999999999999998e-002 9.0000000000000011e-003 4.0000000000000001e-003  1.4900490912333206e-003
-2.0999999999999998e-002 1.2000000000000004e-002 4.0000000000000001e-003  1.4886694537677603e-003
-2.0999999999999998e-002 1.4999999999999999e-002 4.0000000000000001e-003  1.5154369801901385e-003
-2.0999999999999998e-002 1.8000000000000002e-002 4.0000000000000001e-003  1.5267405410803782e-003
-2.0999999999999998e-002 2.1000000000000005e-002 4.0000000000000001e-003  1.5377235781865849e-003
-2.0999999999999998e-002 2.4000000000000007e-002 4.0000000000000001e-003  1.5483809019909197e-003
-2.0999999999999998e-002 2.7000000000000010e-002 4.0000000000000001e-003  1.5587105821892717e-003
-2.0999999999999998e-002 2.9999999999999999e-002 4.0000000000000001e-003  1.5694473018240610e-003
-2.0999999999999998e-002 3.3000000000000002e-002 4.0000000000000001e-003  1.5888178661910581e-003
-2.0999999999999998e-002 3.6000000000000004e-002 4.0000000000000001e-003  1.6216834746626129e-003
-2.0999999999999998e-002 3.9000000000000007e-002 4.0000000000000001e-003  1.6720361562552752e-003
-2.0999999999999998e-002 4.2000000000000010e-002 4.0000000000000001e-003  1.7415945179780571e-003
-2.0999999999999998e-002 4.4999999999999998e-002 4.0000000000000001e-003  1.8322551648114987e-003
-1.7999999999999999e-002 -4.4999999999999998e-002 4.0000000000000001e-003  2.1236647477728093e-003
-1.7999999999999999e-002 -4.1999999999999996e-002 4.0000000000000001e-003  1.9771406987706065e-003
-1.7999999999999999e-002 -3.9000000000000000e-002 4.0000000000000001e-003  1.8409357149692840e-003
-1.7999999999999999e-002 -3.5999999999999997e-002 4.0000000000000001e-003  1.7753462873602785e-003
-1.7999999999999999e-002 -3.3000000000000002e-002 4.0000000000000001e-003  1.7246690393787239e-003
-1.7999999999999999e-002 -2.9999999999999999e-002 4.0000000000000001e-003  1.6780237827076795e-003
-1.7999999999999999e-002 -2.6999999999999996e-002 4.0000000000000001e-003  1.6365070886874265e-003
-1.7999999999999999e-002 -2.3999999999999997e-002 4.0000000000000001e-003  1.6108979145449283e-003
-1.7999999999999999e-002 -2.0999999999999998e-002 4.0000000000000001e-003  1.5877995394783485e-003
-1.7999999999999999e-002 -1.7999999999999999e-002 4.0000000000000001e-003  1.5631986855431236e-003
-1.7999999999999999e-002 -1.4999999999999999e-002 4.0000000000000001e-003  1.5415652760819023e-003
-1.7999999999999999e-002 -1.1999999999999997e-002 4.0000000000000001e-003  1.5321660797596171e-003
-1.7999999999999999e-002 -8.9999999999999941e-003 4.0000000000000001e-003  1.5244305156832387e-003
-1.7999999999999999e-002 -5.9999999999999984e-003 4.0000000000000001e-003  1.5148468855580956e-003
-1.7999999999999999e-002 -2.9999999999999957e-003 4.0000000000000001e-003  1.5050603075252148e-003
-1.7999999999999999e-002 0.0000000000000000e+000 4.0000000000000001e-003  1.4965926199262875e-003
-1.7999999999999999e-002 3.0000000000000027e-003 4.0000000000000001e-003  1.4892848352624738e-003
-1.7999999999999999e-002 6.0000000000000053e-003 4.0000000000000001e-003  1.4833182348063106e-003
-1.7999999999999999e-002 9.0000000000000011e-003 4.0000000000000001e-003  1.4823202645248331e-003
-1.7999999999999999e-002 1.2000000000000004e-002 4.0000000000000001e-003  1.4813936704572140e-003
-1.7999999999999999e-002 1.4999999999999999e-002 4.0000000000000001e-003  1.4871441163784502e-003
-1.7999999999999999e-002 1.8000000000000002e-002 4.0000000000000001e-003  1.4940568276516741e-003
-1.7999999999999999e-002 2.1000000000000005e-002 4.0000000000000001e-003  1.5057306513619568e-003
-1.7999999999999999e-002 2.4000000000000007e-002 4.0000000000000001e-003  1.5197411592275240e-003
-1.7999999999999999e-002 2.7000000000000010e-002 4.0000000000000001e-003  1.5334113359517661e-003
-1.7999999999999999e-002 2.9999999999999999e-002 4.0000000000000001e-003  1.5466655926891523e-003
-1.7999999999999999e-002 3.3000000000000002e-002 4.0000000000000001e-003  1.5648188820126311e-003
-1.7999999999999999e-002 3.6000000000000004e-002 4.0000000000000001e-003  1.5991780083455863e-003
-1.7999999999999999e-002 3.9000000000000007e-002 4.0000000000000001e-003  1.6515385675301396e-003
-1.7999999999999999e-002 4.2000000000000010e-002 4.0000000000000001e-003  1.7236751429837943e-003
-1.7999999999999999e-002 4.4999999999999998e-002 4.0000000000000001e-003  1.8175392997655342e-003
-1.4999999999999999e-002 -4.4999999999999998e-002 4.0000000000000001e-003  2.1332595930189224e-003
-1.4999999999999999e-002 -4.1999999999999996e-002 4.0000000000000001e-003  1.9617121480492838e-003
-1.4999999999999999e-002 -3.9000000000000000e-002 4.0000000000000001e-003  1.8355814891076318e-003
-1.4999999999999999e-002 -3.5999999999999997e-002 4.0000000000000001e-003  1.7698440413721742e-003
-1.4999999999999999e-002 -3.3000000000000002e-002 4.0000000000000001e-003  1.7173913791333623e-003
-1.4999999999999999e-002 -2.9999999999999999e-002 4.0000000000000001e-003  1.6690241604084095e-003
-1.4999999999999999e-002 -2.6999999999999996e-002 4.0000000000000001e-003  1.6288061109131927e-003
-1.4999999999999999e-002 -2.3999999999999997e-002 4.0000000000000001e-003  1.6014920914756154e-003
-1.4999999999999999e-002 -2.0999999999999998e-002 4.0000000000000001e-003  1.5759829785157576e-003
-1.4999999999999999e-002 -1.7999999999999999e-002 4.0000000000000001e-003  1.5522756558976477e-003
-1.4999999999999999e-002 -1.4999999999999999e-002 4.0000000000000001e-003  1.5288366741925961e-003
-1.4999999999999999e-002 -1.1999999999999997e-002 4.0000000000000001e-003  1.5200187351886785e-003
-1.4999999999999999e-002 -8.9999999999999941e-003 4.0000000000000001e-003  1.5085612399940566e-003
-1.4999999999999999e-002 -5.9999999999999984e-003 4.0000000000000001e-003  1.4982795303974824e-003
-1.4999999999999999e-002 -2.9999999999999957e-003 4.0000000000000001e-003  1.4891642279212217e-003
-1.4999999999999999e-002 0.0000000000000000e+000 4.0000000000000001e-003  1.4816620629410462e-003
-1.4999999999999999e-002 3.0000000000000027e-003 4.0000000000000001e-003  1.4749759881513146e-003
-1.4999999999999999e-002 6.0000000000000053e-003 4.0000000000000001e-003  1.4703839064774508e-003
-1.4999999999999999e-002 9.0000000000000011e-003 4.0000000000000001e-003  1.4703005527320731e-003
-1.4999999999999999e-002 1.2000000000000004e-002 4.0000000000000001e-003  1.4757270878473262e-003
-1.4999999999999999e-002 1.4999999999999999e-002 4.0000000000000001e-003  1.4821004445428388e-003
-1.4999999999999999e-002 1.8000000000000002e-002 4.0000000000000001e-003  1.4893668618727264e-003
-1.4999999999999999e-002 2.1000000000000005e-002 4.0000000000000001e-003  1.4975168127684532e-003
-1.4999999999999999e-002 2.4000000000000007e-002 4.0000000000000001e-003  1.5065413519241761e-003
-1.4999999999999999e-002 2.7000000000000010e-002 4.0000000000000001e-003  1.5164321157967447e-003
-1.4999999999999999e-002 2.9999999999999999e-002 4.0000000000000001e-003  1.5271813226057057e-003
-1.4999999999999999e-002 3.3000000000000002e-002 4.0000000000000001e-003  1.5459483766888777e-003
-1.4999999999999999e-002 3.6000000000000004e-002 4.0000000000000001e-003  1.5814917250704208e-003
-1.4999999999999999e-002 3.9000000000000007e-002 4.0000000000000001e-003  1.6348870728619786e-003
-1.4999999999999999e-002 4.2000000000000010e-002 4.0000000000000001e-003  1.7078313073001839e-003
-1.4999999999999999e-002 4.4999999999999998e-002 4.0000000000000001e-003  1.8021880912561603e-003
-1.1999999999999997e-002 -4.4999999999999998e-002 4.0000000000000001e-003  2.1179704105965952e-003
-1.1999999999999997e-002 -4.1999999999999996e-002 4.0000000000000001e-003  1.9420474301759254e-003
-1.1999999999999997e-002 -3.9000000000000000e-002 4.0000000000000001e-003  1.8301788440308830e-003
-1.1999999999999997e-002 -3.5999999999999997e-002 4.0000000000000001e-003  1.7624263231741995e-003
-1.1999999999999997e-002 -3.3000000000000002e-002 4.0000000000000001e-003  1.7123860690090027e-003
-1.1999999999999997e-002 -2.9999999999999999e-002 4.0000000000000001e-003  1.6623065515120675e-003
-1.1999999999999997e-002 -2.6999999999999996e-002 4.0000000000000001e-003  1.6234697190444501e-003
-1.1999999999999997e-002 -2.3999999999999997e-002 4.0000000000000001e-003  1.5944468594606079e-003
-1.1999999999999997e-002 -2.0999999999999998e-002 4.0000000000000001e-003  1.5672306851014295e-003
-1.1999999999999997e-002 -1.7999999999999999e-002 4.0000000000000001e-003  1.5418227412157819e-003
-1.1999999999999997e-002 -1.4999999999999999e-002 4.0000000000000001e-003  1.5194136065589253e-003
-1.1999999999999997e-002 -1.1999999999999997e-002 4.0000000000000001e-003  1.5060195348854937e-003
-1.1999999999999997e-002 -8.9999999999999941e-003 4.0000000000000001e-003  1.4951372574072354e-003
-1.1999999999999997e-002 -5.9999999999999984e-003 4.0000000000000001e-003  1.4862084407890723e-003
-1.1999999999999997e-002 -2.9999999999999957e-003 4.0000000000000001e-003  1.4778136111128202e-003
-1.1999999999999997e-002 0.0000000000000000e+000 4.0000000000000001e-003  1.4699535705279660e-003
-1.1999999999999997e-002 3.0000000000000027e-003 4.0000000000000001e-003  1.4626308913227709e-003
-1.1999999999999997e-002 6.0000000000000053e-003 4.0000000000000001e-003  1.4593932325196333e-003
-1.1999999999999997e-002 9.0000000000000011e-003 4.0000000000000001e-003  1.4599964420995957e-003
-1.1999999999999997e-002 1.2000000000000004e-002 4.0000000000000001e-003  1.4655472985719417e-003
-1.1999999999999997e-002 1.4999999999999999e-002 4.0000000000000001e-003  1.4726454425171311e-003
-1.1999999999999997e-002 1.8000000000000002e-002 4.0000000000000001e-003  1.4812802135920641e-003
-1.1999999999999997e-002 2.1000000000000005e-002 4.0000000000000001e-003  1.4914434662687667e-003
-1.1999999999999997e-002 2.4000000000000007e-002 4.0000000000000001e-003  1.5029833064938087e-003
-1.1999999999999997e-002 2.7000000000000010e-002 4.0000000000000001e-003  1.5128762195814173e-003
-1.1999999999999997e-002 2.9999999999999999e-002 4.0000000000000001e-003  1.5240861683681393e-003
-1.1999999999999997e-002 3.3000000000000002e-002 4.0000000000000001e-003  1.5437757440450450e-003
-1.1999999999999997e-002 3.6000000000000004e-002 4.0000000000000001e-003  1.5752094297609679e-003
-1.1999999999999997e-002 3.9000000000000007e-002 4.0000000000000001e-003  1.6240849687289883e-003
-1.1999999999999997e-002 4.2000000000000010e-002 4.0000000000000001e-003  1.6920881816290417e-003
-1.1999999999999997e-002 4.4999999999999998e-002 4.0000000000000001e-003  1.7810716647755531e-003
-8.9999999999999941e-003 -4.4999999999999998e-002 4.0000000000000001e-003  2.1056427821293830e-003
-8.9999999999999941e-003 -4.1999999999999996e-002 4.0000000000000001e-003  1.9417677680273269e-003
-8.9999999999999941e-003 -3.9000000000000000e-002 4.0000000000000001e-003  1.8269211570972560e-003
-8.9999999999999941e-003 -3.5999999999999997e-002 4.0000000000000001e-003  1.7556109150674438e-003
-8.9999999999999941e-003 -3.3000000000000002e-002 4.0000000000000001e-003  1.7074102546682994e-003
-8.9999999999999941e-003 -2.9999999999999999e-002 4.0000000000000001e-003  1.6578781693021272e-003
-8.9999999999999941e-003 -2.6999999999999996e-002 4.0000000000000001e-003  1.6205016406723137e-003
-8.9999999999999941e-003 -2.3999999999999997e-002 4.0000000000000001e-003  1.5897662325245481e-003
-8.9999999999999941e-003 -2.0999999999999998e-002 4.0000000000000001e-003  1.5608414658821023e-003
-8.9999999999999941e-003 -1.7999999999999999e-002 4.0000000000000001e-003  1.5346026284550102e-003
-8.9999999999999941e-003 -1.4999999999999999e-002 4.0000000000000001e-003  1.5138102756838880e-003
-8.9999999999999941e-003 -1.1999999999999997e-002 4.0000000000000001e-003  1.4990379847889793e-003
-8.9999999999999941e-003 -8.9999999999999941e-003 4.0000000000000001e-003  1.4868110308093841e-003
-8.9999999999999941e-003 -5.9999999999999984e-003 4.0000000000000001e-003  1.4772476217271870e-003
-8.9999999999999941e-003 -2.9999999999999957e-003 4.0000000000000001e-003  1.4682199350760049e-003
-8.9999999999999941e-003 0.0000000000000000e+000 4.0000000000000001e-003  1.4597270448135666e-003
-8.9999999999999941e-003 3.0000000000000027e-003 4.0000000000000001e-003  1.4517697950363815e-003
-8.9999999999999941e-003 6.0000000000000053e-003 4.0000000000000001e-003  1.4498362234809197e-003
-8.9999999999999941e-003 9.0000000000000011e-003 4.0000000000000001e-003  1.4511778201450809e-003
-8.9999999999999941e-003 1.2000000000000004e-002 4.0000000000000001e-003  1.4555815630681464e-003
-8.9999999999999941e-003 1.4999999999999999e-002 4.0000000000000001e-003  1.4615290274948502e-003
-8.9999999999999941e-003 1.8000000000000002e-002 4.0000000000000001e-003  1.4690114172785452e-003
-8.9999999999999941e-003 2.1000000000000005e-002 4.0000000000000001e-003  1.4780224510877126e-003
-8.9999999999999941e-003 2.4000000000000007e-002 4.0000000000000001e-003  1.4949476152771883e-003
-8.9999999999999941e-003 2.7000000000000010e-002 4.0000000000000001e-003  1.5063769177131401e-003
-8.9999999999999941e-003 2.9999999999999999e-002 4.0000000000000001e-003  1.5226477965255255e-003
-8.9999999999999941e-003 3.3000000000000002e-002 4.0000000000000001e-003  1.5429931090201725e-003
-8.9999999999999941e-003 3.6000000000000004e-002 4.0000000000000001e-003  1.5702990167529443e-003
-8.9999999999999941e-003 3.9000000000000007e-002 4.0000000000000001e-003  1.6147628274056887e-003
-8.9999999999999941e-003 4.2000000000000010e-002 4.0000000000000001e-003  1.6779402750904380e-003
-8.9999999999999941e-003 4.4999999999999998e-002 4.0000000000000001e-003  1.7616728895649184e-003
-5.9999999999999984e-003 -4.4999999999999998e-002 4.0000000000000001e-003  2.1029224074239549e-003
-5.9999999999999984e-003 -4.1999999999999996e-002 4.0000000000000001e-003  1.9414754060101402e-003
-5.9999999999999984e-003 -3.9000000000000000e-002 4.0000000000000001e-003  1.8269160516469077e-003
-5.9999999999999984e-003 -3.5999999999999997e-002 4.0000000000000001e-003  1.7534637324707124e-003
-5.9999999999999984e-003 -3.3000000000000002e-002 4.0000000000000001e-003  1.7042814156935724e-003
-5.9999999999999984e-003 -2.9999999999999999e-002 4.0000000000000001e-003  1.6566710154269444e-003
-5.9999999999999984e-003 -2.6999999999999996e-002 4.0000000000000001e-003  1.6204469124963140e-003
-5.9999999999999984e-003 -2.3999999999999997e-002 4.0000000000000001e-003  1.5897287983265536e-003
-5.9999999999999984e-003 -2.0999999999999998e-002 4.0000000000000001e-003  1.5616997194983114e-003
-5.9999999999999984e-003 -1.7999999999999999e-002 4.0000000000000001e-003  1.5363598254804530e-003
-5.9999999999999984e-003 -1.4999999999999999e-002 4.0000000000000001e-003  1.5137100511007228e-003
-5.9999999999999984e-003 -1.1999999999999997e-002 4.0000000000000001e-003  1.4981832951654036e-003
-5.9999999999999984e-003 -8.9999999999999941e-003 4.0000000000000001e-003  1.4834976784851544e-003
-5.9999999999999984e-003 -5.9999999999999984e-003 4.0000000000000001e-003  1.4697707845858807e-003
-5.9999999999999984e-003 -2.9999999999999957e-003 4.0000000000000001e-003  1.4601079537098335e-003
-5.9999999999999984e-003 0.0000000000000000e+000 4.0000000000000001e-003  1.4509814025186138e-003
-5.9999999999999984e-003 3.0000000000000027e-003 4.0000000000000001e-003  1.4442885669076252e-003
-5.9999999999999984e-003 6.0000000000000053e-003 4.0000000000000001e-003  1.4417109040082898e-003
-5.9999999999999984e-003 9.0000000000000011e-003 4.0000000000000001e-003  1.4433674264155106e-003
-5.9999999999999984e-003 1.2000000000000004e-002 4.0000000000000001e-003  1.4466312576509812e-003
-5.9999999999999984e-003 1.4999999999999999e-002 4.0000000000000001e-003  1.4514356563534649e-003
-5.9999999999999984e-003 1.8000000000000002e-002 4.0000000000000001e-003  1.4612675066110383e-003
-5.9999999999999984e-003 2.1000000000000005e-002 4.0000000000000001e-003  1.4762435505447011e-003
-5.9999999999999984e-003 2.4000000000000007e-002 4.0000000000000001e-003  1.4930920028797686e-003
-5.9999999999999984e-003 2.7000000000000010e-002 4.0000000000000001e-003  1.5007433279177898e-003
-5.9999999999999984e-003 2.9999999999999999e-002 4.0000000000000001e-003  1.5220459350843226e-003
-5.9999999999999984e-003 3.3000000000000002e-002 4.0000000000000001e-003  1.5430332933800703e-003
-5.9999999999999984e-003 3.6000000000000004e-002 4.0000000000000001e-003  1.5667381165259380e-003
-5.9999999999999984e-003 3.9000000000000007e-002 4.0000000000000001e-003  1.6068928381688817e-003
-5.9999999999999984e-003 4.2000000000000010e-002 4.0000000000000001e-003  1.6653543357583818e-003
-5.9999999999999984e-003 4.4999999999999998e-002 4.0000000000000001e-003  1.7720046924413176e-003
-2.9999999999999957e-003 -4.4999999999999998e-002 4.0000000000000001e-003  2.0610467398849315e-003
-2.9999999999999957e-003 -4.1999999999999996e-002 4.0000000000000001e-003  1.9265222350960867e-003
-2.9999999999999957e-003 -3.9000000000000000e-002 4.0000000000000001e-003  1.8519961938134734e-003
-2.9999999999999957e-003 -3.5999999999999997e-002 4.0000000000000001e-003  1.7561121080801581e-003
-2.9999999999999957e-003 -3.3000000000000002e-002 4.0000000000000001e-003  1.7073325182095863e-003
-2.9999999999999957e-003 -2.9999999999999999e-002 4.0000000000000001e-003  1.6594109596009749e-003
-2.9999999999999957e-003 -2.6999999999999996e-002 4.0000000000000001e-003  1.6209521446084302e-003
-2.9999999999999957e-003 -2.3999999999999997e-002 4.0000000000000001e-003  1.5900018802120855e-003
-2.9999999999999957e-003 -2.0999999999999998e-002 4.0000000000000001e-003  1.5617611072865965e-003
-2.9999999999999957e-003 -1.7999999999999999e-002 4.0000000000000001e-003  1.5362274367235066e-003
-2.9999999999999957e-003 -1.4999999999999999e-002 4.0000000000000001e-003  1.5133997147942411e-003
-2.9999999999999957e-003 -1.1999999999999997e-002 4.0000000000000001e-003  1.4974654258063703e-003
-2.9999999999999957e-003 -8.9999999999999941e-003 4.0000000000000001e-003  1.4826684741277530e-003
-2.9999999999999957e-003 -5.9999999999999984e-003 4.0000000000000001e-003  1.4683600178876243e-003
-2.9999999999999957e-003 -2.9999999999999957e-003 4.0000000000000001e-003  1.4544234250929117e-003
-2.9999999999999957e-003 0.0000000000000000e+000 4.0000000000000001e-003  1.4437192947326274e-003
-2.9999999999999957e-003 3.0000000000000027e-003 4.0000000000000001e-003  1.4383742263568331e-003
-2.9999999999999957e-003 6.0000000000000053e-003 4.0000000000000001e-003  1.4359821777552128e-003
-2.9999999999999957e-003 9.0000000000000011e-003 4.0000000000000001e-003  1.4365654018432133e-003
-2.9999999999999957e-003 1.2000000000000004e-002 4.0000000000000001e-003  1.4400319254441124e-003
-2.9999999999999957e-003 1.4999999999999999e-002 4.0000000000000001e-003  1.4493898412110001e-003
-2.9999999999999957e-003 1.8000000000000002e-002 4.0000000000000001e-003  1.4614329264360083e-003
-2.9999999999999957e-003 2.1000000000000005e-002 4.0000000000000001e-003  1.4761644757317776e-003
-2.9999999999999957e-003 2.4000000000000007e-002 4.0000000000000001e-003  1.4886804140157037e-003
-2.9999999999999957e-003 2.7000000000000010e-002 4.0000000000000001e-003  1.5002967317516312e-003
-2.9999999999999957e-003 2.9999999999999999e-002 4.0000000000000001e-003  1.5225767706318468e-003
-2.9999999999999957e-003 3.3000000000000002e-002 4.0000000000000001e-003  1.5429688190041191e-003
-2.9999999999999957e-003 3.6000000000000004e-002 4.0000000000000001e-003  1.5645078384720248e-003
-2.9999999999999957e-003 3.9000000000000007e-002 4.0000000000000001e-003  1.6004506692078421e-003
-2.9999999999999957e-003 4.2000000000000010e-002 4.0000000000000001e-003  1.6766027974947904e-003
-2.9999999999999957e-003 4.4999999999999998e-002 4.0000000000000001e-003  1.7836287343611613e-003
0.0000000000000000e+000 -4.4999999999999998e-002 4.0000000000000001e-003  2.0774257341811884e-003
0.0000000000000000e+000 -4.1999999999999996e-002 4.0000000000000001e-003  1.9357334628994684e-003
0.0000000000000000e+000 -3.9000000000000000e-002 4.0000000000000001e-003  1.8517880282473320e-003
0.0000000000000000e+000 -3.5999999999999997e-002 4.0000000000000001e-003  1.7544483329028531e-003
0.0000000000000000e+000 -3.3000000000000002e-002 4.0000000000000001e-003  1.7106192413854789e-003
0.0000000000000000e+000 -2.9999999999999999e-002 4.0000000000000001e-003  1.6654299464216697e-003
0.0000000000000000e+000 -2.6999999999999996e-002 4.0000000000000001e-003  1.6239041984289768e-003
0.0000000000000000e+000 -2.3999999999999997e-002 4.0000000000000001e-003  1.5894729302788387e-003
0.0000000000000000e+000 -2.0999999999999998e-002 4.0000000000000001e-003  1.5616381200273439e-003
0.0000000000000000e+000 -1.7999999999999999e-002 4.0000000000000001e-003  1.5365101682162127e-003
0.0000000000000000e+000 -1.4999999999999999e-002 4.0000000000000001e-003  1.5145031991636629e-003
0.0000000000000000e+000 -1.1999999999999997e-002 4.0000000000000001e-003  1.4977555597458438e-003
0.0000000000000000e+000 -8.9999999999999941e-003 4.0000000000000001e-003  1.4821069828508282e-003
0.0000000000000000e+000 -5.9999999999999984e-003 4.0000000000000001e-003  1.4675526985950774e-003
0.0000000000000000e+000 -2.9999999999999957e-003 4.0000000000000001e-003  1.4536247418640155e-003
0.0000000000000000e+000 0.0000000000000000e+000 4.0000000000000001e-003  1.4409700527703241e-003
0.0000000000000000e+000 3.0000000000000027e-003 4.0000000000000001e-003  1.4338934477073672e-003
0.0000000000000000e+000 6.0000000000000053e-003 4.0000000000000001e-003  1.4313210195282444e-003
0.0000000000000000e+000 9.0000000000000011e-003 4.0000000000000001e-003  1.4349732136231530e-003
0.0000000000000000e+000 1.2000000000000004e-002 4.0000000000000001e-003  1.4413982632404438e-003
0.0000000000000000e+000 1.4999999999999999e-002 4.0000000000000001e-003  1.4505065964046519e-003
0.0000000000000000e+000 1.8000000000000002e-002 4.0000000000000001e-003  1.4623006217540911e-003
0.0000000000000000e+000 2.1000000000000005e-002 4.0000000000000001e-003  1.4767846534628245e-003
0.0000000000000000e+000 2.4000000000000007e-002 4.0000000000000001e-003  1.4851822716026089e-003
0.0000000000000000e+000 2.7000000000000010e-002 4.0000000000000001e-003  1.5024450104305913e-003
0.0000000000000000e+000 2.9999999999999999e-002 4.0000000000000001e-003  1.5242326797788811e-003
0.0000000000000000e+000 3.3000000000000002e-002 4.0000000000000001e-003  1.5440403511778873e-003
0.0000000000000000e+000 3.6000000000000004e-002 4.0000000000000001e-003  1.5643558641424754e-003
0.0000000000000000e+000 3.9000000000000007e-002 4.0000000000000001e-003  1.6131486006014651e-003
0.0000000000000000e+000 4.2000000000000010e-002 4.0000000000000001e-003  1.6909173880494581e-003
0.0000000000000000e+000 4.4999999999999998e-002 4.0000000000000001e-003  1.7919795175541941e-003
3.0000000000000027e-003 -4.4999999999999998e-002 4.0000000000000001e-003  2.0758436735554002e-003
3.0000000000000027e-003 -4.1999999999999996e-002 4.0000000000000001e-003  1.9168351796048555e-003
3.0000000000000027e-003 -3.9000000000000000e-002 4.0000000000000001e-003  1.8469864061792679e-003
3.0000000000000027e-003 -3.5999999999999997e-002 4.0000000000000001e-003  1.7525670089410630e-003
3.0000000000000027e-003 -3.3000000000000002e-002 4.0000000000000001e-003  1.7140232820082237e-003
3.0000000000000027e-003 -2.9999999999999999e-002 4.0000000000000001e-003  1.6716566972168529e-003
3.0000000000000027e-003 -2.6999999999999996e-002 4.0000000000000001e-003  1.6305353142459795e-003
3.0000000000000027e-003 -2.3999999999999997e-002 4.0000000000000001e-003  1.5949408532063007e-003
3.0000000000000027e-003 -2.0999999999999998e-002 4.0000000000000001e-003  1.5640169780446085e-003
3.0000000000000027e-003 -1.7999999999999999e-002 4.0000000000000001e-003  1.5381621476775467e-003
3.0000000000000027e-003 -1.4999999999999999e-002 4.0000000000000001e-003  1.5167569421386639e-003
3.0000000000000027e-003 -1.1999999999999997e-002 4.0000000000000001e-003  1.4991274398563591e-003
3.0000000000000027e-003 -8.9999999999999941e-003 4.0000000000000001e-003  1.4825955811684005e-003
3.0000000000000027e-003 -5.9999999999999984e-003 4.0000000000000001e-003  1.4671639349817793e-003
3.0000000000000027e-003 -2.9999999999999957e-003 4.0000000000000001e-003  1.4535626901211363e-003
3.0000000000000027e-003 0.0000000000000000e+000 4.0000000000000001e-003  1.4431956946067506e-003
3.0000000000000027e-003 3.0000000000000027e-003 4.0000000000000001e-003  1.4336554987669791e-003
3.0000000000000027e-003 6.0000000000000053e-003 4.0000000000000001e-003  1.4338019431670355e-003
3.0000000000000027e-003 9.0000000000000011e-003 4.0000000000000001e-003  1.4372911288901469e-003
3.0000000000000027e-003 1.2000000000000004e-002 4.0000000000000001e-003  1.4434622347632453e-003
3.0000000000000027e-003 1.4999999999999999e-002 4.0000000000000001e-003  1.4523167834503202e-003
3.0000000000000027e-003 1.8000000000000002e-002 4.0000000000000001e-003  1.4638582031511103e-003
3.0000000000000027e-003 2.1000000000000005e-002 4.0000000000000001e-003  1.4765572098279804e-003
3.0000000000000027e-003 2.4000000000000007e-002 4.0000000000000001e-003  1.4825788012260580e-003
3.0000000000000027e-003 2.7000000000000010e-002 4.0000000000000001e-003  1.5057104804953637e-003
3.0000000000000027e-003 2.9999999999999999e-002 4.0000000000000001e-003  1.5270080158421629e-003
3.0000000000000027e-003 3.3000000000000002e-002 4.0000000000000001e-003  1.5463213613186176e-003
3.0000000000000027e-003 3.6000000000000004e-002 4.0000000000000001e-003  1.5666695574473406e-003
3.0000000000000027e-003 3.9000000000000007e-002 4.0000000000000001e-003  1.6189262121991043e-003
3.0000000000000027e-003 4.2000000000000010e-002 4.0000000000000001e-003  1.7020876770178937e-003
3.0000000000000027e-003 4.4999999999999998e-002 4.0000000000000001e-003  1.7970378573864592e-003
6.0000000000000053e-003 -4.4999999999999998e-002 4.0000000000000001e-003  2.0915584995862021e-003
6.0000000000000053e-003 -4.1999999999999996e-002 4.0000000000000001e-003  1.9390971051951895e-003
6.0000000000000053e-003 -3.9000000000000000e-002 4.0000000000000001e-003  1.8216951232372127e-003
6.0000000000000053e-003 -3.5999999999999997e-002 4.0000000000000001e-003  1.7527540009067992e-003
6.0000000000000053e-003 -3.3000000000000002e-002 4.0000000000000001e-003  1.7175610374106128e-003
6.0000000000000053e-003 -2.9999999999999999e-002 4.0000000000000001e-003  1.6780863475215990e-003
6.0000000000000053e-003 -2.6999999999999996e-002 4.0000000000000001e-003  1.6371634114938909e-003
6.0000000000000053e-003 -2.3999999999999997e-002 4.0000000000000001e-003  1.6007515079241531e-003
6.0000000000000053e-003 -2.0999999999999998e-002 4.0000000000000001e-003  1.5690025614118542e-003
6.0000000000000053e-003 -1.7999999999999999e-002 4.0000000000000001e-003  1.5421386180707022e-003
6.0000000000000053e-003 -1.4999999999999999e-002 4.0000000000000001e-003  1.5207042584898006e-003
6.0000000000000053e-003 -1.1999999999999997e-002 4.0000000000000001e-003  1.5035715201688359e-003
6.0000000000000053e-003 -8.9999999999999941e-003 4.0000000000000001e-003  1.4882255989806723e-003
6.0000000000000053e-003 -5.9999999999999984e-003 4.0000000000000001e-003  1.4739802192274825e-003
6.0000000000000053e-003 -2.9999999999999957e-003 4.0000000000000001e-003  1.4592060004144530e-003
6.0000000000000053e-003 0.0000000000000000e+000 4.0000000000000001e-003  1.4459991398687469e-003
6.0000000000000053e-003 3.0000000000000027e-003 4.0000000000000001e-003  1.4382792421704618e-003
6.0000000000000053e-003 6.0000000000000053e-003 4.0000000000000001e-003  1.4386586726938138e-003
6.0000000000000053e-003 9.0000000000000011e-003 4.0000000000000001e-003  1.4403043366834876e-003
6.0000000000000053e-003 1.2000000000000004e-002 4.0000000000000001e-003  1.4462167741139994e-003
6.0000000000000053e-003 1.4999999999999999e-002 4.0000000000000001e-003  1.4548134697269181e-003
6.0000000000000053e-003 1.8000000000000002e-002 4.0000000000000001e-003  1.4660988712834073e-003
6.0000000000000053e-003 2.1000000000000005e-002 4.0000000000000001e-003  1.4751548243132813e-003
6.0000000000000053e-003 2.4000000000000007e-002 4.0000000000000001e-003  1.4873038932530953e-003
6.0000000000000053e-003 2.7000000000000010e-002 4.0000000000000001e-003  1.5100917583765520e-003
6.0000000000000053e-003 2.9999999999999999e-002 4.0000000000000001e-003  1.5308991088443873e-003
6.0000000000000053e-003 3.3000000000000002e-002 4.0000000000000001e-003  1.5504831293432467e-003
6.0000000000000053e-003 3.6000000000000004e-002 4.0000000000000001e-003  1.5743691611511642e-003
6.0000000000000053e-003 3.9000000000000007e-002 4.0000000000000001e-003  1.6031135583968209e-003
6.0000000000000053e-003 4.2000000000000010e-002 4.0000000000000001e-003  1.6885736144116937e-003
6.0000000000000053e-003 4.4999999999999998e-002 4.0000000000000001e-003  1.7987881517447166e-003
9.0000000000000011e-003 -4.4999999999999998e-002 4.0000000000000001e-003  2.1339063012032933e-003
9.0000000000000011e-003 -4.1999999999999996e-002 4.0000000000000001e-003  2.0035873639331590e-003
9.0000000000000011e-003 -3.9000000000000000e-002 4.0000000000000001e-003  1.8414219213924411e-003
9.0000000000000011e-003 -3.5999999999999997e-002 4.0000000000000001e-003  1.7667072410963323e-003
9.0000000000000011e-003 -3.3000000000000002e-002 4.0000000000000001e-003  1.7200270452264815e-003
9.0000000000000011e-003 -2.9999999999999999e-002 4.0000000000000001e-003  1.6847433722666290e-003
9.0000000000000011e-003 -2.6999999999999996e-002 4.0000000000000001e-003  1.6437958195243151e-003
9.0000000000000011e-003 -2.3999999999999997e-002 4.0000000000000001e-003  1.6102712645584549e-003
9.0000000000000011e-003 -2.0999999999999998e-002 4.0000000000000001e-003  1.5810495568615935e-003
9.0000000000000011e-003 -1.7999999999999999e-002 4.0000000000000001e-003  1.5526277891749613e-003
9.0000000000000011e-003 -1.4999999999999999e-002 4.0000000000000001e-003  1.5299181189181014e-003
9.0000000000000011e-003 -1.1999999999999997e-002 4.0000000000000001e-003  1.5142234794337155e-003
9.0000000000000011e-003 -8.9999999999999941e-003 4.0000000000000001e-003  1.4986895366068884e-003
9.0000000000000011e-003 -5.9999999999999984e-003 4.0000000000000001e-003  1.4814851435100138e-003
9.0000000000000011e-003 -2.9999999999999957e-003 4.0000000000000001e-003  1.4658545506400480e-003
9.0000000000000011e-003 0.0000000000000000e+000 4.0000000000000001e-003  1.4526078320513359e-003
9.0000000000000011e-003 3.0000000000000027e-003 4.0000000000000001e-003  1.4484345514578401e-003
9.0000000000000011e-003 6.0000000000000053e-003 4.0000000000000001e-003  1.4446584590053968e-003
9.0000000000000011e-003 9.0000000000000011e-003 4.0000000000000001e-003  1.4468462190697225e-003
9.0000000000000011e-003 1.2000000000000004e-002 4.0000000000000001e-003  1.4501133967063185e-003
9.0000000000000011e-003 1.4999999999999999e-002 4.0000000000000001e-003  1.4579953126838685e-003
9.0000000000000011e-003 1.8000000000000002e-002 4.0000000000000001e-003  1.4690214168778387e-003
9.0000000000000011e-003 2.1000000000000005e-002 4.0000000000000001e-003  1.4746346434733586e-003
9.0000000000000011e-003 2.4000000000000007e-002 4.0000000000000001e-003  1.4932865845902637e-003
9.0000000000000011e-003 2.7000000000000010e-002 4.0000000000000001e-003  1.5155894372107148e-003
9.0000000000000011e-003 2.9999999999999999e-002 4.0000000000000001e-003  1.5364559428785473e-003
9.0000000000000011e-003 3.3000000000000002e-002 4.0000000000000001e-003  1.5577374060151104e-003
9.0000000000000011e-003 3.6000000000000004e-002 4.0000000000000001e-003  1.5837508719196759e-003
9.0000000000000011e-003 3.9000000000000007e-002 4.0000000000000001e-003  1.6126497547910151e-003
9.0000000000000011e-003 4.2000000000000010e-002 4.0000000000000001e-003  1.6709373793851866e-003
9.0000000000000011e-003 4.4999999999999998e-002 4.0000000000000001e-003  1.7657587019348500e-003
1.2000000000000004e-002 -4.4999999999999998e-002 4.0000000000000001e-003  2.1298616869720806e-003
1.2000000000000004e-002 -4.1999999999999996e-002 4.0000000000000001e-003  2.0141447941101169e-003
1.2000000000000004e-002 -3.9000000000000000e-002 4.0000000000000001e-003  1.8798471347173285e-003
1.2000000000000004e-002 -3.5999999999999997e-002 4.0000000000000001e-003  1.7844065892798765e-003
1.2000000000000004e-002 -3.3000000000000002e-002 4.0000000000000001e-003  1.7184049511413224e-003
1.2000000000000004e-002 -2.9999999999999999e-002 4.0000000000000001e-003  1.6886675729326991e-003
1.2000000000000004e-002 -2.6999999999999996e-002 4.0000000000000001e-003  1.6652013110505020e-003
1.2000000000000004e-002 -2.3999999999999997e-002 4.0000000000000001e-003  1.6343740339217600e-003
1.2000000000000004e-002 -2.0999999999999998e-002 4.0000000000000001e-003  1.6004901021926430e-003
1.2000000000000004e-002 -1.7999999999999999e-002 4.0000000000000001e-003  1.5674008564862396e-003
1.2000000000000004e-002 -1.4999999999999999e-002 4.0000000000000001e-003  1.5448747012806151e-003
1.2000000000000004e-002 -1.1999999999999997e-002 4.0000000000000001e-003  1.5276856118646312e-003
1.2000000000000004e-002 -8.9999999999999941e-003 4.0000000000000001e-003  1.5080456389296680e-003
1.2000000000000004e-002 -5.9999999999999984e-003 4.0000000000000001e-003  1.4899860552161006e-003
1.2000000000000004e-002 -2.9999999999999957e-003 4.0000000000000001e-003  1.4756103235057992e-003
1.2000000000000004e-002 0.0000000000000000e+000 4.0000000000000001e-003  1.4749633297391528e-003
1.2000000000000004e-002 3.0000000000000027e-003 4.0000000000000001e-003  1.4679668568514370e-003
1.2000000000000004e-002 6.0000000000000053e-003 4.0000000000000001e-003  1.4581419914858698e-003
1.2000000000000004e-002 9.0000000000000011e-003 4.0000000000000001e-003  1.4541879765527261e-003
1.2000000000000004e-002 1.2000000000000004e-002 4.0000000000000001e-003  1.4581938726007657e-003
1.2000000000000004e-002 1.4999999999999999e-002 4.0000000000000001e-003  1.4633082950893344e-003
1.2000000000000004e-002 1.8000000000000002e-002 4.0000000000000001e-003  1.4706943636718650e-003
1.2000000000000004e-002 2.1000000000000005e-002 4.0000000000000001e-003  1.4765948107358395e-003
1.2000000000000004e-002 2.4000000000000007e-002 4.0000000000000001e-003  1.4997156796033031e-003
1.2000000000000004e-002 2.7000000000000010e-002 4.0000000000000001e-003  1.5205835697653508e-003
1.2000000000000004e-002 2.9999999999999999e-002 4.0000000000000001e-003  1.5419837437939871e-003
1.2000000000000004e-002 3.3000000000000002e-002 4.0000000000000001e-003  1.5639126016105389e-003
1.2000000000000004e-002 3.6000000000000004e-002 4.0000000000000001e-003  1.5923023108291223e-003
1.2000000000000004e-002 3.9000000000000007e-002 4.0000000000000001e-003  1.6233397468766988e-003
1.2000000000000004e-002 4.2000000000000010e-002 4.0000000000000001e-003  1.6891358922116561e-003
1.2000000000000004e-002 4.4999999999999998e-002 4.0000000000000001e-003  1.7770472945501591e-003
1.4999999999999999e-002 -4.4999999999999998e-002 4.0000000000000001e-003  2.1341431791215186e-003
1.4999999999999999e-002 -4.1999999999999996e-002 4.0000000000000001e-003  2.0163289459030008e-003
1.4999999999999999e-002 -3.9000000000000000e-002 4.0000000000000001e-003  1.8934556693826986e-003
1.4999999999999999e-002 -3.5999999999999997e-002 4.0000000000000001e-003  1.7955429026160668e-003
1.4999999999999999e-002 -3.3000000000000002e-002 4.0000000000000001e-003  1.7305254727332242e-003
1.4999999999999999e-002 -2.9999999999999999e-002 4.0000000000000001e-003  1.6956461680059246e-003
1.4999999999999999e-002 -2.6999999999999996e-002 4.0000000000000001e-003  1.6710226511146952e-003
1.4999999999999999e-002 -2.3999999999999997e-002 4.0000000000000001e-003  1.6450720469233140e-003
1.4999999999999999e-002 -2.0999999999999998e-002 4.0000000000000001e-003  1.6175373002555538e-003
1.4999999999999999e-002 -1.7999999999999999e-002 4.0000000000000001e-003  1.5864608253854755e-003
1.4999999999999999e-002 -1.4999999999999999e-002 4.0000000000000001e-003  1.5609636665869977e-003
1.4999999999999999e-002 -1.1999999999999997e-002 4.0000000000000001e-003  1.5388834820538643e-003
1.4999999999999999e-002 -8.9999999999999941e-003 4.0000000000000001e-003  1.5183904227715082e-003
1.4999999999999999e-002 -5.9999999999999984e-003 4.0000000000000001e-003  1.5028193679914104e-003
1.4999999999999999e-002 -2.9999999999999957e-003 4.0000000000000001e-003  1.4993544163081627e-003
1.4999999999999999e-002 0.0000000000000000e+000 4.0000000000000001e-003  1.4965315751651075e-003
1.4999999999999999e-002 3.0000000000000027e-003 4.0000000000000001e-003  1.4873823620015333e-003
1.4999999999999999e-002 6.0000000000000053e-003 4.0000000000000001e-003  1.4778337754505504e-003
1.4999999999999999e-002 9.0000000000000011e-003 4.0000000000000001e-003  1.4705776705679484e-003
1.4999999999999999e-002 1.2000000000000004e-002 4.0000000000000001e-003  1.4668495602895627e-003
1.4999999999999999e-002 1.4999999999999999e-002 4.0000000000000001e-003  1.4726919527385473e-003
1.4999999999999999e-002 1.8000000000000002e-002 4.0000000000000001e-003  1.4761861323242212e-003
1.4999999999999999e-002 2.1000000000000005e-002 4.0000000000000001e-003  1.4841706794067912e-003
1.4999999999999999e-002 2.4000000000000007e-002 4.0000000000000001e-003  1.5034715596138092e-003
1.4999999999999999e-002 2.7000000000000010e-002 4.0000000000000001e-003  1.5243861484668627e-003
1.4999999999999999e-002 2.9999999999999999e-002 4.0000000000000001e-003  1.5464289326857540e-003
1.4999999999999999e-002 3.3000000000000002e-002 4.0000000000000001e-003  1.5689936420320879e-003
1.4999999999999999e-002 3.6000000000000004e-002 4.0000000000000001e-003  1.5999949247433175e-003
1.4999999999999999e-002 3.9000000000000007e-002 4.0000000000000001e-003  1.6330685035773026e-003
1.4999999999999999e-002 4.2000000000000010e-002 4.0000000000000001e-003  1.7066091307863698e-003
1.4999999999999999e-002 4.4999999999999998e-002 4.0000000000000001e-003  1.7991054347245054e-003
1.8000000000000002e-002 -4.4999999999999998e-002 4.0000000000000001e-003  2.1236850331683922e-003
1.8000000000000002e-002 -4.1999999999999996e-002 4.0000000000000001e-003  1.9706388634476765e-003
1.8000000000000002e-002 -3.9000000000000000e-002 4.0000000000000001e-003  1.8800216147531607e-003
1.8000000000000002e-002 -3.5999999999999997e-002 4.0000000000000001e-003  1.8077209062767794e-003
1.8000000000000002e-002 -3.3000000000000002e-002 4.0000000000000001e-003  1.7461338448667497e-003
1.8000000000000002e-002 -2.9999999999999999e-002 4.0000000000000001e-003  1.7053960571257246e-003
1.8000000000000002e-002 -2.6999999999999996e-002 4.0000000000000001e-003  1.6818498751804735e-003
1.8000000000000002e-002 -2.3999999999999997e-002 4.0000000000000001e-003  1.6536065699563913e-003
1.8000000000000002e-002 -2.0999999999999998e-002 4.0000000000000001e-003  1.6213253315823717e-003
1.8000000000000002e-002 -1.7999999999999999e-002 4.0000000000000001e-003  1.5912863330578720e-003
1.8000000000000002e-002 -1.4999999999999999e-002 4.0000000000000001e-003  1.5739949202440754e-003
1.8000000000000002e-002 -1.1999999999999997e-002 4.0000000000000001e-003  1.5510646744618958e-003
1.8000000000000002e-002 -8.9999999999999941e-003 4.0000000000000001e-003  1.5342336511976009e-003
1.8000000000000002e-002 -5.9999999999999984e-003 4.0000000000000001e-003  1.5279503762212464e-003
1.8000000000000002e-002 -2.9999999999999957e-003 4.0000000000000001e-003  1.5223090392629997e-003
1.8000000000000002e-002 0.0000000000000000e+000 4.0000000000000001e-003  1.5173084694190602e-003
1.8000000000000002e-002 3.0000000000000027e-003 4.0000000000000001e-003  1.5066799019938413e-003
1.8000000000000002e-002 6.0000000000000053e-003 4.0000000000000001e-003  1.4974094372178781e-003
1.8000000000000002e-002 9.0000000000000011e-003 4.0000000000000001e-003  1.4904303848712950e-003
1.8000000000000002e-002 1.2000000000000004e-002 4.0000000000000001e-003  1.4857441034618907e-003
1.8000000000000002e-002 1.4999999999999999e-002 4.0000000000000001e-003  1.4833603033933952e-003
1.8000000000000002e-002 1.8000000000000002e-002 4.0000000000000001e-003  1.4856570654852483e-003
1.8000000000000002e-002 2.1000000000000005e-002 4.0000000000000001e-003  1.4895874952681521e-003
1.8000000000000002e-002 2.4000000000000007e-002 4.0000000000000001e-003  1.5118482328742376e-003
1.8000000000000002e-002 2.7000000000000010e-002 4.0000000000000001e-003  1.5339346953257534e-003
1.8000000000000002e-002 2.9999999999999999e-002 4.0000000000000001e-003  1.5557446299353896e-003
1.8000000000000002e-002 3.3000000000000002e-002 4.0000000000000001e-003  1.5771872749359901e-003
1.8000000000000002e-002 3.6000000000000004e-002 4.0000000000000001e-003  1.6082610504592326e-003
1.8000000000000002e-002 3.9000000000000007e-002 4.0000000000000001e-003  1.6422627113394943e-003
1.8000000000000002e-002 4.2000000000000010e-002 4.0000000000000001e-003  1.7294626258399295e-003
1.8000000000000002e-002 4.4999999999999998e-002 4.0000000000000001e-003  1.8286883851887108e-003
2.1000000000000005e-002 -4.4999999999999998e-002 4.0000000000000001e-003  2.0892223961337083e-003
2.1000000000000005e-002 -4.1999999999999996e-002 4.0000000000000001e-003  1.9872048774409838e-003
2.1000000000000005e-002 -3.9000000000000000e-002 4.0000000000000001e-003  1.9008249847739659e-003
2.1000000000000005e-002 -3.5999999999999997e-002 4.0000000000000001e-003  1.8276145852383257e-003
2.1000000000000005e-002 -3.3000000000000002e-002 4.0000000000000001e-003  1.7653894917196737e-003
2.1000000000000005e-002 -2.9999999999999999e-002 4.0000000000000001e-003  1.7182823666456899e-003
2.1000000000000005e-002 -2.6999999999999996e-002 4.0000000000000001e-003  1.6968313704075469e-003
2.1000000000000005e-002 -2.3999999999999997e-002 4.0000000000000001e-003  1.6706920553400295e-003
2.1000000000000005e-002 -2.0999999999999998e-002 4.0000000000000001e-003  1.6398393414326050e-003
2.1000000000000005e-002 -1.7999999999999999e-002 4.0000000000000001e-003  1.6039253818155744e-003
2.1000000000000005e-002 -1.4999999999999999e-002 4.0000000000000001e-003  1.5852231570137986e-003
2.1000000000000005e-002 -1.1999999999999997e-002 4.0000000000000001e-003  1.5698518834312196e-003
2.1000000000000005e-002 -8.9999999999999941e-003 4.0000000000000001e-003  1.5607500378793052e-003
2.1000000000000005e-002 -5.9999999999999984e-003 4.0000000000000001e-003  1.5522900647864071e-003
2.1000000000000005e-002 -2.9999999999999957e-003 4.0000000000000001e-003  1.5444708220123575e-003
2.1000000000000005e-002 0.0000000000000000e+000 4.0000000000000001e-003  1.5371499127301439e-003
2.1000000000000005e-002 3.0000000000000027e-003 4.0000000000000001e-003  1.5258619436813823e-003
2.1000000000000005e-002 6.0000000000000053e-003 4.0000000000000001e-003  1.5168735920617904e-003
2.1000000000000005e-002 9.0000000000000011e-003 4.0000000000000001e-003  1.5101760574528986e-003
2.1000000000000005e-002 1.2000000000000004e-002 4.0000000000000001e-003  1.5049681600143089e-003
2.1000000000000005e-002 1.4999999999999999e-002 4.0000000000000001e-003  1.4938908150756468e-003
2.1000000000000005e-002 1.8000000000000002e-002 4.0000000000000001e-003  1.4936557261176595e-003
2.1000000000000005e-002 2.1000000000000005e-002 4.0000000000000001e-003  1.5019529717957153e-003
2.1000000000000005e-002 2.4000000000000007e-002 4.0000000000000001e-003  1.5125957597830015e-003
2.1000000000000005e-002 2.7000000000000010e-002 4.0000000000000001e-003  1.5374156017367799e-003
2.1000000000000005e-002 2.9999999999999999e-002 4.0000000000000001e-003  1.5620262588116926e-003
2.1000000000000005e-002 3.3000000000000002e-002 4.0000000000000001e-003  1.5864247880840740e-003
2.1000000000000005e-002 3.6000000000000004e-002 4.0000000000000001e-003  1.6274993289411999e-003
2.1000000000000005e-002 3.9000000000000007e-002 4.0000000000000001e-003  1.6771620545369451e-003
2.1000000000000005e-002 4.2000000000000010e-002 4.0000000000000001e-003  1.7552715779794684e-003
2.1000000000000005e-002 4.4999999999999998e-002 4.0000000000000001e-003  1.8571276102362258e-003
2.4000000000000007e-002 -4.4999999999999998e-002 4.0000000000000001e-003  2.1129066069768493e-003
2.4000000000000007e-002 -4.1999999999999996e-002 4.0000000000000001e-003  2.0133495943063405e-003
2.4000000000000007e-002 -3.9000000000000000e-002 4.0000000000000001e-003  1.9255402560215422e-003
2.4000000000000007e-002 -3.5999999999999997e-002 4.0000000000000001e-003  1.8512686733248239e-003
2.4000000000000007e-002 -3.3000000000000002e-002 4.0000000000000001e-003  1.7883004422274877e-003
2.4000000000000007e-002 -2.9999999999999999e-002 4.0000000000000001e-003  1.7346851045207626e-003
2.4000000000000007e-002 -2.6999999999999996e-002 4.0000000000000001e-003  1.7149326806769607e-003
2.4000000000000007e-002 -2.3999999999999997e-002 4.0000000000000001e-003  1.6909018838680203e-003
2.4000000000000007e-002 -2.0999999999999998e-002 4.0000000000000001e-003  1.6589947228588494e-003
2.4000000000000007e-002 -1.7999999999999999e-002 4.0000000000000001e-003  1.6265465041619867e-003
2.4000000000000007e-002 -1.4999999999999999e-002 4.0000000000000001e-003  1.6143465786298879e-003
2.4000000000000007e-002 -1.1999999999999997e-002 4.0000000000000001e-003  1.6006066868330094e-003
2.4000000000000007e-002 -8.9999999999999941e-003 4.0000000000000001e-003  1.5864736228477039e-003
2.4000000000000007e-002 -5.9999999999999984e-003 4.0000000000000001e-003  1.5758357918811410e-003
2.4000000000000007e-002 -2.9999999999999957e-003 4.0000000000000001e-003  1.5658404550425707e-003
2.4000000000000007e-002 0.0000000000000000e+000 4.0000000000000001e-003  1.5559359872065832e-003
2.4000000000000007e-002 3.0000000000000027e-003 4.0000000000000001e-003  1.5449345856844855e-003
2.4000000000000007e-002 6.0000000000000053e-003 4.0000000000000001e-003  1.5362344870235201e-003
2.4000000000000007e-002 9.0000000000000011e-003 4.0000000000000001e-003  1.5282884527446740e-003
2.4000000000000007e-002 1.2000000000000004e-002 4.0000000000000001e-003  1.5192376379543524e-003
2.4000000000000007e-002 1.4999999999999999e-002 4.0000000000000001e-003  1.5126270231387311e-003
2.4000000000000007e-002 1.8000000000000002e-002 4.0000000000000001e-003  1.5102800762710929e-003
2.4000000000000007e-002 2.1000000000000005e-002 4.0000000000000001e-003  1.5163566943528226e-003
2.4000000000000007e-002 2.4000000000000007e-002 4.0000000000000001e-003  1.5239440535185509e-003
2.4000000000000007e-002 2.7000000000000010e-002 4.0000000000000001e-003  1.5625672344526150e-003
2.4000000000000007e-002 2.9999999999999999e-002 4.0000000000000001e-003  1.5844147457479405e-003
2.4000000000000007e-002 3.3000000000000002e-002 4.0000000000000001e-003  1.6060177615415663e-003
2.4000000000000007e-002 3.6000000000000004e-002 4.0000000000000001e-003  1.6375989989846013e-003
2.4000000000000007e-002 3.9000000000000007e-002 4.0000000000000001e-003  1.7067402462650533e-003
2.4000000000000007e-002 4.2000000000000010e-002 4.0000000000000001e-003  1.7697975005013427e-003
2.4000000000000007e-002 4.4999999999999998e-002 4.0000000000000001e-003  1.8809345794763325e-003
2.7000000000000010e-002 -4.4999999999999998e-002 4.0000000000000001e-003  2.1641732761487104e-003
2.7000000000000010e-002 -4.1999999999999996e-002 4.0000000000000001e-003  2.0466206390097798e-003
2.7000000000000010e-002 -3.9000000000000000e-002 4.0000000000000001e-003  1.9480778923622790e-003
2.7000000000000010e-002 -3.5999999999999997e-002 4.0000000000000001e-003  1.8776213013246864e-003
2.7000000000000010e-002 -3.3000000000000002e-002 4.0000000000000001e-003  1.8148933922673186e-003
2.7000000000000010e-002 -2.9999999999999999e-002 4.0000000000000001e-003  1.7607257967988379e-003
2.7000000000000010e-002 -2.6999999999999996e-002 4.0000000000000001e-003  1.7361450020296216e-003
2.7000000000000010e-002 -2.3999999999999997e-002 4.0000000000000001e-003  1.7135539133613317e-003
2.7000000000000010e-002 -2.0999999999999998e-002 4.0000000000000001e-003  1.6851351956399866e-003
2.7000000000000010e-002 -1.7999999999999999e-002 4.0000000000000001e-003  1.6637620573656834e-003
2.7000000000000010e-002 -1.4999999999999999e-002 4.0000000000000001e-003  1.6456689971851570e-003
2.7000000000000010e-002 -1.1999999999999997e-002 4.0000000000000001e-003  1.6310380062164221e-003
2.7000000000000010e-002 -8.9999999999999941e-003 4.0000000000000001e-003  1.6149138123639161e-003
2.7000000000000010e-002 -5.9999999999999984e-003 4.0000000000000001e-003  1.5985889765439759e-003
2.7000000000000010e-002 -2.9999999999999957e-003 4.0000000000000001e-003  1.5864226896842315e-003
2.7000000000000010e-002 0.0000000000000000e+000 4.0000000000000001e-003  1.5746145779833513e-003
2.7000000000000010e-002 3.0000000000000027e-003 4.0000000000000001e-003  1.5639075583907692e-003
2.7000000000000010e-002 6.0000000000000053e-003 4.0000000000000001e-003  1.5550155670626974e-003
2.7000000000000010e-002 9.0000000000000011e-003 4.0000000000000001e-003  1.5480438363280993e-003
2.7000000000000010e-002 1.2000000000000004e-002 4.0000000000000001e-003  1.5435567809628267e-003
2.7000000000000010e-002 1.4999999999999999e-002 4.0000000000000001e-003  1.5416884272955258e-003
2.7000000000000010e-002 1.8000000000000002e-002 4.0000000000000001e-003  1.5425720576085365e-003
2.7000000000000010e-002 2.1000000000000005e-002 4.0000000000000001e-003  1.5461535109683689e-003
2.7000000000000010e-002 2.4000000000000007e-002 4.0000000000000001e-003  1.5513236320380936e-003
2.7000000000000010e-002 2.7000000000000010e-002 4.0000000000000001e-003  1.5850411232371574e-003
2.7000000000000010e-002 2.9999999999999999e-002 4.0000000000000001e-003  1.6232237793534444e-003
2.7000000000000010e-002 3.3000000000000002e-002 4.0000000000000001e-003  1.6479431763443992e-003
2.7000000000000010e-002 3.6000000000000004e-002 4.0000000000000001e-003  1.6723983964220396e-003
2.7000000000000010e-002 3.9000000000000007e-002 4.0000000000000001e-003  1.7374919469913624e-003
2.7000000000000010e-002 4.2000000000000010e-002 4.0000000000000001e-003  1.7938965081297433e-003
2.7000000000000010e-002 4.4999999999999998e-002 4.0000000000000001e-003  1.9002071409230572e-003
2.9999999999999999e-002 -4.4999999999999998e-002 4.0000000000000001e-003  2.1950077793915558e-003
2.9999999999999999e-002 -4.1999999999999996e-002 4.0000000000000001e-003  2.1004762418187499e-003
2.9999999999999999e-002 -3.9000000000000000e-002 4.0000000000000001e-003  1.9969597131313309e-003
2.9999999999999999e-002 -3.5999999999999997e-002 4.0000000000000001e-003  1.9090310699228954e-003
2.9999999999999999e-002 -3.3000000000000002e-002 4.0000000000000001e-003  1.8411752118711218e-003
2.9999999999999999e-002 -2.9999999999999999e-002 4.0000000000000001e-003  1.7901337970139832e-003
2.9999999999999999e-002 -2.6999999999999996e-002 4.0000000000000001e-003  1.7631730435127089e-003
2.9999999999999999e-002 -2.3999999999999997e-002 4.0000000000000001e-003  1.7438689846419676e-003
2.9999999999999999e-002 -2.0999999999999998e-002 4.0000000000000001e-003  1.7264682152999815e-003
2.9999999999999999e-002 -1.7999999999999999e-002 4.0000000000000001e-003  1.7055631491992313e-003
2.9999999999999999e-002 -1.4999999999999999e-002 4.0000000000000001e-003  1.6811466223508739e-003
2.9999999999999999e-002 -1.1999999999999997e-002 4.0000000000000001e-003  1.6602274110553571e-003
2.9999999999999999e-002 -8.9999999999999941e-003 4.0000000000000001e-003  1.6431791926240222e-003
2.9999999999999999e-002 -5.9999999999999984e-003 4.0000000000000001e-003  1.6247069903353529e-003
2.9999999999999999e-002 -2.9999999999999957e-003 4.0000000000000001e-003  1.6062263381122111e-003
2.9999999999999999e-002 0.0000000000000000e+000 4.0000000000000001e-003  1.5931968987944654e-003
2.9999999999999999e-002 3.0000000000000027e-003 4.0000000000000001e-003  1.5851614524006099e-003
2.9999999999999999e-002 6.0000000000000053e-003 4.0000000000000001e-003  1.5803120060099137e-003
2.9999999999999999e-002 9.0000000000000011e-003 4.0000000000000001e-003  1.5779999623472128e-003
2.9999999999999999e-002 1.2000000000000004e-002 4.0000000000000001e-003  1.5783634662104695e-003
2.9999999999999999e-002 1.4999999999999999e-002 4.0000000000000001e-003  1.5815399183513380e-003
2.9999999999999999e-002 1.8000000000000002e-002 4.0000000000000001e-003  1.5876659754751566e-003
2.9999999999999999e-002 2.1000000000000005e-002 4.0000000000000001e-003  1.5924199216816640e-003
2.9999999999999999e-002 2.4000000000000007e-002 4.0000000000000001e-003  1.5949337687204133e-003
2.9999999999999999e-002 2.7000000000000010e-002 4.0000000000000001e-003  1.6260655068368365e-003
2.9999999999999999e-002 2.9999999999999999e-002 4.0000000000000001e-003  1.6519551349758318e-003
2.9999999999999999e-002 3.3000000000000002e-002 4.0000000000000001e-003  1.6866511918626583e-003
2.9999999999999999e-002 3.6000000000000004e-002 4.0000000000000001e-003  1.7142492444158389e-003
2.9999999999999999e-002 3.9000000000000007e-002 4.0000000000000001e-003  1.7680183483435707e-003
2.9999999999999999e-002 4.2000000000000010e-002 4.0000000000000001e-003  1.8279794492324817e-003
2.9999999999999999e-002 4.4999999999999998e-002 4.0000000000000001e-003  1.9230499625890656e-003
3.3000000000000002e-002 -4.4999999999999998e-002 4.0000000000000001e-003  2.1987048062196844e-003
3.3000000000000002e-002 -4.1999999999999996e-002 4.0000000000000001e-003  2.1573572131878276e-003
3.3000000000000002e-002 -3.9000000000000000e-002 4.0000000000000001e-003  2.0509685515494071e-003
3.3000000000000002e-002 -3.5999999999999997e-002 4.0000000000000001e-003  1.9597300667866537e-003
3.3000000000000002e-002 -3.3000000000000002e-002 4.0000000000000001e-003  1.8833376361957327e-003
3.3000000000000002e-002 -2.9999999999999999e-002 4.0000000000000001e-003  1.8214462254343394e-003
3.3000000000000002e-002 -2.6999999999999996e-002 4.0000000000000001e-003  1.7961498557805809e-003
3.3000000000000002e-002 -2.3999999999999997e-002 4.0000000000000001e-003  1.7827062661012105e-003
3.3000000000000002e-002 -2.0999999999999998e-002 4.0000000000000001e-003  1.7657765425166398e-003
3.3000000000000002e-002 -1.7999999999999999e-002 4.0000000000000001e-003  1.7453463214409154e-003
3.3000000000000002e-002 -1.4999999999999999e-002 4.0000000000000001e-003  1.7214052560024836e-003
3.3000000000000002e-002 -1.1999999999999997e-002 4.0000000000000001e-003  1.6939470160442190e-003
3.3000000000000002e-002 -8.9999999999999941e-003 4.0000000000000001e-003  1.6702061234333580e-003
3.3000000000000002e-002 -5.9999999999999984e-003 4.0000000000000001e-003  1.6507858076768901e-003
3.3000000000000002e-002 -2.9999999999999957e-003 4.0000000000000001e-003  1.6380700160978144e-003
3.3000000000000002e-002 0.0000000000000000e+000 4.0000000000000001e-003  1.6203215324080559e-003
3.3000000000000002e-002 3.0000000000000027e-003 4.0000000000000001e-003  1.6160633123802736e-003
3.3000000000000002e-002 6.0000000000000053e-003 4.0000000000000001e-003  1.6159683790531653e-003
3.3000000000000002e-002 9.0000000000000011e-003 4.0000000000000001e-003  1.6186140910440534e-003
3.3000000000000002e-002 1.2000000000000004e-002 4.0000000000000001e-003  1.6241419675738951e-003
3.3000000000000002e-002 1.4999999999999999e-002 4.0000000000000001e-003  1.6326927838173565e-003
3.3000000000000002e-002 1.8000000000000002e-002 4.0000000000000001e-003  1.6444065709027660e-003
3.3000000000000002e-002 2.1000000000000005e-002 4.0000000000000001e-003  1.6563704348142082e-003
3.3000000000000002e-002 2.4000000000000007e-002 4.0000000000000001e-003  1.6559607417517988e-003
3.3000000000000002e-002 2.7000000000000010e-002 4.0000000000000001e-003  1.6937287840525013e-003
3.3000000000000002e-002 2.9999999999999999e-002 4.0000000000000001e-003  1.7014794526240401e-003
3.3000000000000002e-002 3.3000000000000002e-002 4.0000000000000001e-003  1.7224138671892996e-003
3.3000000000000002e-002 3.6000000000000004e-002 4.0000000000000001e-003  1.7528193822596940e-003
3.3000000000000002e-002 3.9000000000000007e-002 4.0000000000000001e-003  1.7985458139915477e-003
3.3000000000000002e-002 4.2000000000000010e-002 4.0000000000000001e-003  1.8526399507945881e-003
3.3000000000000002e-002 4.4999999999999998e-002 4.0000000000000001e-003  1.9563254011155575e-003
3.6000000000000004e-002 -4.4999999999999998e-002 4.0000000000000001e-003  2.2528557990757437e-003
3.6000000000000004e-002 -4.1999999999999996e-002 4.0000000000000001e-003  2.1847231731005707e-003
3.6000000000000004e-002 -3.9000000000000000e-002 4.0000000000000001e-003  2.1072094975739331e-003
3.6000000000000004e-002 -3.5999999999999997e-002 4.0000000000000001e-003  2.0123013634871143e-003
3.6000000000000004e-002 -3.3000000000000002e-002 4.0000000000000001e-003  1.9318762336304320e-003
3.6000000000000004e-002 -2.9999999999999999e-002 4.0000000000000001e-003  1.8895603927474294e-003
3.6000000000000004e-002 -2.6999999999999996e-002 4.0000000000000001e-003  1.8566434448706751e-003
3.6000000000000004e-002 -2.3999999999999997e-002 4.0000000000000001e-003  1.8326555654799819e-003
3.6000000000000004e-002 -2.0999999999999998e-002 4.0000000000000001e-003  1.8171192380591306e-003
3.6000000000000004e-002 -1.7999999999999999e-002 4.0000000000000001e-003  1.7973105507337445e-003
3.6000000000000004e-002 -1.4999999999999999e-002 4.0000000000000001e-003  1.7732213363237156e-003
3.6000000000000004e-002 -1.1999999999999997e-002 4.0000000000000001e-003  1.7448437540032087e-003
3.6000000000000004e-002 -8.9999999999999941e-003 4.0000000000000001e-003  1.7121702893006857e-003
3.6000000000000004e-002 -5.9999999999999984e-003 4.0000000000000001e-003  1.7164649036586384e-003
3.6000000000000004e-002 -2.9999999999999957e-003 4.0000000000000001e-003  1.7233520758403017e-003
3.6000000000000004e-002 0.0000000000000000e+000 4.0000000000000001e-003  1.7021804753953218e-003
3.6000000000000004e-002 3.0000000000000027e-003 4.0000000000000001e-003  1.6806532648478798e-003
3.6000000000000004e-002 6.0000000000000053e-003 4.0000000000000001e-003  1.6624613295058025e-003
3.6000000000000004e-002 9.0000000000000011e-003 4.0000000000000001e-003  1.6703898793665368e-003
3.6000000000000004e-002 1.2000000000000004e-002 4.0000000000000001e-003  1.6814229556356020e-003
3.6000000000000004e-002 1.4999999999999999e-002 4.0000000000000001e-003  1.6957047079106404e-003
3.6000000000000004e-002 1.8000000000000002e-002 4.0000000000000001e-003  1.7133785417430113e-003
3.6000000000000004e-002 2.1000000000000005e-002 4.0000000000000001e-003  1.7345871186377371e-003
3.6000000000000004e-002 2.4000000000000007e-002 4.0000000000000001e-003  1.7357288376007259e-003
3.6000000000000004e-002 2.7000000000000010e-002 4.0000000000000001e-003  1.7852596080722982e-003
3.6000000000000004e-002 2.9999999999999999e-002 4.0000000000000001e-003  1.7740342264123007e-003
3.6000000000000004e-002 3.3000000000000002e-002 4.0000000000000001e-003  1.7804324738365182e-003
3.6000000000000004e-002 3.6000000000000004e-002 4.0000000000000001e-003  1.7963838816524968e-003
3.6000000000000004e-002 3.9000000000000007e-002 4.0000000000000001e-003  1.8400039720340249e-003
3.6000000000000004e-002 4.2000000000000010e-002 4.0000000000000001e-003  1.8951555415987642e-003
3.6000000000000004e-002 4.4999999999999998e-002 4.0000000000000001e-003  1.9731072402689536e-003
3.9000000000000007e-002 -4.4999999999999998e-002 4.0000000000000001e-003  2.3345422610524772e-003
3.9000000000000007e-002 -4.1999999999999996e-002 4.0000000000000001e-003  2.2097636493357271e-003
3.9000000000000007e-002 -3.9000000000000000e-002 4.0000000000000001e-003  2.1657355807281797e-003
3.9000000000000007e-002 -3.5999999999999997e-002 4.0000000000000001e-003  2.0678293354521862e-003
3.9000000000000007e-002 -3.3000000000000002e-002 4.0000000000000001e-003  2.0224666854787624e-003
3.9000000000000007e-002 -2.9999999999999999e-002 4.0000000000000001e-003  1.9817372082958653e-003
3.9000000000000007e-002 -2.6999999999999996e-002 4.0000000000000001e-003  1.9457012988427687e-003
3.9000000000000007e-002 -2.3999999999999997e-002 4.0000000000000001e-003  1.9144744161572486e-003
3.9000000000000007e-002 -2.0999999999999998e-002 4.0000000000000001e-003  1.8882744683788684e-003
3.9000000000000007e-002 -1.7999999999999999e-002 4.0000000000000001e-003  1.8715563263830472e-003
3.9000000000000007e-002 -1.4999999999999999e-002 4.0000000000000001e-003  1.8505804672123457e-003
3.9000000000000007e-002 -1.1999999999999997e-002 4.0000000000000001e-003  1.8253369486238291e-003
3.9000000000000007e-002 -8.9999999999999941e-003 4.0000000000000001e-003  1.7964071069427969e-003
3.9000000000000007e-002 -5.9999999999999984e-003 4.0000000000000001e-003  1.8210679563740249e-003
3.9000000000000007e-002 -2.9999999999999957e-003 4.0000000000000001e-003  1.8160077641302074e-003
3.9000000000000007e-002 0.0000000000000000e+000 4.0000000000000001e-003  1.8016995312943385e-003
3.9000000000000007e-002 3.0000000000000027e-003 4.0000000000000001e-003  1.7868832355936990e-003
3.9000000000000007e-002 6.0000000000000053e-003 4.0000000000000001e-003  1.7715765758275666e-003
3.9000000000000007e-002 9.0000000000000011e-003 4.0000000000000001e-003  1.7557986931961878e-003
3.9000000000000007e-002 1.2000000000000004e-002 4.0000000000000001e-003  1.7507834976839543e-003
3.9000000000000007e-002 1.4999999999999999e-002 4.0000000000000001e-003  1.7711797715541475e-003
3.9000000000000007e-002 1.8000000000000002e-002 4.0000000000000001e-003  1.7952129825533993e-003
3.9000000000000007e-002 2.1000000000000005e-002 4.0000000000000001e-003  1.8230291666097524e-003
3.9000000000000007e-002 2.4000000000000007e-002 4.0000000000000001e-003  1.8357003510178465e-003
3.9000000000000007e-002 2.7000000000000010e-002 4.0000000000000001e-003  1.8879929367791345e-003
3.9000000000000007e-002 2.9999999999999999e-002 4.0000000000000001e-003  1.8698678112101243e-003
3.9000000000000007e-002 3.3000000000000002e-002 4.0000000000000001e-003  1.8615424775082670e-003
3.9000000000000007e-002 3.6000000000000004e-002 4.0000000000000001e-003  1.8955551781498592e-003
3.9000000000000007e-002 3.9000000000000007e-002 4.0000000000000001e-003  1.9133190446434321e-003
3.9000000000000007e-002 4.2000000000000010e-002 4.0000000000000001e-003  1.9627744830459852e-003
3.9000000000000007e-002 4.4999999999999998e-002 4.0000000000000001e-003  2.0616779122381609e-003
4.2000000000000010e-002 -4.4999999999999998e-002 4.0000000000000001e-003  2.4230946047812041e-003
4.2000000000000010e-002 -4.1999999999999996e-002 4.0000000000000001e-003  2.2879074225274983e-003
4.2000000000000010e-002 -3.9000000000000000e-002 4.0000000000000001e-003  2.2246544333431005e-003
4.2000000000000010e-002 -3.5999999999999997e-002 4.0000000000000001e-003  2.1780587412232374e-003
4.2000000000000010e-002 -3.3000000000000002e-002 4.0000000000000001e-003  2.1348812290311108e-003
4.2000000000000010e-002 -2.9999999999999999e-002 4.0000000000000001e-003  2.0918337133181489e-003
4.2000000000000010e-002 -2.6999999999999996e-002 4.0000000000000001e-003  2.0530190957396442e-003
4.2000000000000010e-002 -2.3999999999999997e-002 4.0000000000000001e-003  2.0192530477479674e-003
4.2000000000000010e-002 -2.0999999999999998e-002 4.0000000000000001e-003  1.9907338520628575e-003
4.2000000000000010e-002 -1.7999999999999999e-002 4.0000000000000001e-003  1.9677148555025496e-003
4.2000000000000010e-002 -1.4999999999999999e-002 4.0000000000000001e-003  1.9490963042919185e-003
4.2000000000000010e-002 -1.1999999999999997e-002 4.0000000000000001e-003  1.9271855502276673e-003
4.2000000000000010e-002 -8.9999999999999941e-003 4.0000000000000001e-003  1.9116431657937455e-003
4.2000000000000010e-002 -5.9999999999999984e-003 4.0000000000000001e-003  1.9358756938349588e-003
4.2000000000000010e-002 -2.9999999999999957e-003 4.0000000000000001e-003  1.9295961700709098e-003
4.2000000000000010e-002 0.0000000000000000e+000 4.0000000000000001e-003  1.9226831690542382e-003
4.2000000000000010e-002 3.0000000000000027e-003 4.0000000000000001e-003  1.9151454042228013e-003
4.2000000000000010e-002 6.0000000000000053e-003 4.0000000000000001e-003  1.9069930314154092e-003
4.2000000000000010e-002 9.0000000000000011e-003 4.0000000000000001e-003  1.8982376488718463e-003
4.2000000000000010e-002 1.2000000000000004e-002 4.0000000000000001e-003  1.8888922972328530e-003
4.2000000000000010e-002 1.4999999999999999e-002 4.0000000000000001e-003  1.8789714595401226e-003
4.2000000000000010e-002 1.8000000000000002e-002 4.0000000000000001e-003  1.8905873845973394e-003
4.2000000000000010e-002 2.1000000000000005e-002 4.0000000000000001e-003  1.9254532647261895e-003
4.2000000000000010e-002 2.4000000000000007e-002 4.0000000000000001e-003  1.9574755850359877e-003
4.2000000000000010e-002 2.7000000000000010e-002 4.0000000000000001e-003  2.0043302005950748e-003
4.2000000000000010e-002 2.9999999999999999e-002 4.0000000000000001e-003  1.9893096208118762e-003
4.2000000000000010e-002 3.3000000000000002e-002 4.0000000000000001e-003  2.0079537774948890e-003
4.2000000000000010e-002 3.6000000000000004e-002 4.0000000000000001e-003  2.0436176864616451e-003
4.2000000000000010e-002 3.9000000000000007e-002 4.0000000000000001e-003  2.0489796065170426e-003
4.2000000000000010e-002 4.2000000000000010e-002 4.0000000000000001e-003  2.0497550411015123e-003
4.2000000000000010e-002 4.4999999999999998e-002 4.0000000000000001e-003  2.1465646205713232e-003
4.4999999999999998e-002 -4.4999999999999998e-002 4.0000000000000001e-003  2.5277681102800569e-003
4.4999999999999998e-002 -4.1999999999999996e-002 4.0000000000000001e-003  2.3866754947244849e-003
4.4999999999999998e-002 -3.9000000000000000e-002 4.0000000000000001e-003  2.3123293366210337e-003
4.4999999999999998e-002 -3.5999999999999997e-002 4.0000000000000001e-003  2.2552285407704924e-003
4.4999999999999998e-002 -3.3000000000000002e-002 4.0000000000000001e-003  2.2201457201521681e-003
4.4999999999999998e-002 -2.9999999999999999e-002 4.0000000000000001e-003  2.1882539505885330e-003
4.4999999999999998e-002 -2.6999999999999996e-002 4.0000000000000001e-003  2.1594553128653315e-003
4.4999999999999998e-002 -2.3999999999999997e-002 4.0000000000000001e-003  2.1336774744352620e-003
4.4999999999999998e-002 -2.0999999999999998e-002 4.0000000000000001e-003  2.1108736894179516e-003
4.4999999999999998e-002 -1.7999999999999999e-002 4.0000000000000001e-003  2.0886835075166581e-003
4.4999999999999998e-002 -1.4999999999999999e-002 4.0000000000000001e-003  2.0702840424941288e-003
4.4999999999999998e-002 -1.1999999999999997e-002 4.0000000000000001e-003  2.0546029892219678e-003
4.4999999999999998e-002 -8.9999999999999941e-003 4.0000000000000001e-003  2.0565498924823605e-003
4.4999999999999998e-002 -5.9999999999999984e-003 4.0000000000000001e-003  2.0661245196073375e-003
4.4999999999999998e-002 -2.9999999999999957e-003 4.0000000000000001e-003  2.0678628750312286e-003
4.4999999999999998e-002 0.0000000000000000e+000 4.0000000000000001e-003  2.0688943470252743e-003
4.4999999999999998e-002 3.0000000000000027e-003 4.0000000000000001e-003  2.0692201060668611e-003
4.4999999999999998e-002 6.0000000000000053e-003 4.0000000000000001e-003  2.0688427650343436e-003
4.4999999999999998e-002 9.0000000000000011e-003 4.0000000000000001e-003  2.0677663792070355e-003
4.4999999999999998e-002 1.2000000000000004e-002 4.0000000000000001e-003  2.0659964462652163e-003
4.4999999999999998e-002 1.4999999999999999e-002 4.0000000000000001e-003  2.0635399062901134e-003
4.4999999999999998e-002 1.8000000000000002e-002 4.0000000000000001e-003  2.0604051417639374e-003
4.4999999999999998e-002 2.1000000000000005e-002 4.0000000000000001e-003  2.0566019775698427e-003
4.4999999999999998e-002 2.4000000000000007e-002 4.0000000000000001e-003  2.0894737016810862e-003
4.4999999999999998e-002 2.7000000000000010e-002 4.0000000000000001e-003  2.1373692309396355e-003
4.4999999999999998e-002 2.9999999999999999e-002 4.0000000000000001e-003  2.2029132716522488e-003
4.4999999999999998e-002 3.3000000000000002e-002 4.0000000000000001e-003  2.2331578890298714e-003
4.4999999999999998e-002 3.6000000000000004e-002 4.0000000000000001e-003  2.2398914976369047e-003
4.4999999999999998e-002 3.9000000000000007e-002 4.0000000000000001e-003  2.2346928632544505e-003
4.4999999999999998e-002 4.2000000000000010e-002 4.0000000000000001e-003  2.1856117300255561e-003
4.4999999999999998e-002 4.4999999999999998e-002 4.0000000000000001e-003  2.2501366526449362e-003
