Grid Output Min: [-45mm -45mm 4mm] Max: [45mm 45mm 4mm] Grid Size: [3mm 3mm 0mm]
X, Y, Z, Scalar data "Mag_B"
-4.4999999999999998e-002 -4.4999999999999998e-002 4.0000000000000001e-003  2.3657025412505517e-003
-4.4999999999999998e-002 -4.1999999999999996e-002 4.0000000000000001e-003  2.2792869641479296e-003
-4.4999999999999998e-002 -3.9000000000000000e-002 4.0000000000000001e-003  2.1553786639491937e-003
-4.4999999999999998e-002 -3.5999999999999997e-002 4.0000000000000001e-003  2.0948014600128129e-003
-4.4999999999999998e-002 -3.3000000000000002e-002 4.0000000000000001e-003  2.0487537760899410e-003
-4.4999999999999998e-002 -2.9999999999999999e-002 4.0000000000000001e-003  2.0042422334657956e-003
-4.4999999999999998e-002 -2.6999999999999996e-002 4.0000000000000001e-003  1.9611837417890408e-003
-4.4999999999999998e-002 -2.3999999999999997e-002 4.0000000000000001e-003  1.9195039539087720e-003
-4.4999999999999998e-002 -2.0999999999999998e-002 4.0000000000000001e-003  1.8791372658745181e-003
-4.4999999999999998e-002 -1.7999999999999999e-002 4.0000000000000001e-003  1.8400268169362437e-003
-4.4999999999999998e-002 -1.4999999999999999e-002 4.0000000000000001e-003  1.8236175366375127e-003
-4.4999999999999998e-002 -1.1999999999999997e-002 4.0000000000000001e-003  1.8198380734005869e-003
-4.4999999999999998e-002 -8.9999999999999941e-003 4.0000000000000001e-003  1.8171504662651400e-003
-4.4999999999999998e-002 -5.9999999999999984e-003 4.0000000000000001e-003  1.8085701300534947e-003
-4.4999999999999998e-002 -2.9999999999999957e-003 4.0000000000000001e-003  1.7913258564705437e-003
-4.4999999999999998e-002 0.0000000000000000e+000 4.0000000000000001e-003  1.7942077142346856e-003
-4.4999999999999998e-002 3.0000000000000027e-003 4.0000000000000001e-003  1.8079798153820771e-003
-4.4999999999999998e-002 6.0000000000000053e-003 4.0000000000000001e-003  1.7978674705451357e-003
-4.4999999999999998e-002 9.0000000000000011e-003 4.0000000000000001e-003  1.7593238827326965e-003
-4.4999999999999998e-002 1.2000000000000004e-002 4.0000000000000001e-003  1.7564833278157623e-003
-4.4999999999999998e-002 1.4999999999999999e-002 4.0000000000000001e-003  1.7661714761647771e-003
-4.4999999999999998e-002 1.8000000000000002e-002 4.0000000000000001e-003  1.7903597783983510e-003
-4.4999999999999998e-002 2.1000000000000005e-002 4.0000000000000001e-003  1.8324705962636200e-003
-4.4999999999999998e-002 2.4000000000000007e-002 4.0000000000000001e-003  1.8510849534936144e-003
-4.4999999999999998e-002 2.7000000000000010e-002 4.0000000000000001e-003  1.8588380396622583e-003
-4.4999999999999998e-002 2.9999999999999999e-002 4.0000000000000001e-003  1.8866484861202279e-003
-4.4999999999999998e-002 3.3000000000000002e-002 4.0000000000000001e-003  1.9093350603933234e-003
-4.4999999999999998e-002 3.6000000000000004e-002 4.0000000000000001e-003  1.9446697354030013e-003
-4.4999999999999998e-002 3.9000000000000007e-002 4.0000000000000001e-003  2.0172679271972319e-003
-4.4999999999999998e-002 4.2000000000000010e-002 4.0000000000000001e-003  2.0797123402971698e-003
-4.4999999999999998e-002 4.4999999999999998e-002 4.0000000000000001e-003  2.1620666475430082e-003
-4.1999999999999996e-002 -4.4999999999999998e-002 4.0000000000000001e-003  2.3035802429435940e-003
-4.1999999999999996e-002 -4.1999999999999996e-002 4.0000000000000001e-003  2.1281503604091410e-003
-4.1999999999999996e-002 -3.9000000000000000e-002 4.0000000000000001e-003  2.0424795633450484e-003
-4.1999999999999996e-002 -3.5999999999999997e-002 4.0000000000000001e-003  1.9473237475346678e-003
-4.1999999999999996e-002 -3.3000000000000002e-002 4.0000000000000001e-003  1.9050391303039758e-003
-4.1999999999999996e-002 -2.9999999999999999e-002 4.0000000000000001e-003  1.8643073860960262e-003
-4.1999999999999996e-002 -2.6999999999999996e-002 4.0000000000000001e-003  1.8250500482006149e-003
-4.1999999999999996e-002 -2.3999999999999997e-002 4.0000000000000001e-003  1.7871973931079738e-003
-4.1999999999999996e-002 -2.0999999999999998e-002 4.0000000000000001e-003  1.7612830715330210e-003
-4.1999999999999996e-002 -1.7999999999999999e-002 4.0000000000000001e-003  1.7473577654517815e-003
-4.1999999999999996e-002 -1.4999999999999999e-002 4.0000000000000001e-003  1.7364623109695110e-003
-4.1999999999999996e-002 -1.1999999999999997e-002 4.0000000000000001e-003  1.7268311980666150e-003
-4.1999999999999996e-002 -8.9999999999999941e-003 4.0000000000000001e-003  1.7167640630547545e-003
-4.1999999999999996e-002 -5.9999999999999984e-003 4.0000000000000001e-003  1.7050937242444407e-003
-4.1999999999999996e-002 -2.9999999999999957e-003 4.0000000000000001e-003  1.6872772749771418e-003
-4.1999999999999996e-002 0.0000000000000000e+000 4.0000000000000001e-003  1.6812675742875422e-003
-4.1999999999999996e-002 3.0000000000000027e-003 4.0000000000000001e-003  1.6864188835661626e-003
-4.1999999999999996e-002 6.0000000000000053e-003 4.0000000000000001e-003  1.6966965978260746e-003
-4.1999999999999996e-002 9.0000000000000011e-003 4.0000000000000001e-003  1.7076571345469537e-003
-4.1999999999999996e-002 1.2000000000000004e-002 4.0000000000000001e-003  1.6976123211256647e-003
-4.1999999999999996e-002 1.4999999999999999e-002 4.0000000000000001e-003  1.6716624096197897e-003
-4.1999999999999996e-002 1.8000000000000002e-002 4.0000000000000001e-003  1.6985047728040198e-003
-4.1999999999999996e-002 2.1000000000000005e-002 4.0000000000000001e-003  1.7428068414477420e-003
-4.1999999999999996e-002 2.4000000000000007e-002 4.0000000000000001e-003  1.7461370996604518e-003
-4.1999999999999996e-002 2.7000000000000010e-002 4.0000000000000001e-003  1.7552446101191399e-003
-4.1999999999999996e-002 2.9999999999999999e-002 4.0000000000000001e-003  1.7863324969045484e-003
-4.1999999999999996e-002 3.3000000000000002e-002 4.0000000000000001e-003  1.8130112152219496e-003
-4.1999999999999996e-002 3.6000000000000004e-002 4.0000000000000001e-003  1.8409470386367317e-003
-4.1999999999999996e-002 3.9000000000000007e-002 4.0000000000000001e-003  1.8685713053389313e-003
-4.1999999999999996e-002 4.2000000000000010e-002 4.0000000000000001e-003  1.9230961149526860e-003
-4.1999999999999996e-002 4.4999999999999998e-002 4.0000000000000001e-003  2.0376187500213256e-003
-3.9000000000000000e-002 -4.4999999999999998e-002 4.0000000000000001e-003  2.1914627966348140e-003
-3.9000000000000000e-002 -4.1999999999999996e-002 4.0000000000000001e-003  2.0226922738341910e-003
-3.9000000000000000e-002 -3.9000000000000000e-002 4.0000000000000001e-003  1.9526762470501234e-003
-3.9000000000000000e-002 -3.5999999999999997e-002 4.0000000000000001e-003  1.8681259052428559e-003
-3.9000000000000000e-002 -3.3000000000000002e-002 4.0000000000000001e-003  1.8045074139400679e-003
-3.9000000000000000e-002 -2.9999999999999999e-002 4.0000000000000001e-003  1.7677454916173801e-003
-3.9000000000000000e-002 -2.6999999999999996e-002 4.0000000000000001e-003  1.7359563720774891e-003
-3.9000000000000000e-002 -2.3999999999999997e-002 4.0000000000000001e-003  1.7124525819557168e-003
-3.9000000000000000e-002 -2.0999999999999998e-002 4.0000000000000001e-003  1.6919225575034228e-003
-3.9000000000000000e-002 -1.7999999999999999e-002 4.0000000000000001e-003  1.6743680338683006e-003
-3.9000000000000000e-002 -1.4999999999999999e-002 4.0000000000000001e-003  1.6585006471164870e-003
-3.9000000000000000e-002 -1.1999999999999997e-002 4.0000000000000001e-003  1.6392808651739680e-003
-3.9000000000000000e-002 -8.9999999999999941e-003 4.0000000000000001e-003  1.6260883035582802e-003
-3.9000000000000000e-002 -5.9999999999999984e-003 4.0000000000000001e-003  1.6137025082225906e-003
-3.9000000000000000e-002 -2.9999999999999957e-003 4.0000000000000001e-003  1.6018104680013496e-003
-3.9000000000000000e-002 0.0000000000000000e+000 4.0000000000000001e-003  1.5951353591209278e-003
-3.9000000000000000e-002 3.0000000000000027e-003 4.0000000000000001e-003  1.5918947991538672e-003
-3.9000000000000000e-002 6.0000000000000053e-003 4.0000000000000001e-003  1.5960718133254282e-003
-3.9000000000000000e-002 9.0000000000000011e-003 4.0000000000000001e-003  1.6014816110030521e-003
-3.9000000000000000e-002 1.2000000000000004e-002 4.0000000000000001e-003  1.6069918155699268e-003
-3.9000000000000000e-002 1.4999999999999999e-002 4.0000000000000001e-003  1.6152994440951406e-003
-3.9000000000000000e-002 1.8000000000000002e-002 4.0000000000000001e-003  1.6287808273648516e-003
-3.9000000000000000e-002 2.1000000000000005e-002 4.0000000000000001e-003  1.6434394384479290e-003
-3.9000000000000000e-002 2.4000000000000007e-002 4.0000000000000001e-003  1.6567865464452466e-003
-3.9000000000000000e-002 2.7000000000000010e-002 4.0000000000000001e-003  1.6706184253984754e-003
-3.9000000000000000e-002 2.9999999999999999e-002 4.0000000000000001e-003  1.7047006507720777e-003
-3.9000000000000000e-002 3.3000000000000002e-002 4.0000000000000001e-003  1.7320115866744209e-003
-3.9000000000000000e-002 3.6000000000000004e-002 4.0000000000000001e-003  1.7598705184259441e-003
-3.9000000000000000e-002 3.9000000000000007e-002 4.0000000000000001e-003  1.7920234249897496e-003
-3.9000000000000000e-002 4.2000000000000010e-002 4.0000000000000001e-003  1.8241666987031020e-003
-3.9000000000000000e-002 4.4999999999999998e-002 4.0000000000000001e-003  2.0052655816201531e-003
-3.5999999999999997e-002 -4.4999999999999998e-002 4.0000000000000001e-003  2.0724429382374958e-003
-3.5999999999999997e-002 -4.1999999999999996e-002 4.0000000000000001e-003  1.9333418645110906e-003
-3.5999999999999997e-002 -3.9000000000000000e-002 4.0000000000000001e-003  1.8775110411264684e-003
-3.5999999999999997e-002 -3.5999999999999997e-002 4.0000000000000001e-003  1.8039899997041654e-003
-3.5999999999999997e-002 -3.3000000000000002e-002 4.0000000000000001e-003  1.7445885262688113e-003
-3.5999999999999997e-002 -2.9999999999999999e-002 4.0000000000000001e-003  1.7106762181254460e-003
-3.5999999999999997e-002 -2.6999999999999996e-002 4.0000000000000001e-003  1.6814082465152738e-003
-3.5999999999999997e-002 -2.3999999999999997e-002 4.0000000000000001e-003  1.6546973420705593e-003
-3.5999999999999997e-002 -2.0999999999999998e-002 4.0000000000000001e-003  1.6309107469592492e-003
-3.5999999999999997e-002 -1.7999999999999999e-002 4.0000000000000001e-003  1.6096981976432871e-003
-3.5999999999999997e-002 -1.4999999999999999e-002 4.0000000000000001e-003  1.5811598924138485e-003
-3.5999999999999997e-002 -1.1999999999999997e-002 4.0000000000000001e-003  1.5585756813464666e-003
-3.5999999999999997e-002 -8.9999999999999941e-003 4.0000000000000001e-003  1.5419441371914725e-003
-3.5999999999999997e-002 -5.9999999999999984e-003 4.0000000000000001e-003  1.5315260634255197e-003
-3.5999999999999997e-002 -2.9999999999999957e-003 4.0000000000000001e-003  1.5261590036905125e-003
-3.5999999999999997e-002 0.0000000000000000e+000 4.0000000000000001e-003  1.5246437419038255e-003
-3.5999999999999997e-002 3.0000000000000027e-003 4.0000000000000001e-003  1.5212806099368671e-003
-3.5999999999999997e-002 6.0000000000000053e-003 4.0000000000000001e-003  1.5205016959498885e-003
-3.5999999999999997e-002 9.0000000000000011e-003 4.0000000000000001e-003  1.5201421142049341e-003
-3.5999999999999997e-002 1.2000000000000004e-002 4.0000000000000001e-003  1.5215058245322073e-003
-3.5999999999999997e-002 1.4999999999999999e-002 4.0000000000000001e-003  1.5355320923142303e-003
-3.5999999999999997e-002 1.8000000000000002e-002 4.0000000000000001e-003  1.5499729174302008e-003
-3.5999999999999997e-002 2.1000000000000005e-002 4.0000000000000001e-003  1.5648873871051596e-003
-3.5999999999999997e-002 2.4000000000000007e-002 4.0000000000000001e-003  1.5810291073843146e-003
-3.5999999999999997e-002 2.7000000000000010e-002 4.0000000000000001e-003  1.6017127592252950e-003
-3.5999999999999997e-002 2.9999999999999999e-002 4.0000000000000001e-003  1.6389236017568709e-003
-3.5999999999999997e-002 3.3000000000000002e-002 4.0000000000000001e-003  1.6692186060204828e-003
-3.5999999999999997e-002 3.6000000000000004e-002 4.0000000000000001e-003  1.6925963624352426e-003
-3.5999999999999997e-002 3.9000000000000007e-002 4.0000000000000001e-003  1.7237246149511849e-003
-3.5999999999999997e-002 4.2000000000000010e-002 4.0000000000000001e-003  1.8210330004795889e-003
-3.5999999999999997e-002 4.4999999999999998e-002 4.0000000000000001e-003  1.9774861454590524e-003
-3.3000000000000002e-002 -4.4999999999999998e-002 4.0000000000000001e-003  2.0190399240107930e-003
-3.3000000000000002e-002 -4.1999999999999996e-002 4.0000000000000001e-003  1.8683901712743737e-003
-3.3000000000000002e-002 -3.9000000000000000e-002 4.0000000000000001e-003  1.8144116487308997e-003
-3.3000000000000002e-002 -3.5999999999999997e-002 4.0000000000000001e-003  1.7491755485267422e-003
-3.3000000000000002e-002 -3.3000000000000002e-002 4.0000000000000001e-003  1.6869165966558342e-003
-3.3000000000000002e-002 -2.9999999999999999e-002 4.0000000000000001e-003  1.6538256187809454e-003
-3.3000000000000002e-002 -2.6999999999999996e-002 4.0000000000000001e-003  1.6251472282786483e-003
-3.3000000000000002e-002 -2.3999999999999997e-002 4.0000000000000001e-003  1.5994153607482653e-003
-3.3000000000000002e-002 -2.0999999999999998e-002 4.0000000000000001e-003  1.5766154948100056e-003
-3.3000000000000002e-002 -1.7999999999999999e-002 4.0000000000000001e-003  1.5475913341738480e-003
-3.3000000000000002e-002 -1.4999999999999999e-002 4.0000000000000001e-003  1.5235538107932706e-003
-3.3000000000000002e-002 -1.1999999999999997e-002 4.0000000000000001e-003  1.5057691732867614e-003
-3.3000000000000002e-002 -8.9999999999999941e-003 4.0000000000000001e-003  1.4942579572610711e-003
-3.3000000000000002e-002 -5.9999999999999984e-003 4.0000000000000001e-003  1.4777958733695445e-003
-3.3000000000000002e-002 -2.9999999999999957e-003 4.0000000000000001e-003  1.4679039815196691e-003
-3.3000000000000002e-002 0.0000000000000000e+000 4.0000000000000001e-003  1.4646515354075499e-003
-3.3000000000000002e-002 3.0000000000000027e-003 4.0000000000000001e-003  1.4641072159772344e-003
-3.3000000000000002e-002 6.0000000000000053e-003 4.0000000000000001e-003  1.4631565098989934e-003
-3.3000000000000002e-002 9.0000000000000011e-003 4.0000000000000001e-003  1.4627744088222150e-003
-3.3000000000000002e-002 1.2000000000000004e-002 4.0000000000000001e-003  1.4750098514237477e-003
-3.3000000000000002e-002 1.4999999999999999e-002 4.0000000000000001e-003  1.4904458970668136e-003
-3.3000000000000002e-002 1.8000000000000002e-002 4.0000000000000001e-003  1.5039695893131579e-003
-3.3000000000000002e-002 2.1000000000000005e-002 4.0000000000000001e-003  1.5182444762157096e-003
-3.3000000000000002e-002 2.4000000000000007e-002 4.0000000000000001e-003  1.5336645650786723e-003
-3.3000000000000002e-002 2.7000000000000010e-002 4.0000000000000001e-003  1.5514646568372406e-003
-3.3000000000000002e-002 2.9999999999999999e-002 4.0000000000000001e-003  1.5876532759363474e-003
-3.3000000000000002e-002 3.3000000000000002e-002 4.0000000000000001e-003  1.6198984951228471e-003
-3.3000000000000002e-002 3.6000000000000004e-002 4.0000000000000001e-003  1.6457749305198745e-003
-3.3000000000000002e-002 3.9000000000000007e-002 4.0000000000000001e-003  1.6652840157790961e-003
-3.3000000000000002e-002 4.2000000000000010e-002 4.0000000000000001e-003  1.7863955707479898e-003
-3.3000000000000002e-002 4.4999999999999998e-002 4.0000000000000001e-003  1.9293758186737719e-003
-2.9999999999999999e-002 -4.4999999999999998e-002 4.0000000000000001e-003  1.9821082750533332e-003
-2.9999999999999999e-002 -4.1999999999999996e-002 4.0000000000000001e-003  1.8460579244738314e-003
-2.9999999999999999e-002 -3.9000000000000000e-002 4.0000000000000001e-003  1.7829419507985047e-003
-2.9999999999999999e-002 -3.5999999999999997e-002 4.0000000000000001e-003  1.7169589749689127e-003
-2.9999999999999999e-002 -3.3000000000000002e-002 4.0000000000000001e-003  1.6656449799602869e-003
-2.9999999999999999e-002 -2.9999999999999999e-002 4.0000000000000001e-003  1.6246611344284691e-003
-2.9999999999999999e-002 -2.6999999999999996e-002 4.0000000000000001e-003  1.5875239413319811e-003
-2.9999999999999999e-002 -2.3999999999999997e-002 4.0000000000000001e-003  1.5609335999379496e-003
-2.9999999999999999e-002 -2.0999999999999998e-002 4.0000000000000001e-003  1.5372971990700892e-003
-2.9999999999999999e-002 -1.7999999999999999e-002 4.0000000000000001e-003  1.5165972967757764e-003
-2.9999999999999999e-002 -1.4999999999999999e-002 4.0000000000000001e-003  1.4960554217543203e-003
-2.9999999999999999e-002 -1.1999999999999997e-002 4.0000000000000001e-003  1.4749966558889737e-003
-2.9999999999999999e-002 -8.9999999999999941e-003 4.0000000000000001e-003  1.4582416171655937e-003
-2.9999999999999999e-002 -5.9999999999999984e-003 4.0000000000000001e-003  1.4452605642747017e-003
-2.9999999999999999e-002 -2.9999999999999957e-003 4.0000000000000001e-003  1.4393083980473629e-003
-2.9999999999999999e-002 0.0000000000000000e+000 4.0000000000000001e-003  1.4371146631791724e-003
-2.9999999999999999e-002 3.0000000000000027e-003 4.0000000000000001e-003  1.4360758787776160e-003
-2.9999999999999999e-002 6.0000000000000053e-003 4.0000000000000001e-003  1.4347125247421869e-003
-2.9999999999999999e-002 9.0000000000000011e-003 4.0000000000000001e-003  1.4357378157221188e-003
-2.9999999999999999e-002 1.2000000000000004e-002 4.0000000000000001e-003  1.4467995149390115e-003
-2.9999999999999999e-002 1.4999999999999999e-002 4.0000000000000001e-003  1.4605291385462902e-003
-2.9999999999999999e-002 1.8000000000000002e-002 4.0000000000000001e-003  1.4724061136227008e-003
-2.9999999999999999e-002 2.1000000000000005e-002 4.0000000000000001e-003  1.4835221859215329e-003
-2.9999999999999999e-002 2.4000000000000007e-002 4.0000000000000001e-003  1.4957980595636570e-003
-2.9999999999999999e-002 2.7000000000000010e-002 4.0000000000000001e-003  1.5195358363631034e-003
-2.9999999999999999e-002 2.9999999999999999e-002 4.0000000000000001e-003  1.5477673737736596e-003
-2.9999999999999999e-002 3.3000000000000002e-002 4.0000000000000001e-003  1.5786960683025434e-003
-2.9999999999999999e-002 3.6000000000000004e-002 4.0000000000000001e-003  1.6032892373351385e-003
-2.9999999999999999e-002 3.9000000000000007e-002 4.0000000000000001e-003  1.6523793916666620e-003
-2.9999999999999999e-002 4.2000000000000010e-002 4.0000000000000001e-003  1.7361867339719640e-003
-2.9999999999999999e-002 4.4999999999999998e-002 4.0000000000000001e-003  1.8791216086228976e-003
-2.6999999999999996e-002 -4.4999999999999998e-002 4.0000000000000001e-003  1.9614540510728626e-003
-2.6999999999999996e-002 -4.1999999999999996e-002 4.0000000000000001e-003  1.8575935215620677e-003
-2.6999999999999996e-002 -3.9000000000000000e-002 4.0000000000000001e-003  1.7866683540717354e-003
-2.6999999999999996e-002 -3.5999999999999997e-002 4.0000000000000001e-003  1.7004936114695861e-003
-2.6999999999999996e-002 -3.3000000000000002e-002 4.0000000000000001e-003  1.6487280370150298e-003
-2.6999999999999996e-002 -2.9999999999999999e-002 4.0000000000000001e-003  1.6014240593259022e-003
-2.6999999999999996e-002 -2.6999999999999996e-002 4.0000000000000001e-003  1.5595446170509389e-003
-2.6999999999999996e-002 -2.3999999999999997e-002 4.0000000000000001e-003  1.5207597495061013e-003
-2.6999999999999996e-002 -2.0999999999999998e-002 4.0000000000000001e-003  1.4926250761040467e-003
-2.6999999999999996e-002 -1.7999999999999999e-002 4.0000000000000001e-003  1.4710958647478035e-003
-2.6999999999999996e-002 -1.4999999999999999e-002 4.0000000000000001e-003  1.4525023894727315e-003
-2.6999999999999996e-002 -1.1999999999999997e-002 4.0000000000000001e-003  1.4369678157178233e-003
-2.6999999999999996e-002 -8.9999999999999941e-003 4.0000000000000001e-003  1.4252804577605303e-003
-2.6999999999999996e-002 -5.9999999999999984e-003 4.0000000000000001e-003  1.4161455701347967e-003
-2.6999999999999996e-002 -2.9999999999999957e-003 4.0000000000000001e-003  1.4101979253609547e-003
-2.6999999999999996e-002 0.0000000000000000e+000 4.0000000000000001e-003  1.4074355351703534e-003
-2.6999999999999996e-002 3.0000000000000027e-003 4.0000000000000001e-003  1.4074737595158224e-003
-2.6999999999999996e-002 6.0000000000000053e-003 4.0000000000000001e-003  1.4073987654175848e-003
-2.6999999999999996e-002 9.0000000000000011e-003 4.0000000000000001e-003  1.4097008900793003e-003
-2.6999999999999996e-002 1.2000000000000004e-002 4.0000000000000001e-003  1.4176210795212002e-003
-2.6999999999999996e-002 1.4999999999999999e-002 4.0000000000000001e-003  1.4296207615245640e-003
-2.6999999999999996e-002 1.8000000000000002e-002 4.0000000000000001e-003  1.4406631098015711e-003
-2.6999999999999996e-002 2.1000000000000005e-002 4.0000000000000001e-003  1.4486266059307237e-003
-2.6999999999999996e-002 2.4000000000000007e-002 4.0000000000000001e-003  1.4633641372436867e-003
-2.6999999999999996e-002 2.7000000000000010e-002 4.0000000000000001e-003  1.4886838769780620e-003
-2.6999999999999996e-002 2.9999999999999999e-002 4.0000000000000001e-003  1.5121118887826814e-003
-2.6999999999999996e-002 3.3000000000000002e-002 4.0000000000000001e-003  1.5380427509049349e-003
-2.6999999999999996e-002 3.6000000000000004e-002 4.0000000000000001e-003  1.5693062521964370e-003
-2.6999999999999996e-002 3.9000000000000007e-002 4.0000000000000001e-003  1.6408366970245630e-003
-2.6999999999999996e-002 4.2000000000000010e-002 4.0000000000000001e-003  1.7235587270945278e-003
-2.6999999999999996e-002 4.4999999999999998e-002 4.0000000000000001e-003  1.8266961856628250e-003
-2.3999999999999997e-002 -4.4999999999999998e-002 4.0000000000000001e-003  1.9614908115037832e-003
-2.3999999999999997e-002 -4.1999999999999996e-002 4.0000000000000001e-003  1.8782466497400568e-003
-2.3999999999999997e-002 -3.9000000000000000e-002 4.0000000000000001e-003  1.7682071221707049e-003
-2.3999999999999997e-002 -3.5999999999999997e-002 4.0000000000000001e-003  1.6821293965610256e-003
-2.3999999999999997e-002 -3.3000000000000002e-002 4.0000000000000001e-003  1.6310765063110738e-003
-2.3999999999999997e-002 -2.9999999999999999e-002 4.0000000000000001e-003  1.5830532702938538e-003
-2.3999999999999997e-002 -2.6999999999999996e-002 4.0000000000000001e-003  1.5363777396455373e-003
-2.3999999999999997e-002 -2.3999999999999997e-002 4.0000000000000001e-003  1.4915150684668749e-003
-2.3999999999999997e-002 -2.0999999999999998e-002 4.0000000000000001e-003  1.4584240257482367e-003
-2.3999999999999997e-002 -1.7999999999999999e-002 4.0000000000000001e-003  1.4312797450934144e-003
-2.3999999999999997e-002 -1.4999999999999999e-002 4.0000000000000001e-003  1.4129588853024030e-003
-2.3999999999999997e-002 -1.1999999999999997e-002 4.0000000000000001e-003  1.4123495963198954e-003
-2.3999999999999997e-002 -8.9999999999999941e-003 4.0000000000000001e-003  1.4013397125758338e-003
-2.3999999999999997e-002 -5.9999999999999984e-003 4.0000000000000001e-003  1.3903866515676054e-003
-2.3999999999999997e-002 -2.9999999999999957e-003 4.0000000000000001e-003  1.3823037074427950e-003
-2.3999999999999997e-002 0.0000000000000000e+000 4.0000000000000001e-003  1.3770983921730677e-003
-2.3999999999999997e-002 3.0000000000000027e-003 4.0000000000000001e-003  1.3757763466368418e-003
-2.3999999999999997e-002 6.0000000000000053e-003 4.0000000000000001e-003  1.3772367433374326e-003
-2.3999999999999997e-002 9.0000000000000011e-003 4.0000000000000001e-003  1.3808207912953414e-003
-2.3999999999999997e-002 1.2000000000000004e-002 4.0000000000000001e-003  1.3874626932150783e-003
-2.3999999999999997e-002 1.4999999999999999e-002 4.0000000000000001e-003  1.3977286549282466e-003
-2.3999999999999997e-002 1.8000000000000002e-002 4.0000000000000001e-003  1.4087508273553178e-003
-2.3999999999999997e-002 2.1000000000000005e-002 4.0000000000000001e-003  1.4135694599940070e-003
-2.3999999999999997e-002 2.4000000000000007e-002 4.0000000000000001e-003  1.4366712223494880e-003
-2.3999999999999997e-002 2.7000000000000010e-002 4.0000000000000001e-003  1.4588964210477445e-003
-2.3999999999999997e-002 2.9999999999999999e-002 4.0000000000000001e-003  1.4792301094473128e-003
-2.3999999999999997e-002 3.3000000000000002e-002 4.0000000000000001e-003  1.4978411426416645e-003
-2.3999999999999997e-002 3.6000000000000004e-002 4.0000000000000001e-003  1.5530968422574627e-003
-2.3999999999999997e-002 3.9000000000000007e-002 4.0000000000000001e-003  1.6248184874245034e-003
-2.3999999999999997e-002 4.2000000000000010e-002 4.0000000000000001e-003  1.7083870743166407e-003
-2.3999999999999997e-002 4.4999999999999998e-002 4.0000000000000001e-003  1.8054283420743586e-003
-2.0999999999999998e-002 -4.4999999999999998e-002 4.0000000000000001e-003  1.9952004431825305e-003
-2.0999999999999998e-002 -4.1999999999999996e-002 4.0000000000000001e-003  1.8577376345531801e-003
-2.0999999999999998e-002 -3.9000000000000000e-002 4.0000000000000001e-003  1.7478753282200476e-003
-2.0999999999999998e-002 -3.5999999999999997e-002 4.0000000000000001e-003  1.6618430671033147e-003
-2.0999999999999998e-002 -3.3000000000000002e-002 4.0000000000000001e-003  1.6114671123400798e-003
-2.0999999999999998e-002 -2.9999999999999999e-002 4.0000000000000001e-003  1.5627106145463354e-003
-2.0999999999999998e-002 -2.6999999999999996e-002 4.0000000000000001e-003  1.5152901620954045e-003
-2.0999999999999998e-002 -2.3999999999999997e-002 4.0000000000000001e-003  1.4761556816567816e-003
-2.0999999999999998e-002 -2.0999999999999998e-002 4.0000000000000001e-003  1.4399418971690918e-003
-2.0999999999999998e-002 -1.7999999999999999e-002 4.0000000000000001e-003  1.4142617890185486e-003
-2.0999999999999998e-002 -1.4999999999999999e-002 4.0000000000000001e-003  1.3975843200225253e-003
-2.0999999999999998e-002 -1.1999999999999997e-002 4.0000000000000001e-003  1.3905864955409900e-003
-2.0999999999999998e-002 -8.9999999999999941e-003 4.0000000000000001e-003  1.3792122632310928e-003
-2.0999999999999998e-002 -5.9999999999999984e-003 4.0000000000000001e-003  1.3680349054912711e-003
-2.0999999999999998e-002 -2.9999999999999957e-003 4.0000000000000001e-003  1.3597107842163406e-003
-2.0999999999999998e-002 0.0000000000000000e+000 4.0000000000000001e-003  1.3542448878157438e-003
-2.0999999999999998e-002 3.0000000000000027e-003 4.0000000000000001e-003  1.3516443107495094e-003
-2.0999999999999998e-002 6.0000000000000053e-003 4.0000000000000001e-003  1.3508253812588163e-003
-2.0999999999999998e-002 9.0000000000000011e-003 4.0000000000000001e-003  1.3490885865876385e-003
-2.0999999999999998e-002 1.2000000000000004e-002 4.0000000000000001e-003  1.3563158278377698e-003
-2.0999999999999998e-002 1.4999999999999999e-002 4.0000000000000001e-003  1.3648631326800555e-003
-2.0999999999999998e-002 1.8000000000000002e-002 4.0000000000000001e-003  1.3742763276768807e-003
-2.0999999999999998e-002 2.1000000000000005e-002 4.0000000000000001e-003  1.3900387696045163e-003
-2.0999999999999998e-002 2.4000000000000007e-002 4.0000000000000001e-003  1.4121342117198780e-003
-2.0999999999999998e-002 2.7000000000000010e-002 4.0000000000000001e-003  1.4339180853508539e-003
-2.0999999999999998e-002 2.9999999999999999e-002 4.0000000000000001e-003  1.4553285250976690e-003
-2.0999999999999998e-002 3.3000000000000002e-002 4.0000000000000001e-003  1.4764838203337090e-003
-2.0999999999999998e-002 3.6000000000000004e-002 4.0000000000000001e-003  1.5378968586644392e-003
-2.0999999999999998e-002 3.9000000000000007e-002 4.0000000000000001e-003  1.6085435812480140e-003
-2.0999999999999998e-002 4.2000000000000010e-002 4.0000000000000001e-003  1.6904590586936494e-003
-2.0999999999999998e-002 4.4999999999999998e-002 4.0000000000000001e-003  1.7882194476227073e-003
-1.7999999999999999e-002 -4.4999999999999998e-002 4.0000000000000001e-003  1.9727332436646297e-003
-1.7999999999999999e-002 -4.1999999999999996e-002 4.0000000000000001e-003  1.8354587437361067e-003
-1.7999999999999999e-002 -3.9000000000000000e-002 4.0000000000000001e-003  1.7256768409912157e-003
-1.7999999999999999e-002 -3.5999999999999997e-002 4.0000000000000001e-003  1.6407234869963254e-003
-1.7999999999999999e-002 -3.3000000000000002e-002 4.0000000000000001e-003  1.5899046674441907e-003
-1.7999999999999999e-002 -2.9999999999999999e-002 4.0000000000000001e-003  1.5448994379158782e-003
-1.7999999999999999e-002 -2.6999999999999996e-002 4.0000000000000001e-003  1.5044743219521843e-003
-1.7999999999999999e-002 -2.3999999999999997e-002 4.0000000000000001e-003  1.4665423781541880e-003
-1.7999999999999999e-002 -2.0999999999999998e-002 4.0000000000000001e-003  1.4310786397092622e-003
-1.7999999999999999e-002 -1.7999999999999999e-002 4.0000000000000001e-003  1.4018875091806947e-003
-1.7999999999999999e-002 -1.4999999999999999e-002 4.0000000000000001e-003  1.3875468443713956e-003
-1.7999999999999999e-002 -1.1999999999999997e-002 4.0000000000000001e-003  1.3726487624487502e-003
-1.7999999999999999e-002 -8.9999999999999941e-003 4.0000000000000001e-003  1.3580201405390909e-003
-1.7999999999999999e-002 -5.9999999999999984e-003 4.0000000000000001e-003  1.3466300098997350e-003
-1.7999999999999999e-002 -2.9999999999999957e-003 4.0000000000000001e-003  1.3380795188135807e-003
-1.7999999999999999e-002 0.0000000000000000e+000 4.0000000000000001e-003  1.3323711321278449e-003
-1.7999999999999999e-002 3.0000000000000027e-003 4.0000000000000001e-003  1.3295094207403282e-003
-1.7999999999999999e-002 6.0000000000000053e-003 4.0000000000000001e-003  1.3295010615994220e-003
-1.7999999999999999e-002 9.0000000000000011e-003 4.0000000000000001e-003  1.3291564779955745e-003
-1.7999999999999999e-002 1.2000000000000004e-002 4.0000000000000001e-003  1.3231503577922981e-003
-1.7999999999999999e-002 1.4999999999999999e-002 4.0000000000000001e-003  1.3319306480670593e-003
-1.7999999999999999e-002 1.8000000000000002e-002 4.0000000000000001e-003  1.3478836020216988e-003
-1.7999999999999999e-002 2.1000000000000005e-002 4.0000000000000001e-003  1.3700341662889798e-003
-1.7999999999999999e-002 2.4000000000000007e-002 4.0000000000000001e-003  1.3925098368973575e-003
-1.7999999999999999e-002 2.7000000000000010e-002 4.0000000000000001e-003  1.4146332500317117e-003
-1.7999999999999999e-002 2.9999999999999999e-002 4.0000000000000001e-003  1.4372276677878139e-003
-1.7999999999999999e-002 3.3000000000000002e-002 4.0000000000000001e-003  1.4599162184071692e-003
-1.7999999999999999e-002 3.6000000000000004e-002 4.0000000000000001e-003  1.5225242487169612e-003
-1.7999999999999999e-002 3.9000000000000007e-002 4.0000000000000001e-003  1.5952668671060809e-003
-1.7999999999999999e-002 4.2000000000000010e-002 4.0000000000000001e-003  1.6796165306413320e-003
-1.7999999999999999e-002 4.4999999999999998e-002 4.0000000000000001e-003  1.7778120724844131e-003
-1.4999999999999999e-002 -4.4999999999999998e-002 4.0000000000000001e-003  1.9510844340258891e-003
-1.4999999999999999e-002 -4.1999999999999996e-002 4.0000000000000001e-003  1.8165522043622809e-003
-1.4999999999999999e-002 -3.9000000000000000e-002 4.0000000000000001e-003  1.7068351161533613e-003
-1.4999999999999999e-002 -3.5999999999999997e-002 4.0000000000000001e-003  1.6203388045717218e-003
-1.4999999999999999e-002 -3.3000000000000002e-002 4.0000000000000001e-003  1.5757284034528967e-003
-1.4999999999999999e-002 -2.9999999999999999e-002 4.0000000000000001e-003  1.5336333523916087e-003
-1.4999999999999999e-002 -2.6999999999999996e-002 4.0000000000000001e-003  1.4940218087542453e-003
-1.4999999999999999e-002 -2.3999999999999997e-002 4.0000000000000001e-003  1.4564427029429828e-003
-1.4999999999999999e-002 -2.0999999999999998e-002 4.0000000000000001e-003  1.4176049337399420e-003
-1.4999999999999999e-002 -1.7999999999999999e-002 4.0000000000000001e-003  1.3904573391284004e-003
-1.4999999999999999e-002 -1.4999999999999999e-002 4.0000000000000001e-003  1.3762796984940666e-003
-1.4999999999999999e-002 -1.1999999999999997e-002 4.0000000000000001e-003  1.3597375705769789e-003
-1.4999999999999999e-002 -8.9999999999999941e-003 4.0000000000000001e-003  1.3447994192555249e-003
-1.4999999999999999e-002 -5.9999999999999984e-003 4.0000000000000001e-003  1.3320700775686237e-003
-1.4999999999999999e-002 -2.9999999999999957e-003 4.0000000000000001e-003  1.3215443927421810e-003
-1.4999999999999999e-002 0.0000000000000000e+000 4.0000000000000001e-003  1.3132179062592634e-003
-1.4999999999999999e-002 3.0000000000000027e-003 4.0000000000000001e-003  1.3083653062622715e-003
-1.4999999999999999e-002 6.0000000000000053e-003 4.0000000000000001e-003  1.3080977469979540e-003
-1.4999999999999999e-002 9.0000000000000011e-003 4.0000000000000001e-003  1.3106719153254717e-003
-1.4999999999999999e-002 1.2000000000000004e-002 4.0000000000000001e-003  1.3107935496211854e-003
-1.4999999999999999e-002 1.4999999999999999e-002 4.0000000000000001e-003  1.3170896122385179e-003
-1.4999999999999999e-002 1.8000000000000002e-002 4.0000000000000001e-003  1.3276772176655644e-003
-1.4999999999999999e-002 2.1000000000000005e-002 4.0000000000000001e-003  1.3520687115297044e-003
-1.4999999999999999e-002 2.4000000000000007e-002 4.0000000000000001e-003  1.3762535378413921e-003
-1.4999999999999999e-002 2.7000000000000010e-002 4.0000000000000001e-003  1.4002213566221982e-003
-1.4999999999999999e-002 2.9999999999999999e-002 4.0000000000000001e-003  1.4239693915249632e-003
-1.4999999999999999e-002 3.3000000000000002e-002 4.0000000000000001e-003  1.4485955382802648e-003
-1.4999999999999999e-002 3.6000000000000004e-002 4.0000000000000001e-003  1.5028008646480128e-003
-1.4999999999999999e-002 3.9000000000000007e-002 4.0000000000000001e-003  1.5751428986922878e-003
-1.4999999999999999e-002 4.2000000000000010e-002 4.0000000000000001e-003  1.6579795398091646e-003
-1.4999999999999999e-002 4.4999999999999998e-002 4.0000000000000001e-003  1.7535037100301616e-003
-1.1999999999999997e-002 -4.4999999999999998e-002 4.0000000000000001e-003  1.9397799483974328e-003
-1.1999999999999997e-002 -4.1999999999999996e-002 4.0000000000000001e-003  1.8041365739715183e-003
-1.1999999999999997e-002 -3.9000000000000000e-002 4.0000000000000001e-003  1.6986010166859494e-003
-1.1999999999999997e-002 -3.5999999999999997e-002 4.0000000000000001e-003  1.6139740110729136e-003
-1.1999999999999997e-002 -3.3000000000000002e-002 4.0000000000000001e-003  1.5636068394104400e-003
-1.1999999999999997e-002 -2.9999999999999999e-002 4.0000000000000001e-003  1.5223459752750339e-003
-1.1999999999999997e-002 -2.6999999999999996e-002 4.0000000000000001e-003  1.4842595396766002e-003
-1.1999999999999997e-002 -2.3999999999999997e-002 4.0000000000000001e-003  1.4448071313263148e-003
-1.1999999999999997e-002 -2.0999999999999998e-002 4.0000000000000001e-003  1.4039168091469908e-003
-1.1999999999999997e-002 -1.7999999999999999e-002 4.0000000000000001e-003  1.3810164581202968e-003
-1.1999999999999997e-002 -1.4999999999999999e-002 4.0000000000000001e-003  1.3655028296215969e-003
-1.1999999999999997e-002 -1.1999999999999997e-002 4.0000000000000001e-003  1.3496310117793507e-003
-1.1999999999999997e-002 -8.9999999999999941e-003 4.0000000000000001e-003  1.3355756546089481e-003
-1.1999999999999997e-002 -5.9999999999999984e-003 4.0000000000000001e-003  1.3237290203676974e-003
-1.1999999999999997e-002 -2.9999999999999957e-003 4.0000000000000001e-003  1.3140859272066008e-003
-1.1999999999999997e-002 0.0000000000000000e+000 4.0000000000000001e-003  1.3066418875338312e-003
-1.1999999999999997e-002 3.0000000000000027e-003 4.0000000000000001e-003  1.3013931080147275e-003
-1.1999999999999997e-002 6.0000000000000053e-003 4.0000000000000001e-003  1.2983364895718062e-003
-1.1999999999999997e-002 9.0000000000000011e-003 4.0000000000000001e-003  1.2974696273847434e-003
-1.1999999999999997e-002 1.2000000000000004e-002 4.0000000000000001e-003  1.2988127590231164e-003
-1.1999999999999997e-002 1.4999999999999999e-002 4.0000000000000001e-003  1.3062188437373426e-003
-1.1999999999999997e-002 1.8000000000000002e-002 4.0000000000000001e-003  1.3155186536683333e-003
-1.1999999999999997e-002 2.1000000000000005e-002 4.0000000000000001e-003  1.3408940692681295e-003
-1.1999999999999997e-002 2.4000000000000007e-002 4.0000000000000001e-003  1.3686959012294635e-003
-1.1999999999999997e-002 2.7000000000000010e-002 4.0000000000000001e-003  1.3958850629982075e-003
-1.1999999999999997e-002 2.9999999999999999e-002 4.0000000000000001e-003  1.4224634313302334e-003
-1.1999999999999997e-002 3.3000000000000002e-002 4.0000000000000001e-003  1.4484427539139229e-003
-1.1999999999999997e-002 3.6000000000000004e-002 4.0000000000000001e-003  1.4880273401590568e-003
-1.1999999999999997e-002 3.9000000000000007e-002 4.0000000000000001e-003  1.5573336363171786e-003
-1.1999999999999997e-002 4.2000000000000010e-002 4.0000000000000001e-003  1.6367302779430393e-003
-1.1999999999999997e-002 4.4999999999999998e-002 4.0000000000000001e-003  1.7284382582366451e-003
-8.9999999999999941e-003 -4.4999999999999998e-002 4.0000000000000001e-003  1.9465697536412113e-003
-8.9999999999999941e-003 -4.1999999999999996e-002 4.0000000000000001e-003  1.7932525591821133e-003
-8.9999999999999941e-003 -3.9000000000000000e-002 4.0000000000000001e-003  1.6926518190292469e-003
-8.9999999999999941e-003 -3.5999999999999997e-002 4.0000000000000001e-003  1.6106619556717501e-003
-8.9999999999999941e-003 -3.3000000000000002e-002 4.0000000000000001e-003  1.5550785270067300e-003
-8.9999999999999941e-003 -2.9999999999999999e-002 4.0000000000000001e-003  1.5164746544842149e-003
-8.9999999999999941e-003 -2.6999999999999996e-002 4.0000000000000001e-003  1.4764261346925692e-003
-8.9999999999999941e-003 -2.3999999999999997e-002 4.0000000000000001e-003  1.4349333069156656e-003
-8.9999999999999941e-003 -2.0999999999999998e-002 4.0000000000000001e-003  1.3919970453359104e-003
-8.9999999999999941e-003 -1.7999999999999999e-002 4.0000000000000001e-003  1.3735671208435706e-003
-8.9999999999999941e-003 -1.4999999999999999e-002 4.0000000000000001e-003  1.3576079173260142e-003
-8.9999999999999941e-003 -1.1999999999999997e-002 4.0000000000000001e-003  1.3424526452576549e-003
-8.9999999999999941e-003 -8.9999999999999941e-003 4.0000000000000001e-003  1.3292807602459547e-003
-8.9999999999999941e-003 -5.9999999999999984e-003 4.0000000000000001e-003  1.3183174493502088e-003
-8.9999999999999941e-003 -2.9999999999999957e-003 4.0000000000000001e-003  1.3095575016465204e-003
-8.9999999999999941e-003 0.0000000000000000e+000 4.0000000000000001e-003  1.3029964004681635e-003
-8.9999999999999941e-003 3.0000000000000027e-003 4.0000000000000001e-003  1.2986303234055801e-003
-8.9999999999999941e-003 6.0000000000000053e-003 4.0000000000000001e-003  1.2964778416839618e-003
-8.9999999999999941e-003 9.0000000000000011e-003 4.0000000000000001e-003  1.2964511819701121e-003
-8.9999999999999941e-003 1.2000000000000004e-002 4.0000000000000001e-003  1.2984079970589401e-003
-8.9999999999999941e-003 1.4999999999999999e-002 4.0000000000000001e-003  1.3039620368956836e-003
-8.9999999999999941e-003 1.8000000000000002e-002 4.0000000000000001e-003  1.3142980003203809e-003
-8.9999999999999941e-003 2.1000000000000005e-002 4.0000000000000001e-003  1.3325469889346817e-003
-8.9999999999999941e-003 2.4000000000000007e-002 4.0000000000000001e-003  1.3660714946631383e-003
-8.9999999999999941e-003 2.7000000000000010e-002 4.0000000000000001e-003  1.3952401232028690e-003
-8.9999999999999941e-003 2.9999999999999999e-002 4.0000000000000001e-003  1.4215728126516860e-003
-8.9999999999999941e-003 3.3000000000000002e-002 4.0000000000000001e-003  1.4473019655261907e-003
-8.9999999999999941e-003 3.6000000000000004e-002 4.0000000000000001e-003  1.4729841148051514e-003
-8.9999999999999941e-003 3.9000000000000007e-002 4.0000000000000001e-003  1.5393301980413815e-003
-8.9999999999999941e-003 4.2000000000000010e-002 4.0000000000000001e-003  1.6153535271967497e-003
-8.9999999999999941e-003 4.4999999999999998e-002 4.0000000000000001e-003  1.7121121386431334e-003
-5.9999999999999984e-003 -4.4999999999999998e-002 4.0000000000000001e-003  1.9572522038052475e-003
-5.9999999999999984e-003 -4.1999999999999996e-002 4.0000000000000001e-003  1.7826161426521929e-003
-5.9999999999999984e-003 -3.9000000000000000e-002 4.0000000000000001e-003  1.6811412463251857e-003
-5.9999999999999984e-003 -3.5999999999999997e-002 4.0000000000000001e-003  1.6021035236072215e-003
-5.9999999999999984e-003 -3.3000000000000002e-002 4.0000000000000001e-003  1.5562247611088798e-003
-5.9999999999999984e-003 -2.9999999999999999e-002 4.0000000000000001e-003  1.5124296342255308e-003
-5.9999999999999984e-003 -2.6999999999999996e-002 4.0000000000000001e-003  1.4703459962432568e-003
-5.9999999999999984e-003 -2.3999999999999997e-002 4.0000000000000001e-003  1.4268148170217833e-003
-5.9999999999999984e-003 -2.0999999999999998e-002 4.0000000000000001e-003  1.3857110396829628e-003
-5.9999999999999984e-003 -1.7999999999999999e-002 4.0000000000000001e-003  1.3681153384814599e-003
-5.9999999999999984e-003 -1.4999999999999999e-002 4.0000000000000001e-003  1.3525852290777007e-003
-5.9999999999999984e-003 -1.1999999999999997e-002 4.0000000000000001e-003  1.3381912909066669e-003
-5.9999999999999984e-003 -8.9999999999999941e-003 4.0000000000000001e-003  1.3259048939313397e-003
-5.9999999999999984e-003 -5.9999999999999984e-003 4.0000000000000001e-003  1.3158268601509717e-003
-5.9999999999999984e-003 -2.9999999999999957e-003 4.0000000000000001e-003  1.3079519495667719e-003
-5.9999999999999984e-003 0.0000000000000000e+000 4.0000000000000001e-003  1.3022728382881699e-003
-5.9999999999999984e-003 3.0000000000000027e-003 4.0000000000000001e-003  1.2985359479733669e-003
-5.9999999999999984e-003 6.0000000000000053e-003 4.0000000000000001e-003  1.2965856203338685e-003
-5.9999999999999984e-003 9.0000000000000011e-003 4.0000000000000001e-003  1.2964215929314443e-003
-5.9999999999999984e-003 1.2000000000000004e-002 4.0000000000000001e-003  1.2989053732666408e-003
-5.9999999999999984e-003 1.4999999999999999e-002 4.0000000000000001e-003  1.3036277079914880e-003
-5.9999999999999984e-003 1.8000000000000002e-002 4.0000000000000001e-003  1.3136540995373844e-003
-5.9999999999999984e-003 2.1000000000000005e-002 4.0000000000000001e-003  1.3251163389532139e-003
-5.9999999999999984e-003 2.4000000000000007e-002 4.0000000000000001e-003  1.3548576522028580e-003
-5.9999999999999984e-003 2.7000000000000010e-002 4.0000000000000001e-003  1.3867414457728222e-003
-5.9999999999999984e-003 2.9999999999999999e-002 4.0000000000000001e-003  1.4175936786984837e-003
-5.9999999999999984e-003 3.3000000000000002e-002 4.0000000000000001e-003  1.4451856060370772e-003
-5.9999999999999984e-003 3.6000000000000004e-002 4.0000000000000001e-003  1.4700680973981867e-003
-5.9999999999999984e-003 3.9000000000000007e-002 4.0000000000000001e-003  1.5211399815431524e-003
-5.9999999999999984e-003 4.2000000000000010e-002 4.0000000000000001e-003  1.5995311451446122e-003
-5.9999999999999984e-003 4.4999999999999998e-002 4.0000000000000001e-003  1.7080015634124343e-003
-2.9999999999999957e-003 -4.4999999999999998e-002 4.0000000000000001e-003  1.9593511197931240e-003
-2.9999999999999957e-003 -4.1999999999999996e-002 4.0000000000000001e-003  1.7893101564032464e-003
-2.9999999999999957e-003 -3.9000000000000000e-002 4.0000000000000001e-003  1.6694803697852780e-003
-2.9999999999999957e-003 -3.5999999999999997e-002 4.0000000000000001e-003  1.6050038793045478e-003
-2.9999999999999957e-003 -3.3000000000000002e-002 4.0000000000000001e-003  1.5584931579536315e-003
-2.9999999999999957e-003 -2.9999999999999999e-002 4.0000000000000001e-003  1.5120061229680799e-003
-2.9999999999999957e-003 -2.6999999999999996e-002 4.0000000000000001e-003  1.4660174093347790e-003
-2.9999999999999957e-003 -2.3999999999999997e-002 4.0000000000000001e-003  1.4204480995003287e-003
-2.9999999999999957e-003 -2.0999999999999998e-002 4.0000000000000001e-003  1.3836312177675730e-003
-2.9999999999999957e-003 -1.7999999999999999e-002 4.0000000000000001e-003  1.3651287993610318e-003
-2.9999999999999957e-003 -1.4999999999999999e-002 4.0000000000000001e-003  1.3504344831535568e-003
-2.9999999999999957e-003 -1.1999999999999997e-002 4.0000000000000001e-003  1.3368421945072716e-003
-2.9999999999999957e-003 -8.9999999999999941e-003 4.0000000000000001e-003  1.3254446393160008e-003
-2.9999999999999957e-003 -5.9999999999999984e-003 4.0000000000000001e-003  1.3162047235264077e-003
-2.9999999999999957e-003 -2.9999999999999957e-003 4.0000000000000001e-003  1.3087540049171419e-003
-2.9999999999999957e-003 0.0000000000000000e+000 4.0000000000000001e-003  1.3030919625359745e-003
-2.9999999999999957e-003 3.0000000000000027e-003 4.0000000000000001e-003  1.2992170767110788e-003
-2.9999999999999957e-003 6.0000000000000053e-003 4.0000000000000001e-003  1.2971286789340295e-003
-2.9999999999999957e-003 9.0000000000000011e-003 4.0000000000000001e-003  1.2969794231240494e-003
-2.9999999999999957e-003 1.2000000000000004e-002 4.0000000000000001e-003  1.3002518107505527e-003
-2.9999999999999957e-003 1.4999999999999999e-002 4.0000000000000001e-003  1.3053342876600815e-003
-2.9999999999999957e-003 1.8000000000000002e-002 4.0000000000000001e-003  1.3135946038634481e-003
-2.9999999999999957e-003 2.1000000000000005e-002 4.0000000000000001e-003  1.3260710496304114e-003
-2.9999999999999957e-003 2.4000000000000007e-002 4.0000000000000001e-003  1.3460089912692957e-003
-2.9999999999999957e-003 2.7000000000000010e-002 4.0000000000000001e-003  1.3772876548976273e-003
-2.9999999999999957e-003 2.9999999999999999e-002 4.0000000000000001e-003  1.4075384654886297e-003
-2.9999999999999957e-003 3.3000000000000002e-002 4.0000000000000001e-003  1.4367570748561550e-003
-2.9999999999999957e-003 3.6000000000000004e-002 4.0000000000000001e-003  1.4649456553817170e-003
-2.9999999999999957e-003 3.9000000000000007e-002 4.0000000000000001e-003  1.5061129787467945e-003
-2.9999999999999957e-003 4.2000000000000010e-002 4.0000000000000001e-003  1.5961711327295094e-003
-2.9999999999999957e-003 4.4999999999999998e-002 4.0000000000000001e-003  1.7053883572572788e-003
0.0000000000000000e+000 -4.4999999999999998e-002 4.0000000000000001e-003  1.9528005559942938e-003
0.0000000000000000e+000 -4.1999999999999996e-002 4.0000000000000001e-003  1.7961448298405411e-003
0.0000000000000000e+000 -3.9000000000000000e-002 4.0000000000000001e-003  1.6601715408813341e-003
0.0000000000000000e+000 -3.5999999999999997e-002 4.0000000000000001e-003  1.6045715314541645e-003
0.0000000000000000e+000 -3.3000000000000002e-002 4.0000000000000001e-003  1.5574953872331319e-003
0.0000000000000000e+000 -2.9999999999999999e-002 4.0000000000000001e-003  1.5104884609781317e-003
0.0000000000000000e+000 -2.6999999999999996e-002 4.0000000000000001e-003  1.4633541488780304e-003
0.0000000000000000e+000 -2.3999999999999997e-002 4.0000000000000001e-003  1.4158324427518670e-003
0.0000000000000000e+000 -2.0999999999999998e-002 4.0000000000000001e-003  1.3835422961264723e-003
0.0000000000000000e+000 -1.7999999999999999e-002 4.0000000000000001e-003  1.3652015462232478e-003
0.0000000000000000e+000 -1.4999999999999999e-002 4.0000000000000001e-003  1.3511247969513062e-003
0.0000000000000000e+000 -1.1999999999999997e-002 4.0000000000000001e-003  1.3382869583345972e-003
0.0000000000000000e+000 -8.9999999999999941e-003 4.0000000000000001e-003  1.3271154156726697e-003
0.0000000000000000e+000 -5.9999999999999984e-003 4.0000000000000001e-003  1.3177366398706100e-003
0.0000000000000000e+000 -2.9999999999999957e-003 4.0000000000000001e-003  1.3101478540229923e-003
0.0000000000000000e+000 0.0000000000000000e+000 4.0000000000000001e-003  1.3043471323877947e-003
0.0000000000000000e+000 3.0000000000000027e-003 4.0000000000000001e-003  1.3003334003863962e-003
0.0000000000000000e+000 6.0000000000000053e-003 4.0000000000000001e-003  1.2981064346035721e-003
0.0000000000000000e+000 9.0000000000000011e-003 4.0000000000000001e-003  1.2988122345593657e-003
0.0000000000000000e+000 1.2000000000000004e-002 4.0000000000000001e-003  1.3024468021191422e-003
0.0000000000000000e+000 1.4999999999999999e-002 4.0000000000000001e-003  1.3078887204456603e-003
0.0000000000000000e+000 1.8000000000000002e-002 4.0000000000000001e-003  1.3151304458187635e-003
0.0000000000000000e+000 2.1000000000000005e-002 4.0000000000000001e-003  1.3276258565448130e-003
0.0000000000000000e+000 2.4000000000000007e-002 4.0000000000000001e-003  1.3411711679284549e-003
0.0000000000000000e+000 2.7000000000000010e-002 4.0000000000000001e-003  1.3701950566251538e-003
0.0000000000000000e+000 2.9999999999999999e-002 4.0000000000000001e-003  1.3998534992711641e-003
0.0000000000000000e+000 3.3000000000000002e-002 4.0000000000000001e-003  1.4284919277948241e-003
0.0000000000000000e+000 3.6000000000000004e-002 4.0000000000000001e-003  1.4582556728951826e-003
0.0000000000000000e+000 3.9000000000000007e-002 4.0000000000000001e-003  1.5184286620887795e-003
0.0000000000000000e+000 4.2000000000000010e-002 4.0000000000000001e-003  1.5945015351450074e-003
0.0000000000000000e+000 4.4999999999999998e-002 4.0000000000000001e-003  1.7043226155827563e-003
3.0000000000000027e-003 -4.4999999999999998e-002 4.0000000000000001e-003  1.9345186458682212e-003
3.0000000000000027e-003 -4.1999999999999996e-002 4.0000000000000001e-003  1.7787808023865621e-003
3.0000000000000027e-003 -3.9000000000000000e-002 4.0000000000000001e-003  1.6550412142389034e-003
3.0000000000000027e-003 -3.5999999999999997e-002 4.0000000000000001e-003  1.6046437119249459e-003
3.0000000000000027e-003 -3.3000000000000002e-002 4.0000000000000001e-003  1.5566009186701259e-003
3.0000000000000027e-003 -2.9999999999999999e-002 4.0000000000000001e-003  1.5076967076708284e-003
3.0000000000000027e-003 -2.6999999999999996e-002 4.0000000000000001e-003  1.4586220741239593e-003
3.0000000000000027e-003 -2.3999999999999997e-002 4.0000000000000001e-003  1.4121357044153543e-003
3.0000000000000027e-003 -2.0999999999999998e-002 4.0000000000000001e-003  1.3855997937945012e-003
3.0000000000000027e-003 -1.7999999999999999e-002 4.0000000000000001e-003  1.3678632185259096e-003
3.0000000000000027e-003 -1.4999999999999999e-002 4.0000000000000001e-003  1.3536038643010321e-003
3.0000000000000027e-003 -1.1999999999999997e-002 4.0000000000000001e-003  1.3405328033895658e-003
3.0000000000000027e-003 -8.9999999999999941e-003 4.0000000000000001e-003  1.3292236778542868e-003
3.0000000000000027e-003 -5.9999999999999984e-003 4.0000000000000001e-003  1.3197061697749724e-003
3.0000000000000027e-003 -2.9999999999999957e-003 4.0000000000000001e-003  1.3119779473394068e-003
3.0000000000000027e-003 0.0000000000000000e+000 4.0000000000000001e-003  1.3060375298987747e-003
3.0000000000000027e-003 3.0000000000000027e-003 4.0000000000000001e-003  1.3018842879676533e-003
3.0000000000000027e-003 6.0000000000000053e-003 4.0000000000000001e-003  1.2995184432240284e-003
3.0000000000000027e-003 9.0000000000000011e-003 4.0000000000000001e-003  1.3014942308117302e-003
3.0000000000000027e-003 1.2000000000000004e-002 4.0000000000000001e-003  1.3054900706291411e-003
3.0000000000000027e-003 1.4999999999999999e-002 4.0000000000000001e-003  1.3112910198057473e-003
3.0000000000000027e-003 1.8000000000000002e-002 4.0000000000000001e-003  1.3188904681613767e-003
3.0000000000000027e-003 2.1000000000000005e-002 4.0000000000000001e-003  1.3297902496634546e-003
3.0000000000000027e-003 2.4000000000000007e-002 4.0000000000000001e-003  1.3443317474544809e-003
3.0000000000000027e-003 2.7000000000000010e-002 4.0000000000000001e-003  1.3654672116217028e-003
3.0000000000000027e-003 2.9999999999999999e-002 4.0000000000000001e-003  1.3945232533943560e-003
3.0000000000000027e-003 3.3000000000000002e-002 4.0000000000000001e-003  1.4225898380076797e-003
3.0000000000000027e-003 3.6000000000000004e-002 4.0000000000000001e-003  1.4748157770563637e-003
3.0000000000000027e-003 3.9000000000000007e-002 4.0000000000000001e-003  1.5386170315315371e-003
3.0000000000000027e-003 4.2000000000000010e-002 4.0000000000000001e-003  1.6142661071302878e-003
3.0000000000000027e-003 4.4999999999999998e-002 4.0000000000000001e-003  1.7048709813519602e-003
6.0000000000000053e-003 -4.4999999999999998e-002 4.0000000000000001e-003  1.9467654336210918e-003
6.0000000000000053e-003 -4.1999999999999996e-002 4.0000000000000001e-003  1.7919715419412010e-003
6.0000000000000053e-003 -3.9000000000000000e-002 4.0000000000000001e-003  1.6705194902011493e-003
6.0000000000000053e-003 -3.5999999999999997e-002 4.0000000000000001e-003  1.6078520048299363e-003
6.0000000000000053e-003 -3.3000000000000002e-002 4.0000000000000001e-003  1.5594154138451177e-003
6.0000000000000053e-003 -2.9999999999999999e-002 4.0000000000000001e-003  1.5073567972332465e-003
6.0000000000000053e-003 -2.6999999999999996e-002 4.0000000000000001e-003  1.4558300496771140e-003
6.0000000000000053e-003 -2.3999999999999997e-002 4.0000000000000001e-003  1.4208685939418693e-003
6.0000000000000053e-003 -2.0999999999999998e-002 4.0000000000000001e-003  1.3956081452768893e-003
6.0000000000000053e-003 -1.7999999999999999e-002 4.0000000000000001e-003  1.3746784611394153e-003
6.0000000000000053e-003 -1.4999999999999999e-002 4.0000000000000001e-003  1.3564363501873907e-003
6.0000000000000053e-003 -1.1999999999999997e-002 4.0000000000000001e-003  1.3435796742457104e-003
6.0000000000000053e-003 -8.9999999999999941e-003 4.0000000000000001e-003  1.3317710049268845e-003
6.0000000000000053e-003 -5.9999999999999984e-003 4.0000000000000001e-003  1.3221122602306713e-003
6.0000000000000053e-003 -2.9999999999999957e-003 4.0000000000000001e-003  1.3142434187707584e-003
6.0000000000000053e-003 0.0000000000000000e+000 4.0000000000000001e-003  1.3081624758864755e-003
6.0000000000000053e-003 3.0000000000000027e-003 4.0000000000000001e-003  1.3038692471856097e-003
6.0000000000000053e-003 6.0000000000000053e-003 4.0000000000000001e-003  1.3024808404887504e-003
6.0000000000000053e-003 9.0000000000000011e-003 4.0000000000000001e-003  1.3050250755853440e-003
6.0000000000000053e-003 1.2000000000000004e-002 4.0000000000000001e-003  1.3093815701855414e-003
6.0000000000000053e-003 1.4999999999999999e-002 4.0000000000000001e-003  1.3155414298461222e-003
6.0000000000000053e-003 1.8000000000000002e-002 4.0000000000000001e-003  1.3234989779268981e-003
6.0000000000000053e-003 2.1000000000000005e-002 4.0000000000000001e-003  1.3332517555907264e-003
6.0000000000000053e-003 2.4000000000000007e-002 4.0000000000000001e-003  1.3481195758523134e-003
6.0000000000000053e-003 2.7000000000000010e-002 4.0000000000000001e-003  1.3636800055308955e-003
6.0000000000000053e-003 2.9999999999999999e-002 4.0000000000000001e-003  1.3915495226425785e-003
6.0000000000000053e-003 3.3000000000000002e-002 4.0000000000000001e-003  1.4355096574928928e-003
6.0000000000000053e-003 3.6000000000000004e-002 4.0000000000000001e-003  1.4920662163895246e-003
6.0000000000000053e-003 3.9000000000000007e-002 4.0000000000000001e-003  1.5598467336557424e-003
6.0000000000000053e-003 4.2000000000000010e-002 4.0000000000000001e-003  1.6400861801188407e-003
6.0000000000000053e-003 4.4999999999999998e-002 4.0000000000000001e-003  1.7341168076458388e-003
9.0000000000000011e-003 -4.4999999999999998e-002 4.0000000000000001e-003  1.9607734068902869e-003
9.0000000000000011e-003 -4.1999999999999996e-002 4.0000000000000001e-003  1.8054510005338397e-003
9.0000000000000011e-003 -3.9000000000000000e-002 4.0000000000000001e-003  1.6857102346847111e-003
9.0000000000000011e-003 -3.5999999999999997e-002 4.0000000000000001e-003  1.6133818612030539e-003
9.0000000000000011e-003 -3.3000000000000002e-002 4.0000000000000001e-003  1.5630220917949721e-003
9.0000000000000011e-003 -2.9999999999999999e-002 4.0000000000000001e-003  1.5090056343012254e-003
9.0000000000000011e-003 -2.6999999999999996e-002 4.0000000000000001e-003  1.4685317111845959e-003
9.0000000000000011e-003 -2.3999999999999997e-002 4.0000000000000001e-003  1.4345692424957872e-003
9.0000000000000011e-003 -2.0999999999999998e-002 4.0000000000000001e-003  1.4096195737893565e-003
9.0000000000000011e-003 -1.7999999999999999e-002 4.0000000000000001e-003  1.3882928157333396e-003
9.0000000000000011e-003 -1.4999999999999999e-002 4.0000000000000001e-003  1.3676968934610151e-003
9.0000000000000011e-003 -1.1999999999999997e-002 4.0000000000000001e-003  1.3478739511416646e-003
9.0000000000000011e-003 -8.9999999999999941e-003 4.0000000000000001e-003  1.3358937131610258e-003
9.0000000000000011e-003 -5.9999999999999984e-003 4.0000000000000001e-003  1.3254914244474360e-003
9.0000000000000011e-003 -2.9999999999999957e-003 4.0000000000000001e-003  1.3169435409838216e-003
9.0000000000000011e-003 0.0000000000000000e+000 4.0000000000000001e-003  1.3107214299308712e-003
9.0000000000000011e-003 3.0000000000000027e-003 4.0000000000000001e-003  1.3062879245334294e-003
9.0000000000000011e-003 6.0000000000000053e-003 4.0000000000000001e-003  1.3064979198972853e-003
9.0000000000000011e-003 9.0000000000000011e-003 4.0000000000000001e-003  1.3094046632326681e-003
9.0000000000000011e-003 1.2000000000000004e-002 4.0000000000000001e-003  1.3141214853415910e-003
9.0000000000000011e-003 1.4999999999999999e-002 4.0000000000000001e-003  1.3206404253208203e-003
9.0000000000000011e-003 1.8000000000000002e-002 4.0000000000000001e-003  1.3289567400701565e-003
9.0000000000000011e-003 2.1000000000000005e-002 4.0000000000000001e-003  1.3390689042924401e-003
9.0000000000000011e-003 2.4000000000000007e-002 4.0000000000000001e-003  1.3525459805119140e-003
9.0000000000000011e-003 2.7000000000000010e-002 4.0000000000000001e-003  1.3693710618399243e-003
9.0000000000000011e-003 2.9999999999999999e-002 4.0000000000000001e-003  1.3993791706701406e-003
9.0000000000000011e-003 3.3000000000000002e-002 4.0000000000000001e-003  1.4476941839198499e-003
9.0000000000000011e-003 3.6000000000000004e-002 4.0000000000000001e-003  1.5072457397221702e-003
9.0000000000000011e-003 3.9000000000000007e-002 4.0000000000000001e-003  1.5792256870412441e-003
9.0000000000000011e-003 4.2000000000000010e-002 4.0000000000000001e-003  1.6649264856951605e-003
9.0000000000000011e-003 4.4999999999999998e-002 4.0000000000000001e-003  1.7657412063559598e-003
1.2000000000000004e-002 -4.4999999999999998e-002 4.0000000000000001e-003  1.9748611788314814e-003
1.2000000000000004e-002 -4.1999999999999996e-002 4.0000000000000001e-003  1.8284896910041668e-003
1.2000000000000004e-002 -3.9000000000000000e-002 4.0000000000000001e-003  1.7006071325853436e-003
1.2000000000000004e-002 -3.5999999999999997e-002 4.0000000000000001e-003  1.6212180281001247e-003
1.2000000000000004e-002 -3.3000000000000002e-002 4.0000000000000001e-003  1.5683720388248693e-003
1.2000000000000004e-002 -2.9999999999999999e-002 4.0000000000000001e-003  1.5234450718336809e-003
1.2000000000000004e-002 -2.6999999999999996e-002 4.0000000000000001e-003  1.4832080613537491e-003
1.2000000000000004e-002 -2.3999999999999997e-002 4.0000000000000001e-003  1.4484072127202037e-003
1.2000000000000004e-002 -2.0999999999999998e-002 4.0000000000000001e-003  1.4230732862704890e-003
1.2000000000000004e-002 -1.7999999999999999e-002 4.0000000000000001e-003  1.4023198102831433e-003
1.2000000000000004e-002 -1.4999999999999999e-002 4.0000000000000001e-003  1.3823336304468227e-003
1.2000000000000004e-002 -1.1999999999999997e-002 4.0000000000000001e-003  1.3631145199894756e-003
1.2000000000000004e-002 -8.9999999999999941e-003 4.0000000000000001e-003  1.3446664784718327e-003
1.2000000000000004e-002 -5.9999999999999984e-003 4.0000000000000001e-003  1.3305259188147354e-003
1.2000000000000004e-002 -2.9999999999999957e-003 4.0000000000000001e-003  1.3215294027692408e-003
1.2000000000000004e-002 0.0000000000000000e+000 4.0000000000000001e-003  1.3137139903743448e-003
1.2000000000000004e-002 3.0000000000000027e-003 4.0000000000000001e-003  1.3099143242886050e-003
1.2000000000000004e-002 6.0000000000000053e-003 4.0000000000000001e-003  1.3113644013622626e-003
1.2000000000000004e-002 9.0000000000000011e-003 4.0000000000000001e-003  1.3146331187544231e-003
1.2000000000000004e-002 1.2000000000000004e-002 4.0000000000000001e-003  1.3206011506355323e-003
1.2000000000000004e-002 1.4999999999999999e-002 4.0000000000000001e-003  1.3288229303332268e-003
1.2000000000000004e-002 1.8000000000000002e-002 4.0000000000000001e-003  1.3387210842588705e-003
1.2000000000000004e-002 2.1000000000000005e-002 4.0000000000000001e-003  1.3502928061999500e-003
1.2000000000000004e-002 2.4000000000000007e-002 4.0000000000000001e-003  1.3635364505997863e-003
1.2000000000000004e-002 2.7000000000000010e-002 4.0000000000000001e-003  1.3800050815965129e-003
1.2000000000000004e-002 2.9999999999999999e-002 4.0000000000000001e-003  1.4089952159833277e-003
1.2000000000000004e-002 3.3000000000000002e-002 4.0000000000000001e-003  1.4456386977773159e-003
1.2000000000000004e-002 3.6000000000000004e-002 4.0000000000000001e-003  1.4963260026758373e-003
1.2000000000000004e-002 3.9000000000000007e-002 4.0000000000000001e-003  1.5627740076104080e-003
1.2000000000000004e-002 4.2000000000000010e-002 4.0000000000000001e-003  1.6439152154332228e-003
1.2000000000000004e-002 4.4999999999999998e-002 4.0000000000000001e-003  1.7408932881061597e-003
1.4999999999999999e-002 -4.4999999999999998e-002 4.0000000000000001e-003  1.9884415837528890e-003
1.4999999999999999e-002 -4.1999999999999996e-002 4.0000000000000001e-003  1.8534302465997199e-003
1.4999999999999999e-002 -3.9000000000000000e-002 4.0000000000000001e-003  1.7340174812246756e-003
1.4999999999999999e-002 -3.5999999999999997e-002 4.0000000000000001e-003  1.6325733465640923e-003
1.4999999999999999e-002 -3.3000000000000002e-002 4.0000000000000001e-003  1.5841339969159800e-003
1.4999999999999999e-002 -2.9999999999999999e-002 4.0000000000000001e-003  1.5386672000060680e-003
1.4999999999999999e-002 -2.6999999999999996e-002 4.0000000000000001e-003  1.4975983724338613e-003
1.4999999999999999e-002 -2.3999999999999997e-002 4.0000000000000001e-003  1.4619477539587421e-003
1.4999999999999999e-002 -2.0999999999999998e-002 4.0000000000000001e-003  1.4368870908820315e-003
1.4999999999999999e-002 -1.7999999999999999e-002 4.0000000000000001e-003  1.4167469475827440e-003
1.4999999999999999e-002 -1.4999999999999999e-002 4.0000000000000001e-003  1.3973728688199709e-003
1.4999999999999999e-002 -1.1999999999999997e-002 4.0000000000000001e-003  1.3787624678903523e-003
1.4999999999999999e-002 -8.9999999999999941e-003 4.0000000000000001e-003  1.3609175844232948e-003
1.4999999999999999e-002 -5.9999999999999984e-003 4.0000000000000001e-003  1.3438442843809891e-003
1.4999999999999999e-002 -2.9999999999999957e-003 4.0000000000000001e-003  1.3275528600583894e-003
1.4999999999999999e-002 0.0000000000000000e+000 4.0000000000000001e-003  1.3210757704785094e-003
1.4999999999999999e-002 3.0000000000000027e-003 4.0000000000000001e-003  1.3205492064271478e-003
1.4999999999999999e-002 6.0000000000000053e-003 4.0000000000000001e-003  1.3233185741124177e-003
1.4999999999999999e-002 9.0000000000000011e-003 4.0000000000000001e-003  1.3279704209656238e-003
1.4999999999999999e-002 1.2000000000000004e-002 4.0000000000000001e-003  1.3343151396517491e-003
1.4999999999999999e-002 1.4999999999999999e-002 4.0000000000000001e-003  1.3423456039443537e-003
1.4999999999999999e-002 1.8000000000000002e-002 4.0000000000000001e-003  1.3520558482728207e-003
1.4999999999999999e-002 2.1000000000000005e-002 4.0000000000000001e-003  1.3634840985536358e-003
1.4999999999999999e-002 2.4000000000000007e-002 4.0000000000000001e-003  1.3781429664770470e-003
1.4999999999999999e-002 2.7000000000000010e-002 4.0000000000000001e-003  1.3952561132596368e-003
1.4999999999999999e-002 2.9999999999999999e-002 4.0000000000000001e-003  1.4260511542659934e-003
1.4999999999999999e-002 3.3000000000000002e-002 4.0000000000000001e-003  1.4622769967781149e-003
1.4999999999999999e-002 3.6000000000000004e-002 4.0000000000000001e-003  1.5102533731269634e-003
1.4999999999999999e-002 3.9000000000000007e-002 4.0000000000000001e-003  1.5723185829446193e-003
1.4999999999999999e-002 4.2000000000000010e-002 4.0000000000000001e-003  1.6485018855406566e-003
1.4999999999999999e-002 4.4999999999999998e-002 4.0000000000000001e-003  1.7399423959755019e-003
1.8000000000000002e-002 -4.4999999999999998e-002 4.0000000000000001e-003  2.0922756687690005e-003
1.8000000000000002e-002 -4.1999999999999996e-002 4.0000000000000001e-003  1.8979626009264848e-003
1.8000000000000002e-002 -3.9000000000000000e-002 4.0000000000000001e-003  1.7334930231798571e-003
1.8000000000000002e-002 -3.5999999999999997e-002 4.0000000000000001e-003  1.6545440357955774e-003
1.8000000000000002e-002 -3.3000000000000002e-002 4.0000000000000001e-003  1.6001848529288228e-003
1.8000000000000002e-002 -2.9999999999999999e-002 4.0000000000000001e-003  1.5535942953975308e-003
1.8000000000000002e-002 -2.6999999999999996e-002 4.0000000000000001e-003  1.5116864898203207e-003
1.8000000000000002e-002 -2.3999999999999997e-002 4.0000000000000001e-003  1.4755427024281699e-003
1.8000000000000002e-002 -2.0999999999999998e-002 4.0000000000000001e-003  1.4510975881231066e-003
1.8000000000000002e-002 -1.7999999999999999e-002 4.0000000000000001e-003  1.4315679431112787e-003
1.8000000000000002e-002 -1.4999999999999999e-002 4.0000000000000001e-003  1.4128056500496262e-003
1.8000000000000002e-002 -1.1999999999999997e-002 4.0000000000000001e-003  1.3948061623034775e-003
1.8000000000000002e-002 -8.9999999999999941e-003 4.0000000000000001e-003  1.3775691595709289e-003
1.8000000000000002e-002 -5.9999999999999984e-003 4.0000000000000001e-003  1.3619137984227634e-003
1.8000000000000002e-002 -2.9999999999999957e-003 4.0000000000000001e-003  1.3474327731180986e-003
1.8000000000000002e-002 0.0000000000000000e+000 4.0000000000000001e-003  1.3363130014393291e-003
1.8000000000000002e-002 3.0000000000000027e-003 4.0000000000000001e-003  1.3350299387587053e-003
1.8000000000000002e-002 6.0000000000000053e-003 4.0000000000000001e-003  1.3390194001808035e-003
1.8000000000000002e-002 9.0000000000000011e-003 4.0000000000000001e-003  1.3402703804852340e-003
1.8000000000000002e-002 1.2000000000000004e-002 4.0000000000000001e-003  1.3471578401742217e-003
1.8000000000000002e-002 1.4999999999999999e-002 4.0000000000000001e-003  1.3568189459714358e-003
1.8000000000000002e-002 1.8000000000000002e-002 4.0000000000000001e-003  1.3689459716019706e-003
1.8000000000000002e-002 2.1000000000000005e-002 4.0000000000000001e-003  1.3835326718446852e-003
1.8000000000000002e-002 2.4000000000000007e-002 4.0000000000000001e-003  1.4005743584709915e-003
1.8000000000000002e-002 2.7000000000000010e-002 4.0000000000000001e-003  1.4205249690116286e-003
1.8000000000000002e-002 2.9999999999999999e-002 4.0000000000000001e-003  1.4461761740442367e-003
1.8000000000000002e-002 3.3000000000000002e-002 4.0000000000000001e-003  1.4871715933462164e-003
1.8000000000000002e-002 3.6000000000000004e-002 4.0000000000000001e-003  1.5300698429831585e-003
1.8000000000000002e-002 3.9000000000000007e-002 4.0000000000000001e-003  1.5879999896348924e-003
1.8000000000000002e-002 4.2000000000000010e-002 4.0000000000000001e-003  1.6595540683507573e-003
1.8000000000000002e-002 4.4999999999999998e-002 4.0000000000000001e-003  1.7458317435838811e-003
2.1000000000000005e-002 -4.4999999999999998e-002 4.0000000000000001e-003  2.1064242794277405e-003
2.1000000000000005e-002 -4.1999999999999996e-002 4.0000000000000001e-003  1.8794606470745327e-003
2.1000000000000005e-002 -3.9000000000000000e-002 4.0000000000000001e-003  1.7648544731157126e-003
2.1000000000000005e-002 -3.5999999999999997e-002 4.0000000000000001e-003  1.6767265638225591e-003
2.1000000000000005e-002 -3.3000000000000002e-002 4.0000000000000001e-003  1.6160850691589431e-003
2.1000000000000005e-002 -2.9999999999999999e-002 4.0000000000000001e-003  1.5682198000577393e-003
2.1000000000000005e-002 -2.6999999999999996e-002 4.0000000000000001e-003  1.5254659950117778e-003
2.1000000000000005e-002 -2.3999999999999997e-002 4.0000000000000001e-003  1.4892712522388066e-003
2.1000000000000005e-002 -2.0999999999999998e-002 4.0000000000000001e-003  1.4657073801680666e-003
2.1000000000000005e-002 -1.7999999999999999e-002 4.0000000000000001e-003  1.4467827250331140e-003
2.1000000000000005e-002 -1.4999999999999999e-002 4.0000000000000001e-003  1.4286292282901772e-003
2.1000000000000005e-002 -1.1999999999999997e-002 4.0000000000000001e-003  1.4135426683566594e-003
2.1000000000000005e-002 -8.9999999999999941e-003 4.0000000000000001e-003  1.3991125767251484e-003
2.1000000000000005e-002 -5.9999999999999984e-003 4.0000000000000001e-003  1.3843069981989886e-003
2.1000000000000005e-002 -2.9999999999999957e-003 4.0000000000000001e-003  1.3691170846125832e-003
2.1000000000000005e-002 0.0000000000000000e+000 4.0000000000000001e-003  1.3607945905016467e-003
2.1000000000000005e-002 3.0000000000000027e-003 4.0000000000000001e-003  1.3639619372272070e-003
2.1000000000000005e-002 6.0000000000000053e-003 4.0000000000000001e-003  1.3705857439973903e-003
2.1000000000000005e-002 9.0000000000000011e-003 4.0000000000000001e-003  1.3684643252095600e-003
2.1000000000000005e-002 1.2000000000000004e-002 4.0000000000000001e-003  1.3674504652626536e-003
2.1000000000000005e-002 1.4999999999999999e-002 4.0000000000000001e-003  1.3731118520962714e-003
2.1000000000000005e-002 1.8000000000000002e-002 4.0000000000000001e-003  1.3876243814506808e-003
2.1000000000000005e-002 2.1000000000000005e-002 4.0000000000000001e-003  1.4045979495923026e-003
2.1000000000000005e-002 2.4000000000000007e-002 4.0000000000000001e-003  1.4240265450827128e-003
2.1000000000000005e-002 2.7000000000000010e-002 4.0000000000000001e-003  1.4469360663066332e-003
2.1000000000000005e-002 2.9999999999999999e-002 4.0000000000000001e-003  1.4746786596563238e-003
2.1000000000000005e-002 3.3000000000000002e-002 4.0000000000000001e-003  1.5124079699475144e-003
2.1000000000000005e-002 3.6000000000000004e-002 4.0000000000000001e-003  1.5571289241491947e-003
2.1000000000000005e-002 3.9000000000000007e-002 4.0000000000000001e-003  1.6096404270535870e-003
2.1000000000000005e-002 4.2000000000000010e-002 4.0000000000000001e-003  1.6768396432248302e-003
2.1000000000000005e-002 4.4999999999999998e-002 4.0000000000000001e-003  1.7617542737704695e-003
2.4000000000000007e-002 -4.4999999999999998e-002 4.0000000000000001e-003  2.0739332376383340e-003
2.4000000000000007e-002 -4.1999999999999996e-002 4.0000000000000001e-003  1.9149859461176156e-003
2.4000000000000007e-002 -3.9000000000000000e-002 4.0000000000000001e-003  1.7896524660274008e-003
2.4000000000000007e-002 -3.5999999999999997e-002 4.0000000000000001e-003  1.6957218019020819e-003
2.4000000000000007e-002 -3.3000000000000002e-002 4.0000000000000001e-003  1.6311092772039624e-003
2.4000000000000007e-002 -2.9999999999999999e-002 4.0000000000000001e-003  1.5861386385520313e-003
2.4000000000000007e-002 -2.6999999999999996e-002 4.0000000000000001e-003  1.5389402056101653e-003
2.4000000000000007e-002 -2.3999999999999997e-002 4.0000000000000001e-003  1.5021622275008201e-003
2.4000000000000007e-002 -2.0999999999999998e-002 4.0000000000000001e-003  1.4809702256316538e-003
2.4000000000000007e-002 -1.7999999999999999e-002 4.0000000000000001e-003  1.4668890093600757e-003
2.4000000000000007e-002 -1.4999999999999999e-002 4.0000000000000001e-003  1.4524945462418015e-003
2.4000000000000007e-002 -1.1999999999999997e-002 4.0000000000000001e-003  1.4377661733766184e-003
2.4000000000000007e-002 -8.9999999999999941e-003 4.0000000000000001e-003  1.4226859574116744e-003
2.4000000000000007e-002 -5.9999999999999984e-003 4.0000000000000001e-003  1.4091628869421946e-003
2.4000000000000007e-002 -2.9999999999999957e-003 4.0000000000000001e-003  1.4011243277443487e-003
2.4000000000000007e-002 0.0000000000000000e+000 4.0000000000000001e-003  1.3961072113916587e-003
2.4000000000000007e-002 3.0000000000000027e-003 4.0000000000000001e-003  1.3966525704882653e-003
2.4000000000000007e-002 6.0000000000000053e-003 4.0000000000000001e-003  1.4012063887870187e-003
2.4000000000000007e-002 9.0000000000000011e-003 4.0000000000000001e-003  1.3991350033705431e-003
2.4000000000000007e-002 1.2000000000000004e-002 4.0000000000000001e-003  1.3998156055857777e-003
2.4000000000000007e-002 1.4999999999999999e-002 4.0000000000000001e-003  1.4032543620633928e-003
2.4000000000000007e-002 1.8000000000000002e-002 4.0000000000000001e-003  1.4094570479515473e-003
2.4000000000000007e-002 2.1000000000000005e-002 4.0000000000000001e-003  1.4266753185649200e-003
2.4000000000000007e-002 2.4000000000000007e-002 4.0000000000000001e-003  1.4484933358954021e-003
2.4000000000000007e-002 2.7000000000000010e-002 4.0000000000000001e-003  1.4743430211321112e-003
2.4000000000000007e-002 2.9999999999999999e-002 4.0000000000000001e-003  1.5047062664602867e-003
2.4000000000000007e-002 3.3000000000000002e-002 4.0000000000000001e-003  1.5393886632651984e-003
2.4000000000000007e-002 3.6000000000000004e-002 4.0000000000000001e-003  1.5875094408549625e-003
2.4000000000000007e-002 3.9000000000000007e-002 4.0000000000000001e-003  1.6371271743758629e-003
2.4000000000000007e-002 4.2000000000000010e-002 4.0000000000000001e-003  1.7001915693269773e-003
2.4000000000000007e-002 4.4999999999999998e-002 4.0000000000000001e-003  1.8037329119888819e-003
2.7000000000000010e-002 -4.4999999999999998e-002 4.0000000000000001e-003  2.1013104609460681e-003
2.7000000000000010e-002 -4.1999999999999996e-002 4.0000000000000001e-003  1.9406848373185849e-003
2.7000000000000010e-002 -3.9000000000000000e-002 4.0000000000000001e-003  1.8133880085217055e-003
2.7000000000000010e-002 -3.5999999999999997e-002 4.0000000000000001e-003  1.7172902933928129e-003
2.7000000000000010e-002 -3.3000000000000002e-002 4.0000000000000001e-003  1.6503866682385216e-003
2.7000000000000010e-002 -2.9999999999999999e-002 4.0000000000000001e-003  1.6118869843148198e-003
2.7000000000000010e-002 -2.6999999999999996e-002 4.0000000000000001e-003  1.5548500458796824e-003
2.7000000000000010e-002 -2.3999999999999997e-002 4.0000000000000001e-003  1.5261767582832693e-003
2.7000000000000010e-002 -2.0999999999999998e-002 4.0000000000000001e-003  1.5075778022443822e-003
2.7000000000000010e-002 -1.7999999999999999e-002 4.0000000000000001e-003  1.4928547602305242e-003
2.7000000000000010e-002 -1.4999999999999999e-002 4.0000000000000001e-003  1.4778437948221583e-003
2.7000000000000010e-002 -1.1999999999999997e-002 4.0000000000000001e-003  1.4664935856830413e-003
2.7000000000000010e-002 -8.9999999999999941e-003 4.0000000000000001e-003  1.4580788746006014e-003
2.7000000000000010e-002 -5.9999999999999984e-003 4.0000000000000001e-003  1.4498902073196728e-003
2.7000000000000010e-002 -2.9999999999999957e-003 4.0000000000000001e-003  1.4425598826165293e-003
2.7000000000000010e-002 0.0000000000000000e+000 4.0000000000000001e-003  1.4376543935964966e-003
2.7000000000000010e-002 3.0000000000000027e-003 4.0000000000000001e-003  1.4351054311584667e-003
2.7000000000000010e-002 6.0000000000000053e-003 4.0000000000000001e-003  1.4327765182030362e-003
2.7000000000000010e-002 9.0000000000000011e-003 4.0000000000000001e-003  1.4323973268693389e-003
2.7000000000000010e-002 1.2000000000000004e-002 4.0000000000000001e-003  1.4347579538944799e-003
2.7000000000000010e-002 1.4999999999999999e-002 4.0000000000000001e-003  1.4398657910951642e-003
2.7000000000000010e-002 1.8000000000000002e-002 4.0000000000000001e-003  1.4477278388055782e-003
2.7000000000000010e-002 2.1000000000000005e-002 4.0000000000000001e-003  1.4583507058773882e-003
2.7000000000000010e-002 2.4000000000000007e-002 4.0000000000000001e-003  1.4740725313879255e-003
2.7000000000000010e-002 2.7000000000000010e-002 4.0000000000000001e-003  1.5027460759737886e-003
2.7000000000000010e-002 2.9999999999999999e-002 4.0000000000000001e-003  1.5357367255203946e-003
2.7000000000000010e-002 3.3000000000000002e-002 4.0000000000000001e-003  1.5730587651659467e-003
2.7000000000000010e-002 3.6000000000000004e-002 4.0000000000000001e-003  1.6181526763262774e-003
2.7000000000000010e-002 3.9000000000000007e-002 4.0000000000000001e-003  1.6715917687877087e-003
2.7000000000000010e-002 4.2000000000000010e-002 4.0000000000000001e-003  1.7355480135249365e-003
2.7000000000000010e-002 4.4999999999999998e-002 4.0000000000000001e-003  1.8357339589106989e-003
2.9999999999999999e-002 -4.4999999999999998e-002 4.0000000000000001e-003  2.1212556463998458e-003
2.9999999999999999e-002 -4.1999999999999996e-002 4.0000000000000001e-003  1.9691765422869723e-003
2.9999999999999999e-002 -3.9000000000000000e-002 4.0000000000000001e-003  1.8498921719175164e-003
2.9999999999999999e-002 -3.5999999999999997e-002 4.0000000000000001e-003  1.7613266914716624e-003
2.9999999999999999e-002 -3.3000000000000002e-002 4.0000000000000001e-003  1.6982900657688726e-003
2.9999999999999999e-002 -2.9999999999999999e-002 4.0000000000000001e-003  1.6638642938035261e-003
2.9999999999999999e-002 -2.6999999999999996e-002 4.0000000000000001e-003  1.6078256586523473e-003
2.9999999999999999e-002 -2.3999999999999997e-002 4.0000000000000001e-003  1.5705108559971458e-003
2.9999999999999999e-002 -2.0999999999999998e-002 4.0000000000000001e-003  1.5346230222385189e-003
2.9999999999999999e-002 -1.7999999999999999e-002 4.0000000000000001e-003  1.5250281514963048e-003
2.9999999999999999e-002 -1.4999999999999999e-002 4.0000000000000001e-003  1.5162141593993215e-003
2.9999999999999999e-002 -1.1999999999999997e-002 4.0000000000000001e-003  1.5076312918927779e-003
2.9999999999999999e-002 -8.9999999999999941e-003 4.0000000000000001e-003  1.4992832125284672e-003
2.9999999999999999e-002 -5.9999999999999984e-003 4.0000000000000001e-003  1.4911396660292119e-003
2.9999999999999999e-002 -2.9999999999999957e-003 4.0000000000000001e-003  1.4839555588367561e-003
2.9999999999999999e-002 0.0000000000000000e+000 4.0000000000000001e-003  1.4791654162014166e-003
2.9999999999999999e-002 3.0000000000000027e-003 4.0000000000000001e-003  1.4752406763584524e-003
2.9999999999999999e-002 6.0000000000000053e-003 4.0000000000000001e-003  1.4685076929060494e-003
2.9999999999999999e-002 9.0000000000000011e-003 4.0000000000000001e-003  1.4684834711890646e-003
2.9999999999999999e-002 1.2000000000000004e-002 4.0000000000000001e-003  1.4724161708600460e-003
2.9999999999999999e-002 1.4999999999999999e-002 4.0000000000000001e-003  1.4791734971603763e-003
2.9999999999999999e-002 1.8000000000000002e-002 4.0000000000000001e-003  1.4886743633498081e-003
2.9999999999999999e-002 2.1000000000000005e-002 4.0000000000000001e-003  1.4953674863244753e-003
2.9999999999999999e-002 2.4000000000000007e-002 4.0000000000000001e-003  1.5105754517873830e-003
2.9999999999999999e-002 2.7000000000000010e-002 4.0000000000000001e-003  1.5387798921521205e-003
2.9999999999999999e-002 2.9999999999999999e-002 4.0000000000000001e-003  1.5719200104439602e-003
2.9999999999999999e-002 3.3000000000000002e-002 4.0000000000000001e-003  1.6099793960298074e-003
2.9999999999999999e-002 3.6000000000000004e-002 4.0000000000000001e-003  1.6529787508624369e-003
2.9999999999999999e-002 3.9000000000000007e-002 4.0000000000000001e-003  1.7001229838564493e-003
2.9999999999999999e-002 4.2000000000000010e-002 4.0000000000000001e-003  1.7547586607477733e-003
2.9999999999999999e-002 4.4999999999999998e-002 4.0000000000000001e-003  1.8507758443124832e-003
3.3000000000000002e-002 -4.4999999999999998e-002 4.0000000000000001e-003  2.1544018394080923e-003
3.3000000000000002e-002 -4.1999999999999996e-002 4.0000000000000001e-003  2.0104808686740873e-003
3.3000000000000002e-002 -3.9000000000000000e-002 4.0000000000000001e-003  1.8988091795485306e-003
3.3000000000000002e-002 -3.5999999999999997e-002 4.0000000000000001e-003  1.8203178817983131e-003
3.3000000000000002e-002 -3.3000000000000002e-002 4.0000000000000001e-003  1.7742462326768129e-003
3.3000000000000002e-002 -2.9999999999999999e-002 4.0000000000000001e-003  1.7149106991524469e-003
3.3000000000000002e-002 -2.6999999999999996e-002 4.0000000000000001e-003  1.6626930418778211e-003
3.3000000000000002e-002 -2.3999999999999997e-002 4.0000000000000001e-003  1.6264355922651190e-003
3.3000000000000002e-002 -2.0999999999999998e-002 4.0000000000000001e-003  1.5947769960295789e-003
3.3000000000000002e-002 -1.7999999999999999e-002 4.0000000000000001e-003  1.5744883873210010e-003
3.3000000000000002e-002 -1.4999999999999999e-002 4.0000000000000001e-003  1.5626257455110468e-003
3.3000000000000002e-002 -1.1999999999999997e-002 4.0000000000000001e-003  1.5497572903374879e-003
3.3000000000000002e-002 -8.9999999999999941e-003 4.0000000000000001e-003  1.5410392031784759e-003
3.3000000000000002e-002 -5.9999999999999984e-003 4.0000000000000001e-003  1.5323490933078934e-003
3.3000000000000002e-002 -2.9999999999999957e-003 4.0000000000000001e-003  1.5253026451491638e-003
3.3000000000000002e-002 0.0000000000000000e+000 4.0000000000000001e-003  1.5206888449266955e-003
3.3000000000000002e-002 3.0000000000000027e-003 4.0000000000000001e-003  1.5162560360688052e-003
3.3000000000000002e-002 6.0000000000000053e-003 4.0000000000000001e-003  1.5148079428789587e-003
3.3000000000000002e-002 9.0000000000000011e-003 4.0000000000000001e-003  1.5146342088233776e-003
3.3000000000000002e-002 1.2000000000000004e-002 4.0000000000000001e-003  1.5160259940397121e-003
3.3000000000000002e-002 1.4999999999999999e-002 4.0000000000000001e-003  1.5205817605617371e-003
3.3000000000000002e-002 1.8000000000000002e-002 4.0000000000000001e-003  1.5287789587957413e-003
3.3000000000000002e-002 2.1000000000000005e-002 4.0000000000000001e-003  1.5397372555887448e-003
3.3000000000000002e-002 2.4000000000000007e-002 4.0000000000000001e-003  1.5582889023183909e-003
3.3000000000000002e-002 2.7000000000000010e-002 4.0000000000000001e-003  1.5838166716199698e-003
3.3000000000000002e-002 2.9999999999999999e-002 4.0000000000000001e-003  1.6150562226268572e-003
3.3000000000000002e-002 3.3000000000000002e-002 4.0000000000000001e-003  1.6520224963448066e-003
3.3000000000000002e-002 3.6000000000000004e-002 4.0000000000000001e-003  1.6872587816895599e-003
3.3000000000000002e-002 3.9000000000000007e-002 4.0000000000000001e-003  1.7179294810561682e-003
3.3000000000000002e-002 4.2000000000000010e-002 4.0000000000000001e-003  1.7716377320795421e-003
3.3000000000000002e-002 4.4999999999999998e-002 4.0000000000000001e-003  1.8533575996733580e-003
3.6000000000000004e-002 -4.4999999999999998e-002 4.0000000000000001e-003  2.2009121992472517e-003
3.6000000000000004e-002 -4.1999999999999996e-002 4.0000000000000001e-003  2.0647340367579837e-003
3.6000000000000004e-002 -3.9000000000000000e-002 4.0000000000000001e-003  1.9751495664401277e-003
3.6000000000000004e-002 -3.5999999999999997e-002 4.0000000000000001e-003  1.9095320082072021e-003
3.6000000000000004e-002 -3.3000000000000002e-002 4.0000000000000001e-003  1.8316267914109125e-003
3.6000000000000004e-002 -2.9999999999999999e-002 4.0000000000000001e-003  1.7659076431714271e-003
3.6000000000000004e-002 -2.6999999999999996e-002 4.0000000000000001e-003  1.7153362733083068e-003
3.6000000000000004e-002 -2.3999999999999997e-002 4.0000000000000001e-003  1.6874628446282586e-003
3.6000000000000004e-002 -2.0999999999999998e-002 4.0000000000000001e-003  1.6648218606677510e-003
3.6000000000000004e-002 -1.7999999999999999e-002 4.0000000000000001e-003  1.6474187522428536e-003
3.6000000000000004e-002 -1.4999999999999999e-002 4.0000000000000001e-003  1.6335466788254072e-003
3.6000000000000004e-002 -1.1999999999999997e-002 4.0000000000000001e-003  1.6191295385633881e-003
3.6000000000000004e-002 -8.9999999999999941e-003 4.0000000000000001e-003  1.6039249106978427e-003
3.6000000000000004e-002 -5.9999999999999984e-003 4.0000000000000001e-003  1.5955074090299405e-003
3.6000000000000004e-002 -2.9999999999999957e-003 4.0000000000000001e-003  1.5893705760397919e-003
3.6000000000000004e-002 0.0000000000000000e+000 4.0000000000000001e-003  1.5812866582284118e-003
3.6000000000000004e-002 3.0000000000000027e-003 4.0000000000000001e-003  1.5888724675197695e-003
3.6000000000000004e-002 6.0000000000000053e-003 4.0000000000000001e-003  1.5932936600183164e-003
3.6000000000000004e-002 9.0000000000000011e-003 4.0000000000000001e-003  1.5776403617738630e-003
3.6000000000000004e-002 1.2000000000000004e-002 4.0000000000000001e-003  1.5828521488426249e-003
3.6000000000000004e-002 1.4999999999999999e-002 4.0000000000000001e-003  1.5907591636079006e-003
3.6000000000000004e-002 1.8000000000000002e-002 4.0000000000000001e-003  1.6013735965145052e-003
3.6000000000000004e-002 2.1000000000000005e-002 4.0000000000000001e-003  1.6147184562596791e-003
3.6000000000000004e-002 2.4000000000000007e-002 4.0000000000000001e-003  1.6312454695524170e-003
3.6000000000000004e-002 2.7000000000000010e-002 4.0000000000000001e-003  1.6535146028792648e-003
3.6000000000000004e-002 2.9999999999999999e-002 4.0000000000000001e-003  1.6815327816394115e-003
3.6000000000000004e-002 3.3000000000000002e-002 4.0000000000000001e-003  1.7144518441552512e-003
3.6000000000000004e-002 3.6000000000000004e-002 4.0000000000000001e-003  1.7575548673084557e-003
3.6000000000000004e-002 3.9000000000000007e-002 4.0000000000000001e-003  1.7860368542199580e-003
3.6000000000000004e-002 4.2000000000000010e-002 4.0000000000000001e-003  1.8594984393869743e-003
3.6000000000000004e-002 4.4999999999999998e-002 4.0000000000000001e-003  1.9853378069578189e-003
3.9000000000000007e-002 -4.4999999999999998e-002 4.0000000000000001e-003  2.2609176966545477e-003
3.9000000000000007e-002 -4.1999999999999996e-002 4.0000000000000001e-003  2.1654236258427575e-003
3.9000000000000007e-002 -3.9000000000000000e-002 4.0000000000000001e-003  2.0712710063690762e-003
3.9000000000000007e-002 -3.5999999999999997e-002 4.0000000000000001e-003  1.9743863559476228e-003
3.9000000000000007e-002 -3.3000000000000002e-002 4.0000000000000001e-003  1.8900022794702605e-003
3.9000000000000007e-002 -2.9999999999999999e-002 4.0000000000000001e-003  1.8355114739878726e-003
3.9000000000000007e-002 -2.6999999999999996e-002 4.0000000000000001e-003  1.7983303022625035e-003
3.9000000000000007e-002 -2.3999999999999997e-002 4.0000000000000001e-003  1.7594085996413631e-003
3.9000000000000007e-002 -2.0999999999999998e-002 4.0000000000000001e-003  1.7460696307874338e-003
3.9000000000000007e-002 -1.7999999999999999e-002 4.0000000000000001e-003  1.7378377237084813e-003
3.9000000000000007e-002 -1.4999999999999999e-002 4.0000000000000001e-003  1.7300920502740945e-003
3.9000000000000007e-002 -1.1999999999999997e-002 4.0000000000000001e-003  1.7131938443778994e-003
3.9000000000000007e-002 -8.9999999999999941e-003 4.0000000000000001e-003  1.6981352985985033e-003
3.9000000000000007e-002 -5.9999999999999984e-003 4.0000000000000001e-003  1.6940340297487812e-003
3.9000000000000007e-002 -2.9999999999999957e-003 4.0000000000000001e-003  1.6958128060360470e-003
3.9000000000000007e-002 0.0000000000000000e+000 4.0000000000000001e-003  1.6950485141301011e-003
3.9000000000000007e-002 3.0000000000000027e-003 4.0000000000000001e-003  1.6711331382805296e-003
3.9000000000000007e-002 6.0000000000000053e-003 4.0000000000000001e-003  1.7009787089713937e-003
3.9000000000000007e-002 9.0000000000000011e-003 4.0000000000000001e-003  1.6742495083199348e-003
3.9000000000000007e-002 1.2000000000000004e-002 4.0000000000000001e-003  1.6782129936512434e-003
3.9000000000000007e-002 1.4999999999999999e-002 4.0000000000000001e-003  1.6884729301080879e-003
3.9000000000000007e-002 1.8000000000000002e-002 4.0000000000000001e-003  1.7015325585561121e-003
3.9000000000000007e-002 2.1000000000000005e-002 4.0000000000000001e-003  1.7148691198724882e-003
3.9000000000000007e-002 2.4000000000000007e-002 4.0000000000000001e-003  1.7278911687869853e-003
3.9000000000000007e-002 2.7000000000000010e-002 4.0000000000000001e-003  1.7554994376675157e-003
3.9000000000000007e-002 2.9999999999999999e-002 4.0000000000000001e-003  1.7805109947039910e-003
3.9000000000000007e-002 3.3000000000000002e-002 4.0000000000000001e-003  1.7891523908124454e-003
3.9000000000000007e-002 3.6000000000000004e-002 4.0000000000000001e-003  1.8152538304062613e-003
3.9000000000000007e-002 3.9000000000000007e-002 4.0000000000000001e-003  1.8537410399131653e-003
3.9000000000000007e-002 4.2000000000000010e-002 4.0000000000000001e-003  1.9367552781119454e-003
3.9000000000000007e-002 4.4999999999999998e-002 4.0000000000000001e-003  2.0170820262325464e-003
4.2000000000000010e-002 -4.4999999999999998e-002 4.0000000000000001e-003  2.3937030938420852e-003
4.2000000000000010e-002 -4.1999999999999996e-002 4.0000000000000001e-003  2.2830578663658977e-003
4.2000000000000010e-002 -3.9000000000000000e-002 4.0000000000000001e-003  2.1446887907799667e-003
4.2000000000000010e-002 -3.5999999999999997e-002 4.0000000000000001e-003  2.0479965577134664e-003
4.2000000000000010e-002 -3.3000000000000002e-002 4.0000000000000001e-003  2.0049347086833445e-003
4.2000000000000010e-002 -2.9999999999999999e-002 4.0000000000000001e-003  1.9664791064046856e-003
4.2000000000000010e-002 -2.6999999999999996e-002 4.0000000000000001e-003  1.9320849776415471e-003
4.2000000000000010e-002 -2.3999999999999997e-002 4.0000000000000001e-003  1.8958860696273512e-003
4.2000000000000010e-002 -2.0999999999999998e-002 4.0000000000000001e-003  1.8559458842032489e-003
4.2000000000000010e-002 -1.7999999999999999e-002 4.0000000000000001e-003  1.8420088014865414e-003
4.2000000000000010e-002 -1.4999999999999999e-002 4.0000000000000001e-003  1.8482113652593959e-003
4.2000000000000010e-002 -1.1999999999999997e-002 4.0000000000000001e-003  1.8358799932571659e-003
4.2000000000000010e-002 -8.9999999999999941e-003 4.0000000000000001e-003  1.8232720180537162e-003
4.2000000000000010e-002 -5.9999999999999984e-003 4.0000000000000001e-003  1.8257167763981535e-003
4.2000000000000010e-002 -2.9999999999999957e-003 4.0000000000000001e-003  1.8526899253175850e-003
4.2000000000000010e-002 0.0000000000000000e+000 4.0000000000000001e-003  1.8562292136624855e-003
4.2000000000000010e-002 3.0000000000000027e-003 4.0000000000000001e-003  1.8700717069602723e-003
4.2000000000000010e-002 6.0000000000000053e-003 4.0000000000000001e-003  1.8599084828174611e-003
4.2000000000000010e-002 9.0000000000000011e-003 4.0000000000000001e-003  1.8674134521349606e-003
4.2000000000000010e-002 1.2000000000000004e-002 4.0000000000000001e-003  1.8420448384704666e-003
4.2000000000000010e-002 1.4999999999999999e-002 4.0000000000000001e-003  1.8150186364138971e-003
4.2000000000000010e-002 1.8000000000000002e-002 4.0000000000000001e-003  1.8305817736791736e-003
4.2000000000000010e-002 2.1000000000000005e-002 4.0000000000000001e-003  1.8399924544904825e-003
4.2000000000000010e-002 2.4000000000000007e-002 4.0000000000000001e-003  1.8811335916780517e-003
4.2000000000000010e-002 2.7000000000000010e-002 4.0000000000000001e-003  1.8939301780000245e-003
4.2000000000000010e-002 2.9999999999999999e-002 4.0000000000000001e-003  1.8758374369278504e-003
4.2000000000000010e-002 3.3000000000000002e-002 4.0000000000000001e-003  1.8706181783709772e-003
4.2000000000000010e-002 3.6000000000000004e-002 4.0000000000000001e-003  1.8918169658082651e-003
4.2000000000000010e-002 3.9000000000000007e-002 4.0000000000000001e-003  1.9553985361885182e-003
4.2000000000000010e-002 4.2000000000000010e-002 4.0000000000000001e-003  2.0098819834240573e-003
4.2000000000000010e-002 4.4999999999999998e-002 4.0000000000000001e-003  2.0883164734494131e-003
4.4999999999999998e-002 -4.4999999999999998e-002 4.0000000000000001e-003  2.5707227331001358e-003
4.4999999999999998e-002 -4.1999999999999996e-002 4.0000000000000001e-003  2.3439179308562411e-003
4.4999999999999998e-002 -3.9000000000000000e-002 4.0000000000000001e-003  2.2680581636781200e-003
4.4999999999999998e-002 -3.5999999999999997e-002 4.0000000000000001e-003  2.2230948536491376e-003
4.4999999999999998e-002 -3.3000000000000002e-002 4.0000000000000001e-003  2.1829815095008825e-003
4.4999999999999998e-002 -2.9999999999999999e-002 4.0000000000000001e-003  2.1474184532846332e-003
4.4999999999999998e-002 -2.6999999999999996e-002 4.0000000000000001e-003  2.1159252075507754e-003
4.4999999999999998e-002 -2.3999999999999997e-002 4.0000000000000001e-003  2.0825002098922986e-003
4.4999999999999998e-002 -2.0999999999999998e-002 4.0000000000000001e-003  2.0454606665764024e-003
4.4999999999999998e-002 -1.7999999999999999e-002 4.0000000000000001e-003  2.0048457486072074e-003
4.4999999999999998e-002 -1.4999999999999999e-002 4.0000000000000001e-003  1.9780513238433495e-003
4.4999999999999998e-002 -1.1999999999999997e-002 4.0000000000000001e-003  1.9911087647692077e-003
4.4999999999999998e-002 -8.9999999999999941e-003 4.0000000000000001e-003  1.9836086063721829e-003
4.4999999999999998e-002 -5.9999999999999984e-003 4.0000000000000001e-003  2.0285791892811255e-003
4.4999999999999998e-002 -2.9999999999999957e-003 4.0000000000000001e-003  2.0649687053265987e-003
4.4999999999999998e-002 0.0000000000000000e+000 4.0000000000000001e-003  2.0822078283614202e-003
4.4999999999999998e-002 3.0000000000000027e-003 4.0000000000000001e-003  2.0802027742711118e-003
4.4999999999999998e-002 6.0000000000000053e-003 4.0000000000000001e-003  2.0588915778155317e-003
4.4999999999999998e-002 9.0000000000000011e-003 4.0000000000000001e-003  2.0560365204720394e-003
4.4999999999999998e-002 1.2000000000000004e-002 4.0000000000000001e-003  2.0729550642624803e-003
4.4999999999999998e-002 1.4999999999999999e-002 4.0000000000000001e-003  2.0719217079017142e-003
4.4999999999999998e-002 1.8000000000000002e-002 4.0000000000000001e-003  2.0690995538621454e-003
4.4999999999999998e-002 2.1000000000000005e-002 4.0000000000000001e-003  2.0564557752721694e-003
4.4999999999999998e-002 2.4000000000000007e-002 4.0000000000000001e-003  2.0580652363677275e-003
4.4999999999999998e-002 2.7000000000000010e-002 4.0000000000000001e-003  2.0232956865618803e-003
4.4999999999999998e-002 2.9999999999999999e-002 4.0000000000000001e-003  1.9873105777591877e-003
4.4999999999999998e-002 3.3000000000000002e-002 4.0000000000000001e-003  2.0257448757735326e-003
4.4999999999999998e-002 3.6000000000000004e-002 4.0000000000000001e-003  2.0750224214580930e-003
4.4999999999999998e-002 3.9000000000000007e-002 4.0000000000000001e-003  2.1212330218714119e-003
4.4999999999999998e-002 4.2000000000000010e-002 4.0000000000000001e-003  2.1257807641173860e-003
4.4999999999999998e-002 4.4999999999999998e-002 4.0000000000000001e-003  2.1739483324636814e-003
