Grid Output Min: [-45mm -45mm 4mm] Max: [45mm 45mm 4mm] Grid Size: [3mm 3mm 0mm]
X, Y, Z, Scalar data "Mag_B"
-4.4999999999999998e-02 -4.4999999999999998e-02 4.0000000000000001e-03  2.6059390341990870e-03
-4.4999999999999998e-02 -4.1999999999999996e-02 4.0000000000000001e-03  2.4251374450571465e-03
-4.4999999999999998e-02 -3.9000000000000000e-02 4.0000000000000001e-03  2.2871102154879883e-03
-4.4999999999999998e-02 -3.5999999999999997e-02 4.0000000000000001e-03  2.1789285258366760e-03
-4.4999999999999998e-02 -3.3000000000000002e-02 4.0000000000000001e-03  2.1398661396303609e-03
-4.4999999999999998e-02 -2.9999999999999999e-02 4.0000000000000001e-03  2.0997578534474306e-03
-4.4999999999999998e-02 -2.6999999999999996e-02 4.0000000000000001e-03  2.0351724068844047e-03
-4.4999999999999998e-02 -2.3999999999999997e-02 4.0000000000000001e-03  2.0047881857313851e-03
-4.4999999999999998e-02 -2.0999999999999998e-02 4.0000000000000001e-03  1.9684539503717429e-03
-4.4999999999999998e-02 -1.7999999999999999e-02 4.0000000000000001e-03  1.9261881685704405e-03
-4.4999999999999998e-02 -1.4999999999999999e-02 4.0000000000000001e-03  1.9102689203453682e-03
-4.4999999999999998e-02 -1.1999999999999997e-02 4.0000000000000001e-03  1.9104419067761159e-03
-4.4999999999999998e-02 -8.9999999999999941e-03 4.0000000000000001e-03  1.8993275984681495e-03
-4.4999999999999998e-02 -5.9999999999999984e-03 4.0000000000000001e-03  1.8797699279875346e-03
-4.4999999999999998e-02 -2.9999999999999957e-03 4.0000000000000001e-03  1.8563972523823009e-03
-4.4999999999999998e-02 0.0000000000000000e+00 4.0000000000000001e-03  1.8610218821308293e-03
-4.4999999999999998e-02 3.0000000000000027e-03 4.0000000000000001e-03  1.8654631642560850e-03
-4.4999999999999998e-02 6.0000000000000053e-03 4.0000000000000001e-03  1.8696727513478918e-03
-4.4999999999999998e-02 9.0000000000000011e-03 4.0000000000000001e-03  1.8736416100805812e-03
-4.4999999999999998e-02 1.2000000000000004e-02 4.0000000000000001e-03  1.8774000212129916e-03
-4.4999999999999998e-02 1.4999999999999999e-02 4.0000000000000001e-03  1.8813068706718529e-03
-4.4999999999999998e-02 1.8000000000000002e-02 4.0000000000000001e-03  1.8931525734230763e-03
-4.4999999999999998e-02 2.1000000000000005e-02 4.0000000000000001e-03  1.9063936172753805e-03
-4.4999999999999998e-02 2.4000000000000007e-02 4.0000000000000001e-03  1.9549468382313953e-03
-4.4999999999999998e-02 2.7000000000000010e-02 4.0000000000000001e-03  2.0000475915183179e-03
-4.4999999999999998e-02 2.9999999999999999e-02 4.0000000000000001e-03  2.0409033555334926e-03
-4.4999999999999998e-02 3.3000000000000002e-02 4.0000000000000001e-03  2.0768751978909889e-03
-4.4999999999999998e-02 3.6000000000000004e-02 4.0000000000000001e-03  2.1074777754216309e-03
-4.4999999999999998e-02 3.9000000000000007e-02 4.0000000000000001e-03  2.1857157531374547e-03
-4.4999999999999998e-02 4.2000000000000010e-02 4.0000000000000001e-03  2.2752219208299978e-03
-4.4999999999999998e-02 4.4999999999999998e-02 4.0000000000000001e-03  2.3710512971309747e-03
-4.1999999999999996e-02 -4.4999999999999998e-02 4.0000000000000001e-03  2.4324020658860802e-03
-4.1999999999999996e-02 -4.1999999999999996e-02 4.0000000000000001e-03  2.2913900931146110e-03
-4.1999999999999996e-02 -3.9000000000000000e-02 4.0000000000000001e-03  2.1770642830351143e-03
-4.1999999999999996e-02 -3.5999999999999997e-02 4.0000000000000001e-03  2.0590407610293201e-03
-4.1999999999999996e-02 -3.3000000000000002e-02 4.0000000000000001e-03  2.0002097512592095e-03
-4.1999999999999996e-02 -2.9999999999999999e-02 4.0000000000000001e-03  1.9681217217043636e-03
-4.1999999999999996e-02 -2.6999999999999996e-02 4.0000000000000001e-03  1.9248713280346288e-03
-4.1999999999999996e-02 -2.3999999999999997e-02 4.0000000000000001e-03  1.8894070544403232e-03
-4.1999999999999996e-02 -2.0999999999999998e-02 4.0000000000000001e-03  1.8616768519705079e-03
-4.1999999999999996e-02 -1.7999999999999999e-02 4.0000000000000001e-03  1.8510181796729784e-03
-4.1999999999999996e-02 -1.4999999999999999e-02 4.0000000000000001e-03  1.8435598996261152e-03
-4.1999999999999996e-02 -1.1999999999999997e-02 4.0000000000000001e-03  1.8305351315631322e-03
-4.1999999999999996e-02 -8.9999999999999941e-03 4.0000000000000001e-03  1.8100254972908700e-03
-4.1999999999999996e-02 -5.9999999999999984e-03 4.0000000000000001e-03  1.7897492463798052e-03
-4.1999999999999996e-02 -2.9999999999999957e-03 4.0000000000000001e-03  1.7593403917005607e-03
-4.1999999999999996e-02 0.0000000000000000e+00 4.0000000000000001e-03  1.7629605236054830e-03
-4.1999999999999996e-02 3.0000000000000027e-03 4.0000000000000001e-03  1.7671182067815188e-03
-4.1999999999999996e-02 6.0000000000000053e-03 4.0000000000000001e-03  1.7709300913706042e-03
-4.1999999999999996e-02 9.0000000000000011e-03 4.0000000000000001e-03  1.7743781574999303e-03
-4.1999999999999996e-02 1.2000000000000004e-02 4.0000000000000001e-03  1.7774836993812008e-03
-4.1999999999999996e-02 1.4999999999999999e-02 4.0000000000000001e-03  1.7837408848604248e-03
-4.1999999999999996e-02 1.8000000000000002e-02 4.0000000000000001e-03  1.7942469056623337e-03
-4.1999999999999996e-02 2.1000000000000005e-02 4.0000000000000001e-03  1.8064870028343218e-03
-4.1999999999999996e-02 2.4000000000000007e-02 4.0000000000000001e-03  1.8404615462686109e-03
-4.1999999999999996e-02 2.7000000000000010e-02 4.0000000000000001e-03  1.8860673481618361e-03
-4.1999999999999996e-02 2.9999999999999999e-02 4.0000000000000001e-03  1.9270872814450069e-03
-4.1999999999999996e-02 3.3000000000000002e-02 4.0000000000000001e-03  1.9629390774926537e-03
-4.1999999999999996e-02 3.6000000000000004e-02 4.0000000000000001e-03  1.9931940568960489e-03
-4.1999999999999996e-02 3.9000000000000007e-02 4.0000000000000001e-03  2.0175771294631980e-03
-4.1999999999999996e-02 4.2000000000000010e-02 4.0000000000000001e-03  2.0359667942188480e-03
-4.1999999999999996e-02 4.4999999999999998e-02 4.0000000000000001e-03  2.1223602291858055e-03
-3.9000000000000000e-02 -4.4999999999999998e-02 4.0000000000000001e-03  2.3682242326500992e-03
-3.9000000000000000e-02 -4.1999999999999996e-02 4.0000000000000001e-03  2.1734103653348893e-03
-3.9000000000000000e-02 -3.9000000000000000e-02 4.0000000000000001e-03  2.0579669816077912e-03
-3.9000000000000000e-02 -3.5999999999999997e-02 4.0000000000000001e-03  1.9816358691846512e-03
-3.9000000000000000e-02 -3.3000000000000002e-02 4.0000000000000001e-03  1.9160089375778832e-03
-3.9000000000000000e-02 -2.9999999999999999e-02 4.0000000000000001e-03  1.8755384035892342e-03
-3.9000000000000000e-02 -2.6999999999999996e-02 4.0000000000000001e-03  1.8438459272964670e-03
-3.9000000000000000e-02 -2.3999999999999997e-02 4.0000000000000001e-03  1.8226361585444864e-03
-3.9000000000000000e-02 -2.0999999999999998e-02 4.0000000000000001e-03  1.8046594441401425e-03
-3.9000000000000000e-02 -1.7999999999999999e-02 4.0000000000000001e-03  1.7898762110669715e-03
-3.9000000000000000e-02 -1.4999999999999999e-02 4.0000000000000001e-03  1.7741502019369762e-03
-3.9000000000000000e-02 -1.1999999999999997e-02 4.0000000000000001e-03  1.7535024006247520e-03
-3.9000000000000000e-02 -8.9999999999999941e-03 4.0000000000000001e-03  1.7327794322350109e-03
-3.9000000000000000e-02 -5.9999999999999984e-03 4.0000000000000001e-03  1.7120955472659447e-03
-3.9000000000000000e-02 -2.9999999999999957e-03 4.0000000000000001e-03  1.6869766435684851e-03
-3.9000000000000000e-02 0.0000000000000000e+00 4.0000000000000001e-03  1.6797151823647050e-03
-3.9000000000000000e-02 3.0000000000000027e-03 4.0000000000000001e-03  1.6836622215016936e-03
-3.9000000000000000e-02 6.0000000000000053e-03 4.0000000000000001e-03  1.6871541327049106e-03
-3.9000000000000000e-02 9.0000000000000011e-03 4.0000000000000001e-03  1.6901639095544189e-03
-3.9000000000000000e-02 1.2000000000000004e-02 4.0000000000000001e-03  1.6929595802491672e-03
-3.9000000000000000e-02 1.4999999999999999e-02 4.0000000000000001e-03  1.7001823139544739e-03
-3.9000000000000000e-02 1.8000000000000002e-02 4.0000000000000001e-03  1.7093821961364957e-03
-3.9000000000000000e-02 2.1000000000000005e-02 4.0000000000000001e-03  1.7205652561634922e-03
-3.9000000000000000e-02 2.4000000000000007e-02 4.0000000000000001e-03  1.7389860456013351e-03
-3.9000000000000000e-02 2.7000000000000010e-02 4.0000000000000001e-03  1.7849087482473540e-03
-3.9000000000000000e-02 2.9999999999999999e-02 4.0000000000000001e-03  1.8259208654902027e-03
-3.9000000000000000e-02 3.3000000000000002e-02 4.0000000000000001e-03  1.8614967924648722e-03
-3.9000000000000000e-02 3.6000000000000004e-02 4.0000000000000001e-03  1.8912645135230634e-03
-3.9000000000000000e-02 3.9000000000000007e-02 4.0000000000000001e-03  1.9150056022332442e-03
-3.9000000000000000e-02 4.2000000000000010e-02 4.0000000000000001e-03  1.9484504576061832e-03
-3.9000000000000000e-02 4.4999999999999998e-02 4.0000000000000001e-03  2.0305568237712858e-03
-3.5999999999999997e-02 -4.4999999999999998e-02 4.0000000000000001e-03  2.2561683483633224e-03
-3.5999999999999997e-02 -4.1999999999999996e-02 4.0000000000000001e-03  2.1030119051327293e-03
-3.5999999999999997e-02 -3.9000000000000000e-02 4.0000000000000001e-03  1.9982658353261498e-03
-3.5999999999999997e-02 -3.5999999999999997e-02 4.0000000000000001e-03  1.9367894594273739e-03
-3.5999999999999997e-02 -3.3000000000000002e-02 4.0000000000000001e-03  1.8758834962248865e-03
-3.5999999999999997e-02 -2.9999999999999999e-02 4.0000000000000001e-03  1.8232034658432041e-03
-3.5999999999999997e-02 -2.6999999999999996e-02 4.0000000000000001e-03  1.7945191071159410e-03
-3.5999999999999997e-02 -2.3999999999999997e-02 4.0000000000000001e-03  1.7694790928881137e-03
-3.5999999999999997e-02 -2.0999999999999998e-02 4.0000000000000001e-03  1.7476365799068032e-03
-3.5999999999999997e-02 -1.7999999999999999e-02 4.0000000000000001e-03  1.7282336691983131e-03
-3.5999999999999997e-02 -1.4999999999999999e-02 4.0000000000000001e-03  1.7081367572771068e-03
-3.5999999999999997e-02 -1.1999999999999997e-02 4.0000000000000001e-03  1.6877155362218211e-03
-3.5999999999999997e-02 -8.9999999999999941e-03 4.0000000000000001e-03  1.6670573544804250e-03
-3.5999999999999997e-02 -5.9999999999999984e-03 4.0000000000000001e-03  1.6462621944336312e-03
-3.5999999999999997e-02 -2.9999999999999957e-03 4.0000000000000001e-03  1.6249275513602317e-03
-3.5999999999999997e-02 0.0000000000000000e+00 4.0000000000000001e-03  1.6107798873779271e-03
-3.5999999999999997e-02 3.0000000000000027e-03 4.0000000000000001e-03  1.6145787257756115e-03
-3.5999999999999997e-02 6.0000000000000053e-03 4.0000000000000001e-03  1.6178178810993947e-03
-3.5999999999999997e-02 9.0000000000000011e-03 4.0000000000000001e-03  1.6204613603822071e-03
-3.5999999999999997e-02 1.2000000000000004e-02 4.0000000000000001e-03  1.6239364662326298e-03
-3.5999999999999997e-02 1.4999999999999999e-02 4.0000000000000001e-03  1.6298834758225347e-03
-3.5999999999999997e-02 1.8000000000000002e-02 4.0000000000000001e-03  1.6378128952492009e-03
-3.5999999999999997e-02 2.1000000000000005e-02 4.0000000000000001e-03  1.6477309885824104e-03
-3.5999999999999997e-02 2.4000000000000007e-02 4.0000000000000001e-03  1.6587164888559082e-03
-3.5999999999999997e-02 2.7000000000000010e-02 4.0000000000000001e-03  1.6964248847156447e-03
-3.5999999999999997e-02 2.9999999999999999e-02 4.0000000000000001e-03  1.7372613929451410e-03
-3.5999999999999997e-02 3.3000000000000002e-02 4.0000000000000001e-03  1.7724098204189743e-03
-3.5999999999999997e-02 3.6000000000000004e-02 4.0000000000000001e-03  1.8015548152493076e-03
-3.5999999999999997e-02 3.9000000000000007e-02 4.0000000000000001e-03  1.8245346147650462e-03
-3.5999999999999997e-02 4.2000000000000010e-02 4.0000000000000001e-03  1.8823914113250551e-03
-3.5999999999999997e-02 4.4999999999999998e-02 4.0000000000000001e-03  1.9807771750566324e-03
-3.3000000000000002e-02 -4.4999999999999998e-02 4.0000000000000001e-03  2.2172169023374449e-03
-3.3000000000000002e-02 -4.1999999999999996e-02 4.0000000000000001e-03  2.0658259375634074e-03
-3.3000000000000002e-02 -3.9000000000000000e-02 4.0000000000000001e-03  1.9488702024019399e-03
-3.3000000000000002e-02 -3.5999999999999997e-02 4.0000000000000001e-03  1.8631161864208429e-03
-3.3000000000000002e-02 -3.3000000000000002e-02 4.0000000000000001e-03  1.8097936555590884e-03
-3.3000000000000002e-02 -2.9999999999999999e-02 4.0000000000000001e-03  1.7695975870111070e-03
-3.3000000000000002e-02 -2.6999999999999996e-02 4.0000000000000001e-03  1.7420552342136287e-03
-3.3000000000000002e-02 -2.3999999999999997e-02 4.0000000000000001e-03  1.7152923129908045e-03
-3.3000000000000002e-02 -2.0999999999999998e-02 4.0000000000000001e-03  1.6910810620486098e-03
-3.3000000000000002e-02 -1.7999999999999999e-02 4.0000000000000001e-03  1.6720993556286891e-03
-3.3000000000000002e-02 -1.4999999999999999e-02 4.0000000000000001e-03  1.6526036064002767e-03
-3.3000000000000002e-02 -1.1999999999999997e-02 4.0000000000000001e-03  1.6326542607611237e-03
-3.3000000000000002e-02 -8.9999999999999941e-03 4.0000000000000001e-03  1.6123243990417116e-03
-3.3000000000000002e-02 -5.9999999999999984e-03 4.0000000000000001e-03  1.5916997355052752e-03
-3.3000000000000002e-02 -2.9999999999999957e-03 4.0000000000000001e-03  1.5727736698899614e-03
-3.3000000000000002e-02 0.0000000000000000e+00 4.0000000000000001e-03  1.5572647362703078e-03
-3.3000000000000002e-02 3.0000000000000027e-03 4.0000000000000001e-03  1.5593478243089885e-03
-3.3000000000000002e-02 6.0000000000000053e-03 4.0000000000000001e-03  1.5623909296493483e-03
-3.3000000000000002e-02 9.0000000000000011e-03 4.0000000000000001e-03  1.5646955775556926e-03
-3.3000000000000002e-02 1.2000000000000004e-02 4.0000000000000001e-03  1.5674265038141347e-03
-3.3000000000000002e-02 1.4999999999999999e-02 4.0000000000000001e-03  1.5721375876707620e-03
-3.3000000000000002e-02 1.8000000000000002e-02 4.0000000000000001e-03  1.5788343527417122e-03
-3.3000000000000002e-02 2.1000000000000005e-02 4.0000000000000001e-03  1.5875232977982945e-03
-3.3000000000000002e-02 2.4000000000000007e-02 4.0000000000000001e-03  1.5982118967669779e-03
-3.3000000000000002e-02 2.7000000000000010e-02 4.0000000000000001e-03  1.6204661090559165e-03
-3.3000000000000002e-02 2.9999999999999999e-02 4.0000000000000001e-03  1.6609634076343058e-03
-3.3000000000000002e-02 3.3000000000000002e-02 4.0000000000000001e-03  1.6955368975147460e-03
-3.3000000000000002e-02 3.6000000000000004e-02 4.0000000000000001e-03  1.7239278905698382e-03
-3.3000000000000002e-02 3.9000000000000007e-02 4.0000000000000001e-03  1.7563800106896964e-03
-3.3000000000000002e-02 4.2000000000000010e-02 4.0000000000000001e-03  1.8350233496200301e-03
-3.3000000000000002e-02 4.4999999999999998e-02 4.0000000000000001e-03  1.9447784776457817e-03
-2.9999999999999999e-02 -4.4999999999999998e-02 4.0000000000000001e-03  2.1798525124635919e-03
-2.9999999999999999e-02 -4.1999999999999996e-02 4.0000000000000001e-03  2.0295049965060228e-03
-2.9999999999999999e-02 -3.9000000000000000e-02 4.0000000000000001e-03  1.9138413557644300e-03
-2.9999999999999999e-02 -3.5999999999999997e-02 4.0000000000000001e-03  1.8321052888658827e-03
-2.9999999999999999e-02 -3.3000000000000002e-02 4.0000000000000001e-03  1.7825271194195037e-03
-2.9999999999999999e-02 -2.9999999999999999e-02 4.0000000000000001e-03  1.7226753800774560e-03
-2.9999999999999999e-02 -2.6999999999999996e-02 4.0000000000000001e-03  1.6912029743640694e-03
-2.9999999999999999e-02 -2.3999999999999997e-02 4.0000000000000001e-03  1.6623242638043694e-03
-2.9999999999999999e-02 -2.0999999999999998e-02 4.0000000000000001e-03  1.6437956531530850e-03
-2.9999999999999999e-02 -1.7999999999999999e-02 4.0000000000000001e-03  1.6257243599232603e-03
-2.9999999999999999e-02 -1.4999999999999999e-02 4.0000000000000001e-03  1.6070422429402141e-03
-2.9999999999999999e-02 -1.1999999999999997e-02 4.0000000000000001e-03  1.5877954804842046e-03
-2.9999999999999999e-02 -8.9999999999999941e-03 4.0000000000000001e-03  1.5680428847682358e-03
-2.9999999999999999e-02 -5.9999999999999984e-03 4.0000000000000001e-03  1.5478559019380617e-03
-2.9999999999999999e-02 -2.9999999999999957e-03 4.0000000000000001e-03  1.5300900450056713e-03
-2.9999999999999999e-02 0.0000000000000000e+00 4.0000000000000001e-03  1.5196586277776676e-03
-2.9999999999999999e-02 3.0000000000000027e-03 4.0000000000000001e-03  1.5174462091542603e-03
-2.9999999999999999e-02 6.0000000000000053e-03 4.0000000000000001e-03  1.5203394587967750e-03
-2.9999999999999999e-02 9.0000000000000011e-03 4.0000000000000001e-03  1.5212257922535056e-03
-2.9999999999999999e-02 1.2000000000000004e-02 4.0000000000000001e-03  1.5227616770023364e-03
-2.9999999999999999e-02 1.4999999999999999e-02 4.0000000000000001e-03  1.5262787660429169e-03
-2.9999999999999999e-02 1.8000000000000002e-02 4.0000000000000001e-03  1.5317828176929032e-03
-2.9999999999999999e-02 2.1000000000000005e-02 4.0000000000000001e-03  1.5392805654251176e-03
-2.9999999999999999e-02 2.4000000000000007e-02 4.0000000000000001e-03  1.5487797178675581e-03
-2.9999999999999999e-02 2.7000000000000010e-02 4.0000000000000001e-03  1.5588725276275324e-03
-2.9999999999999999e-02 2.9999999999999999e-02 4.0000000000000001e-03  1.5968787119306199e-03
-2.9999999999999999e-02 3.3000000000000002e-02 4.0000000000000001e-03  1.6307340184603858e-03
-2.9999999999999999e-02 3.6000000000000004e-02 4.0000000000000001e-03  1.6582439265281509e-03
-2.9999999999999999e-02 3.9000000000000007e-02 4.0000000000000001e-03  1.7115830080208652e-03
-2.9999999999999999e-02 4.2000000000000010e-02 4.0000000000000001e-03  1.7997918690061277e-03
-2.9999999999999999e-02 4.4999999999999998e-02 4.0000000000000001e-03  1.9077271541386705e-03
-2.6999999999999996e-02 -4.4999999999999998e-02 4.0000000000000001e-03  2.1463394063290257e-03
-2.6999999999999996e-02 -4.1999999999999996e-02 4.0000000000000001e-03  1.9970861642951217e-03
-2.6999999999999996e-02 -3.9000000000000000e-02 4.0000000000000001e-03  1.8917115958891290e-03
-2.6999999999999996e-02 -3.5999999999999997e-02 4.0000000000000001e-03  1.8154043814818692e-03
-2.6999999999999996e-02 -3.3000000000000002e-02 4.0000000000000001e-03  1.7616827914426021e-03
-2.6999999999999996e-02 -2.9999999999999999e-02 4.0000000000000001e-03  1.7093147442088555e-03
-2.6999999999999996e-02 -2.6999999999999996e-02 4.0000000000000001e-03  1.6818533054891868e-03
-2.6999999999999996e-02 -2.3999999999999997e-02 4.0000000000000001e-03  1.6467220978744325e-03
-2.6999999999999996e-02 -2.0999999999999998e-02 4.0000000000000001e-03  1.6169016620086098e-03
-2.6999999999999996e-02 -1.7999999999999999e-02 4.0000000000000001e-03  1.5892206805392861e-03
-2.6999999999999996e-02 -1.4999999999999999e-02 4.0000000000000001e-03  1.5709413443654051e-03
-2.6999999999999996e-02 -1.1999999999999997e-02 4.0000000000000001e-03  1.5526132854673724e-03
-2.6999999999999996e-02 -8.9999999999999941e-03 4.0000000000000001e-03  1.5336723143441217e-03
-2.6999999999999996e-02 -5.9999999999999984e-03 4.0000000000000001e-03  1.5141756090239281e-03
-2.6999999999999996e-02 -2.9999999999999957e-03 4.0000000000000001e-03  1.4964462135891856e-03
-2.6999999999999996e-02 0.0000000000000000e+00 4.0000000000000001e-03  1.4910103021172716e-03
-2.6999999999999996e-02 3.0000000000000027e-03 4.0000000000000001e-03  1.4883471597105728e-03
-2.6999999999999996e-02 6.0000000000000053e-03 4.0000000000000001e-03  1.4905163189342409e-03
-2.6999999999999996e-02 9.0000000000000011e-03 4.0000000000000001e-03  1.4889279724694599e-03
-2.6999999999999996e-02 1.2000000000000004e-02 4.0000000000000001e-03  1.4893148691435046e-03
-2.6999999999999996e-02 1.4999999999999999e-02 4.0000000000000001e-03  1.4916820268203732e-03
-2.6999999999999996e-02 1.8000000000000002e-02 4.0000000000000001e-03  1.4960354385192489e-03
-2.6999999999999996e-02 2.1000000000000005e-02 4.0000000000000001e-03  1.5023820724144694e-03
-2.6999999999999996e-02 2.4000000000000007e-02 4.0000000000000001e-03  1.5107298718355605e-03
-2.6999999999999996e-02 2.7000000000000010e-02 4.0000000000000001e-03  1.5210877552672059e-03
-2.6999999999999996e-02 2.9999999999999999e-02 4.0000000000000001e-03  1.5448563667554316e-03
-2.6999999999999996e-02 3.3000000000000002e-02 4.0000000000000001e-03  1.5778544365125354e-03
-2.6999999999999996e-02 3.6000000000000004e-02 4.0000000000000001e-03  1.6102472891863142e-03
-2.6999999999999996e-02 3.9000000000000007e-02 4.0000000000000001e-03  1.6803787869422095e-03
-2.6999999999999996e-02 4.2000000000000010e-02 4.0000000000000001e-03  1.7582665500245310e-03
-2.6999999999999996e-02 4.4999999999999998e-02 4.0000000000000001e-03  1.8689450043381502e-03
-2.3999999999999997e-02 -4.4999999999999998e-02 4.0000000000000001e-03  2.1212324024017307e-03
-2.3999999999999997e-02 -4.1999999999999996e-02 4.0000000000000001e-03  1.9856692501678151e-03
-2.3999999999999997e-02 -3.9000000000000000e-02 4.0000000000000001e-03  1.8794139687977887e-03
-2.3999999999999997e-02 -3.5999999999999997e-02 4.0000000000000001e-03  1.7989102372000284e-03
-2.3999999999999997e-02 -3.3000000000000002e-02 4.0000000000000001e-03  1.7410386376642507e-03
-2.3999999999999997e-02 -2.9999999999999999e-02 4.0000000000000001e-03  1.6979490331834397e-03
-2.3999999999999997e-02 -2.6999999999999996e-02 4.0000000000000001e-03  1.6682880724250243e-03
-2.3999999999999997e-02 -2.3999999999999997e-02 4.0000000000000001e-03  1.6326644761733180e-03
-2.3999999999999997e-02 -2.0999999999999998e-02 4.0000000000000001e-03  1.6027399831666086e-03
-2.3999999999999997e-02 -1.7999999999999999e-02 4.0000000000000001e-03  1.5759136692554147e-03
-2.3999999999999997e-02 -1.4999999999999999e-02 4.0000000000000001e-03  1.5506150074030619e-03
-2.3999999999999997e-02 -1.1999999999999997e-02 4.0000000000000001e-03  1.5268349558774986e-03
-2.3999999999999997e-02 -8.9999999999999941e-03 4.0000000000000001e-03  1.5086693742882506e-03
-2.3999999999999997e-02 -5.9999999999999984e-03 4.0000000000000001e-03  1.4901009558895687e-03
-2.3999999999999997e-02 -2.9999999999999957e-03 4.0000000000000001e-03  1.4714062035561550e-03
-2.3999999999999997e-02 0.0000000000000000e+00 4.0000000000000001e-03  1.4708781470911202e-03
-2.3999999999999997e-02 3.0000000000000027e-03 4.0000000000000001e-03  1.4717378818958427e-03
-2.3999999999999997e-02 6.0000000000000053e-03 4.0000000000000001e-03  1.4698997489490603e-03
-2.3999999999999997e-02 9.0000000000000011e-03 4.0000000000000001e-03  1.4672137683523372e-03
-2.3999999999999997e-02 1.2000000000000004e-02 4.0000000000000001e-03  1.4664998629215155e-03
-2.3999999999999997e-02 1.4999999999999999e-02 4.0000000000000001e-03  1.4677632852221228e-03
-2.3999999999999997e-02 1.8000000000000002e-02 4.0000000000000001e-03  1.4710102629748446e-03
-2.3999999999999997e-02 2.1000000000000005e-02 4.0000000000000001e-03  1.4762479990555557e-03
-2.3999999999999997e-02 2.4000000000000007e-02 4.0000000000000001e-03  1.4834846714952947e-03
-2.3999999999999997e-02 2.7000000000000010e-02 4.0000000000000001e-03  1.4927294334802636e-03
-2.3999999999999997e-02 2.9999999999999999e-02 4.0000000000000001e-03  1.5047426915785304e-03
-2.3999999999999997e-02 3.3000000000000002e-02 4.0000000000000001e-03  1.5367486634762649e-03
-2.3999999999999997e-02 3.6000000000000004e-02 4.0000000000000001e-03  1.5864039457585248e-03
-2.3999999999999997e-02 3.9000000000000007e-02 4.0000000000000001e-03  1.6343533173678601e-03
-2.3999999999999997e-02 4.2000000000000010e-02 4.0000000000000001e-03  1.7150036812441098e-03
-2.3999999999999997e-02 4.4999999999999998e-02 4.0000000000000001e-03  1.8283807642744813e-03
-2.0999999999999998e-02 -4.4999999999999998e-02 4.0000000000000001e-03  2.1177102202716482e-03
-2.0999999999999998e-02 -4.1999999999999996e-02 4.0000000000000001e-03  1.9778438053061702e-03
-2.0999999999999998e-02 -3.9000000000000000e-02 4.0000000000000001e-03  1.8673303418886055e-03
-2.0999999999999998e-02 -3.5999999999999997e-02 4.0000000000000001e-03  1.7826173536340533e-03
-2.0999999999999998e-02 -3.3000000000000002e-02 4.0000000000000001e-03  1.7205892675389485e-03
-2.0999999999999998e-02 -2.9999999999999999e-02 4.0000000000000001e-03  1.6849401964468180e-03
-2.0999999999999998e-02 -2.6999999999999996e-02 4.0000000000000001e-03  1.6539346769593329e-03
-2.0999999999999998e-02 -2.3999999999999997e-02 4.0000000000000001e-03  1.6200503461197867e-03
-2.0999999999999998e-02 -2.0999999999999998e-02 4.0000000000000001e-03  1.5897603998593533e-03
-2.0999999999999998e-02 -1.7999999999999999e-02 4.0000000000000001e-03  1.5637918942539087e-03
-2.0999999999999998e-02 -1.4999999999999999e-02 4.0000000000000001e-03  1.5393497315899130e-03
-2.0999999999999998e-02 -1.1999999999999997e-02 4.0000000000000001e-03  1.5164259195451424e-03
-2.0999999999999998e-02 -8.9999999999999941e-03 4.0000000000000001e-03  1.4950146615646720e-03
-2.0999999999999998e-02 -5.9999999999999984e-03 4.0000000000000001e-03  1.4751123568608859e-03
-2.0999999999999998e-02 -2.9999999999999957e-03 4.0000000000000001e-03  1.4569520780455948e-03
-2.0999999999999998e-02 0.0000000000000000e+00 4.0000000000000001e-03  1.4588150415350460e-03
-2.0999999999999998e-02 3.0000000000000027e-03 4.0000000000000001e-03  1.4533015315788128e-03
-2.0999999999999998e-02 6.0000000000000053e-03 4.0000000000000001e-03  1.4497310109938156e-03
-2.0999999999999998e-02 9.0000000000000011e-03 4.0000000000000001e-03  1.4484030405792386e-03
-2.0999999999999998e-02 1.2000000000000004e-02 4.0000000000000001e-03  1.4489586093400361e-03
-2.0999999999999998e-02 1.4999999999999999e-02 4.0000000000000001e-03  1.4514021485940876e-03
-2.0999999999999998e-02 1.8000000000000002e-02 4.0000000000000001e-03  1.4557386422173768e-03
-2.0999999999999998e-02 2.1000000000000005e-02 4.0000000000000001e-03  1.4603394249751895e-03
-2.0999999999999998e-02 2.4000000000000007e-02 4.0000000000000001e-03  1.4665073290086783e-03
-2.0999999999999998e-02 2.7000000000000010e-02 4.0000000000000001e-03  1.4746793381395999e-03
-2.0999999999999998e-02 2.9999999999999999e-02 4.0000000000000001e-03  1.4844498718317417e-03
-2.0999999999999998e-02 3.3000000000000002e-02 4.0000000000000001e-03  1.5097451066204161e-03
-2.0999999999999998e-02 3.6000000000000004e-02 4.0000000000000001e-03  1.5358442510090891e-03
-2.0999999999999998e-02 3.9000000000000007e-02 4.0000000000000001e-03  1.5865903310090766e-03
-2.0999999999999998e-02 4.2000000000000010e-02 4.0000000000000001e-03  1.6699660816206603e-03
-2.0999999999999998e-02 4.4999999999999998e-02 4.0000000000000001e-03  1.7859956306104507e-03
-1.7999999999999999e-02 -4.4999999999999998e-02 4.0000000000000001e-03  2.1541210118356208e-03
-1.7999999999999999e-02 -4.1999999999999996e-02 4.0000000000000001e-03  1.9944151912866153e-03
-1.7999999999999999e-02 -3.9000000000000000e-02 4.0000000000000001e-03  1.8662933983823544e-03
-1.7999999999999999e-02 -3.5999999999999997e-02 4.0000000000000001e-03  1.7674291136128921e-03
-1.7999999999999999e-02 -3.3000000000000002e-02 4.0000000000000001e-03  1.6978897520027944e-03
-1.7999999999999999e-02 -2.9999999999999999e-02 4.0000000000000001e-03  1.6694964177735121e-03
-1.7999999999999999e-02 -2.6999999999999996e-02 4.0000000000000001e-03  1.6403963566118806e-03
-1.7999999999999999e-02 -2.3999999999999997e-02 4.0000000000000001e-03  1.6088798735823789e-03
-1.7999999999999999e-02 -2.0999999999999998e-02 4.0000000000000001e-03  1.5780602680990931e-03
-1.7999999999999999e-02 -1.7999999999999999e-02 4.0000000000000001e-03  1.5528522027416995e-03
-1.7999999999999999e-02 -1.4999999999999999e-02 4.0000000000000001e-03  1.5292691512035354e-03
-1.7999999999999999e-02 -1.1999999999999997e-02 4.0000000000000001e-03  1.5072041217760400e-03
-1.7999999999999999e-02 -8.9999999999999941e-03 4.0000000000000001e-03  1.4866523673141066e-03
-1.7999999999999999e-02 -5.9999999999999984e-03 4.0000000000000001e-03  1.4676113364399408e-03
-1.7999999999999999e-02 -2.9999999999999957e-03 4.0000000000000001e-03  1.4498086706726150e-03
-1.7999999999999999e-02 0.0000000000000000e+00 4.0000000000000001e-03  1.4348455981983961e-03
-1.7999999999999999e-02 3.0000000000000027e-03 4.0000000000000001e-03  1.4278699274142166e-03
-1.7999999999999999e-02 6.0000000000000053e-03 4.0000000000000001e-03  1.4247520259236337e-03
-1.7999999999999999e-02 9.0000000000000011e-03 4.0000000000000001e-03  1.4235125482549662e-03
-1.7999999999999999e-02 1.2000000000000004e-02 4.0000000000000001e-03  1.4241559441602195e-03
-1.7999999999999999e-02 1.4999999999999999e-02 4.0000000000000001e-03  1.4266872159495302e-03
-1.7999999999999999e-02 1.8000000000000002e-02 4.0000000000000001e-03  1.4311119184911431e-03
-1.7999999999999999e-02 2.1000000000000005e-02 4.0000000000000001e-03  1.4374361592114227e-03
-1.7999999999999999e-02 2.4000000000000007e-02 4.0000000000000001e-03  1.4456665980948588e-03
-1.7999999999999999e-02 2.7000000000000010e-02 4.0000000000000001e-03  1.4564453775346307e-03
-1.7999999999999999e-02 2.9999999999999999e-02 4.0000000000000001e-03  1.4691527377076901e-03
-1.7999999999999999e-02 3.3000000000000002e-02 4.0000000000000001e-03  1.4964230202486794e-03
-1.7999999999999999e-02 3.6000000000000004e-02 4.0000000000000001e-03  1.5468517119084858e-03
-1.7999999999999999e-02 3.9000000000000007e-02 4.0000000000000001e-03  1.5978684345155409e-03
-1.7999999999999999e-02 4.2000000000000010e-02 4.0000000000000001e-03  1.6763577310580703e-03
-1.7999999999999999e-02 4.4999999999999998e-02 4.0000000000000001e-03  1.7846288594685149e-03
-1.4999999999999999e-02 -4.4999999999999998e-02 4.0000000000000001e-03  2.1733979888843053e-03
-1.4999999999999999e-02 -4.1999999999999996e-02 4.0000000000000001e-03  2.0040387616421101e-03
-1.4999999999999999e-02 -3.9000000000000000e-02 4.0000000000000001e-03  1.8531530805327278e-03
-1.4999999999999999e-02 -3.5999999999999997e-02 4.0000000000000001e-03  1.7367180801535634e-03
-1.4999999999999999e-02 -3.3000000000000002e-02 4.0000000000000001e-03  1.6840866674758628e-03
-1.4999999999999999e-02 -2.9999999999999999e-02 4.0000000000000001e-03  1.6548845707501064e-03
-1.4999999999999999e-02 -2.6999999999999996e-02 4.0000000000000001e-03  1.6276773234969947e-03
-1.4999999999999999e-02 -2.3999999999999997e-02 4.0000000000000001e-03  1.5991532881401331e-03
-1.4999999999999999e-02 -2.0999999999999998e-02 4.0000000000000001e-03  1.5680864594746085e-03
-1.4999999999999999e-02 -1.7999999999999999e-02 4.0000000000000001e-03  1.5430921280805163e-03
-1.4999999999999999e-02 -1.4999999999999999e-02 4.0000000000000001e-03  1.5203703395964795e-03
-1.4999999999999999e-02 -1.1999999999999997e-02 4.0000000000000001e-03  1.4991661759135811e-03
-1.4999999999999999e-02 -8.9999999999999941e-03 4.0000000000000001e-03  1.4794759392965312e-03
-1.4999999999999999e-02 -5.9999999999999984e-03 4.0000000000000001e-03  1.4612981277773449e-03
-1.4999999999999999e-02 -2.9999999999999957e-03 4.0000000000000001e-03  1.4420308704592595e-03
-1.4999999999999999e-02 0.0000000000000000e+00 4.0000000000000001e-03  1.4216955276375996e-03
-1.4999999999999999e-02 3.0000000000000027e-03 4.0000000000000001e-03  1.4177518309449169e-03
-1.4999999999999999e-02 6.0000000000000053e-03 4.0000000000000001e-03  1.4151068445587445e-03
-1.4999999999999999e-02 9.0000000000000011e-03 4.0000000000000001e-03  1.4143696588137559e-03
-1.4999999999999999e-02 1.2000000000000004e-02 4.0000000000000001e-03  1.4154265872617269e-03
-1.4999999999999999e-02 1.4999999999999999e-02 4.0000000000000001e-03  1.4182817974340656e-03
-1.4999999999999999e-02 1.8000000000000002e-02 4.0000000000000001e-03  1.4229398054455479e-03
-1.4999999999999999e-02 2.1000000000000005e-02 4.0000000000000001e-03  1.4294054759943096e-03
-1.4999999999999999e-02 2.4000000000000007e-02 4.0000000000000001e-03  1.4376840223618553e-03
-1.4999999999999999e-02 2.7000000000000010e-02 4.0000000000000001e-03  1.4477810064130560e-03
-1.4999999999999999e-02 2.9999999999999999e-02 4.0000000000000001e-03  1.4570743058812379e-03
-1.4999999999999999e-02 3.3000000000000002e-02 4.0000000000000001e-03  1.4854171604826163e-03
-1.4999999999999999e-02 3.6000000000000004e-02 4.0000000000000001e-03  1.5452612728668498e-03
-1.4999999999999999e-02 3.9000000000000007e-02 4.0000000000000001e-03  1.6123497472626134e-03
-1.4999999999999999e-02 4.2000000000000010e-02 4.0000000000000001e-03  1.6936303564771555e-03
-1.4999999999999999e-02 4.4999999999999998e-02 4.0000000000000001e-03  1.8013018833792044e-03
-1.1999999999999997e-02 -4.4999999999999998e-02 4.0000000000000001e-03  2.1862531263226893e-03
-1.1999999999999997e-02 -4.1999999999999996e-02 4.0000000000000001e-03  2.0230035243711066e-03
-1.1999999999999997e-02 -3.9000000000000000e-02 4.0000000000000001e-03  1.8186151200749218e-03
-1.1999999999999997e-02 -3.5999999999999997e-02 4.0000000000000001e-03  1.7322554129539929e-03
-1.1999999999999997e-02 -3.3000000000000002e-02 4.0000000000000001e-03  1.6734062940061000e-03
-1.1999999999999997e-02 -2.9999999999999999e-02 4.0000000000000001e-03  1.6411108837919820e-03
-1.1999999999999997e-02 -2.6999999999999996e-02 4.0000000000000001e-03  1.6157827438282321e-03
-1.1999999999999997e-02 -2.3999999999999997e-02 4.0000000000000001e-03  1.5892571535195727e-03
-1.1999999999999997e-02 -2.0999999999999998e-02 4.0000000000000001e-03  1.5595579394717869e-03
-1.1999999999999997e-02 -1.7999999999999999e-02 4.0000000000000001e-03  1.5345098897868730e-03
-1.1999999999999997e-02 -1.4999999999999999e-02 4.0000000000000001e-03  1.5126510562760954e-03
-1.1999999999999997e-02 -1.1999999999999997e-02 4.0000000000000001e-03  1.4923093814559485e-03
-1.1999999999999997e-02 -8.9999999999999941e-03 4.0000000000000001e-03  1.4734822170009505e-03
-1.1999999999999997e-02 -5.9999999999999984e-03 4.0000000000000001e-03  1.4553855529281612e-03
-1.1999999999999997e-02 -2.9999999999999957e-03 4.0000000000000001e-03  1.4354733243110936e-03
-1.1999999999999997e-02 0.0000000000000000e+00 4.0000000000000001e-03  1.4228610131538373e-03
-1.1999999999999997e-02 3.0000000000000027e-03 4.0000000000000001e-03  1.4160537962078690e-03
-1.1999999999999997e-02 6.0000000000000053e-03 4.0000000000000001e-03  1.4132230158640511e-03
-1.1999999999999997e-02 9.0000000000000011e-03 4.0000000000000001e-03  1.4117377178909890e-03
-1.1999999999999997e-02 1.2000000000000004e-02 4.0000000000000001e-03  1.4120454800044459e-03
-1.1999999999999997e-02 1.4999999999999999e-02 4.0000000000000001e-03  1.4141472688849605e-03
-1.1999999999999997e-02 1.8000000000000002e-02 4.0000000000000001e-03  1.4180471458465739e-03
-1.1999999999999997e-02 2.1000000000000005e-02 4.0000000000000001e-03  1.4237495207867032e-03
-1.1999999999999997e-02 2.4000000000000007e-02 4.0000000000000001e-03  1.4312591521861246e-03
-1.1999999999999997e-02 2.7000000000000010e-02 4.0000000000000001e-03  1.4405811471089778e-03
-1.1999999999999997e-02 2.9999999999999999e-02 4.0000000000000001e-03  1.4520263644597091e-03
-1.1999999999999997e-02 3.3000000000000002e-02 4.0000000000000001e-03  1.4761311495066032e-03
-1.1999999999999997e-02 3.6000000000000004e-02 4.0000000000000001e-03  1.5293631967089460e-03
-1.1999999999999997e-02 3.9000000000000007e-02 4.0000000000000001e-03  1.6071577057677141e-03
-1.1999999999999997e-02 4.2000000000000010e-02 4.0000000000000001e-03  1.7052271387495111e-03
-1.1999999999999997e-02 4.4999999999999998e-02 4.0000000000000001e-03  1.7983919034367760e-03
-8.9999999999999941e-03 -4.4999999999999998e-02 4.0000000000000001e-03  2.1933870586307086e-03
-8.9999999999999941e-03 -4.1999999999999996e-02 4.0000000000000001e-03  2.0434167935321911e-03
-8.9999999999999941e-03 -3.9000000000000000e-02 4.0000000000000001e-03  1.8186572851253610e-03
-8.9999999999999941e-03 -3.5999999999999997e-02 4.0000000000000001e-03  1.7309269478318541e-03
-8.9999999999999941e-03 -3.3000000000000002e-02 4.0000000000000001e-03  1.6658503331284621e-03
-8.9999999999999941e-03 -2.9999999999999999e-02 4.0000000000000001e-03  1.6282013461974168e-03
-8.9999999999999941e-03 -2.6999999999999996e-02 4.0000000000000001e-03  1.6047187379184206e-03
-8.9999999999999941e-03 -2.3999999999999997e-02 4.0000000000000001e-03  1.5800777047422568e-03
-8.9999999999999941e-03 -2.0999999999999998e-02 4.0000000000000001e-03  1.5524748943654067e-03
-8.9999999999999941e-03 -1.7999999999999999e-02 4.0000000000000001e-03  1.5271043935320692e-03
-8.9999999999999941e-03 -1.4999999999999999e-02 4.0000000000000001e-03  1.5061097469045146e-03
-8.9999999999999941e-03 -1.1999999999999997e-02 4.0000000000000001e-03  1.4866317240561028e-03
-8.9999999999999941e-03 -8.9999999999999941e-03 4.0000000000000001e-03  1.4686687260711637e-03
-8.9999999999999941e-03 -5.9999999999999984e-03 4.0000000000000001e-03  1.4499730878976495e-03
-8.9999999999999941e-03 -2.9999999999999957e-03 4.0000000000000001e-03  1.4335770268403178e-03
-8.9999999999999941e-03 0.0000000000000000e+00 4.0000000000000001e-03  1.4246930775690184e-03
-8.9999999999999941e-03 3.0000000000000027e-03 4.0000000000000001e-03  1.4165401160940486e-03
-8.9999999999999941e-03 6.0000000000000053e-03 4.0000000000000001e-03  1.4123799551896950e-03
-8.9999999999999941e-03 9.0000000000000011e-03 4.0000000000000001e-03  1.4105652131775367e-03
-8.9999999999999941e-03 1.2000000000000004e-02 4.0000000000000001e-03  1.4101219564838436e-03
-8.9999999999999941e-03 1.4999999999999999e-02 4.0000000000000001e-03  1.4114695397297156e-03
-8.9999999999999941e-03 1.8000000000000002e-02 4.0000000000000001e-03  1.4146115694284739e-03
-8.9999999999999941e-03 2.1000000000000005e-02 4.0000000000000001e-03  1.4195520006768040e-03
-8.9999999999999941e-03 2.4000000000000007e-02 4.0000000000000001e-03  1.4262951371547547e-03
-8.9999999999999941e-03 2.7000000000000010e-02 4.0000000000000001e-03  1.4301925204491055e-03
-8.9999999999999941e-03 2.9999999999999999e-02 4.0000000000000001e-03  1.4490066867933916e-03
-8.9999999999999941e-03 3.3000000000000002e-02 4.0000000000000001e-03  1.4736534724066046e-03
-8.9999999999999941e-03 3.6000000000000004e-02 4.0000000000000001e-03  1.5149356256863051e-03
-8.9999999999999941e-03 3.9000000000000007e-02 4.0000000000000001e-03  1.5990923479075718e-03
-8.9999999999999941e-03 4.2000000000000010e-02 4.0000000000000001e-03  1.6880436064920081e-03
-8.9999999999999941e-03 4.4999999999999998e-02 4.0000000000000001e-03  1.8172253085629896e-03
-5.9999999999999984e-03 -4.4999999999999998e-02 4.0000000000000001e-03  2.1946584705848857e-03
-5.9999999999999984e-03 -4.1999999999999996e-02 4.0000000000000001e-03  2.0480835152818138e-03
-5.9999999999999984e-03 -3.9000000000000000e-02 4.0000000000000001e-03  1.8148552354489162e-03
-5.9999999999999984e-03 -3.5999999999999997e-02 4.0000000000000001e-03  1.7283755058173339e-03
-5.9999999999999984e-03 -3.3000000000000002e-02 4.0000000000000001e-03  1.6614173447063950e-03
-5.9999999999999984e-03 -2.9999999999999999e-02 4.0000000000000001e-03  1.6175632270475449e-03
-5.9999999999999984e-03 -2.6999999999999996e-02 4.0000000000000001e-03  1.5944923801796188e-03
-5.9999999999999984e-03 -2.3999999999999997e-02 4.0000000000000001e-03  1.5717215362996469e-03
-5.9999999999999984e-03 -2.0999999999999998e-02 4.0000000000000001e-03  1.5468375741407667e-03
-5.9999999999999984e-03 -1.7999999999999999e-02 4.0000000000000001e-03  1.5211046734879784e-03
-5.9999999999999984e-03 -1.4999999999999999e-02 4.0000000000000001e-03  1.5007455432986640e-03
-5.9999999999999984e-03 -1.1999999999999997e-02 4.0000000000000001e-03  1.4821318755218022e-03
-5.9999999999999984e-03 -8.9999999999999941e-03 4.0000000000000001e-03  1.4644375775618506e-03
-5.9999999999999984e-03 -5.9999999999999984e-03 4.0000000000000001e-03  1.4457883068775496e-03
-5.9999999999999984e-03 -2.9999999999999957e-03 4.0000000000000001e-03  1.4358612632333029e-03
-5.9999999999999984e-03 0.0000000000000000e+00 4.0000000000000001e-03  1.4271873813314871e-03
-5.9999999999999984e-03 3.0000000000000027e-03 4.0000000000000001e-03  1.4192432007657481e-03
-5.9999999999999984e-03 6.0000000000000053e-03 4.0000000000000001e-03  1.4120279412308302e-03
-5.9999999999999984e-03 9.0000000000000011e-03 4.0000000000000001e-03  1.4105781234430830e-03
-5.9999999999999984e-03 1.2000000000000004e-02 4.0000000000000001e-03  1.4096556555839429e-03
-5.9999999999999984e-03 1.4999999999999999e-02 4.0000000000000001e-03  1.4102482952579852e-03
-5.9999999999999984e-03 1.8000000000000002e-02 4.0000000000000001e-03  1.4126328078865205e-03
-5.9999999999999984e-03 2.1000000000000005e-02 4.0000000000000001e-03  1.4168126937655100e-03
-5.9999999999999984e-03 2.4000000000000007e-02 4.0000000000000001e-03  1.4215265198252896e-03
-5.9999999999999984e-03 2.7000000000000010e-02 4.0000000000000001e-03  1.4278878821456775e-03
-5.9999999999999984e-03 2.9999999999999999e-02 4.0000000000000001e-03  1.4480155314561625e-03
-5.9999999999999984e-03 3.3000000000000002e-02 4.0000000000000001e-03  1.4733219721524162e-03
-5.9999999999999984e-03 3.6000000000000004e-02 4.0000000000000001e-03  1.5130992029407020e-03
-5.9999999999999984e-03 3.9000000000000007e-02 4.0000000000000001e-03  1.5899940917391336e-03
-5.9999999999999984e-03 4.2000000000000010e-02 4.0000000000000001e-03  1.6962135181061346e-03
-5.9999999999999984e-03 4.4999999999999998e-02 4.0000000000000001e-03  1.8084031832321921e-03
-2.9999999999999957e-03 -4.4999999999999998e-02 4.0000000000000001e-03  2.1965954083151390e-03
-2.9999999999999957e-03 -4.1999999999999996e-02 4.0000000000000001e-03  2.0482751707481123e-03
-2.9999999999999957e-03 -3.9000000000000000e-02 4.0000000000000001e-03  1.8082213780649245e-03
-2.9999999999999957e-03 -3.5999999999999997e-02 4.0000000000000001e-03  1.7225611296005654e-03
-2.9999999999999957e-03 -3.3000000000000002e-02 4.0000000000000001e-03  1.6566742306112871e-03
-2.9999999999999957e-03 -2.9999999999999999e-02 4.0000000000000001e-03  1.6102184547108185e-03
-2.9999999999999957e-03 -2.6999999999999996e-02 4.0000000000000001e-03  1.5851116991231415e-03
-2.9999999999999957e-03 -2.3999999999999997e-02 4.0000000000000001e-03  1.5641956145012515e-03
-2.9999999999999957e-03 -2.0999999999999998e-02 4.0000000000000001e-03  1.5421340342761242e-03
-2.9999999999999957e-03 -1.7999999999999999e-02 4.0000000000000001e-03  1.5166608023035777e-03
-2.9999999999999957e-03 -1.4999999999999999e-02 4.0000000000000001e-03  1.4965582634302477e-03
-2.9999999999999957e-03 -1.1999999999999997e-02 4.0000000000000001e-03  1.4788743584621170e-03
-2.9999999999999957e-03 -8.9999999999999941e-03 4.0000000000000001e-03  1.4613877023317247e-03
-2.9999999999999957e-03 -5.9999999999999984e-03 4.0000000000000001e-03  1.4480006101618096e-03
-2.9999999999999957e-03 -2.9999999999999957e-03 4.0000000000000001e-03  1.4388055917159543e-03
-2.9999999999999957e-03 0.0000000000000000e+00 4.0000000000000001e-03  1.4303404854674054e-03
-2.9999999999999957e-03 3.0000000000000027e-03 4.0000000000000001e-03  1.4226040629233348e-03
-2.9999999999999957e-03 6.0000000000000053e-03 4.0000000000000001e-03  1.4155958756460569e-03
-2.9999999999999957e-03 9.0000000000000011e-03 4.0000000000000001e-03  1.4110469456793152e-03
-2.9999999999999957e-03 1.2000000000000004e-02 4.0000000000000001e-03  1.4106409041545200e-03
-2.9999999999999957e-03 1.4999999999999999e-02 4.0000000000000001e-03  1.4104832601682005e-03
-2.9999999999999957e-03 1.8000000000000002e-02 4.0000000000000001e-03  1.4121106323247744e-03
-2.9999999999999957e-03 2.1000000000000005e-02 4.0000000000000001e-03  1.4155314175625037e-03
-2.9999999999999957e-03 2.4000000000000007e-02 4.0000000000000001e-03  1.4154196262015344e-03
-2.9999999999999957e-03 2.7000000000000010e-02 4.0000000000000001e-03  1.4287634299702239e-03
-2.9999999999999957e-03 2.9999999999999999e-02 4.0000000000000001e-03  1.4490541978054181e-03
-2.9999999999999957e-03 3.3000000000000002e-02 4.0000000000000001e-03  1.4751367958843302e-03
-2.9999999999999957e-03 3.6000000000000004e-02 4.0000000000000001e-03  1.5165358432488495e-03
-2.9999999999999957e-03 3.9000000000000007e-02 4.0000000000000001e-03  1.5734977312773994e-03
-2.9999999999999957e-03 4.2000000000000010e-02 4.0000000000000001e-03  1.6918809104171462e-03
-2.9999999999999957e-03 4.4999999999999998e-02 4.0000000000000001e-03  1.8217406575889200e-03
0.0000000000000000e+00 -4.4999999999999998e-02 4.0000000000000001e-03  2.2352580508989053e-03
0.0000000000000000e+00 -4.1999999999999996e-02 4.0000000000000001e-03  2.0533175071771217e-03
0.0000000000000000e+00 -3.9000000000000000e-02 4.0000000000000001e-03  1.8175103523833684e-03
0.0000000000000000e+00 -3.5999999999999997e-02 4.0000000000000001e-03  1.7273453317111624e-03
0.0000000000000000e+00 -3.3000000000000002e-02 4.0000000000000001e-03  1.6577306438976113e-03
0.0000000000000000e+00 -2.9999999999999999e-02 4.0000000000000001e-03  1.6085317085767633e-03
0.0000000000000000e+00 -2.6999999999999996e-02 4.0000000000000001e-03  1.5788334272520425e-03
0.0000000000000000e+00 -2.3999999999999997e-02 4.0000000000000001e-03  1.5575078597558228e-03
0.0000000000000000e+00 -2.0999999999999998e-02 4.0000000000000001e-03  1.5373063145003550e-03
0.0000000000000000e+00 -1.7999999999999999e-02 4.0000000000000001e-03  1.5136645791197225e-03
0.0000000000000000e+00 -1.4999999999999999e-02 4.0000000000000001e-03  1.4935484114257621e-03
0.0000000000000000e+00 -1.1999999999999997e-02 4.0000000000000001e-03  1.4769533879117063e-03
0.0000000000000000e+00 -8.9999999999999941e-03 4.0000000000000001e-03  1.4611104730671012e-03
0.0000000000000000e+00 -5.9999999999999984e-03 4.0000000000000001e-03  1.4513936499246016e-03
0.0000000000000000e+00 -2.9999999999999957e-03 4.0000000000000001e-03  1.4424073349892895e-03
0.0000000000000000e+00 0.0000000000000000e+00 4.0000000000000001e-03  1.4341498515807586e-03
0.0000000000000000e+00 3.0000000000000027e-03 4.0000000000000001e-03  1.4266203030737555e-03
0.0000000000000000e+00 6.0000000000000053e-03 4.0000000000000001e-03  1.4198185728981753e-03
0.0000000000000000e+00 9.0000000000000011e-03 4.0000000000000001e-03  1.4137453245390531e-03
0.0000000000000000e+00 1.2000000000000004e-02 4.0000000000000001e-03  1.4119454629895776e-03
0.0000000000000000e+00 1.4999999999999999e-02 4.0000000000000001e-03  1.4121741985675996e-03
0.0000000000000000e+00 1.8000000000000002e-02 4.0000000000000001e-03  1.4130448532560915e-03
0.0000000000000000e+00 2.1000000000000005e-02 4.0000000000000001e-03  1.4134963751055564e-03
0.0000000000000000e+00 2.4000000000000007e-02 4.0000000000000001e-03  1.4150622050284601e-03
0.0000000000000000e+00 2.7000000000000010e-02 4.0000000000000001e-03  1.4316554365576800e-03
0.0000000000000000e+00 2.9999999999999999e-02 4.0000000000000001e-03  1.4521250259820625e-03
0.0000000000000000e+00 3.3000000000000002e-02 4.0000000000000001e-03  1.4790991006245688e-03
0.0000000000000000e+00 3.6000000000000004e-02 4.0000000000000001e-03  1.5221285645009677e-03
0.0000000000000000e+00 3.9000000000000007e-02 4.0000000000000001e-03  1.5807433902478485e-03
0.0000000000000000e+00 4.2000000000000010e-02 4.0000000000000001e-03  1.6732707670500768e-03
0.0000000000000000e+00 4.4999999999999998e-02 4.0000000000000001e-03  1.8216159623019035e-03
3.0000000000000027e-03 -4.4999999999999998e-02 4.0000000000000001e-03  2.2757263934528663e-03
3.0000000000000027e-03 -4.1999999999999996e-02 4.0000000000000001e-03  2.0517182556433291e-03
3.0000000000000027e-03 -3.9000000000000000e-02 4.0000000000000001e-03  1.8300075439397592e-03
3.0000000000000027e-03 -3.5999999999999997e-02 4.0000000000000001e-03  1.7368010539240270e-03
3.0000000000000027e-03 -3.3000000000000002e-02 4.0000000000000001e-03  1.6641770277888450e-03
3.0000000000000027e-03 -2.9999999999999999e-02 4.0000000000000001e-03  1.6119860901035233e-03
3.0000000000000027e-03 -2.6999999999999996e-02 4.0000000000000001e-03  1.5801235782283843e-03
3.0000000000000027e-03 -2.3999999999999997e-02 4.0000000000000001e-03  1.5538966240048273e-03
3.0000000000000027e-03 -2.0999999999999998e-02 4.0000000000000001e-03  1.5333095450302963e-03
3.0000000000000027e-03 -1.7999999999999999e-02 4.0000000000000001e-03  1.5121162743279614e-03
3.0000000000000027e-03 -1.4999999999999999e-02 4.0000000000000001e-03  1.4924962501571988e-03
3.0000000000000027e-03 -1.1999999999999997e-02 4.0000000000000001e-03  1.4762644201329611e-03
3.0000000000000027e-03 -8.9999999999999941e-03 4.0000000000000001e-03  1.4649518691572895e-03
3.0000000000000027e-03 -5.9999999999999984e-03 4.0000000000000001e-03  1.4554436104958512e-03
3.0000000000000027e-03 -2.9999999999999957e-03 4.0000000000000001e-03  1.4466647163321527e-03
3.0000000000000027e-03 0.0000000000000000e+00 4.0000000000000001e-03  1.4386138418533586e-03
3.0000000000000027e-03 3.0000000000000027e-03 4.0000000000000001e-03  1.4312904223017962e-03
3.0000000000000027e-03 6.0000000000000053e-03 4.0000000000000001e-03  1.4246946729749288e-03
3.0000000000000027e-03 9.0000000000000011e-03 4.0000000000000001e-03  1.4188275892253754e-03
3.0000000000000027e-03 1.2000000000000004e-02 4.0000000000000001e-03  1.4137402450894510e-03
3.0000000000000027e-03 1.4999999999999999e-02 4.0000000000000001e-03  1.4146968055233000e-03
3.0000000000000027e-03 1.8000000000000002e-02 4.0000000000000001e-03  1.4154353206021274e-03
3.0000000000000027e-03 2.1000000000000005e-02 4.0000000000000001e-03  1.4116962661405792e-03
3.0000000000000027e-03 2.4000000000000007e-02 4.0000000000000001e-03  1.4198223825914662e-03
3.0000000000000027e-03 2.7000000000000010e-02 4.0000000000000001e-03  1.4365673221530969e-03
3.0000000000000027e-03 2.9999999999999999e-02 4.0000000000000001e-03  1.4572313969105166e-03
3.0000000000000027e-03 3.3000000000000002e-02 4.0000000000000001e-03  1.4852110532772864e-03
3.0000000000000027e-03 3.6000000000000004e-02 4.0000000000000001e-03  1.5298794059110715e-03
3.0000000000000027e-03 3.9000000000000007e-02 4.0000000000000001e-03  1.5901573952586516e-03
3.0000000000000027e-03 4.2000000000000010e-02 4.0000000000000001e-03  1.6661978362248839e-03
3.0000000000000027e-03 4.4999999999999998e-02 4.0000000000000001e-03  1.8076251721202076e-03
6.0000000000000053e-03 -4.4999999999999998e-02 4.0000000000000001e-03  2.2552867692960761e-03
6.0000000000000053e-03 -4.1999999999999996e-02 4.0000000000000001e-03  2.0325711910086659e-03
6.0000000000000053e-03 -3.9000000000000000e-02 4.0000000000000001e-03  1.8401238619788840e-03
6.0000000000000053e-03 -3.5999999999999997e-02 4.0000000000000001e-03  1.7490405336076252e-03
6.0000000000000053e-03 -3.3000000000000002e-02 4.0000000000000001e-03  1.6737953540895795e-03
6.0000000000000053e-03 -2.9999999999999999e-02 4.0000000000000001e-03  1.6186144243953847e-03
6.0000000000000053e-03 -2.6999999999999996e-02 4.0000000000000001e-03  1.5837778897072430e-03
6.0000000000000053e-03 -2.3999999999999997e-02 4.0000000000000001e-03  1.5619709295089125e-03
6.0000000000000053e-03 -2.0999999999999998e-02 4.0000000000000001e-03  1.5323280324323009e-03
6.0000000000000053e-03 -1.7999999999999999e-02 4.0000000000000001e-03  1.5120162220303177e-03
6.0000000000000053e-03 -1.4999999999999999e-02 4.0000000000000001e-03  1.4929303651030951e-03
6.0000000000000053e-03 -1.1999999999999997e-02 4.0000000000000001e-03  1.4794819731365648e-03
6.0000000000000053e-03 -8.9999999999999941e-03 4.0000000000000001e-03  1.4694505836742359e-03
6.0000000000000053e-03 -5.9999999999999984e-03 4.0000000000000001e-03  1.4601494768292510e-03
6.0000000000000053e-03 -2.9999999999999957e-03 4.0000000000000001e-03  1.4515768596011986e-03
6.0000000000000053e-03 0.0000000000000000e+00 4.0000000000000001e-03  1.4437317190448364e-03
6.0000000000000053e-03 3.0000000000000027e-03 4.0000000000000001e-03  1.4366138222700517e-03
6.0000000000000053e-03 6.0000000000000053e-03 4.0000000000000001e-03  1.4302237164418889e-03
6.0000000000000053e-03 9.0000000000000011e-03 4.0000000000000001e-03  1.4245627287805390e-03
6.0000000000000053e-03 1.2000000000000004e-02 4.0000000000000001e-03  1.4196329665613525e-03
6.0000000000000053e-03 1.4999999999999999e-02 4.0000000000000001e-03  1.4173337322086455e-03
6.0000000000000053e-03 1.8000000000000002e-02 4.0000000000000001e-03  1.4163973241334649e-03
6.0000000000000053e-03 2.1000000000000005e-02 4.0000000000000001e-03  1.4135022252124349e-03
6.0000000000000053e-03 2.4000000000000007e-02 4.0000000000000001e-03  1.4265919122537101e-03
6.0000000000000053e-03 2.7000000000000010e-02 4.0000000000000001e-03  1.4435035477850331e-03
6.0000000000000053e-03 2.9999999999999999e-02 4.0000000000000001e-03  1.4643777322987219e-03
6.0000000000000053e-03 3.3000000000000002e-02 4.0000000000000001e-03  1.4934758306285687e-03
6.0000000000000053e-03 3.6000000000000004e-02 4.0000000000000001e-03  1.5397914165751027e-03
6.0000000000000053e-03 3.9000000000000007e-02 4.0000000000000001e-03  1.6017426677156035e-03
6.0000000000000053e-03 4.2000000000000010e-02 4.0000000000000001e-03  1.6794810675379529e-03
6.0000000000000053e-03 4.4999999999999998e-02 4.0000000000000001e-03  1.7794664717154034e-03
9.0000000000000011e-03 -4.4999999999999998e-02 4.0000000000000001e-03  2.2352905378472706e-03
9.0000000000000011e-03 -4.1999999999999996e-02 4.0000000000000001e-03  2.0250731353484274e-03
9.0000000000000011e-03 -3.9000000000000000e-02 4.0000000000000001e-03  1.8439656578846785e-03
9.0000000000000011e-03 -3.5999999999999997e-02 4.0000000000000001e-03  1.7472762631575143e-03
9.0000000000000011e-03 -3.3000000000000002e-02 4.0000000000000001e-03  1.6870750650518137e-03
9.0000000000000011e-03 -2.9999999999999999e-02 4.0000000000000001e-03  1.6424573320822306e-03
9.0000000000000011e-03 -2.6999999999999996e-02 4.0000000000000001e-03  1.6133828778803264e-03
9.0000000000000011e-03 -2.3999999999999997e-02 4.0000000000000001e-03  1.5722168173844455e-03
9.0000000000000011e-03 -2.0999999999999998e-02 4.0000000000000001e-03  1.5415233311785578e-03
9.0000000000000011e-03 -1.7999999999999999e-02 4.0000000000000001e-03  1.5139871773804990e-03
9.0000000000000011e-03 -1.4999999999999999e-02 4.0000000000000001e-03  1.4949870961076884e-03
9.0000000000000011e-03 -1.1999999999999997e-02 4.0000000000000001e-03  1.4842950468653988e-03
9.0000000000000011e-03 -8.9999999999999941e-03 4.0000000000000001e-03  1.4742973639500735e-03
9.0000000000000011e-03 -5.9999999999999984e-03 4.0000000000000001e-03  1.4649937234326013e-03
9.0000000000000011e-03 -2.9999999999999957e-03 4.0000000000000001e-03  1.4563829436082304e-03
9.0000000000000011e-03 0.0000000000000000e+00 4.0000000000000001e-03  1.4484644164224729e-03
9.0000000000000011e-03 3.0000000000000027e-03 4.0000000000000001e-03  1.4412381074711124e-03
9.0000000000000011e-03 6.0000000000000053e-03 4.0000000000000001e-03  1.4347045560001972e-03
9.0000000000000011e-03 9.0000000000000011e-03 4.0000000000000001e-03  1.4288648749060417e-03
9.0000000000000011e-03 1.2000000000000004e-02 4.0000000000000001e-03  1.4237207507352264e-03
9.0000000000000011e-03 1.4999999999999999e-02 4.0000000000000001e-03  1.4192744436846037e-03
9.0000000000000011e-03 1.8000000000000002e-02 4.0000000000000001e-03  1.4166127497687139e-03
9.0000000000000011e-03 2.1000000000000005e-02 4.0000000000000001e-03  1.4221885105848385e-03
9.0000000000000011e-03 2.4000000000000007e-02 4.0000000000000001e-03  1.4353763351478927e-03
9.0000000000000011e-03 2.7000000000000010e-02 4.0000000000000001e-03  1.4524696152655686e-03
9.0000000000000011e-03 2.9999999999999999e-02 4.0000000000000001e-03  1.4735694946381209e-03
9.0000000000000011e-03 3.3000000000000002e-02 4.0000000000000001e-03  1.5038976193464343e-03
9.0000000000000011e-03 3.6000000000000004e-02 4.0000000000000001e-03  1.5518686554709411e-03
9.0000000000000011e-03 3.9000000000000007e-02 4.0000000000000001e-03  1.6155031389064479e-03
9.0000000000000011e-03 4.2000000000000010e-02 4.0000000000000001e-03  1.6949512217238562e-03
9.0000000000000011e-03 4.4999999999999998e-02 4.0000000000000001e-03  1.7903834151278405e-03
1.2000000000000004e-02 -4.4999999999999998e-02 4.0000000000000001e-03  2.2157435425739472e-03
1.2000000000000004e-02 -4.1999999999999996e-02 4.0000000000000001e-03  2.0317560215919852e-03
1.2000000000000004e-02 -3.9000000000000000e-02 4.0000000000000001e-03  1.8715266760260668e-03
1.2000000000000004e-02 -3.5999999999999997e-02 4.0000000000000001e-03  1.7515585336316190e-03
1.2000000000000004e-02 -3.3000000000000002e-02 4.0000000000000001e-03  1.7034668859799286e-03
1.2000000000000004e-02 -2.9999999999999999e-02 4.0000000000000001e-03  1.6737890896338450e-03
1.2000000000000004e-02 -2.6999999999999996e-02 4.0000000000000001e-03  1.6353069207249871e-03
1.2000000000000004e-02 -2.3999999999999997e-02 4.0000000000000001e-03  1.5863845857347777e-03
1.2000000000000004e-02 -2.0999999999999998e-02 4.0000000000000001e-03  1.5450330373215095e-03
1.2000000000000004e-02 -1.7999999999999999e-02 4.0000000000000001e-03  1.5236108382361577e-03
1.2000000000000004e-02 -1.4999999999999999e-02 4.0000000000000001e-03  1.4981527095742644e-03
1.2000000000000004e-02 -1.1999999999999997e-02 4.0000000000000001e-03  1.4873694240023895e-03
1.2000000000000004e-02 -8.9999999999999941e-03 4.0000000000000001e-03  1.4772370151042414e-03
1.2000000000000004e-02 -5.9999999999999984e-03 4.0000000000000001e-03  1.4680135386610210e-03
1.2000000000000004e-02 -2.9999999999999957e-03 4.0000000000000001e-03  1.4597704067920191e-03
1.2000000000000004e-02 0.0000000000000000e+00 4.0000000000000001e-03  1.4525062270430401e-03
1.2000000000000004e-02 3.0000000000000027e-03 4.0000000000000001e-03  1.4462202724224535e-03
1.2000000000000004e-02 6.0000000000000053e-03 4.0000000000000001e-03  1.4409124814012053e-03
1.2000000000000004e-02 9.0000000000000011e-03 4.0000000000000001e-03  1.4365834579128142e-03
1.2000000000000004e-02 1.2000000000000004e-02 4.0000000000000001e-03  1.4332344713533665e-03
1.2000000000000004e-02 1.4999999999999999e-02 4.0000000000000001e-03  1.4308674565815221e-03
1.2000000000000004e-02 1.8000000000000002e-02 4.0000000000000001e-03  1.4245523534343288e-03
1.2000000000000004e-02 2.1000000000000005e-02 4.0000000000000001e-03  1.4329669427798888e-03
1.2000000000000004e-02 2.4000000000000007e-02 4.0000000000000001e-03  1.4467957197423159e-03
1.2000000000000004e-02 2.7000000000000010e-02 4.0000000000000001e-03  1.4634720671902910e-03
1.2000000000000004e-02 2.9999999999999999e-02 4.0000000000000001e-03  1.4848131872036850e-03
1.2000000000000004e-02 3.3000000000000002e-02 4.0000000000000001e-03  1.5164816159808242e-03
1.2000000000000004e-02 3.6000000000000004e-02 4.0000000000000001e-03  1.5661161914583895e-03
1.2000000000000004e-02 3.9000000000000007e-02 4.0000000000000001e-03  1.6314437500008464e-03
1.2000000000000004e-02 4.2000000000000010e-02 4.0000000000000001e-03  1.7126131122621126e-03
1.2000000000000004e-02 4.4999999999999998e-02 4.0000000000000001e-03  1.8097934580298917e-03
1.4999999999999999e-02 -4.4999999999999998e-02 4.0000000000000001e-03  2.1966608454186331e-03
1.4999999999999999e-02 -4.1999999999999996e-02 4.0000000000000001e-03  2.0184110812606804e-03
1.4999999999999999e-02 -3.9000000000000000e-02 4.0000000000000001e-03  1.8785321642277412e-03
1.4999999999999999e-02 -3.5999999999999997e-02 4.0000000000000001e-03  1.7794117029917120e-03
1.4999999999999999e-02 -3.3000000000000002e-02 4.0000000000000001e-03  1.7228571106529893e-03
1.4999999999999999e-02 -2.9999999999999999e-02 4.0000000000000001e-03  1.6898757523641486e-03
1.4999999999999999e-02 -2.6999999999999996e-02 4.0000000000000001e-03  1.6489591917158643e-03
1.4999999999999999e-02 -2.3999999999999997e-02 4.0000000000000001e-03  1.6018886505984305e-03
1.4999999999999999e-02 -2.0999999999999998e-02 4.0000000000000001e-03  1.5681874294033061e-03
1.4999999999999999e-02 -1.7999999999999999e-02 4.0000000000000001e-03  1.5327827470464381e-03
1.4999999999999999e-02 -1.4999999999999999e-02 4.0000000000000001e-03  1.5056274382365510e-03
1.4999999999999999e-02 -1.1999999999999997e-02 4.0000000000000001e-03  1.4892911520580302e-03
1.4999999999999999e-02 -8.9999999999999941e-03 4.0000000000000001e-03  1.4812297693018164e-03
1.4999999999999999e-02 -5.9999999999999984e-03 4.0000000000000001e-03  1.4741518839047445e-03
1.4999999999999999e-02 -2.9999999999999957e-03 4.0000000000000001e-03  1.4680555928059675e-03
1.4999999999999999e-02 0.0000000000000000e+00 4.0000000000000001e-03  1.4629396584071961e-03
1.4999999999999999e-02 3.0000000000000027e-03 4.0000000000000001e-03  1.4588035085727252e-03
1.4999999999999999e-02 6.0000000000000053e-03 4.0000000000000001e-03  1.4556472366294149e-03
1.4999999999999999e-02 9.0000000000000011e-03 4.0000000000000001e-03  1.4534716013666984e-03
1.4999999999999999e-02 1.2000000000000004e-02 4.0000000000000001e-03  1.4522780270365754e-03
1.4999999999999999e-02 1.4999999999999999e-02 4.0000000000000001e-03  1.4520686033536322e-03
1.4999999999999999e-02 1.8000000000000002e-02 4.0000000000000001e-03  1.4430891610016305e-03
1.4999999999999999e-02 2.1000000000000005e-02 4.0000000000000001e-03  1.4484843519144358e-03
1.4999999999999999e-02 2.4000000000000007e-02 4.0000000000000001e-03  1.4617573100346717e-03
1.4999999999999999e-02 2.7000000000000010e-02 4.0000000000000001e-03  1.4781980349049765e-03
1.4999999999999999e-02 2.9999999999999999e-02 4.0000000000000001e-03  1.4981163540538883e-03
1.4999999999999999e-02 3.3000000000000002e-02 4.0000000000000001e-03  1.5312340269636234e-03
1.4999999999999999e-02 3.6000000000000004e-02 4.0000000000000001e-03  1.5813774613176543e-03
1.4999999999999999e-02 3.9000000000000007e-02 4.0000000000000001e-03  1.6432145183826392e-03
1.4999999999999999e-02 4.2000000000000010e-02 4.0000000000000001e-03  1.7180203092316709e-03
1.4999999999999999e-02 4.4999999999999998e-02 4.0000000000000001e-03  1.8059122679803901e-03
1.8000000000000002e-02 -4.4999999999999998e-02 4.0000000000000001e-03  2.1483789079258606e-03
1.8000000000000002e-02 -4.1999999999999996e-02 4.0000000000000001e-03  1.9857119832925756e-03
1.8000000000000002e-02 -3.9000000000000000e-02 4.0000000000000001e-03  1.8655066592746497e-03
1.8000000000000002e-02 -3.5999999999999997e-02 4.0000000000000001e-03  1.7895750163593592e-03
1.8000000000000002e-02 -3.3000000000000002e-02 4.0000000000000001e-03  1.7360505446114873e-03
1.8000000000000002e-02 -2.9999999999999999e-02 4.0000000000000001e-03  1.7030603796196681e-03
1.8000000000000002e-02 -2.6999999999999996e-02 4.0000000000000001e-03  1.6647772690318932e-03
1.8000000000000002e-02 -2.3999999999999997e-02 4.0000000000000001e-03  1.6324698814542467e-03
1.8000000000000002e-02 -2.0999999999999998e-02 4.0000000000000001e-03  1.5909411956591907e-03
1.8000000000000002e-02 -1.7999999999999999e-02 4.0000000000000001e-03  1.5362974083136583e-03
1.8000000000000002e-02 -1.4999999999999999e-02 4.0000000000000001e-03  1.5222106078396692e-03
1.8000000000000002e-02 -1.1999999999999997e-02 4.0000000000000001e-03  1.4988640623026519e-03
1.8000000000000002e-02 -8.9999999999999941e-03 4.0000000000000001e-03  1.4896590839105401e-03
1.8000000000000002e-02 -5.9999999999999984e-03 4.0000000000000001e-03  1.4847397729979065e-03
1.8000000000000002e-02 -2.9999999999999957e-03 4.0000000000000001e-03  1.4808055934411170e-03
1.8000000000000002e-02 0.0000000000000000e+00 4.0000000000000001e-03  1.4778554624978047e-03
1.8000000000000002e-02 3.0000000000000027e-03 4.0000000000000001e-03  1.4758889628881775e-03
1.8000000000000002e-02 6.0000000000000053e-03 4.0000000000000001e-03  1.4749063427950105e-03
1.8000000000000002e-02 9.0000000000000011e-03 4.0000000000000001e-03  1.4749085158636559e-03
1.8000000000000002e-02 1.2000000000000004e-02 4.0000000000000001e-03  1.4758970612020307e-03
1.8000000000000002e-02 1.4999999999999999e-02 4.0000000000000001e-03  1.4778742233806322e-03
1.8000000000000002e-02 1.8000000000000002e-02 4.0000000000000001e-03  1.4661189232588890e-03
1.8000000000000002e-02 2.1000000000000005e-02 4.0000000000000001e-03  1.4725333763214046e-03
1.8000000000000002e-02 2.4000000000000007e-02 4.0000000000000001e-03  1.4825734308874850e-03
1.8000000000000002e-02 2.7000000000000010e-02 4.0000000000000001e-03  1.4981104138724415e-03
1.8000000000000002e-02 2.9999999999999999e-02 4.0000000000000001e-03  1.5170447762570137e-03
1.8000000000000002e-02 3.3000000000000002e-02 4.0000000000000001e-03  1.5406106266825715e-03
1.8000000000000002e-02 3.6000000000000004e-02 4.0000000000000001e-03  1.5845147227923284e-03
1.8000000000000002e-02 3.9000000000000007e-02 4.0000000000000001e-03  1.6412499376171573e-03
1.8000000000000002e-02 4.2000000000000010e-02 4.0000000000000001e-03  1.7109128811617200e-03
1.8000000000000002e-02 4.4999999999999998e-02 4.0000000000000001e-03  1.7973567588109528e-03
2.1000000000000005e-02 -4.4999999999999998e-02 4.0000000000000001e-03  2.0792409988454525e-03
2.1000000000000005e-02 -4.1999999999999996e-02 4.0000000000000001e-03  1.9618407103475762e-03
2.1000000000000005e-02 -3.9000000000000000e-02 4.0000000000000001e-03  1.8708353832969937e-03
2.1000000000000005e-02 -3.5999999999999997e-02 4.0000000000000001e-03  1.7970744536370004e-03
2.1000000000000005e-02 -3.3000000000000002e-02 4.0000000000000001e-03  1.7488322887580375e-03
2.1000000000000005e-02 -2.9999999999999999e-02 4.0000000000000001e-03  1.7172146393028991e-03
2.1000000000000005e-02 -2.6999999999999996e-02 4.0000000000000001e-03  1.6862654443371575e-03
2.1000000000000005e-02 -2.3999999999999997e-02 4.0000000000000001e-03  1.6489641175068302e-03
2.1000000000000005e-02 -2.0999999999999998e-02 4.0000000000000001e-03  1.6003056341008346e-03
2.1000000000000005e-02 -1.7999999999999999e-02 4.0000000000000001e-03  1.5488288151154347e-03
2.1000000000000005e-02 -1.4999999999999999e-02 4.0000000000000001e-03  1.5411689956000307e-03
2.1000000000000005e-02 -1.1999999999999997e-02 4.0000000000000001e-03  1.5219280202559532e-03
2.1000000000000005e-02 -8.9999999999999941e-03 4.0000000000000001e-03  1.5028564727798490e-03
2.1000000000000005e-02 -5.9999999999999984e-03 4.0000000000000001e-03  1.5001041708306191e-03
2.1000000000000005e-02 -2.9999999999999957e-03 4.0000000000000001e-03  1.4983428246282693e-03
2.1000000000000005e-02 0.0000000000000000e+00 4.0000000000000001e-03  1.4975715062863452e-03
2.1000000000000005e-02 3.0000000000000027e-03 4.0000000000000001e-03  1.4977899533809686e-03
2.1000000000000005e-02 6.0000000000000053e-03 4.0000000000000001e-03  1.4989985689508351e-03
2.1000000000000005e-02 9.0000000000000011e-03 4.0000000000000001e-03  1.5011984214972106e-03
2.1000000000000005e-02 1.2000000000000004e-02 4.0000000000000001e-03  1.5043912449839306e-03
2.1000000000000005e-02 1.4999999999999999e-02 4.0000000000000001e-03  1.5085794388374101e-03
2.1000000000000005e-02 1.8000000000000002e-02 4.0000000000000001e-03  1.4964579000296897e-03
2.1000000000000005e-02 2.1000000000000005e-02 4.0000000000000001e-03  1.5010822603815346e-03
2.1000000000000005e-02 2.4000000000000007e-02 4.0000000000000001e-03  1.5060806599204398e-03
2.1000000000000005e-02 2.7000000000000010e-02 4.0000000000000001e-03  1.5190129856463390e-03
2.1000000000000005e-02 2.9999999999999999e-02 4.0000000000000001e-03  1.5369585262585783e-03
2.1000000000000005e-02 3.3000000000000002e-02 4.0000000000000001e-03  1.5585604862228060e-03
2.1000000000000005e-02 3.6000000000000004e-02 4.0000000000000001e-03  1.5897782930368845e-03
2.1000000000000005e-02 3.9000000000000007e-02 4.0000000000000001e-03  1.6414214844860762e-03
2.1000000000000005e-02 4.2000000000000010e-02 4.0000000000000001e-03  1.7059573201522362e-03
2.1000000000000005e-02 4.4999999999999998e-02 4.0000000000000001e-03  1.8060963256317250e-03
2.4000000000000007e-02 -4.4999999999999998e-02 4.0000000000000001e-03  2.0783467207268623e-03
2.4000000000000007e-02 -4.1999999999999996e-02 4.0000000000000001e-03  1.9674403715507854e-03
2.4000000000000007e-02 -3.9000000000000000e-02 4.0000000000000001e-03  1.8770103018302519e-03
2.4000000000000007e-02 -3.5999999999999997e-02 4.0000000000000001e-03  1.8037399246284009e-03
2.4000000000000007e-02 -3.3000000000000002e-02 4.0000000000000001e-03  1.7593471359726347e-03
2.4000000000000007e-02 -2.9999999999999999e-02 4.0000000000000001e-03  1.7296121724425207e-03
2.4000000000000007e-02 -2.6999999999999996e-02 4.0000000000000001e-03  1.6996476649347133e-03
2.4000000000000007e-02 -2.3999999999999997e-02 4.0000000000000001e-03  1.6630049884942433e-03
2.4000000000000007e-02 -2.0999999999999998e-02 4.0000000000000001e-03  1.6191857149519123e-03
2.4000000000000007e-02 -1.7999999999999999e-02 4.0000000000000001e-03  1.5710716489048485e-03
2.4000000000000007e-02 -1.4999999999999999e-02 4.0000000000000001e-03  1.5692717959107380e-03
2.4000000000000007e-02 -1.1999999999999997e-02 4.0000000000000001e-03  1.5545924313378878e-03
2.4000000000000007e-02 -8.9999999999999941e-03 4.0000000000000001e-03  1.5323556050310129e-03
2.4000000000000007e-02 -5.9999999999999984e-03 4.0000000000000001e-03  1.5206132034557077e-03
2.4000000000000007e-02 -2.9999999999999957e-03 4.0000000000000001e-03  1.5210308634609256e-03
2.4000000000000007e-02 0.0000000000000000e+00 4.0000000000000001e-03  1.5224468179069967e-03
2.4000000000000007e-02 3.0000000000000027e-03 4.0000000000000001e-03  1.5248609592259646e-03
2.4000000000000007e-02 6.0000000000000053e-03 4.0000000000000001e-03  1.5282738453124363e-03
2.4000000000000007e-02 9.0000000000000011e-03 4.0000000000000001e-03  1.5326866995235945e-03
2.4000000000000007e-02 1.2000000000000004e-02 4.0000000000000001e-03  1.5381014106791951e-03
2.4000000000000007e-02 1.4999999999999999e-02 4.0000000000000001e-03  1.5402546475430862e-03
2.4000000000000007e-02 1.8000000000000002e-02 4.0000000000000001e-03  1.5307909949945260e-03
2.4000000000000007e-02 2.1000000000000005e-02 4.0000000000000001e-03  1.5334705933789901e-03
2.4000000000000007e-02 2.4000000000000007e-02 4.0000000000000001e-03  1.5366196479270847e-03
2.4000000000000007e-02 2.7000000000000010e-02 4.0000000000000001e-03  1.5410002541684834e-03
2.4000000000000007e-02 2.9999999999999999e-02 4.0000000000000001e-03  1.5578493321759875e-03
2.4000000000000007e-02 3.3000000000000002e-02 4.0000000000000001e-03  1.5783747925657064e-03
2.4000000000000007e-02 3.6000000000000004e-02 4.0000000000000001e-03  1.6028451395626096e-03
2.4000000000000007e-02 3.9000000000000007e-02 4.0000000000000001e-03  1.6437410065521336e-03
2.4000000000000007e-02 4.2000000000000010e-02 4.0000000000000001e-03  1.7164648031834718e-03
2.4000000000000007e-02 4.4999999999999998e-02 4.0000000000000001e-03  1.8210703202803298e-03
2.7000000000000010e-02 -4.4999999999999998e-02 4.0000000000000001e-03  2.1662552101070903e-03
2.7000000000000010e-02 -4.1999999999999996e-02 4.0000000000000001e-03  2.0350345167452336e-03
2.7000000000000010e-02 -3.9000000000000000e-02 4.0000000000000001e-03  1.9249444736774961e-03
2.7000000000000010e-02 -3.5999999999999997e-02 4.0000000000000001e-03  1.8332124220417150e-03
2.7000000000000010e-02 -3.3000000000000002e-02 4.0000000000000001e-03  1.7707552797202734e-03
2.7000000000000010e-02 -2.9999999999999999e-02 4.0000000000000001e-03  1.7430731208738642e-03
2.7000000000000010e-02 -2.6999999999999996e-02 4.0000000000000001e-03  1.7184212692617372e-03
2.7000000000000010e-02 -2.3999999999999997e-02 4.0000000000000001e-03  1.6866744521139660e-03
2.7000000000000010e-02 -2.0999999999999998e-02 4.0000000000000001e-03  1.6479403424716444e-03
2.7000000000000010e-02 -1.7999999999999999e-02 4.0000000000000001e-03  1.6033961272010320e-03
2.7000000000000010e-02 -1.4999999999999999e-02 4.0000000000000001e-03  1.6076211621204467e-03
2.7000000000000010e-02 -1.1999999999999997e-02 4.0000000000000001e-03  1.5988018247687632e-03
2.7000000000000010e-02 -8.9999999999999941e-03 4.0000000000000001e-03  1.5769486796998187e-03
2.7000000000000010e-02 -5.9999999999999984e-03 4.0000000000000001e-03  1.5539542229820516e-03
2.7000000000000010e-02 -2.9999999999999957e-03 4.0000000000000001e-03  1.5492744481952932e-03
2.7000000000000010e-02 0.0000000000000000e+00 4.0000000000000001e-03  1.5528815866566567e-03
2.7000000000000010e-02 3.0000000000000027e-03 4.0000000000000001e-03  1.5574976207607403e-03
2.7000000000000010e-02 6.0000000000000053e-03 4.0000000000000001e-03  1.5631232632580705e-03
2.7000000000000010e-02 9.0000000000000011e-03 4.0000000000000001e-03  1.5697598923617474e-03
2.7000000000000010e-02 1.2000000000000004e-02 4.0000000000000001e-03  1.5774095517474376e-03
2.7000000000000010e-02 1.4999999999999999e-02 4.0000000000000001e-03  1.5756020788067686e-03
2.7000000000000010e-02 1.8000000000000002e-02 4.0000000000000001e-03  1.5693080607141890e-03
2.7000000000000010e-02 2.1000000000000005e-02 4.0000000000000001e-03  1.5698568489122806e-03
2.7000000000000010e-02 2.4000000000000007e-02 4.0000000000000001e-03  1.5709983067281655e-03
2.7000000000000010e-02 2.7000000000000010e-02 4.0000000000000001e-03  1.5726487540427495e-03
2.7000000000000010e-02 2.9999999999999999e-02 4.0000000000000001e-03  1.5798338325765545e-03
2.7000000000000010e-02 3.3000000000000002e-02 4.0000000000000001e-03  1.5991705510319534e-03
2.7000000000000010e-02 3.6000000000000004e-02 4.0000000000000001e-03  1.6224741227369827e-03
2.7000000000000010e-02 3.9000000000000007e-02 4.0000000000000001e-03  1.6555428607836244e-03
2.7000000000000010e-02 4.2000000000000010e-02 4.0000000000000001e-03  1.7401690555750170e-03
2.7000000000000010e-02 4.4999999999999998e-02 4.0000000000000001e-03  1.8493945397854373e-03
2.9999999999999999e-02 -4.4999999999999998e-02 4.0000000000000001e-03  2.2464809663726585e-03
2.9999999999999999e-02 -4.1999999999999996e-02 4.0000000000000001e-03  2.0961627402481080e-03
2.9999999999999999e-02 -3.9000000000000000e-02 4.0000000000000001e-03  1.9671511702636607e-03
2.9999999999999999e-02 -3.5999999999999997e-02 4.0000000000000001e-03  1.8706871118094354e-03
2.9999999999999999e-02 -3.3000000000000002e-02 4.0000000000000001e-03  1.8117607873228106e-03
2.9999999999999999e-02 -2.9999999999999999e-02 4.0000000000000001e-03  1.7668507006538632e-03
2.9999999999999999e-02 -2.6999999999999996e-02 4.0000000000000001e-03  1.7469491108299809e-03
2.9999999999999999e-02 -2.3999999999999997e-02 4.0000000000000001e-03  1.7203388114392093e-03
2.9999999999999999e-02 -2.0999999999999998e-02 4.0000000000000001e-03  1.6869386666057687e-03
2.9999999999999999e-02 -1.7999999999999999e-02 4.0000000000000001e-03  1.6468843701888712e-03
2.9999999999999999e-02 -1.4999999999999999e-02 4.0000000000000001e-03  1.6565899828323493e-03
2.9999999999999999e-02 -1.1999999999999997e-02 4.0000000000000001e-03  1.6538036259676114e-03
2.9999999999999999e-02 -8.9999999999999941e-03 4.0000000000000001e-03  1.6378237354223054e-03
2.9999999999999999e-02 -5.9999999999999984e-03 4.0000000000000001e-03  1.6086665258908390e-03
2.9999999999999999e-02 -2.9999999999999957e-03 4.0000000000000001e-03  1.5872249750077377e-03
2.9999999999999999e-02 0.0000000000000000e+00 4.0000000000000001e-03  1.5893171629949218e-03
2.9999999999999999e-02 3.0000000000000027e-03 4.0000000000000001e-03  1.5961367394855775e-03
2.9999999999999999e-02 6.0000000000000053e-03 4.0000000000000001e-03  1.6039790753287018e-03
2.9999999999999999e-02 9.0000000000000011e-03 4.0000000000000001e-03  1.6128457035933122e-03
2.9999999999999999e-02 1.2000000000000004e-02 4.0000000000000001e-03  1.6227388228109915e-03
2.9999999999999999e-02 1.4999999999999999e-02 4.0000000000000001e-03  1.6153310370443884e-03
2.9999999999999999e-02 1.8000000000000002e-02 4.0000000000000001e-03  1.6122154501999188e-03
2.9999999999999999e-02 2.1000000000000005e-02 4.0000000000000001e-03  1.6104160010303628e-03
2.9999999999999999e-02 2.4000000000000007e-02 4.0000000000000001e-03  1.6093602314103559e-03
2.9999999999999999e-02 2.7000000000000010e-02 4.0000000000000001e-03  1.6089730220767106e-03
2.9999999999999999e-02 2.9999999999999999e-02 4.0000000000000001e-03  1.6091690043615323e-03
2.9999999999999999e-02 3.3000000000000002e-02 4.0000000000000001e-03  1.6210865348143665e-03
2.9999999999999999e-02 3.6000000000000004e-02 4.0000000000000001e-03  1.6578480912354079e-03
2.9999999999999999e-02 3.9000000000000007e-02 4.0000000000000001e-03  1.7091491185508771e-03
2.9999999999999999e-02 4.2000000000000010e-02 4.0000000000000001e-03  1.7667458828104657e-03
2.9999999999999999e-02 4.4999999999999998e-02 4.0000000000000001e-03  1.8884136607878416e-03
3.3000000000000002e-02 -4.4999999999999998e-02 4.0000000000000001e-03  2.3188974506393703e-03
3.3000000000000002e-02 -4.1999999999999996e-02 4.0000000000000001e-03  2.1500913033744647e-03
3.3000000000000002e-02 -3.9000000000000000e-02 4.0000000000000001e-03  2.0028315125407165e-03
3.3000000000000002e-02 -3.5999999999999997e-02 4.0000000000000001e-03  1.9162372541758291e-03
3.3000000000000002e-02 -3.3000000000000002e-02 4.0000000000000001e-03  1.8733729611345596e-03
3.3000000000000002e-02 -2.9999999999999999e-02 4.0000000000000001e-03  1.8269212823055988e-03
3.3000000000000002e-02 -2.6999999999999996e-02 4.0000000000000001e-03  1.7856048915266629e-03
3.3000000000000002e-02 -2.3999999999999997e-02 4.0000000000000001e-03  1.7643746152297165e-03
3.3000000000000002e-02 -2.0999999999999998e-02 4.0000000000000001e-03  1.7365600829865452e-03
3.3000000000000002e-02 -1.7999999999999999e-02 4.0000000000000001e-03  1.7022862797874776e-03
3.3000000000000002e-02 -1.4999999999999999e-02 4.0000000000000001e-03  1.7165627035607175e-03
3.3000000000000002e-02 -1.1999999999999997e-02 4.0000000000000001e-03  1.7199733946216651e-03
3.3000000000000002e-02 -8.9999999999999941e-03 4.0000000000000001e-03  1.7100477437393218e-03
3.3000000000000002e-02 -5.9999999999999984e-03 4.0000000000000001e-03  1.6867901826365724e-03
3.3000000000000002e-02 -2.9999999999999957e-03 4.0000000000000001e-03  1.6502225761483890e-03
3.3000000000000002e-02 0.0000000000000000e+00 4.0000000000000001e-03  1.6327092020882140e-03
3.3000000000000002e-02 3.0000000000000027e-03 4.0000000000000001e-03  1.6412562780634677e-03
3.3000000000000002e-02 6.0000000000000053e-03 4.0000000000000001e-03  1.6513146952280044e-03
3.3000000000000002e-02 9.0000000000000011e-03 4.0000000000000001e-03  1.6624129979626449e-03
3.3000000000000002e-02 1.2000000000000004e-02 4.0000000000000001e-03  1.6745535396548907e-03
3.3000000000000002e-02 1.4999999999999999e-02 4.0000000000000001e-03  1.6651113045556530e-03
3.3000000000000002e-02 1.8000000000000002e-02 4.0000000000000001e-03  1.6597360169134066e-03
3.3000000000000002e-02 2.1000000000000005e-02 4.0000000000000001e-03  1.6553395242326467e-03
3.3000000000000002e-02 2.4000000000000007e-02 4.0000000000000001e-03  1.6518655175107831e-03
3.3000000000000002e-02 2.7000000000000010e-02 4.0000000000000001e-03  1.6492474383405329e-03
3.3000000000000002e-02 2.9999999999999999e-02 4.0000000000000001e-03  1.6520992568364726e-03
3.3000000000000002e-02 3.3000000000000002e-02 4.0000000000000001e-03  1.6637318075713168e-03
3.3000000000000002e-02 3.6000000000000004e-02 4.0000000000000001e-03  1.7099895689881781e-03
3.3000000000000002e-02 3.9000000000000007e-02 4.0000000000000001e-03  1.7706468679661151e-03
3.3000000000000002e-02 4.2000000000000010e-02 4.0000000000000001e-03  1.8300231900776102e-03
3.3000000000000002e-02 4.4999999999999998e-02 4.0000000000000001e-03  1.9233898694503791e-03
3.6000000000000004e-02 -4.4999999999999998e-02 4.0000000000000001e-03  2.3842934021532916e-03
3.6000000000000004e-02 -4.1999999999999996e-02 4.0000000000000001e-03  2.1977399273714919e-03
3.6000000000000004e-02 -3.9000000000000000e-02 4.0000000000000001e-03  2.0566102169795914e-03
3.6000000000000004e-02 -3.5999999999999997e-02 4.0000000000000001e-03  1.9982181174401578e-03
3.6000000000000004e-02 -3.3000000000000002e-02 4.0000000000000001e-03  1.9541689476500800e-03
3.6000000000000004e-02 -2.9999999999999999e-02 4.0000000000000001e-03  1.9063337400522082e-03
3.6000000000000004e-02 -2.6999999999999996e-02 4.0000000000000001e-03  1.8543375506677423e-03
3.6000000000000004e-02 -2.3999999999999997e-02 4.0000000000000001e-03  1.8191686579317470e-03
3.6000000000000004e-02 -2.0999999999999998e-02 4.0000000000000001e-03  1.7971942329327618e-03
3.6000000000000004e-02 -1.7999999999999999e-02 4.0000000000000001e-03  1.7689635600499972e-03
3.6000000000000004e-02 -1.4999999999999999e-02 4.0000000000000001e-03  1.7879353267309080e-03
3.6000000000000004e-02 -1.1999999999999997e-02 4.0000000000000001e-03  1.7976982473292494e-03
3.6000000000000004e-02 -8.9999999999999941e-03 4.0000000000000001e-03  1.7939989354221549e-03
3.6000000000000004e-02 -5.9999999999999984e-03 4.0000000000000001e-03  1.7768300397609858e-03
3.6000000000000004e-02 -2.9999999999999957e-03 4.0000000000000001e-03  1.7462016422091946e-03
3.6000000000000004e-02 0.0000000000000000e+00 4.0000000000000001e-03  1.7021412577423189e-03
3.6000000000000004e-02 3.0000000000000027e-03 4.0000000000000001e-03  1.6933753603201086e-03
3.6000000000000004e-02 6.0000000000000053e-03 4.0000000000000001e-03  1.7056446978223553e-03
3.6000000000000004e-02 9.0000000000000011e-03 4.0000000000000001e-03  1.7189718013768060e-03
3.6000000000000004e-02 1.2000000000000004e-02 4.0000000000000001e-03  1.7333591792268784e-03
3.6000000000000004e-02 1.4999999999999999e-02 4.0000000000000001e-03  1.7205596730571200e-03
3.6000000000000004e-02 1.8000000000000002e-02 4.0000000000000001e-03  1.7121091147667912e-03
3.6000000000000004e-02 2.1000000000000005e-02 4.0000000000000001e-03  1.7048353934689770e-03
3.6000000000000004e-02 2.4000000000000007e-02 4.0000000000000001e-03  1.6986907610170106e-03
3.6000000000000004e-02 2.7000000000000010e-02 4.0000000000000001e-03  1.7077788735174392e-03
3.6000000000000004e-02 2.9999999999999999e-02 4.0000000000000001e-03  1.7230233561188590e-03
3.6000000000000004e-02 3.3000000000000002e-02 4.0000000000000001e-03  1.7342498385679399e-03
3.6000000000000004e-02 3.6000000000000004e-02 4.0000000000000001e-03  1.7722508400230365e-03
3.6000000000000004e-02 3.9000000000000007e-02 4.0000000000000001e-03  1.8424744432592793e-03
3.6000000000000004e-02 4.2000000000000010e-02 4.0000000000000001e-03  1.9385270593433909e-03
3.6000000000000004e-02 4.4999999999999998e-02 4.0000000000000001e-03  1.9842065363231405e-03
3.9000000000000007e-02 -4.4999999999999998e-02 4.0000000000000001e-03  2.4436422692671609e-03
3.9000000000000007e-02 -4.1999999999999996e-02 4.0000000000000001e-03  2.2402130425930714e-03
3.9000000000000007e-02 -3.9000000000000000e-02 4.0000000000000001e-03  2.1420515070731940e-03
3.9000000000000007e-02 -3.5999999999999997e-02 4.0000000000000001e-03  2.1005158143770704e-03
3.9000000000000007e-02 -3.3000000000000002e-02 4.0000000000000001e-03  2.0554845533505180e-03
3.9000000000000007e-02 -2.9999999999999999e-02 4.0000000000000001e-03  2.0064613525992096e-03
3.9000000000000007e-02 -2.6999999999999996e-02 4.0000000000000001e-03  1.9530538963233586e-03
3.9000000000000007e-02 -2.3999999999999997e-02 4.0000000000000001e-03  1.8949739243177227e-03
3.9000000000000007e-02 -2.0999999999999998e-02 4.0000000000000001e-03  1.8692410034497173e-03
3.9000000000000007e-02 -1.7999999999999999e-02 4.0000000000000001e-03  1.8473189448542612e-03
3.9000000000000007e-02 -1.4999999999999999e-02 4.0000000000000001e-03  1.8711154116793694e-03
3.9000000000000007e-02 -1.1999999999999997e-02 4.0000000000000001e-03  1.8873768575997725e-03
3.9000000000000007e-02 -8.9999999999999941e-03 4.0000000000000001e-03  1.8900670981531753e-03
3.9000000000000007e-02 -5.9999999999999984e-03 4.0000000000000001e-03  1.8791669991194144e-03
3.9000000000000007e-02 -2.9999999999999957e-03 4.0000000000000001e-03  1.8546748593904227e-03
3.9000000000000007e-02 0.0000000000000000e+00 4.0000000000000001e-03  1.8166064109702165e-03
3.9000000000000007e-02 3.0000000000000027e-03 4.0000000000000001e-03  1.7649948189749055e-03
3.9000000000000007e-02 6.0000000000000053e-03 4.0000000000000001e-03  1.7675248191408449e-03
3.9000000000000007e-02 9.0000000000000011e-03 4.0000000000000001e-03  1.7830733009055650e-03
3.9000000000000007e-02 1.2000000000000004e-02 4.0000000000000001e-03  1.7997023796374066e-03
3.9000000000000007e-02 1.4999999999999999e-02 4.0000000000000001e-03  1.7814557876067926e-03
3.9000000000000007e-02 1.8000000000000002e-02 4.0000000000000001e-03  1.7695905981226494e-03
3.9000000000000007e-02 2.1000000000000005e-02 4.0000000000000001e-03  1.7591280841396653e-03
3.9000000000000007e-02 2.4000000000000007e-02 4.0000000000000001e-03  1.7799397396682857e-03
3.9000000000000007e-02 2.7000000000000010e-02 4.0000000000000001e-03  1.8014595529104106e-03
3.9000000000000007e-02 2.9999999999999999e-02 4.0000000000000001e-03  1.8185988675867362e-03
3.9000000000000007e-02 3.3000000000000002e-02 4.0000000000000001e-03  1.8313048938600641e-03
3.9000000000000007e-02 3.6000000000000004e-02 4.0000000000000001e-03  1.8462081612405014e-03
3.9000000000000007e-02 3.9000000000000007e-02 4.0000000000000001e-03  1.9262039352752889e-03
3.9000000000000007e-02 4.2000000000000010e-02 4.0000000000000001e-03  2.0523613370551823e-03
3.9000000000000007e-02 4.4999999999999998e-02 4.0000000000000001e-03  2.0537658861014604e-03
4.2000000000000010e-02 -4.4999999999999998e-02 4.0000000000000001e-03  2.4981022094404102e-03
4.2000000000000010e-02 -4.1999999999999996e-02 4.0000000000000001e-03  2.3082361772144926e-03
4.2000000000000010e-02 -3.9000000000000000e-02 4.0000000000000001e-03  2.2664603563050155e-03
4.2000000000000010e-02 -3.5999999999999997e-02 4.0000000000000001e-03  2.2243786101019359e-03
4.2000000000000010e-02 -3.3000000000000002e-02 4.0000000000000001e-03  2.1786055155756101e-03
4.2000000000000010e-02 -2.9999999999999999e-02 4.0000000000000001e-03  2.1286273295107187e-03
4.2000000000000010e-02 -2.6999999999999996e-02 4.0000000000000001e-03  2.0740343642864775e-03
4.2000000000000010e-02 -2.3999999999999997e-02 4.0000000000000001e-03  2.0145209878766591e-03
4.2000000000000010e-02 -2.0999999999999998e-02 4.0000000000000001e-03  1.9531105272292413e-03
4.2000000000000010e-02 -1.7999999999999999e-02 4.0000000000000001e-03  1.9377654137646139e-03
4.2000000000000010e-02 -1.4999999999999999e-02 4.0000000000000001e-03  1.9665220746536280e-03
4.2000000000000010e-02 -1.1999999999999997e-02 4.0000000000000001e-03  1.9894194558537255e-03
4.2000000000000010e-02 -8.9999999999999941e-03 4.0000000000000001e-03  1.9986535765258392e-03
4.2000000000000010e-02 -5.9999999999999984e-03 4.0000000000000001e-03  1.9941935194782829e-03
4.2000000000000010e-02 -2.9999999999999957e-03 4.0000000000000001e-03  1.9760258006314662e-03
4.2000000000000010e-02 0.0000000000000000e+00 4.0000000000000001e-03  1.9441543690178790e-03
4.2000000000000010e-02 3.0000000000000027e-03 4.0000000000000001e-03  1.8986006067821151e-03
4.2000000000000010e-02 6.0000000000000053e-03 4.0000000000000001e-03  1.8410965544847383e-03
4.2000000000000010e-02 9.0000000000000011e-03 4.0000000000000001e-03  1.8553098447814012e-03
4.2000000000000010e-02 1.2000000000000004e-02 4.0000000000000001e-03  1.8678765997018924e-03
4.2000000000000010e-02 1.4999999999999999e-02 4.0000000000000001e-03  1.8481033819799837e-03
4.2000000000000010e-02 1.8000000000000002e-02 4.0000000000000001e-03  1.8387056098442202e-03
4.2000000000000010e-02 2.1000000000000005e-02 4.0000000000000001e-03  1.8714884289993245e-03
4.2000000000000010e-02 2.4000000000000007e-02 4.0000000000000001e-03  1.8996205402574756e-03
4.2000000000000010e-02 2.7000000000000010e-02 4.0000000000000001e-03  1.9229923402102949e-03
4.2000000000000010e-02 2.9999999999999999e-02 4.0000000000000001e-03  1.9415531610137151e-03
4.2000000000000010e-02 3.3000000000000002e-02 4.0000000000000001e-03  1.9553112703879702e-03
4.2000000000000010e-02 3.6000000000000004e-02 4.0000000000000001e-03  1.9643338716176123e-03
4.2000000000000010e-02 3.9000000000000007e-02 4.0000000000000001e-03  2.0235103243517244e-03
4.2000000000000010e-02 4.2000000000000010e-02 4.0000000000000001e-03  2.1416294229818040e-03
4.2000000000000010e-02 4.4999999999999998e-02 4.0000000000000001e-03  2.1165225797869975e-03
4.4999999999999998e-02 -4.4999999999999998e-02 4.0000000000000001e-03  2.5490160892391706e-03
4.4999999999999998e-02 -4.1999999999999996e-02 4.0000000000000001e-03  2.4524311327108516e-03
4.4999999999999998e-02 -3.9000000000000000e-02 4.0000000000000001e-03  2.4133475204408039e-03
4.4999999999999998e-02 -3.5999999999999997e-02 4.0000000000000001e-03  2.3710047005886981e-03
4.4999999999999998e-02 -3.3000000000000002e-02 4.0000000000000001e-03  2.3247675025236773e-03
4.4999999999999998e-02 -2.9999999999999999e-02 4.0000000000000001e-03  2.2741048112094242e-03
4.4999999999999998e-02 -2.6999999999999996e-02 4.0000000000000001e-03  2.2185895672041703e-03
4.4999999999999998e-02 -2.3999999999999997e-02 4.0000000000000001e-03  2.1578987666606873e-03
4.4999999999999998e-02 -2.0999999999999998e-02 4.0000000000000001e-03  2.0918134613262971e-03
4.4999999999999998e-02 -1.7999999999999999e-02 4.0000000000000001e-03  2.0407261920319291e-03
4.4999999999999998e-02 -1.4999999999999999e-02 4.0000000000000001e-03  2.0745859888123140e-03
4.4999999999999998e-02 -1.1999999999999997e-02 4.0000000000000001e-03  2.1042478294227003e-03
4.4999999999999998e-02 -8.9999999999999941e-03 4.0000000000000001e-03  2.1201712720446964e-03
4.4999999999999998e-02 -5.9999999999999984e-03 4.0000000000000001e-03  2.1223136165150970e-03
4.4999999999999998e-02 -2.9999999999999957e-03 4.0000000000000001e-03  2.1106495957827895e-03
4.4999999999999998e-02 0.0000000000000000e+00 4.0000000000000001e-03  2.0851713759087414e-03
4.4999999999999998e-02 3.0000000000000027e-03 4.0000000000000001e-03  2.0458885560660210e-03
4.4999999999999998e-02 6.0000000000000053e-03 4.0000000000000001e-03  1.9928281685397792e-03
4.4999999999999998e-02 9.0000000000000011e-03 4.0000000000000001e-03  1.9372829802782445e-03
4.4999999999999998e-02 1.2000000000000004e-02 4.0000000000000001e-03  1.9426102978859887e-03
4.4999999999999998e-02 1.4999999999999999e-02 4.0000000000000001e-03  1.9455499824197809e-03
4.4999999999999998e-02 1.8000000000000002e-02 4.0000000000000001e-03  1.9856350768002531e-03
4.4999999999999998e-02 2.1000000000000005e-02 4.0000000000000001e-03  2.0206702142250561e-03
4.4999999999999998e-02 2.4000000000000007e-02 4.0000000000000001e-03  2.0505479132789293e-03
4.4999999999999998e-02 2.7000000000000010e-02 4.0000000000000001e-03  2.0752196281109267e-03
4.4999999999999998e-02 2.9999999999999999e-02 4.0000000000000001e-03  2.0946957484344170e-03
4.4999999999999998e-02 3.3000000000000002e-02 4.0000000000000001e-03  2.1090455995270703e-03
4.4999999999999998e-02 3.6000000000000004e-02 4.0000000000000001e-03  2.1183974422308758e-03
4.4999999999999998e-02 3.9000000000000007e-02 4.0000000000000001e-03  2.1361714803187957e-03
4.4999999999999998e-02 4.2000000000000010e-02 4.0000000000000001e-03  2.1900208342515229e-03
4.4999999999999998e-02 4.4999999999999998e-02 4.0000000000000001e-03  2.1791583077352102e-03
