Grid Output Min: [-45mm -45mm 4mm] Max: [45mm 45mm 4mm] Grid Size: [3mm 3mm 0mm]
X, Y, Z, Scalar data "Mag_B"
-4.4999999999999998e-02 -4.4999999999999998e-02 4.0000000000000001e-03  2.4804733912664632e-03
-4.4999999999999998e-02 -4.1999999999999996e-02 4.0000000000000001e-03  2.3926380976167214e-03
-4.4999999999999998e-02 -3.9000000000000000e-02 4.0000000000000001e-03  2.2948901705578686e-03
-4.4999999999999998e-02 -3.5999999999999997e-02 4.0000000000000001e-03  2.2289572591656565e-03
-4.4999999999999998e-02 -3.3000000000000002e-02 4.0000000000000001e-03  2.1774281868238714e-03
-4.4999999999999998e-02 -2.9999999999999999e-02 4.0000000000000001e-03  2.1333434567841689e-03
-4.4999999999999998e-02 -2.6999999999999996e-02 4.0000000000000001e-03  2.0959363526276390e-03
-4.4999999999999998e-02 -2.3999999999999997e-02 4.0000000000000001e-03  2.0633351040376378e-03
-4.4999999999999998e-02 -2.0999999999999998e-02 4.0000000000000001e-03  2.0281246356088954e-03
-4.4999999999999998e-02 -1.7999999999999999e-02 4.0000000000000001e-03  1.9944083338230200e-03
-4.4999999999999998e-02 -1.4999999999999999e-02 4.0000000000000001e-03  1.9723458635954494e-03
-4.4999999999999998e-02 -1.1999999999999997e-02 4.0000000000000001e-03  1.9514425148673361e-03
-4.4999999999999998e-02 -8.9999999999999941e-03 4.0000000000000001e-03  1.9381695559056603e-03
-4.4999999999999998e-02 -5.9999999999999984e-03 4.0000000000000001e-03  1.9329948118843685e-03
-4.4999999999999998e-02 -2.9999999999999957e-03 4.0000000000000001e-03  1.9206641233755364e-03
-4.4999999999999998e-02 0.0000000000000000e+00 4.0000000000000001e-03  1.9487643509301577e-03
-4.4999999999999998e-02 3.0000000000000027e-03 4.0000000000000001e-03  1.9043617674110321e-03
-4.4999999999999998e-02 6.0000000000000053e-03 4.0000000000000001e-03  1.9389035587836128e-03
-4.4999999999999998e-02 9.0000000000000011e-03 4.0000000000000001e-03  1.9496704171591450e-03
-4.4999999999999998e-02 1.2000000000000004e-02 4.0000000000000001e-03  1.9173927112143409e-03
-4.4999999999999998e-02 1.4999999999999999e-02 4.0000000000000001e-03  1.9237566725626082e-03
-4.4999999999999998e-02 1.8000000000000002e-02 4.0000000000000001e-03  1.9365436828032772e-03
-4.4999999999999998e-02 2.1000000000000005e-02 4.0000000000000001e-03  1.9776057803345165e-03
-4.4999999999999998e-02 2.4000000000000007e-02 4.0000000000000001e-03  1.9563017941968404e-03
-4.4999999999999998e-02 2.7000000000000010e-02 4.0000000000000001e-03  1.9586899883035119e-03
-4.4999999999999998e-02 2.9999999999999999e-02 4.0000000000000001e-03  1.9753329647479879e-03
-4.4999999999999998e-02 3.3000000000000002e-02 4.0000000000000001e-03  2.0215984145358439e-03
-4.4999999999999998e-02 3.6000000000000004e-02 4.0000000000000001e-03  2.1032511666061512e-03
-4.4999999999999998e-02 3.9000000000000007e-02 4.0000000000000001e-03  2.1505085503803318e-03
-4.4999999999999998e-02 4.2000000000000010e-02 4.0000000000000001e-03  2.1479736898310097e-03
-4.4999999999999998e-02 4.4999999999999998e-02 4.0000000000000001e-03  2.1879139044465256e-03
-4.1999999999999996e-02 -4.4999999999999998e-02 4.0000000000000001e-03  2.3892668105219331e-03
-4.1999999999999996e-02 -4.1999999999999996e-02 4.0000000000000001e-03  2.2665992942741651e-03
-4.1999999999999996e-02 -3.9000000000000000e-02 4.0000000000000001e-03  2.1649430109232535e-03
-4.1999999999999996e-02 -3.5999999999999997e-02 4.0000000000000001e-03  2.0933553876650328e-03
-4.1999999999999996e-02 -3.3000000000000002e-02 4.0000000000000001e-03  2.0368318182484055e-03
-4.1999999999999996e-02 -2.9999999999999999e-02 4.0000000000000001e-03  1.9964339072409136e-03
-4.1999999999999996e-02 -2.6999999999999996e-02 4.0000000000000001e-03  1.9633781506675804e-03
-4.1999999999999996e-02 -2.3999999999999997e-02 4.0000000000000001e-03  1.9347939285876100e-03
-4.1999999999999996e-02 -2.0999999999999998e-02 4.0000000000000001e-03  1.9088767873834251e-03
-4.1999999999999996e-02 -1.7999999999999999e-02 4.0000000000000001e-03  1.8748864483744149e-03
-4.1999999999999996e-02 -1.4999999999999999e-02 4.0000000000000001e-03  1.8487949192526030e-03
-4.1999999999999996e-02 -1.1999999999999997e-02 4.0000000000000001e-03  1.8429835664078072e-03
-4.1999999999999996e-02 -8.9999999999999941e-03 4.0000000000000001e-03  1.8410385725008262e-03
-4.1999999999999996e-02 -5.9999999999999984e-03 4.0000000000000001e-03  1.8293895466095060e-03
-4.1999999999999996e-02 -2.9999999999999957e-03 4.0000000000000001e-03  1.8165871225355225e-03
-4.1999999999999996e-02 0.0000000000000000e+00 4.0000000000000001e-03  1.8315114693685604e-03
-4.1999999999999996e-02 3.0000000000000027e-03 4.0000000000000001e-03  1.8365861965745356e-03
-4.1999999999999996e-02 6.0000000000000053e-03 4.0000000000000001e-03  1.7937504778381447e-03
-4.1999999999999996e-02 9.0000000000000011e-03 4.0000000000000001e-03  1.8058995631946367e-03
-4.1999999999999996e-02 1.2000000000000004e-02 4.0000000000000001e-03  1.7964343425381957e-03
-4.1999999999999996e-02 1.4999999999999999e-02 4.0000000000000001e-03  1.8053137169775355e-03
-4.1999999999999996e-02 1.8000000000000002e-02 4.0000000000000001e-03  1.8085552306583686e-03
-4.1999999999999996e-02 2.1000000000000005e-02 4.0000000000000001e-03  1.8137369206283848e-03
-4.1999999999999996e-02 2.4000000000000007e-02 4.0000000000000001e-03  1.8329751605437364e-03
-4.1999999999999996e-02 2.7000000000000010e-02 4.0000000000000001e-03  1.8462196039676171e-03
-4.1999999999999996e-02 2.9999999999999999e-02 4.0000000000000001e-03  1.8589371607373936e-03
-4.1999999999999996e-02 3.3000000000000002e-02 4.0000000000000001e-03  1.8892960846087024e-03
-4.1999999999999996e-02 3.6000000000000004e-02 4.0000000000000001e-03  1.9669901499612670e-03
-4.1999999999999996e-02 3.9000000000000007e-02 4.0000000000000001e-03  2.0077221880235863e-03
-4.1999999999999996e-02 4.2000000000000010e-02 4.0000000000000001e-03  2.0122097974029063e-03
-4.1999999999999996e-02 4.4999999999999998e-02 4.0000000000000001e-03  2.0865780285694176e-03
-3.9000000000000000e-02 -4.4999999999999998e-02 4.0000000000000001e-03  2.2533789549511701e-03
-3.9000000000000000e-02 -4.1999999999999996e-02 4.0000000000000001e-03  2.1661487385461137e-03
-3.9000000000000000e-02 -3.9000000000000000e-02 4.0000000000000001e-03  2.0911503749718608e-03
-3.9000000000000000e-02 -3.5999999999999997e-02 4.0000000000000001e-03  1.9981577013622768e-03
-3.9000000000000000e-02 -3.3000000000000002e-02 4.0000000000000001e-03  1.9139695503775499e-03
-3.9000000000000000e-02 -2.9999999999999999e-02 4.0000000000000001e-03  1.8763234683443332e-03
-3.9000000000000000e-02 -2.6999999999999996e-02 4.0000000000000001e-03  1.8423538856092566e-03
-3.9000000000000000e-02 -2.3999999999999997e-02 4.0000000000000001e-03  1.8120344199398267e-03
-3.9000000000000000e-02 -2.0999999999999998e-02 4.0000000000000001e-03  1.7913150865073281e-03
-3.9000000000000000e-02 -1.7999999999999999e-02 4.0000000000000001e-03  1.7788215038380246e-03
-3.9000000000000000e-02 -1.4999999999999999e-02 4.0000000000000001e-03  1.7689501215463407e-03
-3.9000000000000000e-02 -1.1999999999999997e-02 4.0000000000000001e-03  1.7626226286024704e-03
-3.9000000000000000e-02 -8.9999999999999941e-03 4.0000000000000001e-03  1.7529332788873890e-03
-3.9000000000000000e-02 -5.9999999999999984e-03 4.0000000000000001e-03  1.7398451217225817e-03
-3.9000000000000000e-02 -2.9999999999999957e-03 4.0000000000000001e-03  1.7267959748123150e-03
-3.9000000000000000e-02 0.0000000000000000e+00 4.0000000000000001e-03  1.7311115783247991e-03
-3.9000000000000000e-02 3.0000000000000027e-03 4.0000000000000001e-03  1.7565513774368900e-03
-3.9000000000000000e-02 6.0000000000000053e-03 4.0000000000000001e-03  1.7352982851149908e-03
-3.9000000000000000e-02 9.0000000000000011e-03 4.0000000000000001e-03  1.6993192036649631e-03
-3.9000000000000000e-02 1.2000000000000004e-02 4.0000000000000001e-03  1.6934701366585522e-03
-3.9000000000000000e-02 1.4999999999999999e-02 4.0000000000000001e-03  1.7002532516968993e-03
-3.9000000000000000e-02 1.8000000000000002e-02 4.0000000000000001e-03  1.7087204477868889e-03
-3.9000000000000000e-02 2.1000000000000005e-02 4.0000000000000001e-03  1.7191251271978843e-03
-3.9000000000000000e-02 2.4000000000000007e-02 4.0000000000000001e-03  1.7314988587193306e-03
-3.9000000000000000e-02 2.7000000000000010e-02 4.0000000000000001e-03  1.7587260411305887e-03
-3.9000000000000000e-02 2.9999999999999999e-02 4.0000000000000001e-03  1.7743473324952871e-03
-3.9000000000000000e-02 3.3000000000000002e-02 4.0000000000000001e-03  1.7962311547616069e-03
-3.9000000000000000e-02 3.6000000000000004e-02 4.0000000000000001e-03  1.8624159953936226e-03
-3.9000000000000000e-02 3.9000000000000007e-02 4.0000000000000001e-03  1.8840274551374708e-03
-3.9000000000000000e-02 4.2000000000000010e-02 4.0000000000000001e-03  1.9483397329089695e-03
-3.9000000000000000e-02 4.4999999999999998e-02 4.0000000000000001e-03  2.0513130594906276e-03
-3.5999999999999997e-02 -4.4999999999999998e-02 4.0000000000000001e-03  2.1876607525846527e-03
-3.5999999999999997e-02 -4.1999999999999996e-02 4.0000000000000001e-03  2.0739110043406905e-03
-3.5999999999999997e-02 -3.9000000000000000e-02 4.0000000000000001e-03  1.9927376346769638e-03
-3.5999999999999997e-02 -3.5999999999999997e-02 4.0000000000000001e-03  1.9516695151144401e-03
-3.5999999999999997e-02 -3.3000000000000002e-02 4.0000000000000001e-03  1.8645893179371192e-03
-3.5999999999999997e-02 -2.9999999999999999e-02 4.0000000000000001e-03  1.8333170159438594e-03
-3.5999999999999997e-02 -2.6999999999999996e-02 4.0000000000000001e-03  1.8083875262948784e-03
-3.5999999999999997e-02 -2.3999999999999997e-02 4.0000000000000001e-03  1.7871204253202615e-03
-3.5999999999999997e-02 -2.0999999999999998e-02 4.0000000000000001e-03  1.7619940216493822e-03
-3.5999999999999997e-02 -1.7999999999999999e-02 4.0000000000000001e-03  1.7349602413699906e-03
-3.5999999999999997e-02 -1.4999999999999999e-02 4.0000000000000001e-03  1.7169941404890096e-03
-3.5999999999999997e-02 -1.1999999999999997e-02 4.0000000000000001e-03  1.6956593118701458e-03
-3.5999999999999997e-02 -8.9999999999999941e-03 4.0000000000000001e-03  1.6756573195500063e-03
-3.5999999999999997e-02 -5.9999999999999984e-03 4.0000000000000001e-03  1.6631910090877408e-03
-3.5999999999999997e-02 -2.9999999999999957e-03 4.0000000000000001e-03  1.6522263314971159e-03
-3.5999999999999997e-02 0.0000000000000000e+00 4.0000000000000001e-03  1.6454013638185730e-03
-3.5999999999999997e-02 3.0000000000000027e-03 4.0000000000000001e-03  1.6653726229884412e-03
-3.5999999999999997e-02 6.0000000000000053e-03 4.0000000000000001e-03  1.6807605137067127e-03
-3.5999999999999997e-02 9.0000000000000011e-03 4.0000000000000001e-03  1.6489176861756204e-03
-3.5999999999999997e-02 1.2000000000000004e-02 4.0000000000000001e-03  1.6308701389862385e-03
-3.5999999999999997e-02 1.4999999999999999e-02 4.0000000000000001e-03  1.6391540859439755e-03
-3.5999999999999997e-02 1.8000000000000002e-02 4.0000000000000001e-03  1.6496326530808906e-03
-3.5999999999999997e-02 2.1000000000000005e-02 4.0000000000000001e-03  1.6623216011635489e-03
-3.5999999999999997e-02 2.4000000000000007e-02 4.0000000000000001e-03  1.6772434673058027e-03
-3.5999999999999997e-02 2.7000000000000010e-02 4.0000000000000001e-03  1.6955011856033704e-03
-3.5999999999999997e-02 2.9999999999999999e-02 4.0000000000000001e-03  1.7172741680267171e-03
-3.5999999999999997e-02 3.3000000000000002e-02 4.0000000000000001e-03  1.7367587601819249e-03
-3.5999999999999997e-02 3.6000000000000004e-02 4.0000000000000001e-03  1.7768938801750800e-03
-3.5999999999999997e-02 3.9000000000000007e-02 4.0000000000000001e-03  1.8258278088284174e-03
-3.5999999999999997e-02 4.2000000000000010e-02 4.0000000000000001e-03  1.9039688755292394e-03
-3.5999999999999997e-02 4.4999999999999998e-02 4.0000000000000001e-03  2.0059046459330078e-03
-3.3000000000000002e-02 -4.4999999999999998e-02 4.0000000000000001e-03  2.1460944924144047e-03
-3.3000000000000002e-02 -4.1999999999999996e-02 4.0000000000000001e-03  2.0243461088961211e-03
-3.3000000000000002e-02 -3.9000000000000000e-02 4.0000000000000001e-03  1.9387892370419273e-03
-3.3000000000000002e-02 -3.5999999999999997e-02 4.0000000000000001e-03  1.8834320296210281e-03
-3.3000000000000002e-02 -3.3000000000000002e-02 4.0000000000000001e-03  1.8457330502067914e-03
-3.3000000000000002e-02 -2.9999999999999999e-02 4.0000000000000001e-03  1.8010909877161250e-03
-3.3000000000000002e-02 -2.6999999999999996e-02 4.0000000000000001e-03  1.7820219154800123e-03
-3.3000000000000002e-02 -2.3999999999999997e-02 4.0000000000000001e-03  1.7551788279631761e-03
-3.3000000000000002e-02 -2.0999999999999998e-02 4.0000000000000001e-03  1.7265279841381142e-03
-3.3000000000000002e-02 -1.7999999999999999e-02 4.0000000000000001e-03  1.6960686649436861e-03
-3.3000000000000002e-02 -1.4999999999999999e-02 4.0000000000000001e-03  1.6638007214259108e-03
-3.3000000000000002e-02 -1.1999999999999997e-02 4.0000000000000001e-03  1.6439985907648325e-03
-3.3000000000000002e-02 -8.9999999999999941e-03 4.0000000000000001e-03  1.6357877267079877e-03
-3.3000000000000002e-02 -5.9999999999999984e-03 4.0000000000000001e-03  1.6298629575958489e-03
-3.3000000000000002e-02 -2.9999999999999957e-03 4.0000000000000001e-03  1.6188408286589701e-03
-3.3000000000000002e-02 0.0000000000000000e+00 4.0000000000000001e-03  1.6078032109333865e-03
-3.3000000000000002e-02 3.0000000000000027e-03 4.0000000000000001e-03  1.5967597105784005e-03
-3.3000000000000002e-02 6.0000000000000053e-03 4.0000000000000001e-03  1.6072813428537566e-03
-3.3000000000000002e-02 9.0000000000000011e-03 4.0000000000000001e-03  1.6016410516540875e-03
-3.3000000000000002e-02 1.2000000000000004e-02 4.0000000000000001e-03  1.5934014308678292e-03
-3.3000000000000002e-02 1.4999999999999999e-02 4.0000000000000001e-03  1.6021697408797970e-03
-3.3000000000000002e-02 1.8000000000000002e-02 4.0000000000000001e-03  1.6131838282654862e-03
-3.3000000000000002e-02 2.1000000000000005e-02 4.0000000000000001e-03  1.6264471629775007e-03
-3.3000000000000002e-02 2.4000000000000007e-02 4.0000000000000001e-03  1.6419699913157392e-03
-3.3000000000000002e-02 2.7000000000000010e-02 4.0000000000000001e-03  1.6602573263496114e-03
-3.3000000000000002e-02 2.9999999999999999e-02 4.0000000000000001e-03  1.6803035078861129e-03
-3.3000000000000002e-02 3.3000000000000002e-02 4.0000000000000001e-03  1.7012703523581751e-03
-3.3000000000000002e-02 3.6000000000000004e-02 4.0000000000000001e-03  1.7325820286217073e-03
-3.3000000000000002e-02 3.9000000000000007e-02 4.0000000000000001e-03  1.7888076839914907e-03
-3.3000000000000002e-02 4.2000000000000010e-02 4.0000000000000001e-03  1.8688681888266337e-03
-3.3000000000000002e-02 4.4999999999999998e-02 4.0000000000000001e-03  1.9726643156573439e-03
-2.9999999999999999e-02 -4.4999999999999998e-02 4.0000000000000001e-03  2.1278475192096700e-03
-2.9999999999999999e-02 -4.1999999999999996e-02 4.0000000000000001e-03  1.9984877773391936e-03
-2.9999999999999999e-02 -3.9000000000000000e-02 4.0000000000000001e-03  1.9051366237653065e-03
-2.9999999999999999e-02 -3.5999999999999997e-02 4.0000000000000001e-03  1.8436121264220663e-03
-2.9999999999999999e-02 -3.3000000000000002e-02 4.0000000000000001e-03  1.8063798009023170e-03
-2.9999999999999999e-02 -2.9999999999999999e-02 4.0000000000000001e-03  1.7733038180630725e-03
-2.9999999999999999e-02 -2.6999999999999996e-02 4.0000000000000001e-03  1.7467057801890400e-03
-2.9999999999999999e-02 -2.3999999999999997e-02 4.0000000000000001e-03  1.7201752179245983e-03
-2.9999999999999999e-02 -2.0999999999999998e-02 4.0000000000000001e-03  1.6927541791712799e-03
-2.9999999999999999e-02 -1.7999999999999999e-02 4.0000000000000001e-03  1.6644420527749113e-03
-2.9999999999999999e-02 -1.4999999999999999e-02 4.0000000000000001e-03  1.6352391744875923e-03
-2.9999999999999999e-02 -1.1999999999999997e-02 4.0000000000000001e-03  1.6206092805890286e-03
-2.9999999999999999e-02 -8.9999999999999941e-03 4.0000000000000001e-03  1.6089525893752477e-03
-2.9999999999999999e-02 -5.9999999999999984e-03 4.0000000000000001e-03  1.5986831305511238e-03
-2.9999999999999999e-02 -2.9999999999999957e-03 4.0000000000000001e-03  1.5934096486043840e-03
-2.9999999999999999e-02 0.0000000000000000e+00 4.0000000000000001e-03  1.5823468662900444e-03
-2.9999999999999999e-02 3.0000000000000027e-03 4.0000000000000001e-03  1.5712061374854071e-03
-2.9999999999999999e-02 6.0000000000000053e-03 4.0000000000000001e-03  1.5600820798184673e-03
-2.9999999999999999e-02 9.0000000000000011e-03 4.0000000000000001e-03  1.5559574664120955e-03
-2.9999999999999999e-02 1.2000000000000004e-02 4.0000000000000001e-03  1.5567982712661867e-03
-2.9999999999999999e-02 1.4999999999999999e-02 4.0000000000000001e-03  1.5658395495998642e-03
-2.9999999999999999e-02 1.8000000000000002e-02 4.0000000000000001e-03  1.5771904678997379e-03
-2.9999999999999999e-02 2.1000000000000005e-02 4.0000000000000001e-03  1.5908422053044502e-03
-2.9999999999999999e-02 2.4000000000000007e-02 4.0000000000000001e-03  1.6067927172999505e-03
-2.9999999999999999e-02 2.7000000000000010e-02 4.0000000000000001e-03  1.6251594228514586e-03
-2.9999999999999999e-02 2.9999999999999999e-02 4.0000000000000001e-03  1.6484829301797576e-03
-2.9999999999999999e-02 3.3000000000000002e-02 4.0000000000000001e-03  1.6695854263496256e-03
-2.9999999999999999e-02 3.6000000000000004e-02 4.0000000000000001e-03  1.7053786094557773e-03
-2.9999999999999999e-02 3.9000000000000007e-02 4.0000000000000001e-03  1.7641465069067237e-03
-2.9999999999999999e-02 4.2000000000000010e-02 4.0000000000000001e-03  1.8460079897407275e-03
-2.9999999999999999e-02 4.4999999999999998e-02 4.0000000000000001e-03  1.9514155861783315e-03
-2.6999999999999996e-02 -4.4999999999999998e-02 4.0000000000000001e-03  2.1116060102007147e-03
-2.6999999999999996e-02 -4.1999999999999996e-02 4.0000000000000001e-03  1.9828213752848250e-03
-2.6999999999999996e-02 -3.9000000000000000e-02 4.0000000000000001e-03  1.8894435824030713e-03
-2.6999999999999996e-02 -3.5999999999999997e-02 4.0000000000000001e-03  1.8279233260753108e-03
-2.6999999999999996e-02 -3.3000000000000002e-02 4.0000000000000001e-03  1.7956179822319869e-03
-2.6999999999999996e-02 -2.9999999999999999e-02 4.0000000000000001e-03  1.7602321223082332e-03
-2.6999999999999996e-02 -2.6999999999999996e-02 4.0000000000000001e-03  1.7187703421284810e-03
-2.6999999999999996e-02 -2.3999999999999997e-02 4.0000000000000001e-03  1.6916612798113420e-03
-2.6999999999999996e-02 -2.0999999999999998e-02 4.0000000000000001e-03  1.6658605782658316e-03
-2.6999999999999996e-02 -1.7999999999999999e-02 4.0000000000000001e-03  1.6391716667537612e-03
-2.6999999999999996e-02 -1.4999999999999999e-02 4.0000000000000001e-03  1.6127467184248209e-03
-2.6999999999999996e-02 -1.1999999999999997e-02 4.0000000000000001e-03  1.6026318631436273e-03
-2.6999999999999996e-02 -8.9999999999999941e-03 4.0000000000000001e-03  1.5917378236151851e-03
-2.6999999999999996e-02 -5.9999999999999984e-03 4.0000000000000001e-03  1.5821894724019018e-03
-2.6999999999999996e-02 -2.9999999999999957e-03 4.0000000000000001e-03  1.5736713233014633e-03
-2.6999999999999996e-02 0.0000000000000000e+00 4.0000000000000001e-03  1.5636739374250705e-03
-2.6999999999999996e-02 3.0000000000000027e-03 4.0000000000000001e-03  1.5512791134008397e-03
-2.6999999999999996e-02 6.0000000000000053e-03 4.0000000000000001e-03  1.5386893585556598e-03
-2.6999999999999996e-02 9.0000000000000011e-03 4.0000000000000001e-03  1.5342572534397889e-03
-2.6999999999999996e-02 1.2000000000000004e-02 4.0000000000000001e-03  1.5370957476515173e-03
-2.6999999999999996e-02 1.4999999999999999e-02 4.0000000000000001e-03  1.5437736096672668e-03
-2.6999999999999996e-02 1.8000000000000002e-02 4.0000000000000001e-03  1.5529332336735289e-03
-2.6999999999999996e-02 2.1000000000000005e-02 4.0000000000000001e-03  1.5645647057380163e-03
-2.6999999999999996e-02 2.4000000000000007e-02 4.0000000000000001e-03  1.5786640493316538e-03
-2.6999999999999996e-02 2.7000000000000010e-02 4.0000000000000001e-03  1.5992662455706435e-03
-2.6999999999999996e-02 2.9999999999999999e-02 4.0000000000000001e-03  1.6207420835686716e-03
-2.6999999999999996e-02 3.3000000000000002e-02 4.0000000000000001e-03  1.6405801256031971e-03
-2.6999999999999996e-02 3.6000000000000004e-02 4.0000000000000001e-03  1.6806901723509101e-03
-2.6999999999999996e-02 3.9000000000000007e-02 4.0000000000000001e-03  1.7438113766577047e-03
-2.6999999999999996e-02 4.2000000000000010e-02 4.0000000000000001e-03  1.8300808996509822e-03
-2.6999999999999996e-02 4.4999999999999998e-02 4.0000000000000001e-03  1.9396565123169758e-03
-2.3999999999999997e-02 -4.4999999999999998e-02 4.0000000000000001e-03  2.0947960025306375e-03
-2.3999999999999997e-02 -4.1999999999999996e-02 4.0000000000000001e-03  1.9665452925126262e-03
-2.3999999999999997e-02 -3.9000000000000000e-02 4.0000000000000001e-03  1.8738582498539717e-03
-2.3999999999999997e-02 -3.5999999999999997e-02 4.0000000000000001e-03  1.8231483922355324e-03
-2.3999999999999997e-02 -3.3000000000000002e-02 4.0000000000000001e-03  1.7872752928077816e-03
-2.3999999999999997e-02 -2.9999999999999999e-02 4.0000000000000001e-03  1.7470667590341988e-03
-2.3999999999999997e-02 -2.6999999999999996e-02 4.0000000000000001e-03  1.7067911907670699e-03
-2.3999999999999997e-02 -2.3999999999999997e-02 4.0000000000000001e-03  1.6668803720933658e-03
-2.3999999999999997e-02 -2.0999999999999998e-02 4.0000000000000001e-03  1.6393910161011484e-03
-2.3999999999999997e-02 -1.7999999999999999e-02 4.0000000000000001e-03  1.6143263067718327e-03
-2.3999999999999997e-02 -1.4999999999999999e-02 4.0000000000000001e-03  1.5941047012764701e-03
-2.3999999999999997e-02 -1.1999999999999997e-02 4.0000000000000001e-03  1.5844912568101016e-03
-2.3999999999999997e-02 -8.9999999999999941e-03 4.0000000000000001e-03  1.5743951662578160e-03
-2.3999999999999997e-02 -5.9999999999999984e-03 4.0000000000000001e-03  1.5654479732153891e-03
-2.3999999999999997e-02 -2.9999999999999957e-03 4.0000000000000001e-03  1.5575258112785122e-03
-2.3999999999999997e-02 0.0000000000000000e+00 4.0000000000000001e-03  1.5448083240740596e-03
-2.3999999999999997e-02 3.0000000000000027e-03 4.0000000000000001e-03  1.5302791897536000e-03
-2.3999999999999997e-02 6.0000000000000053e-03 4.0000000000000001e-03  1.5244324861075971e-03
-2.3999999999999997e-02 9.0000000000000011e-03 4.0000000000000001e-03  1.5238709486051704e-03
-2.3999999999999997e-02 1.2000000000000004e-02 4.0000000000000001e-03  1.5247207219341681e-03
-2.3999999999999997e-02 1.4999999999999999e-02 4.0000000000000001e-03  1.5283480320296859e-03
-2.3999999999999997e-02 1.8000000000000002e-02 4.0000000000000001e-03  1.5349267618355738e-03
-2.3999999999999997e-02 2.1000000000000005e-02 4.0000000000000001e-03  1.5439738173424872e-03
-2.3999999999999997e-02 2.4000000000000007e-02 4.0000000000000001e-03  1.5554809025004428e-03
-2.3999999999999997e-02 2.7000000000000010e-02 4.0000000000000001e-03  1.5762967725310372e-03
-2.3999999999999997e-02 2.9999999999999999e-02 4.0000000000000001e-03  1.5924945833143381e-03
-2.3999999999999997e-02 3.3000000000000002e-02 4.0000000000000001e-03  1.6140694298629262e-03
-2.3999999999999997e-02 3.6000000000000004e-02 4.0000000000000001e-03  1.6585023740424828e-03
-2.3999999999999997e-02 3.9000000000000007e-02 4.0000000000000001e-03  1.7260039680198895e-03
-2.3999999999999997e-02 4.2000000000000010e-02 4.0000000000000001e-03  1.8051305424950019e-03
-2.3999999999999997e-02 4.4999999999999998e-02 4.0000000000000001e-03  1.9701122202725220e-03
-2.0999999999999998e-02 -4.4999999999999998e-02 4.0000000000000001e-03  2.0774256902769458e-03
-2.0999999999999998e-02 -4.1999999999999996e-02 4.0000000000000001e-03  1.9497550024202288e-03
-2.0999999999999998e-02 -3.9000000000000000e-02 4.0000000000000001e-03  1.8647263299551729e-03
-2.0999999999999998e-02 -3.5999999999999997e-02 4.0000000000000001e-03  1.8210863023702499e-03
-2.0999999999999998e-02 -3.3000000000000002e-02 4.0000000000000001e-03  1.7740184214690851e-03
-2.0999999999999998e-02 -2.9999999999999999e-02 4.0000000000000001e-03  1.7314549882849254e-03
-2.0999999999999998e-02 -2.6999999999999996e-02 4.0000000000000001e-03  1.6947141778721490e-03
-2.0999999999999998e-02 -2.3999999999999997e-02 4.0000000000000001e-03  1.6560146673469012e-03
-2.0999999999999998e-02 -2.0999999999999998e-02 4.0000000000000001e-03  1.6176448686160089e-03
-2.0999999999999998e-02 -1.7999999999999999e-02 4.0000000000000001e-03  1.5899116674313299e-03
-2.0999999999999998e-02 -1.4999999999999999e-02 4.0000000000000001e-03  1.5753070753325733e-03
-2.0999999999999998e-02 -1.1999999999999997e-02 4.0000000000000001e-03  1.5661913215152029e-03
-2.0999999999999998e-02 -8.9999999999999941e-03 4.0000000000000001e-03  1.5568065154454276e-03
-2.0999999999999998e-02 -5.9999999999999984e-03 4.0000000000000001e-03  1.5484602601880490e-03
-2.0999999999999998e-02 -2.9999999999999957e-03 4.0000000000000001e-03  1.5407930991766636e-03
-2.0999999999999998e-02 0.0000000000000000e+00 4.0000000000000001e-03  1.5243275117797668e-03
-2.0999999999999998e-02 3.0000000000000027e-03 4.0000000000000001e-03  1.5169770183945930e-03
-2.0999999999999998e-02 6.0000000000000053e-03 4.0000000000000001e-03  1.5138900036051777e-03
-2.0999999999999998e-02 9.0000000000000011e-03 4.0000000000000001e-03  1.5122144731170885e-03
-2.0999999999999998e-02 1.2000000000000004e-02 4.0000000000000001e-03  1.5119495356116142e-03
-2.0999999999999998e-02 1.4999999999999999e-02 4.0000000000000001e-03  1.5131143507758893e-03
-2.0999999999999998e-02 1.8000000000000002e-02 4.0000000000000001e-03  1.5171152449811867e-03
-2.0999999999999998e-02 2.1000000000000005e-02 4.0000000000000001e-03  1.5235855183413837e-03
-2.0999999999999998e-02 2.4000000000000007e-02 4.0000000000000001e-03  1.5352913468111515e-03
-2.0999999999999998e-02 2.7000000000000010e-02 4.0000000000000001e-03  1.5528549207352560e-03
-2.0999999999999998e-02 2.9999999999999999e-02 4.0000000000000001e-03  1.5642616467096873e-03
-2.0999999999999998e-02 3.3000000000000002e-02 4.0000000000000001e-03  1.5900473439599096e-03
-2.0999999999999998e-02 3.6000000000000004e-02 4.0000000000000001e-03  1.6078714270416376e-03
-2.0999999999999998e-02 3.9000000000000007e-02 4.0000000000000001e-03  1.6881684422072509e-03
-2.0999999999999998e-02 4.2000000000000010e-02 4.0000000000000001e-03  1.8175526350042472e-03
-2.0999999999999998e-02 4.4999999999999998e-02 4.0000000000000001e-03  1.9881877911618988e-03
-1.7999999999999999e-02 -4.4999999999999998e-02 4.0000000000000001e-03  2.0595059144516265e-03
-1.7999999999999999e-02 -4.1999999999999996e-02 4.0000000000000001e-03  1.9324669846698035e-03
-1.7999999999999999e-02 -3.9000000000000000e-02 4.0000000000000001e-03  1.8688825821232280e-03
-1.7999999999999999e-02 -3.5999999999999997e-02 4.0000000000000001e-03  1.8144737281812835e-03
-1.7999999999999999e-02 -3.3000000000000002e-02 4.0000000000000001e-03  1.7627013646211167e-03
-1.7999999999999999e-02 -2.9999999999999999e-02 4.0000000000000001e-03  1.7173271601396963e-03
-1.7999999999999999e-02 -2.6999999999999996e-02 4.0000000000000001e-03  1.6780519971662721e-03
-1.7999999999999999e-02 -2.3999999999999997e-02 4.0000000000000001e-03  1.6446254714115847e-03
-1.7999999999999999e-02 -2.0999999999999998e-02 4.0000000000000001e-03  1.6079129042378306e-03
-1.7999999999999999e-02 -1.7999999999999999e-02 4.0000000000000001e-03  1.5710889280362256e-03
-1.7999999999999999e-02 -1.4999999999999999e-02 4.0000000000000001e-03  1.5563585919720195e-03
-1.7999999999999999e-02 -1.1999999999999997e-02 4.0000000000000001e-03  1.5477374476625333e-03
-1.7999999999999999e-02 -8.9999999999999941e-03 4.0000000000000001e-03  1.5389748207541585e-03
-1.7999999999999999e-02 -5.9999999999999984e-03 4.0000000000000001e-03  1.5312286911759361e-03
-1.7999999999999999e-02 -2.9999999999999957e-03 4.0000000000000001e-03  1.5208291953898152e-03
-1.7999999999999999e-02 0.0000000000000000e+00 4.0000000000000001e-03  1.5118850331089903e-03
-1.7999999999999999e-02 3.0000000000000027e-03 4.0000000000000001e-03  1.5062730605718028e-03
-1.7999999999999999e-02 6.0000000000000053e-03 4.0000000000000001e-03  1.5020727781422784e-03
-1.7999999999999999e-02 9.0000000000000011e-03 4.0000000000000001e-03  1.4992835094874808e-03
-1.7999999999999999e-02 1.2000000000000004e-02 4.0000000000000001e-03  1.4979048537578300e-03
-1.7999999999999999e-02 1.4999999999999999e-02 4.0000000000000001e-03  1.4979366855871182e-03
-1.7999999999999999e-02 1.8000000000000002e-02 4.0000000000000001e-03  1.4994965348240023e-03
-1.7999999999999999e-02 2.1000000000000005e-02 4.0000000000000001e-03  1.5033953063287126e-03
-1.7999999999999999e-02 2.4000000000000007e-02 4.0000000000000001e-03  1.5166199349805744e-03
-1.7999999999999999e-02 2.7000000000000010e-02 4.0000000000000001e-03  1.5289133826594174e-03
-1.7999999999999999e-02 2.9999999999999999e-02 4.0000000000000001e-03  1.5095660289346879e-03
-1.7999999999999999e-02 3.3000000000000002e-02 4.0000000000000001e-03  1.5167559287357108e-03
-1.7999999999999999e-02 3.6000000000000004e-02 4.0000000000000001e-03  1.5603129976990838e-03
-1.7999999999999999e-02 3.9000000000000007e-02 4.0000000000000001e-03  1.6417911704621009e-03
-1.7999999999999999e-02 4.2000000000000010e-02 4.0000000000000001e-03  1.7626331296162190e-03
-1.7999999999999999e-02 4.4999999999999998e-02 4.0000000000000001e-03  1.9241703057070632e-03
-1.4999999999999999e-02 -4.4999999999999998e-02 4.0000000000000001e-03  2.0410501630011377e-03
-1.4999999999999999e-02 -4.1999999999999996e-02 4.0000000000000001e-03  1.9338305976876826e-03
-1.4999999999999999e-02 -3.9000000000000000e-02 4.0000000000000001e-03  1.8706204179962016e-03
-1.4999999999999999e-02 -3.5999999999999997e-02 4.0000000000000001e-03  1.8085243969885431e-03
-1.4999999999999999e-02 -3.3000000000000002e-02 4.0000000000000001e-03  1.7534831100423406e-03
-1.4999999999999999e-02 -2.9999999999999999e-02 4.0000000000000001e-03  1.7051100490185968e-03
-1.4999999999999999e-02 -2.6999999999999996e-02 4.0000000000000001e-03  1.6630674190598006e-03
-1.4999999999999999e-02 -2.3999999999999997e-02 4.0000000000000001e-03  1.6270661385899420e-03
-1.4999999999999999e-02 -2.0999999999999998e-02 4.0000000000000001e-03  1.5968658393144951e-03
-1.4999999999999999e-02 -1.7999999999999999e-02 4.0000000000000001e-03  1.5625103893114893e-03
-1.4999999999999999e-02 -1.4999999999999999e-02 4.0000000000000001e-03  1.5443762400629876e-03
-1.4999999999999999e-02 -1.1999999999999997e-02 4.0000000000000001e-03  1.5299365235017784e-03
-1.4999999999999999e-02 -8.9999999999999941e-03 4.0000000000000001e-03  1.5232166846020968e-03
-1.4999999999999999e-02 -5.9999999999999984e-03 4.0000000000000001e-03  1.5173419350724084e-03
-1.4999999999999999e-02 -2.9999999999999957e-03 4.0000000000000001e-03  1.5096230005329512e-03
-1.4999999999999999e-02 0.0000000000000000e+00 4.0000000000000001e-03  1.5016712504411346e-03
-1.4999999999999999e-02 3.0000000000000027e-03 4.0000000000000001e-03  1.4946949723377240e-03
-1.4999999999999999e-02 6.0000000000000053e-03 4.0000000000000001e-03  1.4889770886317053e-03
-1.4999999999999999e-02 9.0000000000000011e-03 4.0000000000000001e-03  1.4850752642687711e-03
-1.4999999999999999e-02 1.2000000000000004e-02 4.0000000000000001e-03  1.4825848105648671e-03
-1.4999999999999999e-02 1.4999999999999999e-02 4.0000000000000001e-03  1.4815060926229120e-03
-1.4999999999999999e-02 1.8000000000000002e-02 4.0000000000000001e-03  1.4818397510292002e-03
-1.4999999999999999e-02 2.1000000000000005e-02 4.0000000000000001e-03  1.4836767982097424e-03
-1.4999999999999999e-02 2.4000000000000007e-02 4.0000000000000001e-03  1.5009370701292051e-03
-1.4999999999999999e-02 2.7000000000000010e-02 4.0000000000000001e-03  1.5262695867893357e-03
-1.4999999999999999e-02 2.9999999999999999e-02 4.0000000000000001e-03  1.5147708168511756e-03
-1.4999999999999999e-02 3.3000000000000002e-02 4.0000000000000001e-03  1.5085095618750603e-03
-1.4999999999999999e-02 3.6000000000000004e-02 4.0000000000000001e-03  1.5453978587121459e-03
-1.4999999999999999e-02 3.9000000000000007e-02 4.0000000000000001e-03  1.6195731335328484e-03
-1.4999999999999999e-02 4.2000000000000010e-02 4.0000000000000001e-03  1.7324975675322069e-03
-1.4999999999999999e-02 4.4999999999999998e-02 4.0000000000000001e-03  1.8855220898594232e-03
-1.1999999999999997e-02 -4.4999999999999998e-02 4.0000000000000001e-03  2.0220745708064130e-03
-1.1999999999999997e-02 -4.1999999999999996e-02 4.0000000000000001e-03  1.9449306667651846e-03
-1.1999999999999997e-02 -3.9000000000000000e-02 4.0000000000000001e-03  1.8710886105608410e-03
-1.1999999999999997e-02 -3.5999999999999997e-02 4.0000000000000001e-03  1.8051207440962591e-03
-1.1999999999999997e-02 -3.3000000000000002e-02 4.0000000000000001e-03  1.7465531686641864e-03
-1.1999999999999997e-02 -2.9999999999999999e-02 4.0000000000000001e-03  1.6949606988388721e-03
-1.1999999999999997e-02 -2.6999999999999996e-02 4.0000000000000001e-03  1.6499668624760549e-03
-1.1999999999999997e-02 -2.3999999999999997e-02 4.0000000000000001e-03  1.6112439007129583e-03
-1.1999999999999997e-02 -2.0999999999999998e-02 4.0000000000000001e-03  1.5785127679683185e-03
-1.1999999999999997e-02 -1.7999999999999999e-02 4.0000000000000001e-03  1.5549931549764023e-03
-1.1999999999999997e-02 -1.4999999999999999e-02 4.0000000000000001e-03  1.5358922983918629e-03
-1.1999999999999997e-02 -1.1999999999999997e-02 4.0000000000000001e-03  1.5240906015544823e-03
-1.1999999999999997e-02 -8.9999999999999941e-03 4.0000000000000001e-03  1.5167183683068807e-03
-1.1999999999999997e-02 -5.9999999999999984e-03 4.0000000000000001e-03  1.5098968055497766e-03
-1.1999999999999997e-02 -2.9999999999999957e-03 4.0000000000000001e-03  1.5014089169499705e-03
-1.1999999999999997e-02 0.0000000000000000e+00 4.0000000000000001e-03  1.4938989217678717e-03
-1.1999999999999997e-02 3.0000000000000027e-03 4.0000000000000001e-03  1.4873649767701369e-03
-1.1999999999999997e-02 6.0000000000000053e-03 4.0000000000000001e-03  1.4818059550904968e-03
-1.1999999999999997e-02 9.0000000000000011e-03 4.0000000000000001e-03  1.4772214462297727e-03
-1.1999999999999997e-02 1.2000000000000004e-02 4.0000000000000001e-03  1.4736117560558645e-03
-1.1999999999999997e-02 1.4999999999999999e-02 4.0000000000000001e-03  1.4709779068037580e-03
-1.1999999999999997e-02 1.8000000000000002e-02 4.0000000000000001e-03  1.4693216370755208e-03
-1.1999999999999997e-02 2.1000000000000005e-02 4.0000000000000001e-03  1.4740661991994319e-03
-1.1999999999999997e-02 2.4000000000000007e-02 4.0000000000000001e-03  1.5070457920039583e-03
-1.1999999999999997e-02 2.7000000000000010e-02 4.0000000000000001e-03  1.5314862793465510e-03
-1.1999999999999997e-02 2.9999999999999999e-02 4.0000000000000001e-03  1.5339089094440939e-03
-1.1999999999999997e-02 3.3000000000000002e-02 4.0000000000000001e-03  1.5225692867991217e-03
-1.1999999999999997e-02 3.6000000000000004e-02 4.0000000000000001e-03  1.5514787194893670e-03
-1.1999999999999997e-02 3.9000000000000007e-02 4.0000000000000001e-03  1.6213888105150204e-03
-1.1999999999999997e-02 4.2000000000000010e-02 4.0000000000000001e-03  1.7269889164167589e-03
-1.1999999999999997e-02 4.4999999999999998e-02 4.0000000000000001e-03  1.8720545998525504e-03
-8.9999999999999941e-03 -4.4999999999999998e-02 4.0000000000000001e-03  2.0404613410213391e-03
-8.9999999999999941e-03 -4.1999999999999996e-02 4.0000000000000001e-03  1.9531432211934083e-03
-8.9999999999999941e-03 -3.9000000000000000e-02 4.0000000000000001e-03  1.8746816274791303e-03
-8.9999999999999941e-03 -3.5999999999999997e-02 4.0000000000000001e-03  1.8045152706030081e-03
-8.9999999999999941e-03 -3.3000000000000002e-02 4.0000000000000001e-03  1.7421315745710492e-03
-8.9999999999999941e-03 -2.9999999999999999e-02 4.0000000000000001e-03  1.6872057840047760e-03
-8.9999999999999941e-03 -2.6999999999999996e-02 4.0000000000000001e-03  1.6417787504264285e-03
-8.9999999999999941e-03 -2.3999999999999997e-02 4.0000000000000001e-03  1.6058568283657177e-03
-8.9999999999999941e-03 -2.0999999999999998e-02 4.0000000000000001e-03  1.5788062347187955e-03
-8.9999999999999941e-03 -1.7999999999999999e-02 4.0000000000000001e-03  1.5562246262913245e-03
-8.9999999999999941e-03 -1.4999999999999999e-02 4.0000000000000001e-03  1.5324494445311649e-03
-8.9999999999999941e-03 -1.1999999999999997e-02 4.0000000000000001e-03  1.5213277572778004e-03
-8.9999999999999941e-03 -8.9999999999999941e-03 4.0000000000000001e-03  1.5106670674455941e-03
-8.9999999999999941e-03 -5.9999999999999984e-03 4.0000000000000001e-03  1.5021280149069669e-03
-8.9999999999999941e-03 -2.9999999999999957e-03 4.0000000000000001e-03  1.4940832662359105e-03
-8.9999999999999941e-03 0.0000000000000000e+00 4.0000000000000001e-03  1.4870169970297253e-03
-8.9999999999999941e-03 3.0000000000000027e-03 4.0000000000000001e-03  1.4809271842215325e-03
-8.9999999999999941e-03 6.0000000000000053e-03 4.0000000000000001e-03  1.4758125211115462e-03
-8.9999999999999941e-03 9.0000000000000011e-03 4.0000000000000001e-03  1.4716724173670561e-03
-8.9999999999999941e-03 1.2000000000000004e-02 4.0000000000000001e-03  1.4685069990224386e-03
-8.9999999999999941e-03 1.4999999999999999e-02 4.0000000000000001e-03  1.4663171084791538e-03
-8.9999999999999941e-03 1.8000000000000002e-02 4.0000000000000001e-03  1.4651043045057464e-03
-8.9999999999999941e-03 2.1000000000000005e-02 4.0000000000000001e-03  1.4707513426372317e-03
-8.9999999999999941e-03 2.4000000000000007e-02 4.0000000000000001e-03  1.4926029175629338e-03
-8.9999999999999941e-03 2.7000000000000010e-02 4.0000000000000001e-03  1.5289862450744050e-03
-8.9999999999999941e-03 2.9999999999999999e-02 4.0000000000000001e-03  1.5537827195005339e-03
-8.9999999999999941e-03 3.3000000000000002e-02 4.0000000000000001e-03  1.5374275158892693e-03
-8.9999999999999941e-03 3.6000000000000004e-02 4.0000000000000001e-03  1.5614894822682556e-03
-8.9999999999999941e-03 3.9000000000000007e-02 4.0000000000000001e-03  1.6268734339325423e-03
-8.9999999999999941e-03 4.2000000000000010e-02 4.0000000000000001e-03  1.7342825178652873e-03
-8.9999999999999941e-03 4.4999999999999998e-02 4.0000000000000001e-03  1.8836645422531124e-03
-5.9999999999999984e-03 -4.4999999999999998e-02 4.0000000000000001e-03  2.0580221354233930e-03
-5.9999999999999984e-03 -4.1999999999999996e-02 4.0000000000000001e-03  1.9617090039650924e-03
-5.9999999999999984e-03 -3.9000000000000000e-02 4.0000000000000001e-03  1.8734625707765723e-03
-5.9999999999999984e-03 -3.5999999999999997e-02 4.0000000000000001e-03  1.7981971295657660e-03
-5.9999999999999984e-03 -3.3000000000000002e-02 4.0000000000000001e-03  1.7348347302882845e-03
-5.9999999999999984e-03 -2.9999999999999999e-02 4.0000000000000001e-03  1.6824102107778471e-03
-5.9999999999999984e-03 -2.6999999999999996e-02 4.0000000000000001e-03  1.6400711967462385e-03
-5.9999999999999984e-03 -2.3999999999999997e-02 4.0000000000000001e-03  1.6070781017833451e-03
-5.9999999999999984e-03 -2.0999999999999998e-02 4.0000000000000001e-03  1.5828041273571313e-03
-5.9999999999999984e-03 -1.7999999999999999e-02 4.0000000000000001e-03  1.5578186418610895e-03
-5.9999999999999984e-03 -1.4999999999999999e-02 4.0000000000000001e-03  1.5312913168198997e-03
-5.9999999999999984e-03 -1.1999999999999997e-02 4.0000000000000001e-03  1.5207510319580116e-03
-5.9999999999999984e-03 -8.9999999999999941e-03 4.0000000000000001e-03  1.5101025764059372e-03
-5.9999999999999984e-03 -5.9999999999999984e-03 4.0000000000000001e-03  1.4998937789133700e-03
-5.9999999999999984e-03 -2.9999999999999957e-03 4.0000000000000001e-03  1.4910429706731169e-03
-5.9999999999999984e-03 0.0000000000000000e+00 4.0000000000000001e-03  1.4833661631857989e-03
-5.9999999999999984e-03 3.0000000000000027e-03 4.0000000000000001e-03  1.4768599505146933e-03
-5.9999999999999984e-03 6.0000000000000053e-03 4.0000000000000001e-03  1.4715219417615133e-03
-5.9999999999999984e-03 9.0000000000000011e-03 4.0000000000000001e-03  1.4673507610664157e-03
-5.9999999999999984e-03 1.2000000000000004e-02 4.0000000000000001e-03  1.4643460476079968e-03
-5.9999999999999984e-03 1.4999999999999999e-02 4.0000000000000001e-03  1.4625710186084908e-03
-5.9999999999999984e-03 1.8000000000000002e-02 4.0000000000000001e-03  1.4640379059460455e-03
-5.9999999999999984e-03 2.1000000000000005e-02 4.0000000000000001e-03  1.4705288407787344e-03
-5.9999999999999984e-03 2.4000000000000007e-02 4.0000000000000001e-03  1.4767973538097946e-03
-5.9999999999999984e-03 2.7000000000000010e-02 4.0000000000000001e-03  1.5111616777858958e-03
-5.9999999999999984e-03 2.9999999999999999e-02 4.0000000000000001e-03  1.5525829205738175e-03
-5.9999999999999984e-03 3.3000000000000002e-02 4.0000000000000001e-03  1.5738523039063208e-03
-5.9999999999999984e-03 3.6000000000000004e-02 4.0000000000000001e-03  1.5781124939143604e-03
-5.9999999999999984e-03 3.9000000000000007e-02 4.0000000000000001e-03  1.6303668498875053e-03
-5.9999999999999984e-03 4.2000000000000010e-02 4.0000000000000001e-03  1.7319339723152890e-03
-5.9999999999999984e-03 4.4999999999999998e-02 4.0000000000000001e-03  1.8814067853165442e-03
-2.9999999999999957e-03 -4.4999999999999998e-02 4.0000000000000001e-03  2.0430708516621069e-03
-2.9999999999999957e-03 -4.1999999999999996e-02 4.0000000000000001e-03  1.9446225170181091e-03
-2.9999999999999957e-03 -3.9000000000000000e-02 4.0000000000000001e-03  1.8601486693387067e-03
-2.9999999999999957e-03 -3.5999999999999997e-02 4.0000000000000001e-03  1.7884655552732357e-03
-2.9999999999999957e-03 -3.3000000000000002e-02 4.0000000000000001e-03  1.7285022093491431e-03
-2.9999999999999957e-03 -2.9999999999999999e-02 4.0000000000000001e-03  1.6793004539719526e-03
-2.9999999999999957e-03 -2.6999999999999996e-02 4.0000000000000001e-03  1.6400148994252766e-03
-2.9999999999999957e-03 -2.3999999999999997e-02 4.0000000000000001e-03  1.6099129438708138e-03
-2.9999999999999957e-03 -2.0999999999999998e-02 4.0000000000000001e-03  1.5883747733483561e-03
-2.9999999999999957e-03 -1.7999999999999999e-02 4.0000000000000001e-03  1.5597661659234841e-03
-2.9999999999999957e-03 -1.4999999999999999e-02 4.0000000000000001e-03  1.5347161096764250e-03
-2.9999999999999957e-03 -1.1999999999999997e-02 4.0000000000000001e-03  1.5215583658269730e-03
-2.9999999999999957e-03 -8.9999999999999941e-03 4.0000000000000001e-03  1.5112590439059087e-03
-2.9999999999999957e-03 -5.9999999999999984e-03 4.0000000000000001e-03  1.5009310279797811e-03
-2.9999999999999957e-03 -2.9999999999999957e-03 4.0000000000000001e-03  1.4916883083577416e-03
-2.9999999999999957e-03 0.0000000000000000e+00 4.0000000000000001e-03  1.4836234872355424e-03
-2.9999999999999957e-03 3.0000000000000027e-03 4.0000000000000001e-03  1.4767323163971302e-03
-2.9999999999999957e-03 6.0000000000000053e-03 4.0000000000000001e-03  1.4710115626649005e-03
-2.9999999999999957e-03 9.0000000000000011e-03 4.0000000000000001e-03  1.4664590078996766e-03
-2.9999999999999957e-03 1.2000000000000004e-02 4.0000000000000001e-03  1.4630734490007299e-03
-2.9999999999999957e-03 1.4999999999999999e-02 4.0000000000000001e-03  1.4608546979057717e-03
-2.9999999999999957e-03 1.8000000000000002e-02 4.0000000000000001e-03  1.4651082319523578e-03
-2.9999999999999957e-03 2.1000000000000005e-02 4.0000000000000001e-03  1.4710461159384469e-03
-2.9999999999999957e-03 2.4000000000000007e-02 4.0000000000000001e-03  1.4759263689578029e-03
-2.9999999999999957e-03 2.7000000000000010e-02 4.0000000000000001e-03  1.4987250432495134e-03
-2.9999999999999957e-03 2.9999999999999999e-02 4.0000000000000001e-03  1.5437532936148370e-03
-2.9999999999999957e-03 3.3000000000000002e-02 4.0000000000000001e-03  1.5870828548016625e-03
-2.9999999999999957e-03 3.6000000000000004e-02 4.0000000000000001e-03  1.6080887778558116e-03
-2.9999999999999957e-03 3.9000000000000007e-02 4.0000000000000001e-03  1.6367162618039241e-03
-2.9999999999999957e-03 4.2000000000000010e-02 4.0000000000000001e-03  1.7138635890658689e-03
-2.9999999999999957e-03 4.4999999999999998e-02 4.0000000000000001e-03  1.8407236327175113e-03
0.0000000000000000e+00 -4.4999999999999998e-02 4.0000000000000001e-03  2.0282608082754215e-03
0.0000000000000000e+00 -4.1999999999999996e-02 4.0000000000000001e-03  1.9293191797648613e-03
0.0000000000000000e+00 -3.9000000000000000e-02 4.0000000000000001e-03  1.8485935194187100e-03
0.0000000000000000e+00 -3.5999999999999997e-02 4.0000000000000001e-03  1.7804652066951490e-03
0.0000000000000000e+00 -3.3000000000000002e-02 4.0000000000000001e-03  1.7238702606934373e-03
0.0000000000000000e+00 -2.9999999999999999e-02 4.0000000000000001e-03  1.6778574883909174e-03
0.0000000000000000e+00 -2.6999999999999996e-02 4.0000000000000001e-03  1.6415884846430169e-03
0.0000000000000000e+00 -2.3999999999999997e-02 4.0000000000000001e-03  1.6143376321832632e-03
0.0000000000000000e+00 -2.0999999999999998e-02 4.0000000000000001e-03  1.5917098969314457e-03
0.0000000000000000e+00 -1.7999999999999999e-02 4.0000000000000001e-03  1.5620589627181570e-03
0.0000000000000000e+00 -1.4999999999999999e-02 4.0000000000000001e-03  1.5408325027443672e-03
0.0000000000000000e+00 -1.1999999999999997e-02 4.0000000000000001e-03  1.5241988572934119e-03
0.0000000000000000e+00 -8.9999999999999941e-03 4.0000000000000001e-03  1.5142497189856439e-03
0.0000000000000000e+00 -5.9999999999999984e-03 4.0000000000000001e-03  1.5041971688247730e-03
0.0000000000000000e+00 -2.9999999999999957e-03 4.0000000000000001e-03  1.4945532821817845e-03
0.0000000000000000e+00 0.0000000000000000e+00 4.0000000000000001e-03  1.4860988162223793e-03
0.0000000000000000e+00 3.0000000000000027e-03 4.0000000000000001e-03  1.4788213048192239e-03
0.0000000000000000e+00 6.0000000000000053e-03 4.0000000000000001e-03  1.4727166725153860e-03
0.0000000000000000e+00 9.0000000000000011e-03 4.0000000000000001e-03  1.4677818588923672e-03
0.0000000000000000e+00 1.2000000000000004e-02 4.0000000000000001e-03  1.4640148185701121e-03
0.0000000000000000e+00 1.4999999999999999e-02 4.0000000000000001e-03  1.4646580984455273e-03
0.0000000000000000e+00 1.8000000000000002e-02 4.0000000000000001e-03  1.4681873998698544e-03
0.0000000000000000e+00 2.1000000000000005e-02 4.0000000000000001e-03  1.4723847051964140e-03
0.0000000000000000e+00 2.4000000000000007e-02 4.0000000000000001e-03  1.4828131625571265e-03
0.0000000000000000e+00 2.7000000000000010e-02 4.0000000000000001e-03  1.5036957063787764e-03
0.0000000000000000e+00 2.9999999999999999e-02 4.0000000000000001e-03  1.5349962280113295e-03
0.0000000000000000e+00 3.3000000000000002e-02 4.0000000000000001e-03  1.5819363484244689e-03
0.0000000000000000e+00 3.6000000000000004e-02 4.0000000000000001e-03  1.6271838163745612e-03
0.0000000000000000e+00 3.9000000000000007e-02 4.0000000000000001e-03  1.6537696146889731e-03
0.0000000000000000e+00 4.2000000000000010e-02 4.0000000000000001e-03  1.7069532756578481e-03
0.0000000000000000e+00 4.4999999999999998e-02 4.0000000000000001e-03  1.8091272710308603e-03
3.0000000000000027e-03 -4.4999999999999998e-02 4.0000000000000001e-03  2.0349723527204534e-03
3.0000000000000027e-03 -4.1999999999999996e-02 4.0000000000000001e-03  1.9184191937315837e-03
3.0000000000000027e-03 -3.9000000000000000e-02 4.0000000000000001e-03  1.8387883025302546e-03
3.0000000000000027e-03 -3.5999999999999997e-02 4.0000000000000001e-03  1.7741849167208286e-03
3.0000000000000027e-03 -3.3000000000000002e-02 4.0000000000000001e-03  1.7209253685861469e-03
3.0000000000000027e-03 -2.9999999999999999e-02 4.0000000000000001e-03  1.6780654496753714e-03
3.0000000000000027e-03 -2.6999999999999996e-02 4.0000000000000001e-03  1.6447737394157567e-03
3.0000000000000027e-03 -2.3999999999999997e-02 4.0000000000000001e-03  1.6203316051126371e-03
3.0000000000000027e-03 -2.0999999999999998e-02 4.0000000000000001e-03  1.5952281701189799e-03
3.0000000000000027e-03 -1.7999999999999999e-02 4.0000000000000001e-03  1.5675495902446985e-03
3.0000000000000027e-03 -1.4999999999999999e-02 4.0000000000000001e-03  1.5482521962049294e-03
3.0000000000000027e-03 -1.1999999999999997e-02 4.0000000000000001e-03  1.5290703904155536e-03
3.0000000000000027e-03 -8.9999999999999941e-03 4.0000000000000001e-03  1.5190677657287348e-03
3.0000000000000027e-03 -5.9999999999999984e-03 4.0000000000000001e-03  1.5093699492765031e-03
3.0000000000000027e-03 -2.9999999999999957e-03 4.0000000000000001e-03  1.4996347098681626e-03
3.0000000000000027e-03 0.0000000000000000e+00 4.0000000000000001e-03  1.4907895878431001e-03
3.0000000000000027e-03 3.0000000000000027e-03 4.0000000000000001e-03  1.4831249734516426e-03
3.0000000000000027e-03 6.0000000000000053e-03 4.0000000000000001e-03  1.4766359489575263e-03
3.0000000000000027e-03 9.0000000000000011e-03 4.0000000000000001e-03  1.4713186116629216e-03
3.0000000000000027e-03 1.2000000000000004e-02 4.0000000000000001e-03  1.4685598143600659e-03
3.0000000000000027e-03 1.4999999999999999e-02 4.0000000000000001e-03  1.4703006856303959e-03
3.0000000000000027e-03 1.8000000000000002e-02 4.0000000000000001e-03  1.4727024539306990e-03
3.0000000000000027e-03 2.1000000000000005e-02 4.0000000000000001e-03  1.4759666192985194e-03
3.0000000000000027e-03 2.4000000000000007e-02 4.0000000000000001e-03  1.4913192470326054e-03
3.0000000000000027e-03 2.7000000000000010e-02 4.0000000000000001e-03  1.5117391150162472e-03
3.0000000000000027e-03 2.9999999999999999e-02 4.0000000000000001e-03  1.5382012844966893e-03
3.0000000000000027e-03 3.3000000000000002e-02 4.0000000000000001e-03  1.5768564045204935e-03
3.0000000000000027e-03 3.6000000000000004e-02 4.0000000000000001e-03  1.6257177534763027e-03
3.0000000000000027e-03 3.9000000000000007e-02 4.0000000000000001e-03  1.6728932846677624e-03
3.0000000000000027e-03 4.2000000000000010e-02 4.0000000000000001e-03  1.7109525995388953e-03
3.0000000000000027e-03 4.4999999999999998e-02 4.0000000000000001e-03  1.8152673494601218e-03
6.0000000000000053e-03 -4.4999999999999998e-02 4.0000000000000001e-03  2.0423525603880670e-03
6.0000000000000053e-03 -4.1999999999999996e-02 4.0000000000000001e-03  1.9236174356670604e-03
6.0000000000000053e-03 -3.9000000000000000e-02 4.0000000000000001e-03  1.8309565402555021e-03
6.0000000000000053e-03 -3.5999999999999997e-02 4.0000000000000001e-03  1.7696166790764074e-03
6.0000000000000053e-03 -3.3000000000000002e-02 4.0000000000000001e-03  1.7196571781290658e-03
6.0000000000000053e-03 -2.9999999999999999e-02 4.0000000000000001e-03  1.6799116343027744e-03
6.0000000000000053e-03 -2.6999999999999996e-02 4.0000000000000001e-03  1.6495556115966026e-03
6.0000000000000053e-03 -2.3999999999999997e-02 4.0000000000000001e-03  1.6278774618877039e-03
6.0000000000000053e-03 -2.0999999999999998e-02 4.0000000000000001e-03  1.5990694415814958e-03
6.0000000000000053e-03 -1.7999999999999999e-02 4.0000000000000001e-03  1.5752769381443385e-03
6.0000000000000053e-03 -1.4999999999999999e-02 4.0000000000000001e-03  1.5569694629545216e-03
6.0000000000000053e-03 -1.1999999999999997e-02 4.0000000000000001e-03  1.5387736200696040e-03
6.0000000000000053e-03 -8.9999999999999941e-03 4.0000000000000001e-03  1.5257074154003433e-03
6.0000000000000053e-03 -5.9999999999999984e-03 4.0000000000000001e-03  1.5163660530549256e-03
6.0000000000000053e-03 -2.9999999999999957e-03 4.0000000000000001e-03  1.5069253966051264e-03
6.0000000000000053e-03 0.0000000000000000e+00 4.0000000000000001e-03  1.4976937761235843e-03
6.0000000000000053e-03 3.0000000000000027e-03 4.0000000000000001e-03  1.4896419162941409e-03
6.0000000000000053e-03 6.0000000000000053e-03 4.0000000000000001e-03  1.4827686059649488e-03
6.0000000000000053e-03 9.0000000000000011e-03 4.0000000000000001e-03  1.4770691001588510e-03
6.0000000000000053e-03 1.2000000000000004e-02 4.0000000000000001e-03  1.4767691177436414e-03
6.0000000000000053e-03 1.4999999999999999e-02 4.0000000000000001e-03  1.4773785602457588e-03
6.0000000000000053e-03 1.8000000000000002e-02 4.0000000000000001e-03  1.4786376639662250e-03
6.0000000000000053e-03 2.1000000000000005e-02 4.0000000000000001e-03  1.4826467744791121e-03
6.0000000000000053e-03 2.4000000000000007e-02 4.0000000000000001e-03  1.4943220490657326e-03
6.0000000000000053e-03 2.7000000000000010e-02 4.0000000000000001e-03  1.5211801802453608e-03
6.0000000000000053e-03 2.9999999999999999e-02 4.0000000000000001e-03  1.5471823423205580e-03
6.0000000000000053e-03 3.3000000000000002e-02 4.0000000000000001e-03  1.5792545999136788e-03
6.0000000000000053e-03 3.6000000000000004e-02 4.0000000000000001e-03  1.6243134106933106e-03
6.0000000000000053e-03 3.9000000000000007e-02 4.0000000000000001e-03  1.6751059148003794e-03
6.0000000000000053e-03 4.2000000000000010e-02 4.0000000000000001e-03  1.7227272660159964e-03
6.0000000000000053e-03 4.4999999999999998e-02 4.0000000000000001e-03  1.8153881617671418e-03
9.0000000000000011e-03 -4.4999999999999998e-02 4.0000000000000001e-03  2.0503832329873063e-03
9.0000000000000011e-03 -4.1999999999999996e-02 4.0000000000000001e-03  1.9310869317111597e-03
9.0000000000000011e-03 -3.9000000000000000e-02 4.0000000000000001e-03  1.8345517797821707e-03
9.0000000000000011e-03 -3.5999999999999997e-02 4.0000000000000001e-03  1.7639143612165340e-03
9.0000000000000011e-03 -3.3000000000000002e-02 4.0000000000000001e-03  1.7200584952608029e-03
9.0000000000000011e-03 -2.9999999999999999e-02 4.0000000000000001e-03  1.6833864995873834e-03
9.0000000000000011e-03 -2.6999999999999996e-02 4.0000000000000001e-03  1.6559222098754729e-03
9.0000000000000011e-03 -2.3999999999999997e-02 4.0000000000000001e-03  1.6332764039947130e-03
9.0000000000000011e-03 -2.0999999999999998e-02 4.0000000000000001e-03  1.6032301860407277e-03
9.0000000000000011e-03 -1.7999999999999999e-02 4.0000000000000001e-03  1.5842971795707976e-03
9.0000000000000011e-03 -1.4999999999999999e-02 4.0000000000000001e-03  1.5669817039229890e-03
9.0000000000000011e-03 -1.1999999999999997e-02 4.0000000000000001e-03  1.5497733814874284e-03
9.0000000000000011e-03 -8.9999999999999941e-03 4.0000000000000001e-03  1.5341639664471949e-03
9.0000000000000011e-03 -5.9999999999999984e-03 4.0000000000000001e-03  1.5251811405674698e-03
9.0000000000000011e-03 -2.9999999999999957e-03 4.0000000000000001e-03  1.5161018894086621e-03
9.0000000000000011e-03 0.0000000000000000e+00 4.0000000000000001e-03  1.5068098914187897e-03
9.0000000000000011e-03 3.0000000000000027e-03 4.0000000000000001e-03  1.4983712636755604e-03
9.0000000000000011e-03 6.0000000000000053e-03 4.0000000000000001e-03  1.4911143938403770e-03
9.0000000000000011e-03 9.0000000000000011e-03 4.0000000000000001e-03  1.4875936036524127e-03
9.0000000000000011e-03 1.2000000000000004e-02 4.0000000000000001e-03  1.4864142191490140e-03
9.0000000000000011e-03 1.4999999999999999e-02 4.0000000000000001e-03  1.4858781657448141e-03
9.0000000000000011e-03 1.8000000000000002e-02 4.0000000000000001e-03  1.4882569132516903e-03
9.0000000000000011e-03 2.1000000000000005e-02 4.0000000000000001e-03  1.4922573730311638e-03
9.0000000000000011e-03 2.4000000000000007e-02 4.0000000000000001e-03  1.4997853941541772e-03
9.0000000000000011e-03 2.7000000000000010e-02 4.0000000000000001e-03  1.5267807656103619e-03
9.0000000000000011e-03 2.9999999999999999e-02 4.0000000000000001e-03  1.5575455504027208e-03
9.0000000000000011e-03 3.3000000000000002e-02 4.0000000000000001e-03  1.5891589910888696e-03
9.0000000000000011e-03 3.6000000000000004e-02 4.0000000000000001e-03  1.6268746160637314e-03
9.0000000000000011e-03 3.9000000000000007e-02 4.0000000000000001e-03  1.6822438528016675e-03
9.0000000000000011e-03 4.2000000000000010e-02 4.0000000000000001e-03  1.7354980447842319e-03
9.0000000000000011e-03 4.4999999999999998e-02 4.0000000000000001e-03  1.7914722963722437e-03
1.2000000000000004e-02 -4.4999999999999998e-02 4.0000000000000001e-03  2.0590534200879652e-03
1.2000000000000004e-02 -4.1999999999999996e-02 4.0000000000000001e-03  1.9391036085157670e-03
1.2000000000000004e-02 -3.9000000000000000e-02 4.0000000000000001e-03  1.8419699633232518e-03
1.2000000000000004e-02 -3.5999999999999997e-02 4.0000000000000001e-03  1.7660292152689504e-03
1.2000000000000004e-02 -3.3000000000000002e-02 4.0000000000000001e-03  1.7156052129975521e-03
1.2000000000000004e-02 -2.9999999999999999e-02 4.0000000000000001e-03  1.6884836636802830e-03
1.2000000000000004e-02 -2.6999999999999996e-02 4.0000000000000001e-03  1.6638648037791031e-03
1.2000000000000004e-02 -2.3999999999999997e-02 4.0000000000000001e-03  1.6386440892542985e-03
1.2000000000000004e-02 -2.0999999999999998e-02 4.0000000000000001e-03  1.6110570603766390e-03
1.2000000000000004e-02 -1.7999999999999999e-02 4.0000000000000001e-03  1.5946126156024913e-03
1.2000000000000004e-02 -1.4999999999999999e-02 4.0000000000000001e-03  1.5782894480735976e-03
1.2000000000000004e-02 -1.1999999999999997e-02 4.0000000000000001e-03  1.5620684315171571e-03
1.2000000000000004e-02 -8.9999999999999941e-03 4.0000000000000001e-03  1.5459470311920038e-03
1.2000000000000004e-02 -5.9999999999999984e-03 4.0000000000000001e-03  1.5358119394031384e-03
1.2000000000000004e-02 -2.9999999999999957e-03 4.0000000000000001e-03  1.5270964843493897e-03
1.2000000000000004e-02 0.0000000000000000e+00 4.0000000000000001e-03  1.5181369804127616e-03
1.2000000000000004e-02 3.0000000000000027e-03 4.0000000000000001e-03  1.5093126822538292e-03
1.2000000000000004e-02 6.0000000000000053e-03 4.0000000000000001e-03  1.5027751501510806e-03
1.2000000000000004e-02 9.0000000000000011e-03 4.0000000000000001e-03  1.4998107249994321e-03
1.2000000000000004e-02 1.2000000000000004e-02 4.0000000000000001e-03  1.4974837356512480e-03
1.2000000000000004e-02 1.4999999999999999e-02 4.0000000000000001e-03  1.4968372642830919e-03
1.2000000000000004e-02 1.8000000000000002e-02 4.0000000000000001e-03  1.5014818860400101e-03
1.2000000000000004e-02 2.1000000000000005e-02 4.0000000000000001e-03  1.5048008797813003e-03
1.2000000000000004e-02 2.4000000000000007e-02 4.0000000000000001e-03  1.5083860374750936e-03
1.2000000000000004e-02 2.7000000000000010e-02 4.0000000000000001e-03  1.5333656372170314e-03
1.2000000000000004e-02 2.9999999999999999e-02 4.0000000000000001e-03  1.5653825709501792e-03
1.2000000000000004e-02 3.3000000000000002e-02 4.0000000000000001e-03  1.6011532897680166e-03
1.2000000000000004e-02 3.6000000000000004e-02 4.0000000000000001e-03  1.6383857093766865e-03
1.2000000000000004e-02 3.9000000000000007e-02 4.0000000000000001e-03  1.6768771637189607e-03
1.2000000000000004e-02 4.2000000000000010e-02 4.0000000000000001e-03  1.7201306701196742e-03
1.2000000000000004e-02 4.4999999999999998e-02 4.0000000000000001e-03  1.8054885808646954e-03
1.4999999999999999e-02 -4.4999999999999998e-02 4.0000000000000001e-03  2.0683594191205773e-03
1.4999999999999999e-02 -4.1999999999999996e-02 4.0000000000000001e-03  1.9476642236916108e-03
1.4999999999999999e-02 -3.9000000000000000e-02 4.0000000000000001e-03  1.8498443831588449e-03
1.4999999999999999e-02 -3.5999999999999997e-02 4.0000000000000001e-03  1.7732824670148510e-03
1.4999999999999999e-02 -3.3000000000000002e-02 4.0000000000000001e-03  1.7164087108526753e-03
1.4999999999999999e-02 -2.9999999999999999e-02 4.0000000000000001e-03  1.6844597901591416e-03
1.4999999999999999e-02 -2.6999999999999996e-02 4.0000000000000001e-03  1.6729381494009167e-03
1.4999999999999999e-02 -2.3999999999999997e-02 4.0000000000000001e-03  1.6443284541426825e-03
1.4999999999999999e-02 -2.0999999999999998e-02 4.0000000000000001e-03  1.6216713123924104e-03
1.4999999999999999e-02 -1.7999999999999999e-02 4.0000000000000001e-03  1.6062286753512564e-03
1.4999999999999999e-02 -1.4999999999999999e-02 4.0000000000000001e-03  1.5908963524030452e-03
1.4999999999999999e-02 -1.1999999999999997e-02 4.0000000000000001e-03  1.5756606550403460e-03
1.4999999999999999e-02 -8.9999999999999941e-03 4.0000000000000001e-03  1.5605244862873589e-03
1.4999999999999999e-02 -5.9999999999999984e-03 4.0000000000000001e-03  1.5482562443324970e-03
1.4999999999999999e-02 -2.9999999999999957e-03 4.0000000000000001e-03  1.5399073381585876e-03
1.4999999999999999e-02 0.0000000000000000e+00 4.0000000000000001e-03  1.5314652140388974e-03
1.4999999999999999e-02 3.0000000000000027e-03 4.0000000000000001e-03  1.5224663750159585e-03
1.4999999999999999e-02 6.0000000000000053e-03 4.0000000000000001e-03  1.5175694715075197e-03
1.4999999999999999e-02 9.0000000000000011e-03 4.0000000000000001e-03  1.5134560549606363e-03
1.4999999999999999e-02 1.2000000000000004e-02 4.0000000000000001e-03  1.5099711444541391e-03
1.4999999999999999e-02 1.4999999999999999e-02 4.0000000000000001e-03  1.5136830106504786e-03
1.4999999999999999e-02 1.8000000000000002e-02 4.0000000000000001e-03  1.5176464485312016e-03
1.4999999999999999e-02 2.1000000000000005e-02 4.0000000000000001e-03  1.5202822972068674e-03
1.4999999999999999e-02 2.4000000000000007e-02 4.0000000000000001e-03  1.5215929027245548e-03
1.4999999999999999e-02 2.7000000000000010e-02 4.0000000000000001e-03  1.5435085183132034e-03
1.4999999999999999e-02 2.9999999999999999e-02 4.0000000000000001e-03  1.5738558929677888e-03
1.4999999999999999e-02 3.3000000000000002e-02 4.0000000000000001e-03  1.6093499234520253e-03
1.4999999999999999e-02 3.6000000000000004e-02 4.0000000000000001e-03  1.6498715853091243e-03
1.4999999999999999e-02 3.9000000000000007e-02 4.0000000000000001e-03  1.6924882236586899e-03
1.4999999999999999e-02 4.2000000000000010e-02 4.0000000000000001e-03  1.7447540166000415e-03
1.4999999999999999e-02 4.4999999999999998e-02 4.0000000000000001e-03  1.8199409732203911e-03
1.8000000000000002e-02 -4.4999999999999998e-02 4.0000000000000001e-03  2.0783047753763764e-03
1.8000000000000002e-02 -4.1999999999999996e-02 4.0000000000000001e-03  1.9567727827101457e-03
1.8000000000000002e-02 -3.9000000000000000e-02 4.0000000000000001e-03  1.8581795049406051e-03
1.8000000000000002e-02 -3.5999999999999997e-02 4.0000000000000001e-03  1.7809133502943793e-03
1.8000000000000002e-02 -3.3000000000000002e-02 4.0000000000000001e-03  1.7234103930985685e-03
1.8000000000000002e-02 -2.9999999999999999e-02 4.0000000000000001e-03  1.6841543737807429e-03
1.8000000000000002e-02 -2.6999999999999996e-02 4.0000000000000001e-03  1.6690476582154894e-03
1.8000000000000002e-02 -2.3999999999999997e-02 4.0000000000000001e-03  1.6503306838636924e-03
1.8000000000000002e-02 -2.0999999999999998e-02 4.0000000000000001e-03  1.6335974577767361e-03
1.8000000000000002e-02 -1.7999999999999999e-02 4.0000000000000001e-03  1.6191539159623517e-03
1.8000000000000002e-02 -1.4999999999999999e-02 4.0000000000000001e-03  1.6048092019414501e-03
1.8000000000000002e-02 -1.1999999999999997e-02 4.0000000000000001e-03  1.5905550649719744e-03
1.8000000000000002e-02 -8.9999999999999941e-03 4.0000000000000001e-03  1.5763998458434864e-03
1.8000000000000002e-02 -5.9999999999999984e-03 4.0000000000000001e-03  1.5625129173076724e-03
1.8000000000000002e-02 -2.9999999999999957e-03 4.0000000000000001e-03  1.5545336747490816e-03
1.8000000000000002e-02 0.0000000000000000e+00 4.0000000000000001e-03  1.5464637602374289e-03
1.8000000000000002e-02 3.0000000000000027e-03 4.0000000000000001e-03  1.5399699962274115e-03
1.8000000000000002e-02 6.0000000000000053e-03 4.0000000000000001e-03  1.5341515836541887e-03
1.8000000000000002e-02 9.0000000000000011e-03 4.0000000000000001e-03  1.5292494004944676e-03
1.8000000000000002e-02 1.2000000000000004e-02 4.0000000000000001e-03  1.5341656737486047e-03
1.8000000000000002e-02 1.4999999999999999e-02 4.0000000000000001e-03  1.5377827437080792e-03
1.8000000000000002e-02 1.8000000000000002e-02 4.0000000000000001e-03  1.5401028400271351e-03
1.8000000000000002e-02 2.1000000000000005e-02 4.0000000000000001e-03  1.5411293518719840e-03
1.8000000000000002e-02 2.4000000000000007e-02 4.0000000000000001e-03  1.5408668279208023e-03
1.8000000000000002e-02 2.7000000000000010e-02 4.0000000000000001e-03  1.5583107928966106e-03
1.8000000000000002e-02 2.9999999999999999e-02 4.0000000000000001e-03  1.5866884557384187e-03
1.8000000000000002e-02 3.3000000000000002e-02 4.0000000000000001e-03  1.6202146894423646e-03
1.8000000000000002e-02 3.6000000000000004e-02 4.0000000000000001e-03  1.6589172387037093e-03
1.8000000000000002e-02 3.9000000000000007e-02 4.0000000000000001e-03  1.7028269761924469e-03
1.8000000000000002e-02 4.2000000000000010e-02 4.0000000000000001e-03  1.7567805314403601e-03
1.8000000000000002e-02 4.4999999999999998e-02 4.0000000000000001e-03  1.8383449883942883e-03
2.1000000000000005e-02 -4.4999999999999998e-02 4.0000000000000001e-03  2.0889002820073587e-03
2.1000000000000005e-02 -4.1999999999999996e-02 4.0000000000000001e-03  1.9664405389035571e-03
2.1000000000000005e-02 -3.9000000000000000e-02 4.0000000000000001e-03  1.8669870421809259e-03
2.1000000000000005e-02 -3.5999999999999997e-02 4.0000000000000001e-03  1.7889340388001385e-03
2.1000000000000005e-02 -3.3000000000000002e-02 4.0000000000000001e-03  1.7340414174452689e-03
2.1000000000000005e-02 -2.9999999999999999e-02 4.0000000000000001e-03  1.6963823140115383e-03
2.1000000000000005e-02 -2.6999999999999996e-02 4.0000000000000001e-03  1.6722085211895946e-03
2.1000000000000005e-02 -2.3999999999999997e-02 4.0000000000000001e-03  1.6604041078876332e-03
2.1000000000000005e-02 -2.0999999999999998e-02 4.0000000000000001e-03  1.6468489538234449e-03
2.1000000000000005e-02 -1.7999999999999999e-02 4.0000000000000001e-03  1.6334000226144627e-03
2.1000000000000005e-02 -1.4999999999999999e-02 4.0000000000000001e-03  1.6200379097523596e-03
2.1000000000000005e-02 -1.1999999999999997e-02 4.0000000000000001e-03  1.6067598022604418e-03
2.1000000000000005e-02 -8.9999999999999941e-03 4.0000000000000001e-03  1.5935794786936461e-03
2.1000000000000005e-02 -5.9999999999999984e-03 4.0000000000000001e-03  1.5805273091385303e-03
2.1000000000000005e-02 -2.9999999999999957e-03 4.0000000000000001e-03  1.5709757852152826e-03
2.1000000000000005e-02 0.0000000000000000e+00 4.0000000000000001e-03  1.5641902566785717e-03
2.1000000000000005e-02 3.0000000000000027e-03 4.0000000000000001e-03  1.5610060443443023e-03
2.1000000000000005e-02 6.0000000000000053e-03 4.0000000000000001e-03  1.5576469895274066e-03
2.1000000000000005e-02 9.0000000000000011e-03 4.0000000000000001e-03  1.5627902805875407e-03
2.1000000000000005e-02 1.2000000000000004e-02 4.0000000000000001e-03  1.5666285062421205e-03
2.1000000000000005e-02 1.4999999999999999e-02 4.0000000000000001e-03  1.5691616687201703e-03
2.1000000000000005e-02 1.8000000000000002e-02 4.0000000000000001e-03  1.5703909297626840e-03
2.1000000000000005e-02 2.1000000000000005e-02 4.0000000000000001e-03  1.5703186106226310e-03
2.1000000000000005e-02 2.4000000000000007e-02 4.0000000000000001e-03  1.5689481920649429e-03
2.1000000000000005e-02 2.7000000000000010e-02 4.0000000000000001e-03  1.5783370590239914e-03
2.1000000000000005e-02 2.9999999999999999e-02 4.0000000000000001e-03  1.6039132102214110e-03
2.1000000000000005e-02 3.3000000000000002e-02 4.0000000000000001e-03  1.6354699934486669e-03
2.1000000000000005e-02 3.6000000000000004e-02 4.0000000000000001e-03  1.6722058488575185e-03
2.1000000000000005e-02 3.9000000000000007e-02 4.0000000000000001e-03  1.7141484559988276e-03
2.1000000000000005e-02 4.2000000000000010e-02 4.0000000000000001e-03  1.7696067360999390e-03
2.1000000000000005e-02 4.4999999999999998e-02 4.0000000000000001e-03  1.8767647182447442e-03
2.4000000000000007e-02 -4.4999999999999998e-02 4.0000000000000001e-03  2.1384462854119402e-03
2.4000000000000007e-02 -4.1999999999999996e-02 4.0000000000000001e-03  2.0192306933541487e-03
2.4000000000000007e-02 -3.9000000000000000e-02 4.0000000000000001e-03  1.9190231471138681e-03
2.4000000000000007e-02 -3.5999999999999997e-02 4.0000000000000001e-03  1.8365133949167962e-03
2.4000000000000007e-02 -3.3000000000000002e-02 4.0000000000000001e-03  1.7704185068723615e-03
2.4000000000000007e-02 -2.9999999999999999e-02 4.0000000000000001e-03  1.7194828749737530e-03
2.4000000000000007e-02 -2.6999999999999996e-02 4.0000000000000001e-03  1.6824782130978957e-03
2.4000000000000007e-02 -2.3999999999999997e-02 4.0000000000000001e-03  1.6750988088817282e-03
2.4000000000000007e-02 -2.0999999999999998e-02 4.0000000000000001e-03  1.6623208697903735e-03
2.4000000000000007e-02 -1.7999999999999999e-02 4.0000000000000001e-03  1.6495579753477098e-03
2.4000000000000007e-02 -1.4999999999999999e-02 4.0000000000000001e-03  1.6367780561145227e-03
2.4000000000000007e-02 -1.1999999999999997e-02 4.0000000000000001e-03  1.6242861358875839e-03
2.4000000000000007e-02 -8.9999999999999941e-03 4.0000000000000001e-03  1.6120728817045293e-03
2.4000000000000007e-02 -5.9999999999999984e-03 4.0000000000000001e-03  1.5999915622355062e-03
2.4000000000000007e-02 -2.9999999999999957e-03 4.0000000000000001e-03  1.5892350278331499e-03
2.4000000000000007e-02 0.0000000000000000e+00 4.0000000000000001e-03  1.5860560334935146e-03
2.4000000000000007e-02 3.0000000000000027e-03 4.0000000000000001e-03  1.5786446243806747e-03
2.4000000000000007e-02 6.0000000000000053e-03 4.0000000000000001e-03  1.5900177923062007e-03
2.4000000000000007e-02 9.0000000000000011e-03 4.0000000000000001e-03  1.5998699834996861e-03
2.4000000000000007e-02 1.2000000000000004e-02 4.0000000000000001e-03  1.6056971639749323e-03
2.4000000000000007e-02 1.4999999999999999e-02 4.0000000000000001e-03  1.6071539250663634e-03
2.4000000000000007e-02 1.8000000000000002e-02 4.0000000000000001e-03  1.6072999647724826e-03
2.4000000000000007e-02 2.1000000000000005e-02 4.0000000000000001e-03  1.6061365364330076e-03
2.4000000000000007e-02 2.4000000000000007e-02 4.0000000000000001e-03  1.6036660528996266e-03
2.4000000000000007e-02 2.7000000000000010e-02 4.0000000000000001e-03  1.6081467045071613e-03
2.4000000000000007e-02 2.9999999999999999e-02 4.0000000000000001e-03  1.6255823066247768e-03
2.4000000000000007e-02 3.3000000000000002e-02 4.0000000000000001e-03  1.6551627469709629e-03
2.4000000000000007e-02 3.6000000000000004e-02 4.0000000000000001e-03  1.6899290508337924e-03
2.4000000000000007e-02 3.9000000000000007e-02 4.0000000000000001e-03  1.7260307740667405e-03
2.4000000000000007e-02 4.2000000000000010e-02 4.0000000000000001e-03  1.7960151656049722e-03
2.4000000000000007e-02 4.4999999999999998e-02 4.0000000000000001e-03  1.8933313171402111e-03
2.7000000000000010e-02 -4.4999999999999998e-02 4.0000000000000001e-03  2.1883188886798141e-03
2.7000000000000010e-02 -4.1999999999999996e-02 4.0000000000000001e-03  2.0624944894393278e-03
2.7000000000000010e-02 -3.9000000000000000e-02 4.0000000000000001e-03  1.9547796253633408e-03
2.7000000000000010e-02 -3.5999999999999997e-02 4.0000000000000001e-03  1.8639863533772708e-03
2.7000000000000010e-02 -3.3000000000000002e-02 4.0000000000000001e-03  1.7889540522902725e-03
2.7000000000000010e-02 -2.9999999999999999e-02 4.0000000000000001e-03  1.7285494227952665e-03
2.7000000000000010e-02 -2.6999999999999996e-02 4.0000000000000001e-03  1.7190379525414082e-03
2.7000000000000010e-02 -2.3999999999999997e-02 4.0000000000000001e-03  1.6958343362667098e-03
2.7000000000000010e-02 -2.0999999999999998e-02 4.0000000000000001e-03  1.6859585052328005e-03
2.7000000000000010e-02 -1.7999999999999999e-02 4.0000000000000001e-03  1.6738510549815268e-03
2.7000000000000010e-02 -1.4999999999999999e-02 4.0000000000000001e-03  1.6617846424016485e-03
2.7000000000000010e-02 -1.1999999999999997e-02 4.0000000000000001e-03  1.6497349701410390e-03
2.7000000000000010e-02 -8.9999999999999941e-03 4.0000000000000001e-03  1.6376986491595743e-03
2.7000000000000010e-02 -5.9999999999999984e-03 4.0000000000000001e-03  1.6256931987291016e-03
2.7000000000000010e-02 -2.9999999999999957e-03 4.0000000000000001e-03  1.6120497989969122e-03
2.7000000000000010e-02 0.0000000000000000e+00 4.0000000000000001e-03  1.5922797065364589e-03
2.7000000000000010e-02 3.0000000000000027e-03 4.0000000000000001e-03  1.5880126285766204e-03
2.7000000000000010e-02 6.0000000000000053e-03 4.0000000000000001e-03  1.5994563842485154e-03
2.7000000000000010e-02 9.0000000000000011e-03 4.0000000000000001e-03  1.6093734960386944e-03
2.7000000000000010e-02 1.2000000000000004e-02 4.0000000000000001e-03  1.6177636137237707e-03
2.7000000000000010e-02 1.4999999999999999e-02 4.0000000000000001e-03  1.6246269923890870e-03
2.7000000000000010e-02 1.8000000000000002e-02 4.0000000000000001e-03  1.6299644924287386e-03
2.7000000000000010e-02 2.1000000000000005e-02 4.0000000000000001e-03  1.6337775795455503e-03
2.7000000000000010e-02 2.4000000000000007e-02 4.0000000000000001e-03  1.6360683247511072e-03
2.7000000000000010e-02 2.7000000000000010e-02 4.0000000000000001e-03  1.6424537011818828e-03
2.7000000000000010e-02 2.9999999999999999e-02 4.0000000000000001e-03  1.6597648632513801e-03
2.7000000000000010e-02 3.3000000000000002e-02 4.0000000000000001e-03  1.6793590607579504e-03
2.7000000000000010e-02 3.6000000000000004e-02 4.0000000000000001e-03  1.7058731523132335e-03
2.7000000000000010e-02 3.9000000000000007e-02 4.0000000000000001e-03  1.7488898570443456e-03
2.7000000000000010e-02 4.2000000000000010e-02 4.0000000000000001e-03  1.8199117598157706e-03
2.7000000000000010e-02 4.4999999999999998e-02 4.0000000000000001e-03  1.9149228398146218e-03
2.9999999999999999e-02 -4.4999999999999998e-02 4.0000000000000001e-03  2.2423859151098902e-03
2.9999999999999999e-02 -4.1999999999999996e-02 4.0000000000000001e-03  2.1095948644322877e-03
2.9999999999999999e-02 -3.9000000000000000e-02 4.0000000000000001e-03  1.9941047617746789e-03
2.9999999999999999e-02 -3.5999999999999997e-02 4.0000000000000001e-03  1.8948499727622001e-03
2.9999999999999999e-02 -3.3000000000000002e-02 4.0000000000000001e-03  1.8107921849037482e-03
2.9999999999999999e-02 -2.9999999999999999e-02 4.0000000000000001e-03  1.7651388097989333e-03
2.9999999999999999e-02 -2.6999999999999996e-02 4.0000000000000001e-03  1.7612372614879389e-03
2.9999999999999999e-02 -2.3999999999999997e-02 4.0000000000000001e-03  1.7295485790871541e-03
2.9999999999999999e-02 -2.0999999999999998e-02 4.0000000000000001e-03  1.7187455693364912e-03
2.9999999999999999e-02 -1.7999999999999999e-02 4.0000000000000001e-03  1.7079260338534604e-03
2.9999999999999999e-02 -1.4999999999999999e-02 4.0000000000000001e-03  1.6964324420295199e-03
2.9999999999999999e-02 -1.1999999999999997e-02 4.0000000000000001e-03  1.6850311858959042e-03
2.9999999999999999e-02 -8.9999999999999941e-03 4.0000000000000001e-03  1.6737118921287238e-03
2.9999999999999999e-02 -5.9999999999999984e-03 4.0000000000000001e-03  1.6624850957160701e-03
2.9999999999999999e-02 -2.9999999999999957e-03 4.0000000000000001e-03  1.6444680348487479e-03
2.9999999999999999e-02 0.0000000000000000e+00 4.0000000000000001e-03  1.6212627864475564e-03
2.9999999999999999e-02 3.0000000000000027e-03 4.0000000000000001e-03  1.6205876966257715e-03
2.9999999999999999e-02 6.0000000000000053e-03 4.0000000000000001e-03  1.6272868190498253e-03
2.9999999999999999e-02 9.0000000000000011e-03 4.0000000000000001e-03  1.6328807133644868e-03
2.9999999999999999e-02 1.2000000000000004e-02 4.0000000000000001e-03  1.6365756566978629e-03
2.9999999999999999e-02 1.4999999999999999e-02 4.0000000000000001e-03  1.6383695192273685e-03
2.9999999999999999e-02 1.8000000000000002e-02 4.0000000000000001e-03  1.6404214311138093e-03
2.9999999999999999e-02 2.1000000000000005e-02 4.0000000000000001e-03  1.6442790044289047e-03
2.9999999999999999e-02 2.4000000000000007e-02 4.0000000000000001e-03  1.6466081229203002e-03
2.9999999999999999e-02 2.7000000000000010e-02 4.0000000000000001e-03  1.6475421471080776e-03
2.9999999999999999e-02 2.9999999999999999e-02 4.0000000000000001e-03  1.6774993470033040e-03
2.9999999999999999e-02 3.3000000000000002e-02 4.0000000000000001e-03  1.7099440052638411e-03
2.9999999999999999e-02 3.6000000000000004e-02 4.0000000000000001e-03  1.7393091236242702e-03
2.9999999999999999e-02 3.9000000000000007e-02 4.0000000000000001e-03  1.7856972540209977e-03
2.9999999999999999e-02 4.2000000000000010e-02 4.0000000000000001e-03  1.8544757434728533e-03
2.9999999999999999e-02 4.4999999999999998e-02 4.0000000000000001e-03  1.9479597061071649e-03
3.3000000000000002e-02 -4.4999999999999998e-02 4.0000000000000001e-03  2.3009268899287410e-03
3.3000000000000002e-02 -4.1999999999999996e-02 4.0000000000000001e-03  2.1608828560660694e-03
3.3000000000000002e-02 -3.9000000000000000e-02 4.0000000000000001e-03  2.0374211065873971e-03
3.3000000000000002e-02 -3.5999999999999997e-02 4.0000000000000001e-03  1.9295983158175763e-03
3.3000000000000002e-02 -3.3000000000000002e-02 4.0000000000000001e-03  1.8501969461468056e-03
3.3000000000000002e-02 -2.9999999999999999e-02 4.0000000000000001e-03  1.8207195912343991e-03
3.3000000000000002e-02 -2.6999999999999996e-02 4.0000000000000001e-03  1.8128180736452964e-03
3.3000000000000002e-02 -2.3999999999999997e-02 4.0000000000000001e-03  1.7771923204536078e-03
3.3000000000000002e-02 -2.0999999999999998e-02 4.0000000000000001e-03  1.7630506327320681e-03
3.3000000000000002e-02 -1.7999999999999999e-02 4.0000000000000001e-03  1.7529075126145371e-03
3.3000000000000002e-02 -1.4999999999999999e-02 4.0000000000000001e-03  1.7418251039895980e-03
3.3000000000000002e-02 -1.1999999999999997e-02 4.0000000000000001e-03  1.7309351436189224e-03
3.3000000000000002e-02 -8.9999999999999941e-03 4.0000000000000001e-03  1.7202202738948651e-03
3.3000000000000002e-02 -5.9999999999999984e-03 4.0000000000000001e-03  1.7096840455217614e-03
3.3000000000000002e-02 -2.9999999999999957e-03 4.0000000000000001e-03  1.6841689784130129e-03
3.3000000000000002e-02 0.0000000000000000e+00 4.0000000000000001e-03  1.6685950880385623e-03
3.3000000000000002e-02 3.0000000000000027e-03 4.0000000000000001e-03  1.6706186172617721e-03
3.3000000000000002e-02 6.0000000000000053e-03 4.0000000000000001e-03  1.6744988743769818e-03
3.3000000000000002e-02 9.0000000000000011e-03 4.0000000000000001e-03  1.6805274464203417e-03
3.3000000000000002e-02 1.2000000000000004e-02 4.0000000000000001e-03  1.6846736385031382e-03
3.3000000000000002e-02 1.4999999999999999e-02 4.0000000000000001e-03  1.6869339139233609e-03
3.3000000000000002e-02 1.8000000000000002e-02 4.0000000000000001e-03  1.6873057389908443e-03
3.3000000000000002e-02 2.1000000000000005e-02 4.0000000000000001e-03  1.6857875830272636e-03
3.3000000000000002e-02 2.4000000000000007e-02 4.0000000000000001e-03  1.6823789183661548e-03
3.3000000000000002e-02 2.7000000000000010e-02 4.0000000000000001e-03  1.6831311841949395e-03
3.3000000000000002e-02 2.9999999999999999e-02 4.0000000000000001e-03  1.7151895577165047e-03
3.3000000000000002e-02 3.3000000000000002e-02 4.0000000000000001e-03  1.7559052121487542e-03
3.3000000000000002e-02 3.6000000000000004e-02 4.0000000000000001e-03  1.8009739353235454e-03
3.3000000000000002e-02 3.9000000000000007e-02 4.0000000000000001e-03  1.8328617590759810e-03
3.3000000000000002e-02 4.2000000000000010e-02 4.0000000000000001e-03  1.9139598730639436e-03
3.3000000000000002e-02 4.4999999999999998e-02 4.0000000000000001e-03  2.0170594838178992e-03
3.6000000000000004e-02 -4.4999999999999998e-02 4.0000000000000001e-03  2.3643653810529611e-03
3.6000000000000004e-02 -4.1999999999999996e-02 4.0000000000000001e-03  2.2168535447637467e-03
3.6000000000000004e-02 -3.9000000000000000e-02 4.0000000000000001e-03  2.0852952527310319e-03
3.6000000000000004e-02 -3.5999999999999997e-02 4.0000000000000001e-03  1.9748441823282848e-03
3.6000000000000004e-02 -3.3000000000000002e-02 4.0000000000000001e-03  1.9106785580745393e-03
3.6000000000000004e-02 -2.9999999999999999e-02 4.0000000000000001e-03  1.8967277241232509e-03
3.6000000000000004e-02 -2.6999999999999996e-02 4.0000000000000001e-03  1.8757963590194291e-03
3.6000000000000004e-02 -2.3999999999999997e-02 4.0000000000000001e-03  1.8397433929519115e-03
3.6000000000000004e-02 -2.0999999999999998e-02 4.0000000000000001e-03  1.8221419583273383e-03
3.6000000000000004e-02 -1.7999999999999999e-02 4.0000000000000001e-03  1.8092921632018204e-03
3.6000000000000004e-02 -1.4999999999999999e-02 4.0000000000000001e-03  1.7991176585895410e-03
3.6000000000000004e-02 -1.1999999999999997e-02 4.0000000000000001e-03  1.7885809219581853e-03
3.6000000000000004e-02 -8.9999999999999941e-03 4.0000000000000001e-03  1.7783369214465156e-03
3.6000000000000004e-02 -5.9999999999999984e-03 4.0000000000000001e-03  1.7649285154035614e-03
3.6000000000000004e-02 -2.9999999999999957e-03 4.0000000000000001e-03  1.7320588407151287e-03
3.6000000000000004e-02 0.0000000000000000e+00 4.0000000000000001e-03  1.7310236479585357e-03
3.6000000000000004e-02 3.0000000000000027e-03 4.0000000000000001e-03  1.7318319014633092e-03
3.6000000000000004e-02 6.0000000000000053e-03 4.0000000000000001e-03  1.7341575261621454e-03
3.6000000000000004e-02 9.0000000000000011e-03 4.0000000000000001e-03  1.7386239592749374e-03
3.6000000000000004e-02 1.2000000000000004e-02 4.0000000000000001e-03  1.7429883972646465e-03
3.6000000000000004e-02 1.4999999999999999e-02 4.0000000000000001e-03  1.7454913718167717e-03
3.6000000000000004e-02 1.8000000000000002e-02 4.0000000000000001e-03  1.7461289423617268e-03
3.6000000000000004e-02 2.1000000000000005e-02 4.0000000000000001e-03  1.7448981713417610e-03
3.6000000000000004e-02 2.4000000000000007e-02 4.0000000000000001e-03  1.7417971242109855e-03
3.6000000000000004e-02 2.7000000000000010e-02 4.0000000000000001e-03  1.7550544241349128e-03
3.6000000000000004e-02 2.9999999999999999e-02 4.0000000000000001e-03  1.7722395615233900e-03
3.6000000000000004e-02 3.3000000000000002e-02 4.0000000000000001e-03  1.7989970391029991e-03
3.6000000000000004e-02 3.6000000000000004e-02 4.0000000000000001e-03  1.8842151481649326e-03
3.6000000000000004e-02 3.9000000000000007e-02 4.0000000000000001e-03  1.8969032170886690e-03
3.6000000000000004e-02 4.2000000000000010e-02 4.0000000000000001e-03  1.9501600905963996e-03
3.6000000000000004e-02 4.4999999999999998e-02 4.0000000000000001e-03  2.0512689200408640e-03
3.9000000000000007e-02 -4.4999999999999998e-02 4.0000000000000001e-03  2.4030427960165007e-03
3.9000000000000007e-02 -4.1999999999999996e-02 4.0000000000000001e-03  2.2781460536384205e-03
3.9000000000000007e-02 -3.9000000000000000e-02 4.0000000000000001e-03  2.1397113947923484e-03
3.9000000000000007e-02 -3.5999999999999997e-02 4.0000000000000001e-03  2.0401926483642127e-03
3.9000000000000007e-02 -3.3000000000000002e-02 4.0000000000000001e-03  1.9907705304177299e-03
3.9000000000000007e-02 -2.9999999999999999e-02 4.0000000000000001e-03  1.9956543970973449e-03
3.9000000000000007e-02 -2.6999999999999996e-02 4.0000000000000001e-03  1.9520020649592682e-03
3.9000000000000007e-02 -2.3999999999999997e-02 4.0000000000000001e-03  1.9182066786431807e-03
3.9000000000000007e-02 -2.0999999999999998e-02 4.0000000000000001e-03  1.8970350029678736e-03
3.9000000000000007e-02 -1.7999999999999999e-02 4.0000000000000001e-03  1.8807716483043519e-03
3.9000000000000007e-02 -1.4999999999999999e-02 4.0000000000000001e-03  1.8694170680492994e-03
3.9000000000000007e-02 -1.1999999999999997e-02 4.0000000000000001e-03  1.8591539808779807e-03
3.9000000000000007e-02 -8.9999999999999941e-03 4.0000000000000001e-03  1.8492263430883961e-03
3.9000000000000007e-02 -5.9999999999999984e-03 4.0000000000000001e-03  1.8262103180108475e-03
3.9000000000000007e-02 -2.9999999999999957e-03 4.0000000000000001e-03  1.8080213471970009e-03
3.9000000000000007e-02 0.0000000000000000e+00 4.0000000000000001e-03  1.8061522040712448e-03
3.9000000000000007e-02 3.0000000000000027e-03 4.0000000000000001e-03  1.8058134125840458e-03
3.9000000000000007e-02 6.0000000000000053e-03 4.0000000000000001e-03  1.8070048762091281e-03
3.9000000000000007e-02 9.0000000000000011e-03 4.0000000000000001e-03  1.8097265107353863e-03
3.9000000000000007e-02 1.2000000000000004e-02 4.0000000000000001e-03  1.8136796256923934e-03
3.9000000000000007e-02 1.4999999999999999e-02 4.0000000000000001e-03  1.8161229408075220e-03
3.9000000000000007e-02 1.8000000000000002e-02 4.0000000000000001e-03  1.8167331873447387e-03
3.9000000000000007e-02 2.1000000000000005e-02 4.0000000000000001e-03  1.8155060208668852e-03
3.9000000000000007e-02 2.4000000000000007e-02 4.0000000000000001e-03  1.8184101381136957e-03
3.9000000000000007e-02 2.7000000000000010e-02 4.0000000000000001e-03  1.8261946284943171e-03
3.9000000000000007e-02 2.9999999999999999e-02 4.0000000000000001e-03  1.8372241887278315e-03
3.9000000000000007e-02 3.3000000000000002e-02 4.0000000000000001e-03  1.8584392882703585e-03
3.9000000000000007e-02 3.6000000000000004e-02 4.0000000000000001e-03  1.9376596904232615e-03
3.9000000000000007e-02 3.9000000000000007e-02 4.0000000000000001e-03  2.0160291200294511e-03
3.9000000000000007e-02 4.2000000000000010e-02 4.0000000000000001e-03  2.0153683173992159e-03
3.9000000000000007e-02 4.4999999999999998e-02 4.0000000000000001e-03  2.0889909464642895e-03
4.2000000000000010e-02 -4.4999999999999998e-02 4.0000000000000001e-03  2.4451509044564087e-03
4.2000000000000010e-02 -4.1999999999999996e-02 4.0000000000000001e-03  2.3455435484932199e-03
4.2000000000000010e-02 -3.9000000000000000e-02 4.0000000000000001e-03  2.2352427365732223e-03
4.2000000000000010e-02 -3.5999999999999997e-02 4.0000000000000001e-03  2.1868773162424552e-03
4.2000000000000010e-02 -3.3000000000000002e-02 4.0000000000000001e-03  2.1448395618180504e-03
4.2000000000000010e-02 -2.9999999999999999e-02 4.0000000000000001e-03  2.1089368462135650e-03
4.2000000000000010e-02 -2.6999999999999996e-02 4.0000000000000001e-03  2.0435469538367399e-03
4.2000000000000010e-02 -2.3999999999999997e-02 4.0000000000000001e-03  2.0136141090638252e-03
4.2000000000000010e-02 -2.0999999999999998e-02 4.0000000000000001e-03  1.9887722729745316e-03
4.2000000000000010e-02 -1.7999999999999999e-02 4.0000000000000001e-03  1.9689957211303771e-03
4.2000000000000010e-02 -1.4999999999999999e-02 4.0000000000000001e-03  1.9542796293574396e-03
4.2000000000000010e-02 -1.1999999999999997e-02 4.0000000000000001e-03  1.9438911616588101e-03
4.2000000000000010e-02 -8.9999999999999941e-03 4.0000000000000001e-03  1.9341044284414317e-03
4.2000000000000010e-02 -5.9999999999999984e-03 4.0000000000000001e-03  1.9031675708300164e-03
4.2000000000000010e-02 -2.9999999999999957e-03 4.0000000000000001e-03  1.8986934747875959e-03
4.2000000000000010e-02 0.0000000000000000e+00 4.0000000000000001e-03  1.8957631762102464e-03
4.2000000000000010e-02 3.0000000000000027e-03 4.0000000000000001e-03  1.8943766728201738e-03
4.2000000000000010e-02 6.0000000000000053e-03 4.0000000000000001e-03  1.8945339746547539e-03
4.2000000000000010e-02 9.0000000000000011e-03 4.0000000000000001e-03  1.8962351040665239e-03
4.2000000000000010e-02 1.2000000000000004e-02 4.0000000000000001e-03  1.8994128241939245e-03
4.2000000000000010e-02 1.4999999999999999e-02 4.0000000000000001e-03  1.9014154764930770e-03
4.2000000000000010e-02 1.8000000000000002e-02 4.0000000000000001e-03  1.9016266847272725e-03
4.2000000000000010e-02 2.1000000000000005e-02 4.0000000000000001e-03  1.8992612681629007e-03
4.2000000000000010e-02 2.4000000000000007e-02 4.0000000000000001e-03  1.8981092921161156e-03
4.2000000000000010e-02 2.7000000000000010e-02 4.0000000000000001e-03  1.9040538778667885e-03
4.2000000000000010e-02 2.9999999999999999e-02 4.0000000000000001e-03  1.9476723700225492e-03
4.2000000000000010e-02 3.3000000000000002e-02 4.0000000000000001e-03  1.9837006825797090e-03
4.2000000000000010e-02 3.6000000000000004e-02 4.0000000000000001e-03  2.0122347962796576e-03
4.2000000000000010e-02 3.9000000000000007e-02 4.0000000000000001e-03  2.1278252564799920e-03
4.2000000000000010e-02 4.2000000000000010e-02 4.0000000000000001e-03  2.1506681271819023e-03
4.2000000000000010e-02 4.4999999999999998e-02 4.0000000000000001e-03  2.1617932021310172e-03
4.4999999999999998e-02 -4.4999999999999998e-02 4.0000000000000001e-03  2.6479316319245466e-03
4.4999999999999998e-02 -4.1999999999999996e-02 4.0000000000000001e-03  2.6103793266045038e-03
4.4999999999999998e-02 -3.9000000000000000e-02 4.0000000000000001e-03  2.4947398899304771e-03
4.4999999999999998e-02 -3.5999999999999997e-02 4.0000000000000001e-03  2.3793149638658838e-03
4.4999999999999998e-02 -3.3000000000000002e-02 4.0000000000000001e-03  2.3052692394959860e-03
4.4999999999999998e-02 -2.9999999999999999e-02 4.0000000000000001e-03  2.2359247327008360e-03
4.4999999999999998e-02 -2.6999999999999996e-02 4.0000000000000001e-03  2.1608795375157868e-03
4.4999999999999998e-02 -2.3999999999999997e-02 4.0000000000000001e-03  2.1270246652255269e-03
4.4999999999999998e-02 -2.0999999999999998e-02 4.0000000000000001e-03  2.0984233241434576e-03
4.4999999999999998e-02 -1.7999999999999999e-02 4.0000000000000001e-03  2.0750445122604921e-03
4.4999999999999998e-02 -1.4999999999999999e-02 4.0000000000000001e-03  2.0568781278321210e-03
4.4999999999999998e-02 -1.1999999999999997e-02 4.0000000000000001e-03  2.0439349693783726e-03
4.4999999999999998e-02 -8.9999999999999941e-03 4.0000000000000001e-03  2.0302963997144360e-03
4.4999999999999998e-02 -5.9999999999999984e-03 4.0000000000000001e-03  2.0111478132386331e-03
4.4999999999999998e-02 -2.9999999999999957e-03 4.0000000000000001e-03  2.0057283278229750e-03
4.4999999999999998e-02 0.0000000000000000e+00 4.0000000000000001e-03  2.0018666430516164e-03
4.4999999999999998e-02 3.0000000000000027e-03 4.0000000000000001e-03  1.9995628632104088e-03
4.4999999999999998e-02 6.0000000000000053e-03 4.0000000000000001e-03  1.9988171049003739e-03
4.4999999999999998e-02 9.0000000000000011e-03 4.0000000000000001e-03  1.9996294970376989e-03
4.4999999999999998e-02 1.2000000000000004e-02 4.0000000000000001e-03  2.0020001808537186e-03
4.4999999999999998e-02 1.4999999999999999e-02 4.0000000000000001e-03  2.0044616421684355e-03
4.4999999999999998e-02 1.8000000000000002e-02 4.0000000000000001e-03  2.0012306777909177e-03
4.4999999999999998e-02 2.1000000000000005e-02 4.0000000000000001e-03  1.9917166112323340e-03
4.4999999999999998e-02 2.4000000000000007e-02 4.0000000000000001e-03  2.0375194611992977e-03
4.4999999999999998e-02 2.7000000000000010e-02 4.0000000000000001e-03  2.0837323155793964e-03
4.4999999999999998e-02 2.9999999999999999e-02 4.0000000000000001e-03  2.1223840799974030e-03
4.4999999999999998e-02 3.3000000000000002e-02 4.0000000000000001e-03  2.1535328787460639e-03
4.4999999999999998e-02 3.6000000000000004e-02 4.0000000000000001e-03  2.1772906532289099e-03
4.4999999999999998e-02 3.9000000000000007e-02 4.0000000000000001e-03  2.2258135340423773e-03
4.4999999999999998e-02 4.2000000000000010e-02 4.0000000000000001e-03  2.2273662368475148e-03
4.4999999999999998e-02 4.4999999999999998e-02 4.0000000000000001e-03  2.2189542454586261e-03
