Grid Output Min: [-45mm -45mm 4mm] Max: [45mm 45mm 4mm] Grid Size: [3mm 3mm 0mm]
X, Y, Z, Scalar data "Mag_B"
-4.4999999999999998e-002 -4.4999999999999998e-002 4.0000000000000001e-003  2.4212740811539774e-003
-4.4999999999999998e-002 -4.1999999999999996e-002 4.0000000000000001e-003  2.3170456656381737e-003
-4.4999999999999998e-002 -3.9000000000000000e-002 4.0000000000000001e-003  2.0962430066378515e-003
-4.4999999999999998e-002 -3.5999999999999997e-002 4.0000000000000001e-003  1.9806519701356744e-003
-4.4999999999999998e-002 -3.3000000000000002e-002 4.0000000000000001e-003  1.9131791812050417e-003
-4.4999999999999998e-002 -2.9999999999999999e-002 4.0000000000000001e-003  1.8517150091548573e-003
-4.4999999999999998e-002 -2.6999999999999996e-002 4.0000000000000001e-003  1.8985433818129074e-003
-4.4999999999999998e-002 -2.3999999999999997e-002 4.0000000000000001e-003  1.8893784266310080e-003
-4.4999999999999998e-002 -2.0999999999999998e-002 4.0000000000000001e-003  1.8674571146131691e-003
-4.4999999999999998e-002 -1.7999999999999999e-002 4.0000000000000001e-003  1.8412690271617596e-003
-4.4999999999999998e-002 -1.4999999999999999e-002 4.0000000000000001e-003  1.8108193268308900e-003
-4.4999999999999998e-002 -1.1999999999999997e-002 4.0000000000000001e-003  1.7954310858410143e-003
-4.4999999999999998e-002 -8.9999999999999941e-003 4.0000000000000001e-003  1.7874988429327032e-003
-4.4999999999999998e-002 -5.9999999999999984e-003 4.0000000000000001e-003  1.7792972069268554e-003
-4.4999999999999998e-002 -2.9999999999999957e-003 4.0000000000000001e-003  1.7696287078553209e-003
-4.4999999999999998e-002 0.0000000000000000e+000 4.0000000000000001e-003  1.7582427140828941e-003
-4.4999999999999998e-002 3.0000000000000027e-003 4.0000000000000001e-003  1.7661987839674704e-003
-4.4999999999999998e-002 6.0000000000000053e-003 4.0000000000000001e-003  1.7727849575096459e-003
-4.4999999999999998e-002 9.0000000000000011e-003 4.0000000000000001e-003  1.7779983155067328e-003
-4.4999999999999998e-002 1.2000000000000004e-002 4.0000000000000001e-003  1.7818386332839129e-003
-4.4999999999999998e-002 1.4999999999999999e-002 4.0000000000000001e-003  1.8163256382533414e-003
-4.4999999999999998e-002 1.8000000000000002e-002 4.0000000000000001e-003  1.8319267483806381e-003
-4.4999999999999998e-002 2.1000000000000005e-002 4.0000000000000001e-003  1.8322404053214619e-003
-4.4999999999999998e-002 2.4000000000000007e-002 4.0000000000000001e-003  1.8725799186432187e-003
-4.4999999999999998e-002 2.7000000000000010e-002 4.0000000000000001e-003  1.9142794602712025e-003
-4.4999999999999998e-002 2.9999999999999999e-002 4.0000000000000001e-003  1.9513563154679673e-003
-4.4999999999999998e-002 3.3000000000000002e-002 4.0000000000000001e-003  1.9839861410165340e-003
-4.4999999999999998e-002 3.6000000000000004e-002 4.0000000000000001e-003  2.0123955969812922e-003
-4.4999999999999998e-002 3.9000000000000007e-002 4.0000000000000001e-003  2.1139205412950435e-003
-4.4999999999999998e-002 4.2000000000000010e-002 4.0000000000000001e-003  2.1994027540567307e-003
-4.4999999999999998e-002 4.4999999999999998e-002 4.0000000000000001e-003  2.2270730592637723e-003
-4.1999999999999996e-002 -4.4999999999999998e-002 4.0000000000000001e-003  2.3021916275203303e-003
-4.1999999999999996e-002 -4.1999999999999996e-002 4.0000000000000001e-003  2.1159709442709917e-003
-4.1999999999999996e-002 -3.9000000000000000e-002 4.0000000000000001e-003  2.0302376237440285e-003
-4.1999999999999996e-002 -3.5999999999999997e-002 4.0000000000000001e-003  1.8991595007890477e-003
-4.1999999999999996e-002 -3.3000000000000002e-002 4.0000000000000001e-003  1.8098998922830081e-003
-4.1999999999999996e-002 -2.9999999999999999e-002 4.0000000000000001e-003  1.7753500728430016e-003
-4.1999999999999996e-002 -2.6999999999999996e-002 4.0000000000000001e-003  1.7882508135527750e-003
-4.1999999999999996e-002 -2.3999999999999997e-002 4.0000000000000001e-003  1.7680593026581613e-003
-4.1999999999999996e-002 -2.0999999999999998e-002 4.0000000000000001e-003  1.7435276636177813e-003
-4.1999999999999996e-002 -1.7999999999999999e-002 4.0000000000000001e-003  1.7185587995067852e-003
-4.1999999999999996e-002 -1.4999999999999999e-002 4.0000000000000001e-003  1.7058518719750314e-003
-4.1999999999999996e-002 -1.1999999999999997e-002 4.0000000000000001e-003  1.6955688481390865e-003
-4.1999999999999996e-002 -8.9999999999999941e-003 4.0000000000000001e-003  1.6877080026339354e-003
-4.1999999999999996e-002 -5.9999999999999984e-003 4.0000000000000001e-003  1.6790761417134034e-003
-4.1999999999999996e-002 -2.9999999999999957e-003 4.0000000000000001e-003  1.6693265894207859e-003
-4.1999999999999996e-002 0.0000000000000000e+000 4.0000000000000001e-003  1.6622104850260405e-003
-4.1999999999999996e-002 3.0000000000000027e-003 4.0000000000000001e-003  1.6638001051743477e-003
-4.1999999999999996e-002 6.0000000000000053e-003 4.0000000000000001e-003  1.6695405028741845e-003
-4.1999999999999996e-002 9.0000000000000011e-003 4.0000000000000001e-003  1.6739113073600187e-003
-4.1999999999999996e-002 1.2000000000000004e-002 4.0000000000000001e-003  1.6939276018408350e-003
-4.1999999999999996e-002 1.4999999999999999e-002 4.0000000000000001e-003  1.7129092909509533e-003
-4.1999999999999996e-002 1.8000000000000002e-002 4.0000000000000001e-003  1.7248260474878002e-003
-4.1999999999999996e-002 2.1000000000000005e-002 4.0000000000000001e-003  1.7405582162881433e-003
-4.1999999999999996e-002 2.4000000000000007e-002 4.0000000000000001e-003  1.7479927658541139e-003
-4.1999999999999996e-002 2.7000000000000010e-002 4.0000000000000001e-003  1.7770280300443066e-003
-4.1999999999999996e-002 2.9999999999999999e-002 4.0000000000000001e-003  1.8016434072089989e-003
-4.1999999999999996e-002 3.3000000000000002e-002 4.0000000000000001e-003  1.8220304119773557e-003
-4.1999999999999996e-002 3.6000000000000004e-002 4.0000000000000001e-003  1.9084518605206287e-003
-4.1999999999999996e-002 3.9000000000000007e-002 4.0000000000000001e-003  1.9872020907372107e-003
-4.1999999999999996e-002 4.2000000000000010e-002 4.0000000000000001e-003  2.0657624595836212e-003
-4.1999999999999996e-002 4.4999999999999998e-002 4.0000000000000001e-003  2.0981861374344494e-003
-3.9000000000000000e-002 -4.4999999999999998e-002 4.0000000000000001e-003  2.1438913773128713e-003
-3.9000000000000000e-002 -4.1999999999999996e-002 4.0000000000000001e-003  2.0160399281167448e-003
-3.9000000000000000e-002 -3.9000000000000000e-002 4.0000000000000001e-003  1.9417571915712323e-003
-3.9000000000000000e-002 -3.5999999999999997e-002 4.0000000000000001e-003  1.8401679757763388e-003
-3.9000000000000000e-002 -3.3000000000000002e-002 4.0000000000000001e-003  1.7561290667845470e-003
-3.9000000000000000e-002 -2.9999999999999999e-002 4.0000000000000001e-003  1.7142050397254518e-003
-3.9000000000000000e-002 -2.6999999999999996e-002 4.0000000000000001e-003  1.6963053227312189e-003
-3.9000000000000000e-002 -2.3999999999999997e-002 4.0000000000000001e-003  1.6737887147947627e-003
-3.9000000000000000e-002 -2.0999999999999998e-002 4.0000000000000001e-003  1.6542503314019930e-003
-3.9000000000000000e-002 -1.7999999999999999e-002 4.0000000000000001e-003  1.6391617322134022e-003
-3.9000000000000000e-002 -1.4999999999999999e-002 4.0000000000000001e-003  1.6265116555285234e-003
-3.9000000000000000e-002 -1.1999999999999997e-002 4.0000000000000001e-003  1.6162984971526113e-003
-3.9000000000000000e-002 -8.9999999999999941e-003 4.0000000000000001e-003  1.6085207209349673e-003
-3.9000000000000000e-002 -5.9999999999999984e-003 4.0000000000000001e-003  1.5992801363493975e-003
-3.9000000000000000e-002 -2.9999999999999957e-003 4.0000000000000001e-003  1.5891791095397393e-003
-3.9000000000000000e-002 0.0000000000000000e+000 4.0000000000000001e-003  1.5803116545055661e-003
-3.9000000000000000e-002 3.0000000000000027e-003 4.0000000000000001e-003  1.5886196299858071e-003
-3.9000000000000000e-002 6.0000000000000053e-003 4.0000000000000001e-003  1.5974069398276356e-003
-3.9000000000000000e-002 9.0000000000000011e-003 4.0000000000000001e-003  1.6034312094950606e-003
-3.9000000000000000e-002 1.2000000000000004e-002 4.0000000000000001e-003  1.6170766485466715e-003
-3.9000000000000000e-002 1.4999999999999999e-002 4.0000000000000001e-003  1.6241070620097292e-003
-3.9000000000000000e-002 1.8000000000000002e-002 4.0000000000000001e-003  1.6359443626533178e-003
-3.9000000000000000e-002 2.1000000000000005e-002 4.0000000000000001e-003  1.6525615570978291e-003
-3.9000000000000000e-002 2.4000000000000007e-002 4.0000000000000001e-003  1.6617803383159047e-003
-3.9000000000000000e-002 2.7000000000000010e-002 4.0000000000000001e-003  1.6777093880513138e-003
-3.9000000000000000e-002 2.9999999999999999e-002 4.0000000000000001e-003  1.6931878432760341e-003
-3.9000000000000000e-002 3.3000000000000002e-002 4.0000000000000001e-003  1.7530022408178503e-003
-3.9000000000000000e-002 3.6000000000000004e-002 4.0000000000000001e-003  1.8184206313806993e-003
-3.9000000000000000e-002 3.9000000000000007e-002 4.0000000000000001e-003  1.8848661800301865e-003
-3.9000000000000000e-002 4.2000000000000010e-002 4.0000000000000001e-003  1.9663994760659069e-003
-3.9000000000000000e-002 4.4999999999999998e-002 4.0000000000000001e-003  2.0213778395303211e-003
-3.5999999999999997e-002 -4.4999999999999998e-002 4.0000000000000001e-003  2.1281388403615658e-003
-3.5999999999999997e-002 -4.1999999999999996e-002 4.0000000000000001e-003  1.9540693540610835e-003
-3.5999999999999997e-002 -3.9000000000000000e-002 4.0000000000000001e-003  1.8323554741047656e-003
-3.5999999999999997e-002 -3.5999999999999997e-002 4.0000000000000001e-003  1.7778696579591785e-003
-3.5999999999999997e-002 -3.3000000000000002e-002 4.0000000000000001e-003  1.7067494939415750e-003
-3.5999999999999997e-002 -2.9999999999999999e-002 4.0000000000000001e-003  1.6623340391476082e-003
-3.5999999999999997e-002 -2.6999999999999996e-002 4.0000000000000001e-003  1.6300780085584023e-003
-3.5999999999999997e-002 -2.3999999999999997e-002 4.0000000000000001e-003  1.6101634448992006e-003
-3.5999999999999997e-002 -2.0999999999999998e-002 4.0000000000000001e-003  1.5926983575851633e-003
-3.5999999999999997e-002 -1.7999999999999999e-002 4.0000000000000001e-003  1.5776811955477438e-003
-3.5999999999999997e-002 -1.4999999999999999e-002 4.0000000000000001e-003  1.5651104757624455e-003
-3.5999999999999997e-002 -1.1999999999999997e-002 4.0000000000000001e-003  1.5549847832488270e-003
-3.5999999999999997e-002 -8.9999999999999941e-003 4.0000000000000001e-003  1.5473027710705073e-003
-3.5999999999999997e-002 -5.9999999999999984e-003 4.0000000000000001e-003  1.5372517679062086e-003
-3.5999999999999997e-002 -2.9999999999999957e-003 4.0000000000000001e-003  1.5265998627008602e-003
-3.5999999999999997e-002 0.0000000000000000e+000 4.0000000000000001e-003  1.5171218282628858e-003
-3.5999999999999997e-002 3.0000000000000027e-003 4.0000000000000001e-003  1.5206739207544835e-003
-3.5999999999999997e-002 6.0000000000000053e-003 4.0000000000000001e-003  1.5378263036317117e-003
-3.5999999999999997e-002 9.0000000000000011e-003 4.0000000000000001e-003  1.5409918750938923e-003
-3.5999999999999997e-002 1.2000000000000004e-002 4.0000000000000001e-003  1.5445202928839673e-003
-3.5999999999999997e-002 1.4999999999999999e-002 4.0000000000000001e-003  1.5514738736550377e-003
-3.5999999999999997e-002 1.8000000000000002e-002 4.0000000000000001e-003  1.5631428393583365e-003
-3.5999999999999997e-002 2.1000000000000005e-002 4.0000000000000001e-003  1.5795023357292872e-003
-3.5999999999999997e-002 2.4000000000000007e-002 4.0000000000000001e-003  1.5991032140623503e-003
-3.5999999999999997e-002 2.7000000000000010e-002 4.0000000000000001e-003  1.6156210514146480e-003
-3.5999999999999997e-002 2.9999999999999999e-002 4.0000000000000001e-003  1.6440117687226952e-003
-3.5999999999999997e-002 3.3000000000000002e-002 4.0000000000000001e-003  1.6902903942771609e-003
-3.5999999999999997e-002 3.6000000000000004e-002 4.0000000000000001e-003  1.7449375010101919e-003
-3.5999999999999997e-002 3.9000000000000007e-002 4.0000000000000001e-003  1.8096568406472373e-003
-3.5999999999999997e-002 4.2000000000000010e-002 4.0000000000000001e-003  1.8928051489855448e-003
-3.5999999999999997e-002 4.4999999999999998e-002 4.0000000000000001e-003  1.9591515129189787e-003
-3.3000000000000002e-002 -4.4999999999999998e-002 4.0000000000000001e-003  2.0817496106512777e-003
-3.3000000000000002e-002 -4.1999999999999996e-002 4.0000000000000001e-003  1.9223320001232481e-003
-3.3000000000000002e-002 -3.9000000000000000e-002 4.0000000000000001e-003  1.7943566222721270e-003
-3.3000000000000002e-002 -3.5999999999999997e-002 4.0000000000000001e-003  1.6964418364842540e-003
-3.3000000000000002e-002 -3.3000000000000002e-002 4.0000000000000001e-003  1.6507805580441694e-003
-3.3000000000000002e-002 -2.9999999999999999e-002 4.0000000000000001e-003  1.6126730032889522e-003
-3.3000000000000002e-002 -2.6999999999999996e-002 4.0000000000000001e-003  1.5743160663389060e-003
-3.3000000000000002e-002 -2.3999999999999997e-002 4.0000000000000001e-003  1.5553056378196910e-003
-3.3000000000000002e-002 -2.0999999999999998e-002 4.0000000000000001e-003  1.5401176023318380e-003
-3.3000000000000002e-002 -1.7999999999999999e-002 4.0000000000000001e-003  1.5274403451821213e-003
-3.3000000000000002e-002 -1.4999999999999999e-002 4.0000000000000001e-003  1.5172722737141892e-003
-3.3000000000000002e-002 -1.1999999999999997e-002 4.0000000000000001e-003  1.5096118510121654e-003
-3.3000000000000002e-002 -8.9999999999999941e-003 4.0000000000000001e-003  1.5024282233562702e-003
-3.3000000000000002e-002 -5.9999999999999984e-003 4.0000000000000001e-003  1.4922357190342928e-003
-3.3000000000000002e-002 -2.9999999999999957e-003 4.0000000000000001e-003  1.4826354528919201e-003
-3.3000000000000002e-002 0.0000000000000000e+000 4.0000000000000001e-003  1.4736155835656801e-003
-3.3000000000000002e-002 3.0000000000000027e-003 4.0000000000000001e-003  1.4708423414326621e-003
-3.3000000000000002e-002 6.0000000000000053e-003 4.0000000000000001e-003  1.4790693813850158e-003
-3.3000000000000002e-002 9.0000000000000011e-003 4.0000000000000001e-003  1.4881696347929564e-003
-3.3000000000000002e-002 1.2000000000000004e-002 4.0000000000000001e-003  1.4904936148566617e-003
-3.3000000000000002e-002 1.4999999999999999e-002 4.0000000000000001e-003  1.4974971142775065e-003
-3.3000000000000002e-002 1.8000000000000002e-002 4.0000000000000001e-003  1.5091433907383166e-003
-3.3000000000000002e-002 2.1000000000000005e-002 4.0000000000000001e-003  1.5254140097233854e-003
-3.3000000000000002e-002 2.4000000000000007e-002 4.0000000000000001e-003  1.5462533810161742e-003
-3.3000000000000002e-002 2.7000000000000010e-002 4.0000000000000001e-003  1.5764806994814269e-003
-3.3000000000000002e-002 2.9999999999999999e-002 4.0000000000000001e-003  1.5999069978544704e-003
-3.3000000000000002e-002 3.3000000000000002e-002 4.0000000000000001e-003  1.6427173549501046e-003
-3.3000000000000002e-002 3.6000000000000004e-002 4.0000000000000001e-003  1.6955047597916446e-003
-3.3000000000000002e-002 3.9000000000000007e-002 4.0000000000000001e-003  1.7582806783721472e-003
-3.3000000000000002e-002 4.2000000000000010e-002 4.0000000000000001e-003  1.8275368160453613e-003
-3.3000000000000002e-002 4.4999999999999998e-002 4.0000000000000001e-003  1.9033927830901947e-003
-2.9999999999999999e-002 -4.4999999999999998e-002 4.0000000000000001e-003  1.9885968951097854e-003
-2.9999999999999999e-002 -4.1999999999999996e-002 4.0000000000000001e-003  1.8610658065301641e-003
-2.9999999999999999e-002 -3.9000000000000000e-002 4.0000000000000001e-003  1.7563604509014828e-003
-2.9999999999999999e-002 -3.5999999999999997e-002 4.0000000000000001e-003  1.6726236421489634e-003
-2.9999999999999999e-002 -3.3000000000000002e-002 4.0000000000000001e-003  1.6063453468339304e-003
-2.9999999999999999e-002 -2.9999999999999999e-002 4.0000000000000001e-003  1.5697848342061135e-003
-2.9999999999999999e-002 -2.6999999999999996e-002 4.0000000000000001e-003  1.5372219660086408e-003
-2.9999999999999999e-002 -2.3999999999999997e-002 4.0000000000000001e-003  1.5044434593844025e-003
-2.9999999999999999e-002 -2.0999999999999998e-002 4.0000000000000001e-003  1.4894554701967246e-003
-2.9999999999999999e-002 -1.7999999999999999e-002 4.0000000000000001e-003  1.4801145792657751e-003
-2.9999999999999999e-002 -1.4999999999999999e-002 4.0000000000000001e-003  1.4732829562501223e-003
-2.9999999999999999e-002 -1.1999999999999997e-002 4.0000000000000001e-003  1.4683615975501824e-003
-2.9999999999999999e-002 -8.9999999999999941e-003 4.0000000000000001e-003  1.4606506811750799e-003
-2.9999999999999999e-002 -5.9999999999999984e-003 4.0000000000000001e-003  1.4535438238920016e-003
-2.9999999999999999e-002 -2.9999999999999957e-003 4.0000000000000001e-003  1.4470228545055953e-003
-2.9999999999999999e-002 0.0000000000000000e+000 4.0000000000000001e-003  1.4438355676888340e-003
-2.9999999999999999e-002 3.0000000000000027e-003 4.0000000000000001e-003  1.4485064897462590e-003
-2.9999999999999999e-002 6.0000000000000053e-003 4.0000000000000001e-003  1.4483310149461643e-003
-2.9999999999999999e-002 9.0000000000000011e-003 4.0000000000000001e-003  1.4554492458097772e-003
-2.9999999999999999e-002 1.2000000000000004e-002 4.0000000000000001e-003  1.4615924767841639e-003
-2.9999999999999999e-002 1.4999999999999999e-002 4.0000000000000001e-003  1.4678261569076821e-003
-2.9999999999999999e-002 1.8000000000000002e-002 4.0000000000000001e-003  1.4787132385333706e-003
-2.9999999999999999e-002 2.1000000000000005e-002 4.0000000000000001e-003  1.4942415609588654e-003
-2.9999999999999999e-002 2.4000000000000007e-002 4.0000000000000001e-003  1.5156669837312377e-003
-2.9999999999999999e-002 2.7000000000000010e-002 4.0000000000000001e-003  1.5394969891344579e-003
-2.9999999999999999e-002 2.9999999999999999e-002 4.0000000000000001e-003  1.5730866932498599e-003
-2.9999999999999999e-002 3.3000000000000002e-002 4.0000000000000001e-003  1.6118524097486614e-003
-2.9999999999999999e-002 3.6000000000000004e-002 4.0000000000000001e-003  1.6602382434417759e-003
-2.9999999999999999e-002 3.9000000000000007e-002 4.0000000000000001e-003  1.7259122891336138e-003
-2.9999999999999999e-002 4.2000000000000010e-002 4.0000000000000001e-003  1.8174002248927523e-003
-2.9999999999999999e-002 4.4999999999999998e-002 4.0000000000000001e-003  1.8806109005646654e-003
-2.6999999999999996e-002 -4.4999999999999998e-002 4.0000000000000001e-003  1.9650072282744770e-003
-2.6999999999999996e-002 -4.1999999999999996e-002 4.0000000000000001e-003  1.8340461876234825e-003
-2.6999999999999996e-002 -3.9000000000000000e-002 4.0000000000000001e-003  1.7225448225130727e-003
-2.6999999999999996e-002 -3.5999999999999997e-002 4.0000000000000001e-003  1.6498425753333065e-003
-2.6999999999999996e-002 -3.3000000000000002e-002 4.0000000000000001e-003  1.5864996701482150e-003
-2.6999999999999996e-002 -2.9999999999999999e-002 4.0000000000000001e-003  1.5333690232653308e-003
-2.6999999999999996e-002 -2.6999999999999996e-002 4.0000000000000001e-003  1.5009939632399645e-003
-2.6999999999999996e-002 -2.3999999999999997e-002 4.0000000000000001e-003  1.4739637668579368e-003
-2.6999999999999996e-002 -2.0999999999999998e-002 4.0000000000000001e-003  1.4467332102603590e-003
-2.6999999999999996e-002 -1.7999999999999999e-002 4.0000000000000001e-003  1.4356831425133604e-003
-2.6999999999999996e-002 -1.4999999999999999e-002 4.0000000000000001e-003  1.4321833177361480e-003
-2.6999999999999996e-002 -1.1999999999999997e-002 4.0000000000000001e-003  1.4272059801520519e-003
-2.6999999999999996e-002 -8.9999999999999941e-003 4.0000000000000001e-003  1.4225886108770631e-003
-2.6999999999999996e-002 -5.9999999999999984e-003 4.0000000000000001e-003  1.4185618939722099e-003
-2.6999999999999996e-002 -2.9999999999999957e-003 4.0000000000000001e-003  1.4156131593966055e-003
-2.6999999999999996e-002 0.0000000000000000e+000 4.0000000000000001e-003  1.4213017781887106e-003
-2.6999999999999996e-002 3.0000000000000027e-003 4.0000000000000001e-003  1.4223886165040415e-003
-2.6999999999999996e-002 6.0000000000000053e-003 4.0000000000000001e-003  1.4227639997570205e-003
-2.6999999999999996e-002 9.0000000000000011e-003 4.0000000000000001e-003  1.4254108516705271e-003
-2.6999999999999996e-002 1.2000000000000004e-002 4.0000000000000001e-003  1.4320724000017307e-003
-2.6999999999999996e-002 1.4999999999999999e-002 4.0000000000000001e-003  1.4386397510891327e-003
-2.6999999999999996e-002 1.8000000000000002e-002 4.0000000000000001e-003  1.4487757529485640e-003
-2.6999999999999996e-002 2.1000000000000005e-002 4.0000000000000001e-003  1.4651154890830934e-003
-2.6999999999999996e-002 2.4000000000000007e-002 4.0000000000000001e-003  1.4874881521781153e-003
-2.6999999999999996e-002 2.7000000000000010e-002 4.0000000000000001e-003  1.5162908363538551e-003
-2.6999999999999996e-002 2.9999999999999999e-002 4.0000000000000001e-003  1.5499839348171321e-003
-2.6999999999999996e-002 3.3000000000000002e-002 4.0000000000000001e-003  1.5835821643881544e-003
-2.6999999999999996e-002 3.6000000000000004e-002 4.0000000000000001e-003  1.6262885889574822e-003
-2.6999999999999996e-002 3.9000000000000007e-002 4.0000000000000001e-003  1.6963597872671887e-003
-2.6999999999999996e-002 4.2000000000000010e-002 4.0000000000000001e-003  1.7939287022463825e-003
-2.6999999999999996e-002 4.4999999999999998e-002 4.0000000000000001e-003  1.9184489505280843e-003
-2.3999999999999997e-002 -4.4999999999999998e-002 4.0000000000000001e-003  1.9184303791121224e-003
-2.3999999999999997e-002 -4.1999999999999996e-002 4.0000000000000001e-003  1.7972944594764446e-003
-2.3999999999999997e-002 -3.9000000000000000e-002 4.0000000000000001e-003  1.6981068690175214e-003
-2.3999999999999997e-002 -3.5999999999999997e-002 4.0000000000000001e-003  1.6237472684164555e-003
-2.3999999999999997e-002 -3.3000000000000002e-002 4.0000000000000001e-003  1.5638849661726243e-003
-2.3999999999999997e-002 -2.9999999999999999e-002 4.0000000000000001e-003  1.5148815224023239e-003
-2.3999999999999997e-002 -2.6999999999999996e-002 4.0000000000000001e-003  1.4717151988834427e-003
-2.3999999999999997e-002 -2.3999999999999997e-002 4.0000000000000001e-003  1.4443804643235788e-003
-2.3999999999999997e-002 -2.0999999999999998e-002 4.0000000000000001e-003  1.4228698459995308e-003
-2.3999999999999997e-002 -1.7999999999999999e-002 4.0000000000000001e-003  1.4011556801143163e-003
-2.3999999999999997e-002 -1.4999999999999999e-002 4.0000000000000001e-003  1.3918940009860757e-003
-2.3999999999999997e-002 -1.1999999999999997e-002 4.0000000000000001e-003  1.3897677809568093e-003
-2.3999999999999997e-002 -8.9999999999999941e-003 4.0000000000000001e-003  1.3882362511640747e-003
-2.3999999999999997e-002 -5.9999999999999984e-003 4.0000000000000001e-003  1.3872786672803625e-003
-2.3999999999999997e-002 -2.9999999999999957e-003 4.0000000000000001e-003  1.3929137389034050e-003
-2.3999999999999997e-002 0.0000000000000000e+000 4.0000000000000001e-003  1.3957103524560198e-003
-2.3999999999999997e-002 3.0000000000000027e-003 4.0000000000000001e-003  1.3965464416549698e-003
-2.3999999999999997e-002 6.0000000000000053e-003 4.0000000000000001e-003  1.3977624725844983e-003
-2.3999999999999997e-002 9.0000000000000011e-003 4.0000000000000001e-003  1.3993595517012192e-003
-2.3999999999999997e-002 1.2000000000000004e-002 4.0000000000000001e-003  1.4037448651447774e-003
-2.3999999999999997e-002 1.4999999999999999e-002 4.0000000000000001e-003  1.4099253553988386e-003
-2.3999999999999997e-002 1.8000000000000002e-002 4.0000000000000001e-003  1.4192969887493960e-003
-2.3999999999999997e-002 2.1000000000000005e-002 4.0000000000000001e-003  1.4389690536050030e-003
-2.3999999999999997e-002 2.4000000000000007e-002 4.0000000000000001e-003  1.4618276288683059e-003
-2.3999999999999997e-002 2.7000000000000010e-002 4.0000000000000001e-003  1.4942837039459097e-003
-2.3999999999999997e-002 2.9999999999999999e-002 4.0000000000000001e-003  1.5261429893781125e-003
-2.3999999999999997e-002 3.3000000000000002e-002 4.0000000000000001e-003  1.5572576761159391e-003
-2.3999999999999997e-002 3.6000000000000004e-002 4.0000000000000001e-003  1.5981302218471449e-003
-2.3999999999999997e-002 3.9000000000000007e-002 4.0000000000000001e-003  1.6671467736181886e-003
-2.3999999999999997e-002 4.2000000000000010e-002 4.0000000000000001e-003  1.7615639973021411e-003
-2.3999999999999997e-002 4.4999999999999998e-002 4.0000000000000001e-003  1.8841018302577827e-003
-2.0999999999999998e-002 -4.4999999999999998e-002 4.0000000000000001e-003  1.8861469210285540e-003
-2.0999999999999998e-002 -4.1999999999999996e-002 4.0000000000000001e-003  1.7705928111412226e-003
-2.0999999999999998e-002 -3.9000000000000000e-002 4.0000000000000001e-003  1.6777230783269494e-003
-2.0999999999999998e-002 -3.5999999999999997e-002 4.0000000000000001e-003  1.5943271017095618e-003
-2.0999999999999998e-002 -3.3000000000000002e-002 4.0000000000000001e-003  1.5385003805036979e-003
-2.0999999999999998e-002 -2.9999999999999999e-002 4.0000000000000001e-003  1.4936314671969563e-003
-2.0999999999999998e-002 -2.6999999999999996e-002 4.0000000000000001e-003  1.4546039684974474e-003
-2.0999999999999998e-002 -2.3999999999999997e-002 4.0000000000000001e-003  1.4214250195535478e-003
-2.0999999999999998e-002 -2.0999999999999998e-002 4.0000000000000001e-003  1.4002886240736187e-003
-2.0999999999999998e-002 -1.7999999999999999e-002 4.0000000000000001e-003  1.3834163934586202e-003
-2.0999999999999998e-002 -1.4999999999999999e-002 4.0000000000000001e-003  1.3649771055468754e-003
-2.0999999999999998e-002 -1.1999999999999997e-002 4.0000000000000001e-003  1.3560723319814279e-003
-2.0999999999999998e-002 -8.9999999999999941e-003 4.0000000000000001e-003  1.3576134333566883e-003
-2.0999999999999998e-002 -5.9999999999999984e-003 4.0000000000000001e-003  1.3633292802941153e-003
-2.0999999999999998e-002 -2.9999999999999957e-003 4.0000000000000001e-003  1.3680343943390692e-003
-2.0999999999999998e-002 0.0000000000000000e+000 4.0000000000000001e-003  1.3693291807576580e-003
-2.0999999999999998e-002 3.0000000000000027e-003 4.0000000000000001e-003  1.3710050795625686e-003
-2.0999999999999998e-002 6.0000000000000053e-003 4.0000000000000001e-003  1.3730607408577451e-003
-2.0999999999999998e-002 9.0000000000000011e-003 4.0000000000000001e-003  1.3754964570276721e-003
-2.0999999999999998e-002 1.2000000000000004e-002 4.0000000000000001e-003  1.3783141627373683e-003
-2.0999999999999998e-002 1.4999999999999999e-002 4.0000000000000001e-003  1.3833115637453136e-003
-2.0999999999999998e-002 1.8000000000000002e-002 4.0000000000000001e-003  1.3940225690743740e-003
-2.0999999999999998e-002 2.1000000000000005e-002 4.0000000000000001e-003  1.4152527397131825e-003
-2.0999999999999998e-002 2.4000000000000007e-002 4.0000000000000001e-003  1.4424238626301140e-003
-2.0999999999999998e-002 2.7000000000000010e-002 4.0000000000000001e-003  1.4730448556685434e-003
-2.0999999999999998e-002 2.9999999999999999e-002 4.0000000000000001e-003  1.5030679927966310e-003
-2.0999999999999998e-002 3.3000000000000002e-002 4.0000000000000001e-003  1.5325237324719113e-003
-2.0999999999999998e-002 3.6000000000000004e-002 4.0000000000000001e-003  1.5731604113701472e-003
-2.0999999999999998e-002 3.9000000000000007e-002 4.0000000000000001e-003  1.6383648448438756e-003
-2.0999999999999998e-002 4.2000000000000010e-002 4.0000000000000001e-003  1.7297223564742155e-003
-2.0999999999999998e-002 4.4999999999999998e-002 4.0000000000000001e-003  1.8498846851048311e-003
-1.7999999999999999e-002 -4.4999999999999998e-002 4.0000000000000001e-003  1.8666738076574460e-003
-1.7999999999999999e-002 -4.1999999999999996e-002 4.0000000000000001e-003  1.7505329579915946e-003
-1.7999999999999999e-002 -3.9000000000000000e-002 4.0000000000000001e-003  1.6621915739371553e-003
-1.7999999999999999e-002 -3.5999999999999997e-002 4.0000000000000001e-003  1.5623168014306883e-003
-1.7999999999999999e-002 -3.3000000000000002e-002 4.0000000000000001e-003  1.5118309835358880e-003
-1.7999999999999999e-002 -2.9999999999999999e-002 4.0000000000000001e-003  1.4752658089670610e-003
-1.7999999999999999e-002 -2.6999999999999996e-002 4.0000000000000001e-003  1.4422688920376011e-003
-1.7999999999999999e-002 -2.3999999999999997e-002 4.0000000000000001e-003  1.4128274866379408e-003
-1.7999999999999999e-002 -2.0999999999999998e-002 4.0000000000000001e-003  1.3869283890058370e-003
-1.7999999999999999e-002 -1.7999999999999999e-002 4.0000000000000001e-003  1.3653480588943507e-003
-1.7999999999999999e-002 -1.4999999999999999e-002 4.0000000000000001e-003  1.3509129259019811e-003
-1.7999999999999999e-002 -1.1999999999999997e-002 4.0000000000000001e-003  1.3369365192153555e-003
-1.7999999999999999e-002 -8.9999999999999941e-003 4.0000000000000001e-003  1.3325827406970158e-003
-1.7999999999999999e-002 -5.9999999999999984e-003 4.0000000000000001e-003  1.3393959124627357e-003
-1.7999999999999999e-002 -2.9999999999999957e-003 4.0000000000000001e-003  1.3411344142059685e-003
-1.7999999999999999e-002 0.0000000000000000e+000 4.0000000000000001e-003  1.3432607003831790e-003
-1.7999999999999999e-002 3.0000000000000027e-003 4.0000000000000001e-003  1.3457709647456387e-003
-1.7999999999999999e-002 6.0000000000000053e-003 4.0000000000000001e-003  1.3486630433251607e-003
-1.7999999999999999e-002 9.0000000000000011e-003 4.0000000000000001e-003  1.3519364144340979e-003
-1.7999999999999999e-002 1.2000000000000004e-002 4.0000000000000001e-003  1.3555921986653395e-003
-1.7999999999999999e-002 1.4999999999999999e-002 4.0000000000000001e-003  1.3596053558010918e-003
-1.7999999999999999e-002 1.8000000000000002e-002 4.0000000000000001e-003  1.3761173402703200e-003
-1.7999999999999999e-002 2.1000000000000005e-002 4.0000000000000001e-003  1.3969917281224397e-003
-1.7999999999999999e-002 2.4000000000000007e-002 4.0000000000000001e-003  1.4273046901265045e-003
-1.7999999999999999e-002 2.7000000000000010e-002 4.0000000000000001e-003  1.4570918130680471e-003
-1.7999999999999999e-002 2.9999999999999999e-002 4.0000000000000001e-003  1.4863404027279342e-003
-1.7999999999999999e-002 3.3000000000000002e-002 4.0000000000000001e-003  1.5150767919612082e-003
-1.7999999999999999e-002 3.6000000000000004e-002 4.0000000000000001e-003  1.5505371433206937e-003
-1.7999999999999999e-002 3.9000000000000007e-002 4.0000000000000001e-003  1.6090406438392236e-003
-1.7999999999999999e-002 4.2000000000000010e-002 4.0000000000000001e-003  1.6947478459438615e-003
-1.7999999999999999e-002 4.4999999999999998e-002 4.0000000000000001e-003  1.8211288192749014e-003
-1.4999999999999999e-002 -4.4999999999999998e-002 4.0000000000000001e-003  1.8492156951787372e-003
-1.4999999999999999e-002 -4.1999999999999996e-002 4.0000000000000001e-003  1.7374343544323415e-003
-1.4999999999999999e-002 -3.9000000000000000e-002 4.0000000000000001e-003  1.6483863042932902e-003
-1.4999999999999999e-002 -3.5999999999999997e-002 4.0000000000000001e-003  1.5500300618617629e-003
-1.4999999999999999e-002 -3.3000000000000002e-002 4.0000000000000001e-003  1.5003188489988212e-003
-1.4999999999999999e-002 -2.9999999999999999e-002 4.0000000000000001e-003  1.4644636245287319e-003
-1.4999999999999999e-002 -2.6999999999999996e-002 4.0000000000000001e-003  1.4321489819153533e-003
-1.4999999999999999e-002 -2.3999999999999997e-002 4.0000000000000001e-003  1.4033613603296896e-003
-1.4999999999999999e-002 -2.0999999999999998e-002 4.0000000000000001e-003  1.3780867412900568e-003
-1.4999999999999999e-002 -1.7999999999999999e-002 4.0000000000000001e-003  1.3563106486620899e-003
-1.4999999999999999e-002 -1.4999999999999999e-002 4.0000000000000001e-003  1.3380181486587468e-003
-1.4999999999999999e-002 -1.1999999999999997e-002 4.0000000000000001e-003  1.3247628097146930e-003
-1.4999999999999999e-002 -8.9999999999999941e-003 4.0000000000000001e-003  1.3185121007597196e-003
-1.4999999999999999e-002 -5.9999999999999984e-003 4.0000000000000001e-003  1.3198336065672214e-003
-1.4999999999999999e-002 -2.9999999999999957e-003 4.0000000000000001e-003  1.3224955813573337e-003
-1.4999999999999999e-002 0.0000000000000000e+000 4.0000000000000001e-003  1.3254604893266418e-003
-1.4999999999999999e-002 3.0000000000000027e-003 4.0000000000000001e-003  1.3287242700591184e-003
-1.4999999999999999e-002 6.0000000000000053e-003 4.0000000000000001e-003  1.3322845460451203e-003
-1.4999999999999999e-002 9.0000000000000011e-003 4.0000000000000001e-003  1.3361406226814082e-003
-1.4999999999999999e-002 1.2000000000000004e-002 4.0000000000000001e-003  1.3402934882711388e-003
-1.4999999999999999e-002 1.4999999999999999e-002 4.0000000000000001e-003  1.3467338047782938e-003
-1.4999999999999999e-002 1.8000000000000002e-002 4.0000000000000001e-003  1.3616767884874275e-003
-1.4999999999999999e-002 2.1000000000000005e-002 4.0000000000000001e-003  1.3855997225256050e-003
-1.4999999999999999e-002 2.4000000000000007e-002 4.0000000000000001e-003  1.4152996295465181e-003
-1.4999999999999999e-002 2.7000000000000010e-002 4.0000000000000001e-003  1.4443921547673255e-003
-1.4999999999999999e-002 2.9999999999999999e-002 4.0000000000000001e-003  1.4728670654862669e-003
-1.4999999999999999e-002 3.3000000000000002e-002 4.0000000000000001e-003  1.5007578535997019e-003
-1.4999999999999999e-002 3.6000000000000004e-002 4.0000000000000001e-003  1.5407375138073681e-003
-1.4999999999999999e-002 3.9000000000000007e-002 4.0000000000000001e-003  1.6035970796892281e-003
-1.4999999999999999e-002 4.2000000000000010e-002 4.0000000000000001e-003  1.6952135547804068e-003
-1.4999999999999999e-002 4.4999999999999998e-002 4.0000000000000001e-003  1.8182770604162435e-003
-1.1999999999999997e-002 -4.4999999999999998e-002 4.0000000000000001e-003  1.8315470207195240e-003
-1.1999999999999997e-002 -4.1999999999999996e-002 4.0000000000000001e-003  1.7145849473028120e-003
-1.1999999999999997e-002 -3.9000000000000000e-002 4.0000000000000001e-003  1.6317087811242397e-003
-1.1999999999999997e-002 -3.5999999999999997e-002 4.0000000000000001e-003  1.5478960171913169e-003
-1.1999999999999997e-002 -3.3000000000000002e-002 4.0000000000000001e-003  1.4887690306483123e-003
-1.1999999999999997e-002 -2.9999999999999999e-002 4.0000000000000001e-003  1.4527873713161103e-003
-1.1999999999999997e-002 -2.6999999999999996e-002 4.0000000000000001e-003  1.4211144240007583e-003
-1.1999999999999997e-002 -2.3999999999999997e-002 4.0000000000000001e-003  1.3929414915181905e-003
-1.1999999999999997e-002 -2.0999999999999998e-002 4.0000000000000001e-003  1.3682537406672875e-003
-1.1999999999999997e-002 -1.7999999999999999e-002 4.0000000000000001e-003  1.3470358805942500e-003
-1.1999999999999997e-002 -1.4999999999999999e-002 4.0000000000000001e-003  1.3295372054908622e-003
-1.1999999999999997e-002 -1.1999999999999997e-002 4.0000000000000001e-003  1.3177986886857916e-003
-1.1999999999999997e-002 -8.9999999999999941e-003 4.0000000000000001e-003  1.3138907241399566e-003
-1.1999999999999997e-002 -5.9999999999999984e-003 4.0000000000000001e-003  1.3094680792501484e-003
-1.1999999999999997e-002 -2.9999999999999957e-003 4.0000000000000001e-003  1.3117832924095692e-003
-1.1999999999999997e-002 0.0000000000000000e+000 4.0000000000000001e-003  1.3144944170528560e-003
-1.1999999999999997e-002 3.0000000000000027e-003 4.0000000000000001e-003  1.3175960633979599e-003
-1.1999999999999997e-002 6.0000000000000053e-003 4.0000000000000001e-003  1.3210846042604461e-003
-1.1999999999999997e-002 9.0000000000000011e-003 4.0000000000000001e-003  1.3249581750534973e-003
-1.1999999999999997e-002 1.2000000000000004e-002 4.0000000000000001e-003  1.3292166737879185e-003
-1.1999999999999997e-002 1.4999999999999999e-002 4.0000000000000001e-003  1.3392106563370116e-003
-1.1999999999999997e-002 1.8000000000000002e-002 4.0000000000000001e-003  1.3549388827868388e-003
-1.1999999999999997e-002 2.1000000000000005e-002 4.0000000000000001e-003  1.3832373153077572e-003
-1.1999999999999997e-002 2.4000000000000007e-002 4.0000000000000001e-003  1.4109620357007188e-003
-1.1999999999999997e-002 2.7000000000000010e-002 4.0000000000000001e-003  1.4380905103802868e-003
-1.1999999999999997e-002 2.9999999999999999e-002 4.0000000000000001e-003  1.4646439303591301e-003
-1.1999999999999997e-002 3.3000000000000002e-002 4.0000000000000001e-003  1.4942722002275989e-003
-1.1999999999999997e-002 3.6000000000000004e-002 4.0000000000000001e-003  1.5434519797602228e-003
-1.1999999999999997e-002 3.9000000000000007e-002 4.0000000000000001e-003  1.6041854564935491e-003
-1.1999999999999997e-002 4.2000000000000010e-002 4.0000000000000001e-003  1.6925129234751030e-003
-1.1999999999999997e-002 4.4999999999999998e-002 4.0000000000000001e-003  1.8121489684193230e-003
-8.9999999999999941e-003 -4.4999999999999998e-002 4.0000000000000001e-003  1.8368884934316146e-003
-8.9999999999999941e-003 -4.1999999999999996e-002 4.0000000000000001e-003  1.7099359073430905e-003
-8.9999999999999941e-003 -3.9000000000000000e-002 4.0000000000000001e-003  1.6164349604401069e-003
-8.9999999999999941e-003 -3.5999999999999997e-002 4.0000000000000001e-003  1.5475791395397540e-003
-8.9999999999999941e-003 -3.3000000000000002e-002 4.0000000000000001e-003  1.4778904476629570e-003
-8.9999999999999941e-003 -2.9999999999999999e-002 4.0000000000000001e-003  1.4404265786595873e-003
-8.9999999999999941e-003 -2.6999999999999996e-002 4.0000000000000001e-003  1.4091150183825401e-003
-8.9999999999999941e-003 -2.3999999999999997e-002 4.0000000000000001e-003  1.3827859702299644e-003
-8.9999999999999941e-003 -2.0999999999999998e-002 4.0000000000000001e-003  1.3616864141539490e-003
-8.9999999999999941e-003 -1.7999999999999999e-002 4.0000000000000001e-003  1.3435820797807372e-003
-8.9999999999999941e-003 -1.4999999999999999e-002 4.0000000000000001e-003  1.3284808832226206e-003
-8.9999999999999941e-003 -1.1999999999999997e-002 4.0000000000000001e-003  1.3190467671647414e-003
-8.9999999999999941e-003 -8.9999999999999941e-003 4.0000000000000001e-003  1.3131568302997051e-003
-8.9999999999999941e-003 -5.9999999999999984e-003 4.0000000000000001e-003  1.3046118829138829e-003
-8.9999999999999941e-003 -2.9999999999999957e-003 4.0000000000000001e-003  1.2984530547602276e-003
-8.9999999999999941e-003 0.0000000000000000e+000 4.0000000000000001e-003  1.3011238861517353e-003
-8.9999999999999941e-003 3.0000000000000027e-003 4.0000000000000001e-003  1.3049658751889876e-003
-8.9999999999999941e-003 6.0000000000000053e-003 4.0000000000000001e-003  1.3091957235900399e-003
-8.9999999999999941e-003 9.0000000000000011e-003 4.0000000000000001e-003  1.3138115329823308e-003
-8.9999999999999941e-003 1.2000000000000004e-002 4.0000000000000001e-003  1.3200213102324933e-003
-8.9999999999999941e-003 1.4999999999999999e-002 4.0000000000000001e-003  1.3334956994797550e-003
-8.9999999999999941e-003 1.8000000000000002e-002 4.0000000000000001e-003  1.3497145527998141e-003
-8.9999999999999941e-003 2.1000000000000005e-002 4.0000000000000001e-003  1.3757895953453081e-003
-8.9999999999999941e-003 2.4000000000000007e-002 4.0000000000000001e-003  1.4028552401156363e-003
-8.9999999999999941e-003 2.7000000000000010e-002 4.0000000000000001e-003  1.4294590849733353e-003
-8.9999999999999941e-003 2.9999999999999999e-002 4.0000000000000001e-003  1.4556203936326854e-003
-8.9999999999999941e-003 3.3000000000000002e-002 4.0000000000000001e-003  1.4820107744109633e-003
-8.9999999999999941e-003 3.6000000000000004e-002 4.0000000000000001e-003  1.5460169313626477e-003
-8.9999999999999941e-003 3.9000000000000007e-002 4.0000000000000001e-003  1.6067297957315966e-003
-8.9999999999999941e-003 4.2000000000000010e-002 4.0000000000000001e-003  1.6866285210398678e-003
-8.9999999999999941e-003 4.4999999999999998e-002 4.0000000000000001e-003  1.8027277321997603e-003
-5.9999999999999984e-003 -4.4999999999999998e-002 4.0000000000000001e-003  1.8583651752506986e-003
-5.9999999999999984e-003 -4.1999999999999996e-002 4.0000000000000001e-003  1.7116908944814530e-003
-5.9999999999999984e-003 -3.9000000000000000e-002 4.0000000000000001e-003  1.6141512370660182e-003
-5.9999999999999984e-003 -3.5999999999999997e-002 4.0000000000000001e-003  1.5428422842559868e-003
-5.9999999999999984e-003 -3.3000000000000002e-002 4.0000000000000001e-003  1.4777954763579872e-003
-5.9999999999999984e-003 -2.9999999999999999e-002 4.0000000000000001e-003  1.4325128750158421e-003
-5.9999999999999984e-003 -2.6999999999999996e-002 4.0000000000000001e-003  1.4055219629941383e-003
-5.9999999999999984e-003 -2.3999999999999997e-002 4.0000000000000001e-003  1.3811647299970451e-003
-5.9999999999999984e-003 -2.0999999999999998e-002 4.0000000000000001e-003  1.3598024566133207e-003
-5.9999999999999984e-003 -1.7999999999999999e-002 4.0000000000000001e-003  1.3414421668308755e-003
-5.9999999999999984e-003 -1.4999999999999999e-002 4.0000000000000001e-003  1.3274125497892697e-003
-5.9999999999999984e-003 -1.1999999999999997e-002 4.0000000000000001e-003  1.3202688846380129e-003
-5.9999999999999984e-003 -8.9999999999999941e-003 4.0000000000000001e-003  1.3111528919252154e-003
-5.9999999999999984e-003 -5.9999999999999984e-003 4.0000000000000001e-003  1.3018642377622459e-003
-5.9999999999999984e-003 -2.9999999999999957e-003 4.0000000000000001e-003  1.2954332119748560e-003
-5.9999999999999984e-003 0.0000000000000000e+000 4.0000000000000001e-003  1.2915909721811060e-003
-5.9999999999999984e-003 3.0000000000000027e-003 4.0000000000000001e-003  1.2938460361587370e-003
-5.9999999999999984e-003 6.0000000000000053e-003 4.0000000000000001e-003  1.2988173535889221e-003
-5.9999999999999984e-003 9.0000000000000011e-003 4.0000000000000001e-003  1.3041754972483151e-003
-5.9999999999999984e-003 1.2000000000000004e-002 4.0000000000000001e-003  1.3149954357742303e-003
-5.9999999999999984e-003 1.4999999999999999e-002 4.0000000000000001e-003  1.3291880937163728e-003
-5.9999999999999984e-003 1.8000000000000002e-002 4.0000000000000001e-003  1.3473338381793949e-003
-5.9999999999999984e-003 2.1000000000000005e-002 4.0000000000000001e-003  1.3684342609193044e-003
-5.9999999999999984e-003 2.4000000000000007e-002 4.0000000000000001e-003  1.3955212444199544e-003
-5.9999999999999984e-003 2.7000000000000010e-002 4.0000000000000001e-003  1.4221437741244109e-003
-5.9999999999999984e-003 2.9999999999999999e-002 4.0000000000000001e-003  1.4483162203141144e-003
-5.9999999999999984e-003 3.3000000000000002e-002 4.0000000000000001e-003  1.4703814479359522e-003
-5.9999999999999984e-003 3.6000000000000004e-002 4.0000000000000001e-003  1.5329608771408895e-003
-5.9999999999999984e-003 3.9000000000000007e-002 4.0000000000000001e-003  1.6108983880301422e-003
-5.9999999999999984e-003 4.2000000000000010e-002 4.0000000000000001e-003  1.6883817445728444e-003
-5.9999999999999984e-003 4.4999999999999998e-002 4.0000000000000001e-003  1.7900040183756901e-003
-2.9999999999999957e-003 -4.4999999999999998e-002 4.0000000000000001e-003  1.8766555103691043e-003
-2.9999999999999957e-003 -4.1999999999999996e-002 4.0000000000000001e-003  1.7228567087794857e-003
-2.9999999999999957e-003 -3.9000000000000000e-002 4.0000000000000001e-003  1.6062466415903212e-003
-2.9999999999999957e-003 -3.5999999999999997e-002 4.0000000000000001e-003  1.5328875325439487e-003
-2.9999999999999957e-003 -3.3000000000000002e-002 4.0000000000000001e-003  1.4761050393998355e-003
-2.9999999999999957e-003 -2.9999999999999999e-002 4.0000000000000001e-003  1.4309283604038642e-003
-2.9999999999999957e-003 -2.6999999999999996e-002 4.0000000000000001e-003  1.4037811137459445e-003
-2.9999999999999957e-003 -2.3999999999999997e-002 4.0000000000000001e-003  1.3781850983234328e-003
-2.9999999999999957e-003 -2.0999999999999998e-002 4.0000000000000001e-003  1.3565618533438197e-003
-2.9999999999999957e-003 -1.7999999999999999e-002 4.0000000000000001e-003  1.3379506376123016e-003
-2.9999999999999957e-003 -1.4999999999999999e-002 4.0000000000000001e-003  1.3280697113974139e-003
-2.9999999999999957e-003 -1.1999999999999997e-002 4.0000000000000001e-003  1.3200216278286315e-003
-2.9999999999999957e-003 -8.9999999999999941e-003 4.0000000000000001e-003  1.3087439274403533e-003
-2.9999999999999957e-003 -5.9999999999999984e-003 4.0000000000000001e-003  1.2997854498007584e-003
-2.9999999999999957e-003 -2.9999999999999957e-003 4.0000000000000001e-003  1.2931413876976225e-003
-2.9999999999999957e-003 0.0000000000000000e+000 4.0000000000000001e-003  1.2889935140225951e-003
-2.9999999999999957e-003 3.0000000000000027e-003 4.0000000000000001e-003  1.2874565108526082e-003
-2.9999999999999957e-003 6.0000000000000053e-003 4.0000000000000001e-003  1.2899487266739538e-003
-2.9999999999999957e-003 9.0000000000000011e-003 4.0000000000000001e-003  1.2975589546600965e-003
-2.9999999999999957e-003 1.2000000000000004e-002 4.0000000000000001e-003  1.3107628718006515e-003
-2.9999999999999957e-003 1.4999999999999999e-002 4.0000000000000001e-003  1.3275679564141970e-003
-2.9999999999999957e-003 1.8000000000000002e-002 4.0000000000000001e-003  1.3461539865963546e-003
-2.9999999999999957e-003 2.1000000000000005e-002 4.0000000000000001e-003  1.3650500715258335e-003
-2.9999999999999957e-003 2.4000000000000007e-002 4.0000000000000001e-003  1.3900764477431863e-003
-2.9999999999999957e-003 2.7000000000000010e-002 4.0000000000000001e-003  1.4167181770030251e-003
-2.9999999999999957e-003 2.9999999999999999e-002 4.0000000000000001e-003  1.4429035041433648e-003
-2.9999999999999957e-003 3.3000000000000002e-002 4.0000000000000001e-003  1.4660781988656308e-003
-2.9999999999999957e-003 3.6000000000000004e-002 4.0000000000000001e-003  1.5219773063326197e-003
-2.9999999999999957e-003 3.9000000000000007e-002 4.0000000000000001e-003  1.5996267242922575e-003
-2.9999999999999957e-003 4.2000000000000010e-002 4.0000000000000001e-003  1.6916307002293406e-003
-2.9999999999999957e-003 4.4999999999999998e-002 4.0000000000000001e-003  1.7902941041424555e-003
0.0000000000000000e+000 -4.4999999999999998e-002 4.0000000000000001e-003  1.8784709195948379e-003
0.0000000000000000e+000 -4.1999999999999996e-002 4.0000000000000001e-003  1.7234573934966403e-003
0.0000000000000000e+000 -3.9000000000000000e-002 4.0000000000000001e-003  1.6044753050128645e-003
0.0000000000000000e+000 -3.5999999999999997e-002 4.0000000000000001e-003  1.5405509362254829e-003
0.0000000000000000e+000 -3.3000000000000002e-002 4.0000000000000001e-003  1.4851955668904065e-003
0.0000000000000000e+000 -2.9999999999999999e-002 4.0000000000000001e-003  1.4418665942527574e-003
0.0000000000000000e+000 -2.6999999999999996e-002 4.0000000000000001e-003  1.4019843455532685e-003
0.0000000000000000e+000 -2.3999999999999997e-002 4.0000000000000001e-003  1.3754536046808124e-003
0.0000000000000000e+000 -2.0999999999999998e-002 4.0000000000000001e-003  1.3519564559371137e-003
0.0000000000000000e+000 -1.7999999999999999e-002 4.0000000000000001e-003  1.3366786937168325e-003
0.0000000000000000e+000 -1.4999999999999999e-002 4.0000000000000001e-003  1.3287160712249523e-003
0.0000000000000000e+000 -1.1999999999999997e-002 4.0000000000000001e-003  1.3168789226511773e-003
0.0000000000000000e+000 -8.9999999999999941e-003 4.0000000000000001e-003  1.3059358673159053e-003
0.0000000000000000e+000 -5.9999999999999984e-003 4.0000000000000001e-003  1.2973099458013469e-003
0.0000000000000000e+000 -2.9999999999999957e-003 4.0000000000000001e-003  1.2909966901363038e-003
0.0000000000000000e+000 0.0000000000000000e+000 4.0000000000000001e-003  1.2869925078816007e-003
0.0000000000000000e+000 3.0000000000000027e-003 4.0000000000000001e-003  1.2853023458358022e-003
0.0000000000000000e+000 6.0000000000000053e-003 4.0000000000000001e-003  1.2860576844269424e-003
0.0000000000000000e+000 9.0000000000000011e-003 4.0000000000000001e-003  1.2940195976639762e-003
0.0000000000000000e+000 1.2000000000000004e-002 4.0000000000000001e-003  1.3084392527793480e-003
0.0000000000000000e+000 1.4999999999999999e-002 4.0000000000000001e-003  1.3271485349447582e-003
0.0000000000000000e+000 1.8000000000000002e-002 4.0000000000000001e-003  1.3461725807305063e-003
0.0000000000000000e+000 2.1000000000000005e-002 4.0000000000000001e-003  1.3655053196515773e-003
0.0000000000000000e+000 2.4000000000000007e-002 4.0000000000000001e-003  1.3865203368534041e-003
0.0000000000000000e+000 2.7000000000000010e-002 4.0000000000000001e-003  1.4131814931973119e-003
0.0000000000000000e+000 2.9999999999999999e-002 4.0000000000000001e-003  1.4393342354188669e-003
0.0000000000000000e+000 3.3000000000000002e-002 4.0000000000000001e-003  1.4648529788922162e-003
0.0000000000000000e+000 3.6000000000000004e-002 4.0000000000000001e-003  1.5146646604508164e-003
0.0000000000000000e+000 3.9000000000000007e-002 4.0000000000000001e-003  1.5920460082213201e-003
0.0000000000000000e+000 4.2000000000000010e-002 4.0000000000000001e-003  1.6835861040880608e-003
0.0000000000000000e+000 4.4999999999999998e-002 4.0000000000000001e-003  1.7913593466776735e-003
3.0000000000000027e-003 -4.4999999999999998e-002 4.0000000000000001e-003  1.8638529871225604e-003
3.0000000000000027e-003 -4.1999999999999996e-002 4.0000000000000001e-003  1.7109300842215644e-003
3.0000000000000027e-003 -3.9000000000000000e-002 4.0000000000000001e-003  1.6142856105528893e-003
3.0000000000000027e-003 -3.5999999999999997e-002 4.0000000000000001e-003  1.5461839362849465e-003
3.0000000000000027e-003 -3.3000000000000002e-002 4.0000000000000001e-003  1.4949946706290945e-003
3.0000000000000027e-003 -2.9999999999999999e-002 4.0000000000000001e-003  1.4538446357128410e-003
3.0000000000000027e-003 -2.6999999999999996e-002 4.0000000000000001e-003  1.4104376748084535e-003
3.0000000000000027e-003 -2.3999999999999997e-002 4.0000000000000001e-003  1.3733877136390901e-003
3.0000000000000027e-003 -2.0999999999999998e-002 4.0000000000000001e-003  1.3495357405606985e-003
3.0000000000000027e-003 -1.7999999999999999e-002 4.0000000000000001e-003  1.3367698337436269e-003
3.0000000000000027e-003 -1.4999999999999999e-002 4.0000000000000001e-003  1.3262771913142824e-003
3.0000000000000027e-003 -1.1999999999999997e-002 4.0000000000000001e-003  1.3133505685042183e-003
3.0000000000000027e-003 -8.9999999999999941e-003 4.0000000000000001e-003  1.3027435942008000e-003
3.0000000000000027e-003 -5.9999999999999984e-003 4.0000000000000001e-003  1.2944512641418406e-003
3.0000000000000027e-003 -2.9999999999999957e-003 4.0000000000000001e-003  1.2887325642076898e-003
3.0000000000000027e-003 0.0000000000000000e+000 4.0000000000000001e-003  1.2863239166898311e-003
3.0000000000000027e-003 3.0000000000000027e-003 4.0000000000000001e-003  1.2863653002059209e-003
3.0000000000000027e-003 6.0000000000000053e-003 4.0000000000000001e-003  1.2895401985042539e-003
3.0000000000000027e-003 9.0000000000000011e-003 4.0000000000000001e-003  1.2987218594184211e-003
3.0000000000000027e-003 1.2000000000000004e-002 4.0000000000000001e-003  1.3104205610297100e-003
3.0000000000000027e-003 1.4999999999999999e-002 4.0000000000000001e-003  1.3279275478757957e-003
3.0000000000000027e-003 1.8000000000000002e-002 4.0000000000000001e-003  1.3473876620917786e-003
3.0000000000000027e-003 2.1000000000000005e-002 4.0000000000000001e-003  1.3671554345168195e-003
3.0000000000000027e-003 2.4000000000000007e-002 4.0000000000000001e-003  1.3872262125292560e-003
3.0000000000000027e-003 2.7000000000000010e-002 4.0000000000000001e-003  1.4115330477423383e-003
3.0000000000000027e-003 2.9999999999999999e-002 4.0000000000000001e-003  1.4385784211156786e-003
3.0000000000000027e-003 3.3000000000000002e-002 4.0000000000000001e-003  1.4666986313956079e-003
3.0000000000000027e-003 3.6000000000000004e-002 4.0000000000000001e-003  1.5030463642289426e-003
3.0000000000000027e-003 3.9000000000000007e-002 4.0000000000000001e-003  1.5958548473903442e-003
3.0000000000000027e-003 4.2000000000000010e-002 4.0000000000000001e-003  1.6885729105810562e-003
3.0000000000000027e-003 4.4999999999999998e-002 4.0000000000000001e-003  1.7863417355908993e-003
6.0000000000000053e-003 -4.4999999999999998e-002 4.0000000000000001e-003  1.8492592190552199e-003
6.0000000000000053e-003 -4.1999999999999996e-002 4.0000000000000001e-003  1.7275517052053654e-003
6.0000000000000053e-003 -3.9000000000000000e-002 4.0000000000000001e-003  1.6238151585198507e-003
6.0000000000000053e-003 -3.5999999999999997e-002 4.0000000000000001e-003  1.5536260974724002e-003
6.0000000000000053e-003 -3.3000000000000002e-002 4.0000000000000001e-003  1.5058089362793765e-003
6.0000000000000053e-003 -2.9999999999999999e-002 4.0000000000000001e-003  1.4616109586461183e-003
6.0000000000000053e-003 -2.6999999999999996e-002 4.0000000000000001e-003  1.4160982027118442e-003
6.0000000000000053e-003 -2.3999999999999997e-002 4.0000000000000001e-003  1.3794948255028156e-003
6.0000000000000053e-003 -2.0999999999999998e-002 4.0000000000000001e-003  1.3556388920421014e-003
6.0000000000000053e-003 -1.7999999999999999e-002 4.0000000000000001e-003  1.3401512024228894e-003
6.0000000000000053e-003 -1.4999999999999999e-002 4.0000000000000001e-003  1.3255587828478476e-003
6.0000000000000053e-003 -1.1999999999999997e-002 4.0000000000000001e-003  1.3141788202773300e-003
6.0000000000000053e-003 -8.9999999999999941e-003 4.0000000000000001e-003  1.3052726960618077e-003
6.0000000000000053e-003 -5.9999999999999984e-003 4.0000000000000001e-003  1.2988241170479766e-003
6.0000000000000053e-003 -2.9999999999999957e-003 4.0000000000000001e-003  1.2948293372824020e-003
6.0000000000000053e-003 0.0000000000000000e+000 4.0000000000000001e-003  1.2932854341859009e-003
6.0000000000000053e-003 3.0000000000000027e-003 4.0000000000000001e-003  1.2941903085535325e-003
6.0000000000000053e-003 6.0000000000000053e-003 4.0000000000000001e-003  1.2998801931157133e-003
6.0000000000000053e-003 9.0000000000000011e-003 4.0000000000000001e-003  1.3074359336682901e-003
6.0000000000000053e-003 1.2000000000000004e-002 4.0000000000000001e-003  1.3179676062353622e-003
6.0000000000000053e-003 1.4999999999999999e-002 4.0000000000000001e-003  1.3341934087631967e-003
6.0000000000000053e-003 1.8000000000000002e-002 4.0000000000000001e-003  1.3522337864220369e-003
6.0000000000000053e-003 2.1000000000000005e-002 4.0000000000000001e-003  1.3708388796584913e-003
6.0000000000000053e-003 2.4000000000000007e-002 4.0000000000000001e-003  1.3905033445247112e-003
6.0000000000000053e-003 2.7000000000000010e-002 4.0000000000000001e-003  1.4117722911201167e-003
6.0000000000000053e-003 2.9999999999999999e-002 4.0000000000000001e-003  1.4408943822249861e-003
6.0000000000000053e-003 3.3000000000000002e-002 4.0000000000000001e-003  1.4716084753895410e-003
6.0000000000000053e-003 3.6000000000000004e-002 4.0000000000000001e-003  1.5107713481579137e-003
6.0000000000000053e-003 3.9000000000000007e-002 4.0000000000000001e-003  1.5906919314138774e-003
6.0000000000000053e-003 4.2000000000000010e-002 4.0000000000000001e-003  1.7203248736374324e-003
6.0000000000000053e-003 4.4999999999999998e-002 4.0000000000000001e-003  1.8506750637430462e-003
9.0000000000000011e-003 -4.4999999999999998e-002 4.0000000000000001e-003  1.8607446378456579e-003
9.0000000000000011e-003 -4.1999999999999996e-002 4.0000000000000001e-003  1.7296810026571875e-003
9.0000000000000011e-003 -3.9000000000000000e-002 4.0000000000000001e-003  1.6267432483246141e-003
9.0000000000000011e-003 -3.5999999999999997e-002 4.0000000000000001e-003  1.5650398529293036e-003
9.0000000000000011e-003 -3.3000000000000002e-002 4.0000000000000001e-003  1.5153779090321103e-003
9.0000000000000011e-003 -2.9999999999999999e-002 4.0000000000000001e-003  1.4679042070162571e-003
9.0000000000000011e-003 -2.6999999999999996e-002 4.0000000000000001e-003  1.4272955814872044e-003
9.0000000000000011e-003 -2.3999999999999997e-002 4.0000000000000001e-003  1.3916366450840291e-003
9.0000000000000011e-003 -2.0999999999999998e-002 4.0000000000000001e-003  1.3679985789275774e-003
9.0000000000000011e-003 -1.7999999999999999e-002 4.0000000000000001e-003  1.3468580436222012e-003
9.0000000000000011e-003 -1.4999999999999999e-002 4.0000000000000001e-003  1.3302916072047602e-003
9.0000000000000011e-003 -1.1999999999999997e-002 4.0000000000000001e-003  1.3186344250407560e-003
9.0000000000000011e-003 -8.9999999999999941e-003 4.0000000000000001e-003  1.3086452741798795e-003
9.0000000000000011e-003 -5.9999999999999984e-003 4.0000000000000001e-003  1.3030661140302395e-003
9.0000000000000011e-003 -2.9999999999999957e-003 4.0000000000000001e-003  1.2999387702322608e-003
9.0000000000000011e-003 0.0000000000000000e+000 4.0000000000000001e-003  1.2992605825292896e-003
9.0000000000000011e-003 3.0000000000000027e-003 4.0000000000000001e-003  1.3047331207414218e-003
9.0000000000000011e-003 6.0000000000000053e-003 4.0000000000000001e-003  1.3117019858601736e-003
9.0000000000000011e-003 9.0000000000000011e-003 4.0000000000000001e-003  1.3170425477506721e-003
9.0000000000000011e-003 1.2000000000000004e-002 4.0000000000000001e-003  1.3280102425644910e-003
9.0000000000000011e-003 1.4999999999999999e-002 4.0000000000000001e-003  1.3418415693817263e-003
9.0000000000000011e-003 1.8000000000000002e-002 4.0000000000000001e-003  1.3599618952304655e-003
9.0000000000000011e-003 2.1000000000000005e-002 4.0000000000000001e-003  1.3786439200982902e-003
9.0000000000000011e-003 2.4000000000000007e-002 4.0000000000000001e-003  1.3978827478201804e-003
9.0000000000000011e-003 2.7000000000000010e-002 4.0000000000000001e-003  1.4176762785458865e-003
9.0000000000000011e-003 2.9999999999999999e-002 4.0000000000000001e-003  1.4462734131325081e-003
9.0000000000000011e-003 3.3000000000000002e-002 4.0000000000000001e-003  1.4787803381537143e-003
9.0000000000000011e-003 3.6000000000000004e-002 4.0000000000000001e-003  1.5212721393887334e-003
9.0000000000000011e-003 3.9000000000000007e-002 4.0000000000000001e-003  1.5901578396680389e-003
9.0000000000000011e-003 4.2000000000000010e-002 4.0000000000000001e-003  1.7193617389026229e-003
9.0000000000000011e-003 4.4999999999999998e-002 4.0000000000000001e-003  1.8861849219409289e-003
1.2000000000000004e-002 -4.4999999999999998e-002 4.0000000000000001e-003  1.8675306693184070e-003
1.2000000000000004e-002 -4.1999999999999996e-002 4.0000000000000001e-003  1.7291000903236534e-003
1.2000000000000004e-002 -3.9000000000000000e-002 4.0000000000000001e-003  1.6309662144333818e-003
1.2000000000000004e-002 -3.5999999999999997e-002 4.0000000000000001e-003  1.5762716611351071e-003
1.2000000000000004e-002 -3.3000000000000002e-002 4.0000000000000001e-003  1.5273512132536575e-003
1.2000000000000004e-002 -2.9999999999999999e-002 4.0000000000000001e-003  1.4817814012188116e-003
1.2000000000000004e-002 -2.6999999999999996e-002 4.0000000000000001e-003  1.4374514130039897e-003
1.2000000000000004e-002 -2.3999999999999997e-002 4.0000000000000001e-003  1.4020274292022008e-003
1.2000000000000004e-002 -2.0999999999999998e-002 4.0000000000000001e-003  1.3794815547845925e-003
1.2000000000000004e-002 -1.7999999999999999e-002 4.0000000000000001e-003  1.3594205612924585e-003
1.2000000000000004e-002 -1.4999999999999999e-002 4.0000000000000001e-003  1.3418593655179702e-003
1.2000000000000004e-002 -1.1999999999999997e-002 4.0000000000000001e-003  1.3268162070230452e-003
1.2000000000000004e-002 -8.9999999999999941e-003 4.0000000000000001e-003  1.3164728487552835e-003
1.2000000000000004e-002 -5.9999999999999984e-003 4.0000000000000001e-003  1.3085598808415706e-003
1.2000000000000004e-002 -2.9999999999999957e-003 4.0000000000000001e-003  1.3040684250180182e-003
1.2000000000000004e-002 0.0000000000000000e+000 4.0000000000000001e-003  1.3050237527691363e-003
1.2000000000000004e-002 3.0000000000000027e-003 4.0000000000000001e-003  1.3163484165454736e-003
1.2000000000000004e-002 6.0000000000000053e-003 4.0000000000000001e-003  1.3245345572908802e-003
1.2000000000000004e-002 9.0000000000000011e-003 4.0000000000000001e-003  1.3295498661617102e-003
1.2000000000000004e-002 1.2000000000000004e-002 4.0000000000000001e-003  1.3389341626632429e-003
1.2000000000000004e-002 1.4999999999999999e-002 4.0000000000000001e-003  1.3512054985732956e-003
1.2000000000000004e-002 1.8000000000000002e-002 4.0000000000000001e-003  1.3689394687388023e-003
1.2000000000000004e-002 2.1000000000000005e-002 4.0000000000000001e-003  1.3877070030196559e-003
1.2000000000000004e-002 2.4000000000000007e-002 4.0000000000000001e-003  1.4070295634624360e-003
1.2000000000000004e-002 2.7000000000000010e-002 4.0000000000000001e-003  1.4286903604291096e-003
1.2000000000000004e-002 2.9999999999999999e-002 4.0000000000000001e-003  1.4559437994136868e-003
1.2000000000000004e-002 3.3000000000000002e-002 4.0000000000000001e-003  1.4877566568151689e-003
1.2000000000000004e-002 3.6000000000000004e-002 4.0000000000000001e-003  1.5338942553551960e-003
1.2000000000000004e-002 3.9000000000000007e-002 4.0000000000000001e-003  1.6064528427526155e-003
1.2000000000000004e-002 4.2000000000000010e-002 4.0000000000000001e-003  1.7056154477258151e-003
1.2000000000000004e-002 4.4999999999999998e-002 4.0000000000000001e-003  1.8893092479198297e-003
1.4999999999999999e-002 -4.4999999999999998e-002 4.0000000000000001e-003  1.9130585037371653e-003
1.4999999999999999e-002 -4.1999999999999996e-002 4.0000000000000001e-003  1.7504086218955615e-003
1.4999999999999999e-002 -3.9000000000000000e-002 4.0000000000000001e-003  1.6424943526256704e-003
1.4999999999999999e-002 -3.5999999999999997e-002 4.0000000000000001e-003  1.5870044675351713e-003
1.4999999999999999e-002 -3.3000000000000002e-002 4.0000000000000001e-003  1.5412681929057733e-003
1.4999999999999999e-002 -2.9999999999999999e-002 4.0000000000000001e-003  1.4925516744109170e-003
1.4999999999999999e-002 -2.6999999999999996e-002 4.0000000000000001e-003  1.4444655813263740e-003
1.4999999999999999e-002 -2.3999999999999997e-002 4.0000000000000001e-003  1.4106657005850773e-003
1.4999999999999999e-002 -2.0999999999999998e-002 4.0000000000000001e-003  1.3892037413157292e-003
1.4999999999999999e-002 -1.7999999999999999e-002 4.0000000000000001e-003  1.3702232324581559e-003
1.4999999999999999e-002 -1.4999999999999999e-002 4.0000000000000001e-003  1.3537332129245350e-003
1.4999999999999999e-002 -1.1999999999999997e-002 4.0000000000000001e-003  1.3396389630964368e-003
1.4999999999999999e-002 -8.9999999999999941e-003 4.0000000000000001e-003  1.3274999694710408e-003
1.4999999999999999e-002 -5.9999999999999984e-003 4.0000000000000001e-003  1.3198993585071912e-003
1.4999999999999999e-002 -2.9999999999999957e-003 4.0000000000000001e-003  1.3146046835494488e-003
1.4999999999999999e-002 0.0000000000000000e+000 4.0000000000000001e-003  1.3167948157814080e-003
1.4999999999999999e-002 3.0000000000000027e-003 4.0000000000000001e-003  1.3289764357420854e-003
1.4999999999999999e-002 6.0000000000000053e-003 4.0000000000000001e-003  1.3383715113590231e-003
1.4999999999999999e-002 9.0000000000000011e-003 4.0000000000000001e-003  1.3445877328393358e-003
1.4999999999999999e-002 1.2000000000000004e-002 4.0000000000000001e-003  1.3507313361172065e-003
1.4999999999999999e-002 1.4999999999999999e-002 4.0000000000000001e-003  1.3634291288234931e-003
1.4999999999999999e-002 1.8000000000000002e-002 4.0000000000000001e-003  1.3791487054540309e-003
1.4999999999999999e-002 2.1000000000000005e-002 4.0000000000000001e-003  1.3980046886236533e-003
1.4999999999999999e-002 2.4000000000000007e-002 4.0000000000000001e-003  1.4174339099221416e-003
1.4999999999999999e-002 2.7000000000000010e-002 4.0000000000000001e-003  1.4416729906639998e-003
1.4999999999999999e-002 2.9999999999999999e-002 4.0000000000000001e-003  1.4706180878114700e-003
1.4999999999999999e-002 3.3000000000000002e-002 4.0000000000000001e-003  1.5065409911311299e-003
1.4999999999999999e-002 3.6000000000000004e-002 4.0000000000000001e-003  1.5501957703422569e-003
1.4999999999999999e-002 3.9000000000000007e-002 4.0000000000000001e-003  1.6208578897744569e-003
1.4999999999999999e-002 4.2000000000000010e-002 4.0000000000000001e-003  1.7208004712530932e-003
1.4999999999999999e-002 4.4999999999999998e-002 4.0000000000000001e-003  1.8858188077996549e-003
1.8000000000000002e-002 -4.4999999999999998e-002 4.0000000000000001e-003  1.9451641080538038e-003
1.8000000000000002e-002 -4.1999999999999996e-002 4.0000000000000001e-003  1.7729378008416845e-003
1.8000000000000002e-002 -3.9000000000000000e-002 4.0000000000000001e-003  1.6552738100434885e-003
1.8000000000000002e-002 -3.5999999999999997e-002 4.0000000000000001e-003  1.6000342779020941e-003
1.8000000000000002e-002 -3.3000000000000002e-002 4.0000000000000001e-003  1.5531468733078397e-003
1.8000000000000002e-002 -2.9999999999999999e-002 4.0000000000000001e-003  1.5026897633916498e-003
1.8000000000000002e-002 -2.6999999999999996e-002 4.0000000000000001e-003  1.4486498107060862e-003
1.8000000000000002e-002 -2.3999999999999997e-002 4.0000000000000001e-003  1.4179422529614575e-003
1.8000000000000002e-002 -2.0999999999999998e-002 4.0000000000000001e-003  1.3990068118746016e-003
1.8000000000000002e-002 -1.7999999999999999e-002 4.0000000000000001e-003  1.3819702439265651e-003
1.8000000000000002e-002 -1.4999999999999999e-002 4.0000000000000001e-003  1.3668340979681689e-003
1.8000000000000002e-002 -1.1999999999999997e-002 4.0000000000000001e-003  1.3536023964110999e-003
1.8000000000000002e-002 -8.9999999999999941e-003 4.0000000000000001e-003  1.3422816352279031e-003
1.8000000000000002e-002 -5.9999999999999984e-003 4.0000000000000001e-003  1.3355113956586846e-003
1.8000000000000002e-002 -2.9999999999999957e-003 4.0000000000000001e-003  1.3319636715392066e-003
1.8000000000000002e-002 0.0000000000000000e+000 4.0000000000000001e-003  1.3309015751799464e-003
1.8000000000000002e-002 3.0000000000000027e-003 4.0000000000000001e-003  1.3445767935164412e-003
1.8000000000000002e-002 6.0000000000000053e-003 4.0000000000000001e-003  1.3535856608706883e-003
1.8000000000000002e-002 9.0000000000000011e-003 4.0000000000000001e-003  1.3606207499497706e-003
1.8000000000000002e-002 1.2000000000000004e-002 4.0000000000000001e-003  1.3648495101127433e-003
1.8000000000000002e-002 1.4999999999999999e-002 4.0000000000000001e-003  1.3765300473016367e-003
1.8000000000000002e-002 1.8000000000000002e-002 4.0000000000000001e-003  1.3905879609927637e-003
1.8000000000000002e-002 2.1000000000000005e-002 4.0000000000000001e-003  1.4095296942209599e-003
1.8000000000000002e-002 2.4000000000000007e-002 4.0000000000000001e-003  1.4304951102201231e-003
1.8000000000000002e-002 2.7000000000000010e-002 4.0000000000000001e-003  1.4563747792632417e-003
1.8000000000000002e-002 2.9999999999999999e-002 4.0000000000000001e-003  1.4902699847945322e-003
1.8000000000000002e-002 3.3000000000000002e-002 4.0000000000000001e-003  1.5341826473134867e-003
1.8000000000000002e-002 3.6000000000000004e-002 4.0000000000000001e-003  1.5728461819792630e-003
1.8000000000000002e-002 3.9000000000000007e-002 4.0000000000000001e-003  1.6518317741776184e-003
1.8000000000000002e-002 4.2000000000000010e-002 4.0000000000000001e-003  1.7588799166146918e-003
1.8000000000000002e-002 4.4999999999999998e-002 4.0000000000000001e-003  1.8872125889058493e-003
2.1000000000000005e-002 -4.4999999999999998e-002 4.0000000000000001e-003  1.9577180986490041e-003
2.1000000000000005e-002 -4.1999999999999996e-002 4.0000000000000001e-003  1.7766097307027838e-003
2.1000000000000005e-002 -3.9000000000000000e-002 4.0000000000000001e-003  1.6897024109619903e-003
2.1000000000000005e-002 -3.5999999999999997e-002 4.0000000000000001e-003  1.6204188651593484e-003
2.1000000000000005e-002 -3.3000000000000002e-002 4.0000000000000001e-003  1.5646447459026509e-003
2.1000000000000005e-002 -2.9999999999999999e-002 4.0000000000000001e-003  1.5130015031498531e-003
2.1000000000000005e-002 -2.6999999999999996e-002 4.0000000000000001e-003  1.4654026580419579e-003
2.1000000000000005e-002 -2.3999999999999997e-002 4.0000000000000001e-003  1.4376856634152498e-003
2.1000000000000005e-002 -2.0999999999999998e-002 4.0000000000000001e-003  1.4150719229586704e-003
2.1000000000000005e-002 -1.7999999999999999e-002 4.0000000000000001e-003  1.3988708969050370e-003
2.1000000000000005e-002 -1.4999999999999999e-002 4.0000000000000001e-003  1.3845922825581030e-003
2.1000000000000005e-002 -1.1999999999999997e-002 4.0000000000000001e-003  1.3722329807624065e-003
2.1000000000000005e-002 -8.9999999999999941e-003 4.0000000000000001e-003  1.3628251712239571e-003
2.1000000000000005e-002 -5.9999999999999984e-003 4.0000000000000001e-003  1.3586183385884186e-003
2.1000000000000005e-002 -2.9999999999999957e-003 4.0000000000000001e-003  1.3562332211106789e-003
2.1000000000000005e-002 0.0000000000000000e+000 4.0000000000000001e-003  1.3555602189243661e-003
2.1000000000000005e-002 3.0000000000000027e-003 4.0000000000000001e-003  1.3615081051577187e-003
2.1000000000000005e-002 6.0000000000000053e-003 4.0000000000000001e-003  1.3733365547107339e-003
2.1000000000000005e-002 9.0000000000000011e-003 4.0000000000000001e-003  1.3805390331632084e-003
2.1000000000000005e-002 1.2000000000000004e-002 4.0000000000000001e-003  1.3831424854370408e-003
2.1000000000000005e-002 1.4999999999999999e-002 4.0000000000000001e-003  1.3905131408169186e-003
2.1000000000000005e-002 1.8000000000000002e-002 4.0000000000000001e-003  1.4049103658143503e-003
2.1000000000000005e-002 2.1000000000000005e-002 4.0000000000000001e-003  1.4223786027584076e-003
2.1000000000000005e-002 2.4000000000000007e-002 4.0000000000000001e-003  1.4452979758549256e-003
2.1000000000000005e-002 2.7000000000000010e-002 4.0000000000000001e-003  1.4727945105750355e-003
2.1000000000000005e-002 2.9999999999999999e-002 4.0000000000000001e-003  1.5148684352781845e-003
2.1000000000000005e-002 3.3000000000000002e-002 4.0000000000000001e-003  1.5553305466856735e-003
2.1000000000000005e-002 3.6000000000000004e-002 4.0000000000000001e-003  1.6047963659057548e-003
2.1000000000000005e-002 3.9000000000000007e-002 4.0000000000000001e-003  1.6716901236843273e-003
2.1000000000000005e-002 4.2000000000000010e-002 4.0000000000000001e-003  1.7574960406499666e-003
2.1000000000000005e-002 4.4999999999999998e-002 4.0000000000000001e-003  1.8644825601279338e-003
2.4000000000000007e-002 -4.4999999999999998e-002 4.0000000000000001e-003  1.9566945377830040e-003
2.4000000000000007e-002 -4.1999999999999996e-002 4.0000000000000001e-003  1.8369713604582082e-003
2.4000000000000007e-002 -3.9000000000000000e-002 4.0000000000000001e-003  1.7349812362688316e-003
2.4000000000000007e-002 -3.5999999999999997e-002 4.0000000000000001e-003  1.6490894404467241e-003
2.4000000000000007e-002 -3.3000000000000002e-002 4.0000000000000001e-003  1.5778957969562100e-003
2.4000000000000007e-002 -2.9999999999999999e-002 4.0000000000000001e-003  1.5218772623421034e-003
2.4000000000000007e-002 -2.6999999999999996e-002 4.0000000000000001e-003  1.4947096015724064e-003
2.4000000000000007e-002 -2.3999999999999997e-002 4.0000000000000001e-003  1.4690986010666260e-003
2.4000000000000007e-002 -2.0999999999999998e-002 4.0000000000000001e-003  1.4454886026133620e-003
2.4000000000000007e-002 -1.7999999999999999e-002 4.0000000000000001e-003  1.4238451911361930e-003
2.4000000000000007e-002 -1.4999999999999999e-002 4.0000000000000001e-003  1.4120836254012453e-003
2.4000000000000007e-002 -1.1999999999999997e-002 4.0000000000000001e-003  1.4046793587812240e-003
2.4000000000000007e-002 -8.9999999999999941e-003 4.0000000000000001e-003  1.4002071063226056e-003
2.4000000000000007e-002 -5.9999999999999984e-003 4.0000000000000001e-003  1.3954492077880340e-003
2.4000000000000007e-002 -2.9999999999999957e-003 4.0000000000000001e-003  1.3917231128445253e-003
2.4000000000000007e-002 0.0000000000000000e+000 4.0000000000000001e-003  1.3919477189401808e-003
2.4000000000000007e-002 3.0000000000000027e-003 4.0000000000000001e-003  1.3970080971186143e-003
2.4000000000000007e-002 6.0000000000000053e-003 4.0000000000000001e-003  1.4002148027904195e-003
2.4000000000000007e-002 9.0000000000000011e-003 4.0000000000000001e-003  1.4029530060506886e-003
2.4000000000000007e-002 1.2000000000000004e-002 4.0000000000000001e-003  1.4083361650884267e-003
2.4000000000000007e-002 1.4999999999999999e-002 4.0000000000000001e-003  1.4095017563856131e-003
2.4000000000000007e-002 1.8000000000000002e-002 4.0000000000000001e-003  1.4198122601301816e-003
2.4000000000000007e-002 2.1000000000000005e-002 4.0000000000000001e-003  1.4383119686763477e-003
2.4000000000000007e-002 2.4000000000000007e-002 4.0000000000000001e-003  1.4635449491592137e-003
2.4000000000000007e-002 2.7000000000000010e-002 4.0000000000000001e-003  1.4953682744238603e-003
2.4000000000000007e-002 2.9999999999999999e-002 4.0000000000000001e-003  1.5207001145558722e-003
2.4000000000000007e-002 3.3000000000000002e-002 4.0000000000000001e-003  1.5715740695492616e-003
2.4000000000000007e-002 3.6000000000000004e-002 4.0000000000000001e-003  1.6347886185336510e-003
2.4000000000000007e-002 3.9000000000000007e-002 4.0000000000000001e-003  1.7079882070102602e-003
2.4000000000000007e-002 4.2000000000000010e-002 4.0000000000000001e-003  1.7957229923622237e-003
2.4000000000000007e-002 4.4999999999999998e-002 4.0000000000000001e-003  1.8734540267660899e-003
2.7000000000000010e-002 -4.4999999999999998e-002 4.0000000000000001e-003  2.0280842100941308e-003
2.7000000000000010e-002 -4.1999999999999996e-002 4.0000000000000001e-003  1.8765174853927382e-003
2.7000000000000010e-002 -3.9000000000000000e-002 4.0000000000000001e-003  1.7564032395738403e-003
2.7000000000000010e-002 -3.5999999999999997e-002 4.0000000000000001e-003  1.6639223670914646e-003
2.7000000000000010e-002 -3.3000000000000002e-002 4.0000000000000001e-003  1.5959143810898970e-003
2.7000000000000010e-002 -2.9999999999999999e-002 4.0000000000000001e-003  1.5679992975548640e-003
2.7000000000000010e-002 -2.6999999999999996e-002 4.0000000000000001e-003  1.5214102920463742e-003
2.7000000000000010e-002 -2.3999999999999997e-002 4.0000000000000001e-003  1.5140382764205487e-003
2.7000000000000010e-002 -2.0999999999999998e-002 4.0000000000000001e-003  1.4939352067494666e-003
2.7000000000000010e-002 -1.7999999999999999e-002 4.0000000000000001e-003  1.4743477677858065e-003
2.7000000000000010e-002 -1.4999999999999999e-002 4.0000000000000001e-003  1.4567115826528668e-003
2.7000000000000010e-002 -1.1999999999999997e-002 4.0000000000000001e-003  1.4427943389420175e-003
2.7000000000000010e-002 -8.9999999999999941e-003 4.0000000000000001e-003  1.4401298165120607e-003
2.7000000000000010e-002 -5.9999999999999984e-003 4.0000000000000001e-003  1.4335164631388902e-003
2.7000000000000010e-002 -2.9999999999999957e-003 4.0000000000000001e-003  1.4284417563708151e-003
2.7000000000000010e-002 0.0000000000000000e+000 4.0000000000000001e-003  1.4303585823324967e-003
2.7000000000000010e-002 3.0000000000000027e-003 4.0000000000000001e-003  1.4350226127757813e-003
2.7000000000000010e-002 6.0000000000000053e-003 4.0000000000000001e-003  1.4378525479634427e-003
2.7000000000000010e-002 9.0000000000000011e-003 4.0000000000000001e-003  1.4388347724207011e-003
2.7000000000000010e-002 1.2000000000000004e-002 4.0000000000000001e-003  1.4379581739677122e-003
2.7000000000000010e-002 1.4999999999999999e-002 4.0000000000000001e-003  1.4369727471593111e-003
2.7000000000000010e-002 1.8000000000000002e-002 4.0000000000000001e-003  1.4421505034457321e-003
2.7000000000000010e-002 2.1000000000000005e-002 4.0000000000000001e-003  1.4665412384303651e-003
2.7000000000000010e-002 2.4000000000000007e-002 4.0000000000000001e-003  1.4998121294104035e-003
2.7000000000000010e-002 2.7000000000000010e-002 4.0000000000000001e-003  1.5363699383017994e-003
2.7000000000000010e-002 2.9999999999999999e-002 4.0000000000000001e-003  1.5706666434964604e-003
2.7000000000000010e-002 3.3000000000000002e-002 4.0000000000000001e-003  1.6208701437054624e-003
2.7000000000000010e-002 3.6000000000000004e-002 4.0000000000000001e-003  1.6869739687322880e-003
2.7000000000000010e-002 3.9000000000000007e-002 4.0000000000000001e-003  1.7258323675984118e-003
2.7000000000000010e-002 4.2000000000000010e-002 4.0000000000000001e-003  1.7860813196496053e-003
2.7000000000000010e-002 4.4999999999999998e-002 4.0000000000000001e-003  1.8619923932037652e-003
2.9999999999999999e-002 -4.4999999999999998e-002 4.0000000000000001e-003  2.0127809157704625e-003
2.9999999999999999e-002 -4.1999999999999996e-002 4.0000000000000001e-003  1.8788084857291640e-003
2.9999999999999999e-002 -3.9000000000000000e-002 4.0000000000000001e-003  1.7737727296839314e-003
2.9999999999999999e-002 -3.5999999999999997e-002 4.0000000000000001e-003  1.6942521567750921e-003
2.9999999999999999e-002 -3.3000000000000002e-002 4.0000000000000001e-003  1.6691950829597342e-003
2.9999999999999999e-002 -2.9999999999999999e-002 4.0000000000000001e-003  1.6246093015420224e-003
2.9999999999999999e-002 -2.6999999999999996e-002 4.0000000000000001e-003  1.5796555886109819e-003
2.9999999999999999e-002 -2.3999999999999997e-002 4.0000000000000001e-003  1.5389926628110596e-003
2.9999999999999999e-002 -2.0999999999999998e-002 4.0000000000000001e-003  1.5432222171480603e-003
2.9999999999999999e-002 -1.7999999999999999e-002 4.0000000000000001e-003  1.5328212415797618e-003
2.9999999999999999e-002 -1.4999999999999999e-002 4.0000000000000001e-003  1.5173035007106134e-003
2.9999999999999999e-002 -1.1999999999999997e-002 4.0000000000000001e-003  1.5021136491546417e-003
2.9999999999999999e-002 -8.9999999999999941e-003 4.0000000000000001e-003  1.4829139628298781e-003
2.9999999999999999e-002 -5.9999999999999984e-003 4.0000000000000001e-003  1.4728363571484254e-003
2.9999999999999999e-002 -2.9999999999999957e-003 4.0000000000000001e-003  1.4664122906580456e-003
2.9999999999999999e-002 0.0000000000000000e+000 4.0000000000000001e-003  1.4707899380577536e-003
2.9999999999999999e-002 3.0000000000000027e-003 4.0000000000000001e-003  1.4750630525982779e-003
2.9999999999999999e-002 6.0000000000000053e-003 4.0000000000000001e-003  1.4775512677327040e-003
2.9999999999999999e-002 9.0000000000000011e-003 4.0000000000000001e-003  1.4768023179975655e-003
2.9999999999999999e-002 1.2000000000000004e-002 4.0000000000000001e-003  1.4633756673345273e-003
2.9999999999999999e-002 1.4999999999999999e-002 4.0000000000000001e-003  1.4650911578060711e-003
2.9999999999999999e-002 1.8000000000000002e-002 4.0000000000000001e-003  1.4831469206188627e-003
2.9999999999999999e-002 2.1000000000000005e-002 4.0000000000000001e-003  1.5072300912824974e-003
2.9999999999999999e-002 2.4000000000000007e-002 4.0000000000000001e-003  1.5447869025807218e-003
2.9999999999999999e-002 2.7000000000000010e-002 4.0000000000000001e-003  1.5862630209114445e-003
2.9999999999999999e-002 2.9999999999999999e-002 4.0000000000000001e-003  1.6292782961287154e-003
2.9999999999999999e-002 3.3000000000000002e-002 4.0000000000000001e-003  1.6883061833195873e-003
2.9999999999999999e-002 3.6000000000000004e-002 4.0000000000000001e-003  1.7226598341981245e-003
2.9999999999999999e-002 3.9000000000000007e-002 4.0000000000000001e-003  1.7386603091530132e-003
2.9999999999999999e-002 4.2000000000000010e-002 4.0000000000000001e-003  1.7973596136290860e-003
2.9999999999999999e-002 4.4999999999999998e-002 4.0000000000000001e-003  1.8836352967103670e-003
3.3000000000000002e-002 -4.4999999999999998e-002 4.0000000000000001e-003  2.0351029343055973e-003
3.3000000000000002e-002 -4.1999999999999996e-002 4.0000000000000001e-003  1.9080098389529449e-003
3.3000000000000002e-002 -3.9000000000000000e-002 4.0000000000000001e-003  1.8169724541026500e-003
3.3000000000000002e-002 -3.5999999999999997e-002 4.0000000000000001e-003  1.7855874194348026e-003
3.3000000000000002e-002 -3.3000000000000002e-002 4.0000000000000001e-003  1.7396208527539741e-003
3.3000000000000002e-002 -2.9999999999999999e-002 4.0000000000000001e-003  1.6965884181365444e-003
3.3000000000000002e-002 -2.6999999999999996e-002 4.0000000000000001e-003  1.6532366232018196e-003
3.3000000000000002e-002 -2.3999999999999997e-002 4.0000000000000001e-003  1.6093423908326296e-003
3.3000000000000002e-002 -2.0999999999999998e-002 4.0000000000000001e-003  1.5822644156656197e-003
3.3000000000000002e-002 -1.7999999999999999e-002 4.0000000000000001e-003  1.5917781087009851e-003
3.3000000000000002e-002 -1.4999999999999999e-002 4.0000000000000001e-003  1.5823540984196097e-003
3.3000000000000002e-002 -1.1999999999999997e-002 4.0000000000000001e-003  1.5475629982127494e-003
3.3000000000000002e-002 -8.9999999999999941e-003 4.0000000000000001e-003  1.5301551028911579e-003
3.3000000000000002e-002 -5.9999999999999984e-003 4.0000000000000001e-003  1.5169290588371738e-003
3.3000000000000002e-002 -2.9999999999999957e-003 4.0000000000000001e-003  1.5084921243683439e-003
3.3000000000000002e-002 0.0000000000000000e+000 4.0000000000000001e-003  1.5220253124673486e-003
3.3000000000000002e-002 3.0000000000000027e-003 4.0000000000000001e-003  1.5232626469465623e-003
3.3000000000000002e-002 6.0000000000000053e-003 4.0000000000000001e-003  1.5122113896714126e-003
3.3000000000000002e-002 9.0000000000000011e-003 4.0000000000000001e-003  1.4890329772987904e-003
3.3000000000000002e-002 1.2000000000000004e-002 4.0000000000000001e-003  1.4988913496537615e-003
3.3000000000000002e-002 1.4999999999999999e-002 4.0000000000000001e-003  1.5146080036150080e-003
3.3000000000000002e-002 1.8000000000000002e-002 4.0000000000000001e-003  1.5332974967279009e-003
3.3000000000000002e-002 2.1000000000000005e-002 4.0000000000000001e-003  1.5573890077732590e-003
3.3000000000000002e-002 2.4000000000000007e-002 4.0000000000000001e-003  1.5994529680353837e-003
3.3000000000000002e-002 2.7000000000000010e-002 4.0000000000000001e-003  1.6459923748651881e-003
3.3000000000000002e-002 2.9999999999999999e-002 4.0000000000000001e-003  1.6974083276334738e-003
3.3000000000000002e-002 3.3000000000000002e-002 4.0000000000000001e-003  1.7641893985245207e-003
3.3000000000000002e-002 3.6000000000000004e-002 4.0000000000000001e-003  1.7574540368641453e-003
3.3000000000000002e-002 3.9000000000000007e-002 4.0000000000000001e-003  1.7658622510921796e-003
3.3000000000000002e-002 4.2000000000000010e-002 4.0000000000000001e-003  1.8302990592324545e-003
3.3000000000000002e-002 4.4999999999999998e-002 4.0000000000000001e-003  1.9179761964997566e-003
3.6000000000000004e-002 -4.4999999999999998e-002 4.0000000000000001e-003  2.1243355940678676e-003
3.6000000000000004e-002 -4.1999999999999996e-002 4.0000000000000001e-003  1.9642519454961547e-003
3.6000000000000004e-002 -3.9000000000000000e-002 4.0000000000000001e-003  1.9529372873801204e-003
3.6000000000000004e-002 -3.5999999999999997e-002 4.0000000000000001e-003  1.8683584734940425e-003
3.6000000000000004e-002 -3.3000000000000002e-002 4.0000000000000001e-003  1.8267899820825619e-003
3.6000000000000004e-002 -2.9999999999999999e-002 4.0000000000000001e-003  1.7852526317892084e-003
3.6000000000000004e-002 -2.6999999999999996e-002 4.0000000000000001e-003  1.7434485071731115e-003
3.6000000000000004e-002 -2.3999999999999997e-002 4.0000000000000001e-003  1.7011435228979795e-003
3.6000000000000004e-002 -2.0999999999999998e-002 4.0000000000000001e-003  1.6581674237321456e-003
3.6000000000000004e-002 -1.7999999999999999e-002 4.0000000000000001e-003  1.6461842038870294e-003
3.6000000000000004e-002 -1.4999999999999999e-002 4.0000000000000001e-003  1.6604398489433142e-003
3.6000000000000004e-002 -1.1999999999999997e-002 4.0000000000000001e-003  1.6128196286707009e-003
3.6000000000000004e-002 -8.9999999999999941e-003 4.0000000000000001e-003  1.5857074788984469e-003
3.6000000000000004e-002 -5.9999999999999984e-003 4.0000000000000001e-003  1.5928342927565126e-003
3.6000000000000004e-002 -2.9999999999999957e-003 4.0000000000000001e-003  1.5975423535289940e-003
3.6000000000000004e-002 0.0000000000000000e+000 4.0000000000000001e-003  1.5889298577316808e-003
3.6000000000000004e-002 3.0000000000000027e-003 4.0000000000000001e-003  1.5684804241165970e-003
3.6000000000000004e-002 6.0000000000000053e-003 4.0000000000000001e-003  1.5475886187389196e-003
3.6000000000000004e-002 9.0000000000000011e-003 4.0000000000000001e-003  1.5558642215987367e-003
3.6000000000000004e-002 1.2000000000000004e-002 4.0000000000000001e-003  1.5671061740575453e-003
3.6000000000000004e-002 1.4999999999999999e-002 4.0000000000000001e-003  1.5813097598571515e-003
3.6000000000000004e-002 1.8000000000000002e-002 4.0000000000000001e-003  1.5984715743675060e-003
3.6000000000000004e-002 2.1000000000000005e-002 4.0000000000000001e-003  1.6219453736372265e-003
3.6000000000000004e-002 2.4000000000000007e-002 4.0000000000000001e-003  1.6648108448655229e-003
3.6000000000000004e-002 2.7000000000000010e-002 4.0000000000000001e-003  1.7165194303919544e-003
3.6000000000000004e-002 2.9999999999999999e-002 4.0000000000000001e-003  1.7759465708081083e-003
3.6000000000000004e-002 3.3000000000000002e-002 4.0000000000000001e-003  1.8116121949536951e-003
3.6000000000000004e-002 3.6000000000000004e-002 4.0000000000000001e-003  1.8031731905594338e-003
3.6000000000000004e-002 3.9000000000000007e-002 4.0000000000000001e-003  1.8311255626483529e-003
3.6000000000000004e-002 4.2000000000000010e-002 4.0000000000000001e-003  1.8848714922231505e-003
3.6000000000000004e-002 4.4999999999999998e-002 4.0000000000000001e-003  1.9799766780436174e-003
3.9000000000000007e-002 -4.4999999999999998e-002 4.0000000000000001e-003  2.2246426962525220e-003
3.9000000000000007e-002 -4.1999999999999996e-002 4.0000000000000001e-003  2.1391130815979344e-003
3.9000000000000007e-002 -3.9000000000000000e-002 4.0000000000000001e-003  2.0130052476888889e-003
3.9000000000000007e-002 -3.5999999999999997e-002 4.0000000000000001e-003  1.9723135921216393e-003
3.9000000000000007e-002 -3.3000000000000002e-002 4.0000000000000001e-003  1.9320934404493013e-003
3.9000000000000007e-002 -2.9999999999999999e-002 4.0000000000000001e-003  1.8919720389072711e-003
3.9000000000000007e-002 -2.6999999999999996e-002 4.0000000000000001e-003  1.8516404638355508e-003
3.9000000000000007e-002 -2.3999999999999997e-002 4.0000000000000001e-003  1.8108536216787517e-003
3.9000000000000007e-002 -2.0999999999999998e-002 4.0000000000000001e-003  1.7694302489860833e-003
3.9000000000000007e-002 -1.7999999999999999e-002 4.0000000000000001e-003  1.7272529124113675e-003
3.9000000000000007e-002 -1.4999999999999999e-002 4.0000000000000001e-003  1.7314526987154560e-003
3.9000000000000007e-002 -1.1999999999999997e-002 4.0000000000000001e-003  1.7120018237380889e-003
3.9000000000000007e-002 -8.9999999999999941e-003 4.0000000000000001e-003  1.6813973702765848e-003
3.9000000000000007e-002 -5.9999999999999984e-003 4.0000000000000001e-003  1.6948088532721922e-003
3.9000000000000007e-002 -2.9999999999999957e-003 4.0000000000000001e-003  1.6771586715749118e-003
3.9000000000000007e-002 0.0000000000000000e+000 4.0000000000000001e-003  1.6482007125728417e-003
3.9000000000000007e-002 3.0000000000000027e-003 4.0000000000000001e-003  1.6340886544898333e-003
3.9000000000000007e-002 6.0000000000000053e-003 4.0000000000000001e-003  1.6378408337168809e-003
3.9000000000000007e-002 9.0000000000000011e-003 4.0000000000000001e-003  1.6445383496245191e-003
3.9000000000000007e-002 1.2000000000000004e-002 4.0000000000000001e-003  1.6541771141993424e-003
3.9000000000000007e-002 1.4999999999999999e-002 4.0000000000000001e-003  1.6667543510560645e-003
3.9000000000000007e-002 1.8000000000000002e-002 4.0000000000000001e-003  1.6822685954375452e-003
3.9000000000000007e-002 2.1000000000000005e-002 4.0000000000000001e-003  1.7007196942147615e-003
3.9000000000000007e-002 2.4000000000000007e-002 4.0000000000000001e-003  1.7418778718882265e-003
3.9000000000000007e-002 2.7000000000000010e-002 4.0000000000000001e-003  1.7988221953371994e-003
3.9000000000000007e-002 2.9999999999999999e-002 4.0000000000000001e-003  1.8615539551153719e-003
3.9000000000000007e-002 3.3000000000000002e-002 4.0000000000000001e-003  1.8626665875923710e-003
3.9000000000000007e-002 3.6000000000000004e-002 4.0000000000000001e-003  1.8673160226529246e-003
3.9000000000000007e-002 3.9000000000000007e-002 4.0000000000000001e-003  1.8843062223051438e-003
3.9000000000000007e-002 4.2000000000000010e-002 4.0000000000000001e-003  1.9810800133774689e-003
3.9000000000000007e-002 4.4999999999999998e-002 4.0000000000000001e-003  2.1000117178419787e-003
4.2000000000000010e-002 -4.4999999999999998e-002 4.0000000000000001e-003  2.3492999887854593e-003
4.2000000000000010e-002 -4.1999999999999996e-002 4.0000000000000001e-003  2.1760138153800366e-003
4.2000000000000010e-002 -3.9000000000000000e-002 4.0000000000000001e-003  2.1354821160412506e-003
4.2000000000000010e-002 -3.5999999999999997e-002 4.0000000000000001e-003  2.0959521447155051e-003
4.2000000000000010e-002 -3.3000000000000002e-002 4.0000000000000001e-003  2.0569763093144788e-003
4.2000000000000010e-002 -2.9999999999999999e-002 4.0000000000000001e-003  2.0181708478544513e-003
4.2000000000000010e-002 -2.6999999999999996e-002 4.0000000000000001e-003  1.9792158284563169e-003
4.2000000000000010e-002 -2.3999999999999997e-002 4.0000000000000001e-003  1.9398551493455675e-003
4.2000000000000010e-002 -2.0999999999999998e-002 4.0000000000000001e-003  1.8998965388523029e-003
4.2000000000000010e-002 -1.7999999999999999e-002 4.0000000000000001e-003  1.8592115554112252e-003
4.2000000000000010e-002 -1.4999999999999999e-002 4.0000000000000001e-003  1.8177355875616389e-003
4.2000000000000010e-002 -1.1999999999999997e-002 4.0000000000000001e-003  1.8268848275423532e-003
4.2000000000000010e-002 -8.9999999999999941e-003 4.0000000000000001e-003  1.7912564515360143e-003
4.2000000000000010e-002 -5.9999999999999984e-003 4.0000000000000001e-003  1.7903169288832664e-003
4.2000000000000010e-002 -2.9999999999999957e-003 4.0000000000000001e-003  1.7538689761978079e-003
4.2000000000000010e-002 0.0000000000000000e+000 4.0000000000000001e-003  1.7473267017113368e-003
4.2000000000000010e-002 3.0000000000000027e-003 4.0000000000000001e-003  1.7465221099286742e-003
4.2000000000000010e-002 6.0000000000000053e-003 4.0000000000000001e-003  1.7486326630454304e-003
4.2000000000000010e-002 9.0000000000000011e-003 4.0000000000000001e-003  1.7536549012929714e-003
4.2000000000000010e-002 1.2000000000000004e-002 4.0000000000000001e-003  1.7615866765307974e-003
4.2000000000000010e-002 1.4999999999999999e-002 4.0000000000000001e-003  1.7724271522465346e-003
4.2000000000000010e-002 1.8000000000000002e-002 4.0000000000000001e-003  1.7861768035559421e-003
4.2000000000000010e-002 2.1000000000000005e-002 4.0000000000000001e-003  1.8028374172029211e-003
4.2000000000000010e-002 2.4000000000000007e-002 4.0000000000000001e-003  1.8316882076465236e-003
4.2000000000000010e-002 2.7000000000000010e-002 4.0000000000000001e-003  1.8938952551629219e-003
4.2000000000000010e-002 2.9999999999999999e-002 4.0000000000000001e-003  1.9265644661607844e-003
4.2000000000000010e-002 3.3000000000000002e-002 4.0000000000000001e-003  1.9202550905439229e-003
4.2000000000000010e-002 3.6000000000000004e-002 4.0000000000000001e-003  1.9329132983218534e-003
4.2000000000000010e-002 3.9000000000000007e-002 4.0000000000000001e-003  1.9771264804617286e-003
4.2000000000000010e-002 4.2000000000000010e-002 4.0000000000000001e-003  2.0769750599530803e-003
4.2000000000000010e-002 4.4999999999999998e-002 4.0000000000000001e-003  2.1935379075847580e-003
4.4999999999999998e-002 -4.4999999999999998e-002 4.0000000000000001e-003  2.4270414376397274e-003
4.4999999999999998e-002 -4.1999999999999996e-002 4.0000000000000001e-003  2.3188879777437050e-003
4.4999999999999998e-002 -3.9000000000000000e-002 4.0000000000000001e-003  2.2792913962360853e-003
4.4999999999999998e-002 -3.5999999999999997e-002 4.0000000000000001e-003  2.2407941977889419e-003
4.4999999999999998e-002 -3.3000000000000002e-002 4.0000000000000001e-003  2.2029377820948406e-003
4.4999999999999998e-002 -2.9999999999999999e-002 4.0000000000000001e-003  2.1653273789509512e-003
4.4999999999999998e-002 -2.6999999999999996e-002 4.0000000000000001e-003  2.1276320482590504e-003
4.4999999999999998e-002 -2.3999999999999997e-002 4.0000000000000001e-003  2.0895846800255179e-003
4.4999999999999998e-002 -2.0999999999999998e-002 4.0000000000000001e-003  2.0509819943613354e-003
4.4999999999999998e-002 -1.7999999999999999e-002 4.0000000000000001e-003  2.0116845414820945e-003
4.4999999999999998e-002 -1.4999999999999999e-002 4.0000000000000001e-003  1.9716167017079806e-003
4.4999999999999998e-002 -1.1999999999999997e-002 4.0000000000000001e-003  1.9353888631568623e-003
4.4999999999999998e-002 -8.9999999999999941e-003 4.0000000000000001e-003  1.9207819007770240e-003
4.4999999999999998e-002 -5.9999999999999984e-003 4.0000000000000001e-003  1.8970937581272410e-003
4.4999999999999998e-002 -2.9999999999999957e-003 4.0000000000000001e-003  1.8888463393594876e-003
4.4999999999999998e-002 0.0000000000000000e+000 4.0000000000000001e-003  1.8834788379991885e-003
4.4999999999999998e-002 3.0000000000000027e-003 4.0000000000000001e-003  1.8809871108943620e-003
4.4999999999999998e-002 6.0000000000000053e-003 4.0000000000000001e-003  1.8813683265211413e-003
4.4999999999999998e-002 9.0000000000000011e-003 4.0000000000000001e-003  1.8846209649838056e-003
4.4999999999999998e-002 1.2000000000000004e-002 4.0000000000000001e-003  1.8907448180147668e-003
4.4999999999999998e-002 1.4999999999999999e-002 4.0000000000000001e-003  1.8997409889745596e-003
4.4999999999999998e-002 1.8000000000000002e-002 4.0000000000000001e-003  1.9116118928518505e-003
4.4999999999999998e-002 2.1000000000000005e-002 4.0000000000000001e-003  1.9263612562634466e-003
4.4999999999999998e-002 2.4000000000000007e-002 4.0000000000000001e-003  1.9439941174542723e-003
4.4999999999999998e-002 2.7000000000000010e-002 4.0000000000000001e-003  1.9951676772948950e-003
4.4999999999999998e-002 2.9999999999999999e-002 4.0000000000000001e-003  1.9840562670460685e-003
4.4999999999999998e-002 3.3000000000000002e-002 4.0000000000000001e-003  2.0505478132686276e-003
4.4999999999999998e-002 3.6000000000000004e-002 4.0000000000000001e-003  2.1132763869949577e-003
4.4999999999999998e-002 3.9000000000000007e-002 4.0000000000000001e-003  2.1530221625529764e-003
4.4999999999999998e-002 4.2000000000000010e-002 4.0000000000000001e-003  2.2383938136122604e-003
4.4999999999999998e-002 4.4999999999999998e-002 4.0000000000000001e-003  2.2405713288595939e-003
