Grid Output Min: [-45mm -45mm 4mm] Max: [45mm 45mm 4mm] Grid Size: [3mm 3mm 0mm]
X, Y, Z, Scalar data "Mag_B"
-4.4999999999999998e-02 -4.4999999999999998e-02 4.0000000000000001e-03  2.2878784843694305e-03
-4.4999999999999998e-02 -4.1999999999999996e-02 4.0000000000000001e-03  2.1420623230886844e-03
-4.4999999999999998e-02 -3.9000000000000000e-02 4.0000000000000001e-03  2.0597960763857072e-03
-4.4999999999999998e-02 -3.5999999999999997e-02 4.0000000000000001e-03  1.9684585702893498e-03
-4.4999999999999998e-02 -3.3000000000000002e-02 4.0000000000000001e-03  1.9207086348601865e-03
-4.4999999999999998e-02 -2.9999999999999999e-02 4.0000000000000001e-03  1.8890547090892572e-03
-4.4999999999999998e-02 -2.6999999999999996e-02 4.0000000000000001e-03  1.8574892283491678e-03
-4.4999999999999998e-02 -2.3999999999999997e-02 4.0000000000000001e-03  1.8259558040017369e-03
-4.4999999999999998e-02 -2.0999999999999998e-02 4.0000000000000001e-03  1.7944122896330474e-03
-4.4999999999999998e-02 -1.7999999999999999e-02 4.0000000000000001e-03  1.7628307810534517e-03
-4.4999999999999998e-02 -1.4999999999999999e-02 4.0000000000000001e-03  1.7385070565124039e-03
-4.4999999999999998e-02 -1.1999999999999997e-02 4.0000000000000001e-03  1.7578733966780882e-03
-4.4999999999999998e-02 -8.9999999999999941e-03 4.0000000000000001e-03  1.8199097993171066e-03
-4.4999999999999998e-02 -5.9999999999999984e-03 4.0000000000000001e-03  1.8904464187718655e-03
-4.4999999999999998e-02 -2.9999999999999957e-03 4.0000000000000001e-03  1.9138940178113019e-03
-4.4999999999999998e-02 0.0000000000000000e+00 4.0000000000000001e-03  1.8468914673817045e-03
-4.4999999999999998e-02 3.0000000000000027e-03 4.0000000000000001e-03  1.8261587602577812e-03
-4.4999999999999998e-02 6.0000000000000053e-03 4.0000000000000001e-03  1.8387133288308250e-03
-4.4999999999999998e-02 9.0000000000000011e-03 4.0000000000000001e-03  1.8357126856650228e-03
-4.4999999999999998e-02 1.2000000000000004e-02 4.0000000000000001e-03  1.8172477200636495e-03
-4.4999999999999998e-02 1.4999999999999999e-02 4.0000000000000001e-03  1.7922022034457729e-03
-4.4999999999999998e-02 1.8000000000000002e-02 4.0000000000000001e-03  1.8330115239707735e-03
-4.4999999999999998e-02 2.1000000000000005e-02 4.0000000000000001e-03  1.8741912527975389e-03
-4.4999999999999998e-02 2.4000000000000007e-02 4.0000000000000001e-03  1.8978778041597723e-03
-4.4999999999999998e-02 2.7000000000000010e-02 4.0000000000000001e-03  1.9042399210105368e-03
-4.4999999999999998e-02 2.9999999999999999e-02 4.0000000000000001e-03  1.9151716192861736e-03
-4.4999999999999998e-02 3.3000000000000002e-02 4.0000000000000001e-03  1.9432554070330924e-03
-4.4999999999999998e-02 3.6000000000000004e-02 4.0000000000000001e-03  1.9847868706696116e-03
-4.4999999999999998e-02 3.9000000000000007e-02 4.0000000000000001e-03  2.0397290923961364e-03
-4.4999999999999998e-02 4.2000000000000010e-02 4.0000000000000001e-03  2.0650103338045430e-03
-4.4999999999999998e-02 4.4999999999999998e-02 4.0000000000000001e-03  2.1993980227051017e-03
-4.1999999999999996e-02 -4.4999999999999998e-02 4.0000000000000001e-03  2.2237749098823526e-03
-4.1999999999999996e-02 -4.1999999999999996e-02 4.0000000000000001e-03  2.0015871600116159e-03
-4.1999999999999996e-02 -3.9000000000000000e-02 4.0000000000000001e-03  1.9162881709033181e-03
-4.1999999999999996e-02 -3.5999999999999997e-02 4.0000000000000001e-03  1.8471522823877082e-03
-4.1999999999999996e-02 -3.3000000000000002e-02 4.0000000000000001e-03  1.7924612421138270e-03
-4.1999999999999996e-02 -2.9999999999999999e-02 4.0000000000000001e-03  1.7549982432060853e-03
-4.1999999999999996e-02 -2.6999999999999996e-02 4.0000000000000001e-03  1.7325381078012827e-03
-4.1999999999999996e-02 -2.3999999999999997e-02 4.0000000000000001e-03  1.7103609062173431e-03
-4.1999999999999996e-02 -2.0999999999999998e-02 4.0000000000000001e-03  1.6884267899198223e-03
-4.1999999999999996e-02 -1.7999999999999999e-02 4.0000000000000001e-03  1.6717640826269531e-03
-4.1999999999999996e-02 -1.4999999999999999e-02 4.0000000000000001e-03  1.6642654379729744e-03
-4.1999999999999996e-02 -1.1999999999999997e-02 4.0000000000000001e-03  1.6922946355891746e-03
-4.1999999999999996e-02 -8.9999999999999941e-03 4.0000000000000001e-03  1.7310883660609025e-03
-4.1999999999999996e-02 -5.9999999999999984e-03 4.0000000000000001e-03  1.7937728683145452e-03
-4.1999999999999996e-02 -2.9999999999999957e-03 4.0000000000000001e-03  1.7952549268913625e-03
-4.1999999999999996e-02 0.0000000000000000e+00 4.0000000000000001e-03  1.7375330390269779e-03
-4.1999999999999996e-02 3.0000000000000027e-03 4.0000000000000001e-03  1.7234039927930950e-03
-4.1999999999999996e-02 6.0000000000000053e-03 4.0000000000000001e-03  1.7103044253473920e-03
-4.1999999999999996e-02 9.0000000000000011e-03 4.0000000000000001e-03  1.7165099046480886e-03
-4.1999999999999996e-02 1.2000000000000004e-02 4.0000000000000001e-03  1.7130005314776881e-03
-4.1999999999999996e-02 1.4999999999999999e-02 4.0000000000000001e-03  1.6938908592482092e-03
-4.1999999999999996e-02 1.8000000000000002e-02 4.0000000000000001e-03  1.6691732238267114e-03
-4.1999999999999996e-02 2.1000000000000005e-02 4.0000000000000001e-03  1.7158182818976962e-03
-4.1999999999999996e-02 2.4000000000000007e-02 4.0000000000000001e-03  1.7558406201073928e-03
-4.1999999999999996e-02 2.7000000000000010e-02 4.0000000000000001e-03  1.7787005001631520e-03
-4.1999999999999996e-02 2.9999999999999999e-02 4.0000000000000001e-03  1.7968887607183819e-03
-4.1999999999999996e-02 3.3000000000000002e-02 4.0000000000000001e-03  1.8287207323124698e-03
-4.1999999999999996e-02 3.6000000000000004e-02 4.0000000000000001e-03  1.8757770002293104e-03
-4.1999999999999996e-02 3.9000000000000007e-02 4.0000000000000001e-03  1.9409111775311458e-03
-4.1999999999999996e-02 4.2000000000000010e-02 4.0000000000000001e-03  1.9726539386803856e-03
-4.1999999999999996e-02 4.4999999999999998e-02 4.0000000000000001e-03  2.0923585423716813e-03
-3.9000000000000000e-02 -4.4999999999999998e-02 4.0000000000000001e-03  2.1066464515434929e-03
-3.9000000000000000e-02 -4.1999999999999996e-02 4.0000000000000001e-03  1.9801673298145677e-03
-3.9000000000000000e-02 -3.9000000000000000e-02 4.0000000000000001e-03  1.8597955310684310e-03
-3.9000000000000000e-02 -3.5999999999999997e-02 4.0000000000000001e-03  1.7486643838462359e-03
-3.9000000000000000e-02 -3.3000000000000002e-02 4.0000000000000001e-03  1.7072472008520427e-03
-3.9000000000000000e-02 -2.9999999999999999e-02 4.0000000000000001e-03  1.6895745049279815e-03
-3.9000000000000000e-02 -2.6999999999999996e-02 4.0000000000000001e-03  1.6820148788298727e-03
-3.9000000000000000e-02 -2.3999999999999997e-02 4.0000000000000001e-03  1.6693616243423645e-03
-3.9000000000000000e-02 -2.0999999999999998e-02 4.0000000000000001e-03  1.6424376457716565e-03
-3.9000000000000000e-02 -1.7999999999999999e-02 4.0000000000000001e-03  1.6184436758797517e-03
-3.9000000000000000e-02 -1.4999999999999999e-02 4.0000000000000001e-03  1.6063438119092806e-03
-3.9000000000000000e-02 -1.1999999999999997e-02 4.0000000000000001e-03  1.6311327539132053e-03
-3.9000000000000000e-02 -8.9999999999999941e-03 4.0000000000000001e-03  1.6536068764024358e-03
-3.9000000000000000e-02 -5.9999999999999984e-03 4.0000000000000001e-03  1.7043344110637087e-03
-3.9000000000000000e-02 -2.9999999999999957e-03 4.0000000000000001e-03  1.6825663692347668e-03
-3.9000000000000000e-02 0.0000000000000000e+00 4.0000000000000001e-03  1.6461388552463767e-03
-3.9000000000000000e-02 3.0000000000000027e-03 4.0000000000000001e-03  1.6362751263908700e-03
-3.9000000000000000e-02 6.0000000000000053e-03 4.0000000000000001e-03  1.6273763834680247e-03
-3.9000000000000000e-02 9.0000000000000011e-03 4.0000000000000001e-03  1.6194189010189583e-03
-3.9000000000000000e-02 1.2000000000000004e-02 4.0000000000000001e-03  1.6209300201562335e-03
-3.9000000000000000e-02 1.4999999999999999e-02 4.0000000000000001e-03  1.6165210620408097e-03
-3.9000000000000000e-02 1.8000000000000002e-02 4.0000000000000001e-03  1.5974045038190205e-03
-3.9000000000000000e-02 2.1000000000000005e-02 4.0000000000000001e-03  1.6066294221492008e-03
-3.9000000000000000e-02 2.4000000000000007e-02 4.0000000000000001e-03  1.6373899426116896e-03
-3.9000000000000000e-02 2.7000000000000010e-02 4.0000000000000001e-03  1.6763831643931044e-03
-3.9000000000000000e-02 2.9999999999999999e-02 4.0000000000000001e-03  1.7011807326575035e-03
-3.9000000000000000e-02 3.3000000000000002e-02 4.0000000000000001e-03  1.7426729014596732e-03
-3.9000000000000000e-02 3.6000000000000004e-02 4.0000000000000001e-03  1.8025763965346915e-03
-3.9000000000000000e-02 3.9000000000000007e-02 4.0000000000000001e-03  1.8660013267648822e-03
-3.9000000000000000e-02 4.2000000000000010e-02 4.0000000000000001e-03  1.9186444720508372e-03
-3.9000000000000000e-02 4.4999999999999998e-02 4.0000000000000001e-03  2.1547334775088760e-03
-3.5999999999999997e-02 -4.4999999999999998e-02 4.0000000000000001e-03  2.0093774377648067e-03
-3.5999999999999997e-02 -4.1999999999999996e-02 4.0000000000000001e-03  1.8865158358392711e-03
-3.5999999999999997e-02 -3.9000000000000000e-02 4.0000000000000001e-03  1.7882311784443248e-03
-3.5999999999999997e-02 -3.5999999999999997e-02 4.0000000000000001e-03  1.7130835164615422e-03
-3.5999999999999997e-02 -3.3000000000000002e-02 4.0000000000000001e-03  1.6400292702584945e-03
-3.5999999999999997e-02 -2.9999999999999999e-02 4.0000000000000001e-03  1.6373999383569803e-03
-3.5999999999999997e-02 -2.6999999999999996e-02 4.0000000000000001e-03  1.6524504523535060e-03
-3.5999999999999997e-02 -2.3999999999999997e-02 4.0000000000000001e-03  1.6444426674285043e-03
-3.5999999999999997e-02 -2.0999999999999998e-02 4.0000000000000001e-03  1.6082778486938005e-03
-3.5999999999999997e-02 -1.7999999999999999e-02 4.0000000000000001e-03  1.5741915858637089e-03
-3.5999999999999997e-02 -1.4999999999999999e-02 4.0000000000000001e-03  1.5582738866239342e-03
-3.5999999999999997e-02 -1.1999999999999997e-02 4.0000000000000001e-03  1.5740161469668540e-03
-3.5999999999999997e-02 -8.9999999999999941e-03 4.0000000000000001e-03  1.5850900358914323e-03
-3.5999999999999997e-02 -5.9999999999999984e-03 4.0000000000000001e-03  1.6212949886611290e-03
-3.5999999999999997e-02 -2.9999999999999957e-03 4.0000000000000001e-03  1.5754249241030861e-03
-3.5999999999999997e-02 0.0000000000000000e+00 4.0000000000000001e-03  1.5687036614735602e-03
-3.5999999999999997e-02 3.0000000000000027e-03 4.0000000000000001e-03  1.5629145793220709e-03
-3.5999999999999997e-02 6.0000000000000053e-03 4.0000000000000001e-03  1.5580344926547176e-03
-3.5999999999999997e-02 9.0000000000000011e-03 4.0000000000000001e-03  1.5540416679679159e-03
-3.5999999999999997e-02 1.2000000000000004e-02 4.0000000000000001e-03  1.5509158232484019e-03
-3.5999999999999997e-02 1.4999999999999999e-02 4.0000000000000001e-03  1.5510337053601109e-03
-3.5999999999999997e-02 1.8000000000000002e-02 4.0000000000000001e-03  1.5455195589144353e-03
-3.5999999999999997e-02 2.1000000000000005e-02 4.0000000000000001e-03  1.5549976143690513e-03
-3.5999999999999997e-02 2.4000000000000007e-02 4.0000000000000001e-03  1.5726786248623397e-03
-3.5999999999999997e-02 2.7000000000000010e-02 4.0000000000000001e-03  1.5969828349769234e-03
-3.5999999999999997e-02 2.9999999999999999e-02 4.0000000000000001e-03  1.6396636731736101e-03
-3.5999999999999997e-02 3.3000000000000002e-02 4.0000000000000001e-03  1.6943164181905698e-03
-3.5999999999999997e-02 3.6000000000000004e-02 4.0000000000000001e-03  1.7525256599822008e-03
-3.5999999999999997e-02 3.9000000000000007e-02 4.0000000000000001e-03  1.8143071978112804e-03
-3.5999999999999997e-02 4.2000000000000010e-02 4.0000000000000001e-03  1.9024201673966421e-03
-3.5999999999999997e-02 4.4999999999999998e-02 4.0000000000000001e-03  2.0509825814929517e-03
-3.3000000000000002e-02 -4.4999999999999998e-02 4.0000000000000001e-03  1.9396821084135484e-03
-3.3000000000000002e-02 -4.1999999999999996e-02 4.0000000000000001e-03  1.8200473046233964e-03
-3.3000000000000002e-02 -3.9000000000000000e-02 4.0000000000000001e-03  1.7263687314019492e-03
-3.3000000000000002e-02 -3.5999999999999997e-02 4.0000000000000001e-03  1.6571507836785019e-03
-3.3000000000000002e-02 -3.3000000000000002e-02 4.0000000000000001e-03  1.6136540832890130e-03
-3.3000000000000002e-02 -2.9999999999999999e-02 4.0000000000000001e-03  1.5877688377799026e-03
-3.3000000000000002e-02 -2.6999999999999996e-02 4.0000000000000001e-03  1.5993398892999110e-03
-3.3000000000000002e-02 -2.3999999999999997e-02 4.0000000000000001e-03  1.5978894431242995e-03
-3.3000000000000002e-02 -2.0999999999999998e-02 4.0000000000000001e-03  1.5793622807029994e-03
-3.3000000000000002e-02 -1.7999999999999999e-02 4.0000000000000001e-03  1.5373917891939543e-03
-3.3000000000000002e-02 -1.4999999999999999e-02 4.0000000000000001e-03  1.5136038563341001e-03
-3.3000000000000002e-02 -1.1999999999999997e-02 4.0000000000000001e-03  1.5197124319296746e-03
-3.3000000000000002e-02 -8.9999999999999941e-03 4.0000000000000001e-03  1.5248790160486947e-03
-3.3000000000000002e-02 -5.9999999999999984e-03 4.0000000000000001e-03  1.5439084398602958e-03
-3.3000000000000002e-02 -2.9999999999999957e-03 4.0000000000000001e-03  1.5074635735452921e-03
-3.3000000000000002e-02 0.0000000000000000e+00 4.0000000000000001e-03  1.5047055002954902e-03
-3.3000000000000002e-02 3.0000000000000027e-03 4.0000000000000001e-03  1.5028301275268928e-03
-3.3000000000000002e-02 6.0000000000000053e-03 4.0000000000000001e-03  1.5018162622008968e-03
-3.3000000000000002e-02 9.0000000000000011e-03 4.0000000000000001e-03  1.5016441627692160e-03
-3.3000000000000002e-02 1.2000000000000004e-02 4.0000000000000001e-03  1.5022955391738946e-03
-3.3000000000000002e-02 1.4999999999999999e-02 4.0000000000000001e-03  1.5037535528472949e-03
-3.3000000000000002e-02 1.8000000000000002e-02 4.0000000000000001e-03  1.5059437149236886e-03
-3.3000000000000002e-02 2.1000000000000005e-02 4.0000000000000001e-03  1.5177349065563447e-03
-3.3000000000000002e-02 2.4000000000000007e-02 4.0000000000000001e-03  1.5414357198708700e-03
-3.3000000000000002e-02 2.7000000000000010e-02 4.0000000000000001e-03  1.5668509337627211e-03
-3.3000000000000002e-02 2.9999999999999999e-02 4.0000000000000001e-03  1.6110542783593711e-03
-3.3000000000000002e-02 3.3000000000000002e-02 4.0000000000000001e-03  1.6672690898264612e-03
-3.3000000000000002e-02 3.6000000000000004e-02 4.0000000000000001e-03  1.7253428149398831e-03
-3.3000000000000002e-02 3.9000000000000007e-02 4.0000000000000001e-03  1.7854780828733742e-03
-3.3000000000000002e-02 4.2000000000000010e-02 4.0000000000000001e-03  1.8996187112117118e-03
-3.3000000000000002e-02 4.4999999999999998e-02 4.0000000000000001e-03  1.9895751151018954e-03
-2.9999999999999999e-02 -4.4999999999999998e-02 4.0000000000000001e-03  1.9495090797482875e-03
-2.9999999999999999e-02 -4.1999999999999996e-02 4.0000000000000001e-03  1.8411409021973969e-03
-2.9999999999999999e-02 -3.9000000000000000e-02 4.0000000000000001e-03  1.7430334988065379e-03
-2.9999999999999999e-02 -3.5999999999999997e-02 4.0000000000000001e-03  1.6516342758896791e-03
-2.9999999999999999e-02 -3.3000000000000002e-02 4.0000000000000001e-03  1.5921125459052467e-03
-2.9999999999999999e-02 -2.9999999999999999e-02 4.0000000000000001e-03  1.5646012716412651e-03
-2.9999999999999999e-02 -2.6999999999999996e-02 4.0000000000000001e-03  1.5478230679612682e-03
-2.9999999999999999e-02 -2.3999999999999997e-02 4.0000000000000001e-03  1.5496447095767728e-03
-2.9999999999999999e-02 -2.0999999999999998e-02 4.0000000000000001e-03  1.5377491842801596e-03
-2.9999999999999999e-02 -1.7999999999999999e-02 4.0000000000000001e-03  1.5037620032779919e-03
-2.9999999999999999e-02 -1.4999999999999999e-02 4.0000000000000001e-03  1.4720411986043332e-03
-2.9999999999999999e-02 -1.1999999999999997e-02 4.0000000000000001e-03  1.4685529379720060e-03
-2.9999999999999999e-02 -8.9999999999999941e-03 4.0000000000000001e-03  1.4723701065486323e-03
-2.9999999999999999e-02 -5.9999999999999984e-03 4.0000000000000001e-03  1.4715185005263829e-03
-2.9999999999999999e-02 -2.9999999999999957e-03 4.0000000000000001e-03  1.4526382466536140e-03
-2.9999999999999999e-02 0.0000000000000000e+00 4.0000000000000001e-03  1.4537036564086527e-03
-2.9999999999999999e-02 3.0000000000000027e-03 4.0000000000000001e-03  1.4556107890550530e-03
-2.9999999999999999e-02 6.0000000000000053e-03 4.0000000000000001e-03  1.4583404435095141e-03
-2.9999999999999999e-02 9.0000000000000011e-03 4.0000000000000001e-03  1.4618748701790522e-03
-2.9999999999999999e-02 1.2000000000000004e-02 4.0000000000000001e-03  1.4661977709610045e-03
-2.9999999999999999e-02 1.4999999999999999e-02 4.0000000000000001e-03  1.4712942992430372e-03
-2.9999999999999999e-02 1.8000000000000002e-02 4.0000000000000001e-03  1.4786796419259376e-03
-2.9999999999999999e-02 2.1000000000000005e-02 4.0000000000000001e-03  1.4948938600816229e-03
-2.9999999999999999e-02 2.4000000000000007e-02 4.0000000000000001e-03  1.5186413879219446e-03
-2.9999999999999999e-02 2.7000000000000010e-02 4.0000000000000001e-03  1.5441804646797784e-03
-2.9999999999999999e-02 2.9999999999999999e-02 4.0000000000000001e-03  1.5856364747131731e-03
-2.9999999999999999e-02 3.3000000000000002e-02 4.0000000000000001e-03  1.6426292024193467e-03
-2.9999999999999999e-02 3.6000000000000004e-02 4.0000000000000001e-03  1.7037546529624311e-03
-2.9999999999999999e-02 3.9000000000000007e-02 4.0000000000000001e-03  1.7650688548033328e-03
-2.9999999999999999e-02 4.2000000000000010e-02 4.0000000000000001e-03  1.8428042482237332e-03
-2.9999999999999999e-02 4.4999999999999998e-02 4.0000000000000001e-03  1.9308993993040013e-03
-2.6999999999999996e-02 -4.4999999999999998e-02 4.0000000000000001e-03  2.0214225910253438e-03
-2.6999999999999996e-02 -4.1999999999999996e-02 4.0000000000000001e-03  1.8660115735923827e-03
-2.6999999999999996e-02 -3.9000000000000000e-02 4.0000000000000001e-03  1.7181749287611498e-03
-2.6999999999999996e-02 -3.5999999999999997e-02 4.0000000000000001e-03  1.6301240712100200e-03
-2.6999999999999996e-02 -3.3000000000000002e-02 4.0000000000000001e-03  1.5815638794377522e-03
-2.6999999999999996e-02 -2.9999999999999999e-02 4.0000000000000001e-03  1.5440476259336803e-03
-2.6999999999999996e-02 -2.6999999999999996e-02 4.0000000000000001e-03  1.5174132107420950e-03
-2.6999999999999996e-02 -2.3999999999999997e-02 4.0000000000000001e-03  1.5015874284452428e-03
-2.6999999999999996e-02 -2.0999999999999998e-02 4.0000000000000001e-03  1.4943672312837880e-03
-2.6999999999999996e-02 -1.7999999999999999e-02 4.0000000000000001e-03  1.4718909138104642e-03
-2.6999999999999996e-02 -1.4999999999999999e-02 4.0000000000000001e-03  1.4333257469911188e-03
-2.6999999999999996e-02 -1.1999999999999997e-02 4.0000000000000001e-03  1.4255450112148570e-03
-2.6999999999999996e-02 -8.9999999999999941e-03 4.0000000000000001e-03  1.4270147152192724e-03
-2.6999999999999996e-02 -5.9999999999999984e-03 4.0000000000000001e-03  1.4066087254694330e-03
-2.6999999999999996e-02 -2.9999999999999957e-03 4.0000000000000001e-03  1.4105597368808201e-03
-2.6999999999999996e-02 0.0000000000000000e+00 4.0000000000000001e-03  1.4153386566190440e-03
-2.6999999999999996e-02 3.0000000000000027e-03 4.0000000000000001e-03  1.4209268240657838e-03
-2.6999999999999996e-02 6.0000000000000053e-03 4.0000000000000001e-03  1.4273070300930342e-03
-2.6999999999999996e-02 9.0000000000000011e-03 4.0000000000000001e-03  1.4344635170631160e-03
-2.6999999999999996e-02 1.2000000000000004e-02 4.0000000000000001e-03  1.4419424155310084e-03
-2.6999999999999996e-02 1.4999999999999999e-02 4.0000000000000001e-03  1.4500696558511982e-03
-2.6999999999999996e-02 1.8000000000000002e-02 4.0000000000000001e-03  1.4590737775216835e-03
-2.6999999999999996e-02 2.1000000000000005e-02 4.0000000000000001e-03  1.4734362999577898e-03
-2.6999999999999996e-02 2.4000000000000007e-02 4.0000000000000001e-03  1.4966943483895822e-03
-2.6999999999999996e-02 2.7000000000000010e-02 4.0000000000000001e-03  1.5243995915071602e-03
-2.6999999999999996e-02 2.9999999999999999e-02 4.0000000000000001e-03  1.5635997450696914e-03
-2.6999999999999996e-02 3.3000000000000002e-02 4.0000000000000001e-03  1.6213735321412043e-03
-2.6999999999999996e-02 3.6000000000000004e-02 4.0000000000000001e-03  1.6833014845643742e-03
-2.6999999999999996e-02 3.9000000000000007e-02 4.0000000000000001e-03  1.7370554414910025e-03
-2.6999999999999996e-02 4.2000000000000010e-02 4.0000000000000001e-03  1.7902298957869201e-03
-2.6999999999999996e-02 4.4999999999999998e-02 4.0000000000000001e-03  1.8747556746820943e-03
-2.3999999999999997e-02 -4.4999999999999998e-02 4.0000000000000001e-03  2.0216710807813084e-03
-2.3999999999999997e-02 -4.1999999999999996e-02 4.0000000000000001e-03  1.8156679909620574e-03
-2.3999999999999997e-02 -3.9000000000000000e-02 4.0000000000000001e-03  1.7040742649207634e-03
-2.3999999999999997e-02 -3.5999999999999997e-02 4.0000000000000001e-03  1.6331867649270839e-03
-2.3999999999999997e-02 -3.3000000000000002e-02 4.0000000000000001e-03  1.5740241518613016e-03
-2.3999999999999997e-02 -2.9999999999999999e-02 4.0000000000000001e-03  1.5262298267118357e-03
-2.3999999999999997e-02 -2.6999999999999996e-02 4.0000000000000001e-03  1.4895360850050339e-03
-2.3999999999999997e-02 -2.3999999999999997e-02 4.0000000000000001e-03  1.4637641168051766e-03
-2.3999999999999997e-02 -2.0999999999999998e-02 4.0000000000000001e-03  1.4488240067144834e-03
-2.3999999999999997e-02 -1.7999999999999999e-02 4.0000000000000001e-03  1.4333680165331398e-03
-2.3999999999999997e-02 -1.4999999999999999e-02 4.0000000000000001e-03  1.3972296910428701e-03
-2.3999999999999997e-02 -1.1999999999999997e-02 4.0000000000000001e-03  1.3901803984398306e-03
-2.3999999999999997e-02 -8.9999999999999941e-03 4.0000000000000001e-03  1.3885245331597873e-03
-2.3999999999999997e-02 -5.9999999999999984e-03 4.0000000000000001e-03  1.3733098333318778e-03
-2.3999999999999997e-02 -2.9999999999999957e-03 4.0000000000000001e-03  1.3809200797891877e-03
-2.3999999999999997e-02 0.0000000000000000e+00 4.0000000000000001e-03  1.3893322698421821e-03
-2.3999999999999997e-02 3.0000000000000027e-03 4.0000000000000001e-03  1.3985297348278361e-03
-2.3999999999999997e-02 6.0000000000000053e-03 4.0000000000000001e-03  1.4059509453443503e-03
-2.3999999999999997e-02 9.0000000000000011e-03 4.0000000000000001e-03  1.4131764378510991e-03
-2.3999999999999997e-02 1.2000000000000004e-02 4.0000000000000001e-03  1.4212703331244875e-03
-2.3999999999999997e-02 1.4999999999999999e-02 4.0000000000000001e-03  1.4300410637102686e-03
-2.3999999999999997e-02 1.8000000000000002e-02 4.0000000000000001e-03  1.4389910769436380e-03
-2.3999999999999997e-02 2.1000000000000005e-02 4.0000000000000001e-03  1.4520658740919455e-03
-2.3999999999999997e-02 2.4000000000000007e-02 4.0000000000000001e-03  1.4775704313423020e-03
-2.3999999999999997e-02 2.7000000000000010e-02 4.0000000000000001e-03  1.5074876109214081e-03
-2.3999999999999997e-02 2.9999999999999999e-02 4.0000000000000001e-03  1.5449439759515869e-03
-2.3999999999999997e-02 3.3000000000000002e-02 4.0000000000000001e-03  1.6035021703911033e-03
-2.3999999999999997e-02 3.6000000000000004e-02 4.0000000000000001e-03  1.6606606638574716e-03
-2.3999999999999997e-02 3.9000000000000007e-02 4.0000000000000001e-03  1.7104192852474601e-03
-2.3999999999999997e-02 4.2000000000000010e-02 4.0000000000000001e-03  1.7618581377895285e-03
-2.3999999999999997e-02 4.4999999999999998e-02 4.0000000000000001e-03  1.8511671391703006e-03
-2.0999999999999998e-02 -4.4999999999999998e-02 4.0000000000000001e-03  1.9477295191352583e-03
-2.0999999999999998e-02 -4.1999999999999996e-02 4.0000000000000001e-03  1.8171231655133579e-03
-2.0999999999999998e-02 -3.9000000000000000e-02 4.0000000000000001e-03  1.7220230796306201e-03
-2.0999999999999998e-02 -3.5999999999999997e-02 4.0000000000000001e-03  1.6396989103109885e-03
-2.0999999999999998e-02 -3.3000000000000002e-02 4.0000000000000001e-03  1.5695995594869937e-03
-2.0999999999999998e-02 -2.9999999999999999e-02 4.0000000000000001e-03  1.5112628236290985e-03
-2.0999999999999998e-02 -2.6999999999999996e-02 4.0000000000000001e-03  1.4643153937456998e-03
-2.0999999999999998e-02 -2.3999999999999997e-02 4.0000000000000001e-03  1.4284728553831277e-03
-2.0999999999999998e-02 -2.0999999999999998e-02 4.0000000000000001e-03  1.4035396886256479e-03
-2.0999999999999998e-02 -1.7999999999999999e-02 4.0000000000000001e-03  1.3894092680954593e-03
-2.0999999999999998e-02 -1.4999999999999999e-02 4.0000000000000001e-03  1.3635575762999228e-03
-2.0999999999999998e-02 -1.1999999999999997e-02 4.0000000000000001e-03  1.3619982030225676e-03
-2.0999999999999998e-02 -8.9999999999999941e-03 4.0000000000000001e-03  1.3546662218752164e-03
-2.0999999999999998e-02 -5.9999999999999984e-03 4.0000000000000001e-03  1.3522820802694669e-03
-2.0999999999999998e-02 -2.9999999999999957e-03 4.0000000000000001e-03  1.3634925530505214e-03
-2.0999999999999998e-02 0.0000000000000000e+00 4.0000000000000001e-03  1.3707012275017241e-03
-2.0999999999999998e-02 3.0000000000000027e-03 4.0000000000000001e-03  1.3770317965629132e-03
-2.0999999999999998e-02 6.0000000000000053e-03 4.0000000000000001e-03  1.3842245481978438e-03
-2.0999999999999998e-02 9.0000000000000011e-03 4.0000000000000001e-03  1.3921315185111813e-03
-2.0999999999999998e-02 1.2000000000000004e-02 4.0000000000000001e-03  1.4005093487782709e-03
-2.0999999999999998e-02 1.4999999999999999e-02 4.0000000000000001e-03  1.4100287692302973e-03
-2.0999999999999998e-02 1.8000000000000002e-02 4.0000000000000001e-03  1.4206904955960508e-03
-2.0999999999999998e-02 2.1000000000000005e-02 4.0000000000000001e-03  1.4334640734394496e-03
-2.0999999999999998e-02 2.4000000000000007e-02 4.0000000000000001e-03  1.4612536919715350e-03
-2.0999999999999998e-02 2.7000000000000010e-02 4.0000000000000001e-03  1.4934256971146974e-03
-2.0999999999999998e-02 2.9999999999999999e-02 4.0000000000000001e-03  1.5298398179512803e-03
-2.0999999999999998e-02 3.3000000000000002e-02 4.0000000000000001e-03  1.5890152409542750e-03
-2.0999999999999998e-02 3.6000000000000004e-02 4.0000000000000001e-03  1.6371514882015210e-03
-2.0999999999999998e-02 3.9000000000000007e-02 4.0000000000000001e-03  1.6850789143533136e-03
-2.0999999999999998e-02 4.2000000000000010e-02 4.0000000000000001e-03  1.7347393229352472e-03
-2.0999999999999998e-02 4.4999999999999998e-02 4.0000000000000001e-03  1.8478355663730287e-03
-1.7999999999999999e-02 -4.4999999999999998e-02 4.0000000000000001e-03  1.9669559747054499e-03
-1.7999999999999999e-02 -4.1999999999999996e-02 4.0000000000000001e-03  1.8013374095011997e-03
-1.7999999999999999e-02 -3.9000000000000000e-02 4.0000000000000001e-03  1.7081795608440340e-03
-1.7999999999999999e-02 -3.5999999999999997e-02 4.0000000000000001e-03  1.6264089088192566e-03
-1.7999999999999999e-02 -3.3000000000000002e-02 4.0000000000000001e-03  1.5555566745588862e-03
-1.7999999999999999e-02 -2.9999999999999999e-02 4.0000000000000001e-03  1.4952208103068761e-03
-1.7999999999999999e-02 -2.6999999999999996e-02 4.0000000000000001e-03  1.4450659994191001e-03
-1.7999999999999999e-02 -2.3999999999999997e-02 4.0000000000000001e-03  1.4048236563633473e-03
-1.7999999999999999e-02 -2.0999999999999998e-02 4.0000000000000001e-03  1.3742919267193401e-03
-1.7999999999999999e-02 -1.7999999999999999e-02 4.0000000000000001e-03  1.3533356871787206e-03
-1.7999999999999999e-02 -1.4999999999999999e-02 4.0000000000000001e-03  1.3409524103695997e-03
-1.7999999999999999e-02 -1.1999999999999997e-02 4.0000000000000001e-03  1.3413039732881834e-03
-1.7999999999999999e-02 -8.9999999999999941e-03 4.0000000000000001e-03  1.3293584865715186e-03
-1.7999999999999999e-02 -5.9999999999999984e-03 4.0000000000000001e-03  1.3361967019040180e-03
-1.7999999999999999e-02 -2.9999999999999957e-03 4.0000000000000001e-03  1.3416351451300173e-03
-1.7999999999999999e-02 0.0000000000000000e+00 4.0000000000000001e-03  1.3479318091276120e-03
-1.7999999999999999e-02 3.0000000000000027e-03 4.0000000000000001e-03  1.3549981963449709e-03
-1.7999999999999999e-02 6.0000000000000053e-03 4.0000000000000001e-03  1.3628066974257602e-03
-1.7999999999999999e-02 9.0000000000000011e-03 4.0000000000000001e-03  1.3717564035110803e-03
-1.7999999999999999e-02 1.2000000000000004e-02 4.0000000000000001e-03  1.3818471275497592e-03
-1.7999999999999999e-02 1.4999999999999999e-02 4.0000000000000001e-03  1.3930791692772682e-03
-1.7999999999999999e-02 1.8000000000000002e-02 4.0000000000000001e-03  1.4054533152157271e-03
-1.7999999999999999e-02 2.1000000000000005e-02 4.0000000000000001e-03  1.4189708386739030e-03
-1.7999999999999999e-02 2.4000000000000007e-02 4.0000000000000001e-03  1.4477300629843499e-03
-1.7999999999999999e-02 2.7000000000000010e-02 4.0000000000000001e-03  1.4821969017948572e-03
-1.7999999999999999e-02 2.9999999999999999e-02 4.0000000000000001e-03  1.5208884564046536e-03
-1.7999999999999999e-02 3.3000000000000002e-02 4.0000000000000001e-03  1.5704371072145827e-03
-1.7999999999999999e-02 3.6000000000000004e-02 4.0000000000000001e-03  1.6149045568045841e-03
-1.7999999999999999e-02 3.9000000000000007e-02 4.0000000000000001e-03  1.6609567085981447e-03
-1.7999999999999999e-02 4.2000000000000010e-02 4.0000000000000001e-03  1.7300538247995829e-03
-1.7999999999999999e-02 4.4999999999999998e-02 4.0000000000000001e-03  1.8485372733756558e-03
-1.4999999999999999e-02 -4.4999999999999998e-02 4.0000000000000001e-03  1.9980191536310538e-03
-1.4999999999999999e-02 -4.1999999999999996e-02 4.0000000000000001e-03  1.7724291067380035e-03
-1.4999999999999999e-02 -3.9000000000000000e-02 4.0000000000000001e-03  1.6860626317873892e-03
-1.4999999999999999e-02 -3.5999999999999997e-02 4.0000000000000001e-03  1.6067421880912095e-03
-1.4999999999999999e-02 -3.3000000000000002e-02 4.0000000000000001e-03  1.5382472750476988e-03
-1.4999999999999999e-02 -2.9999999999999999e-02 4.0000000000000001e-03  1.4801850725122611e-03
-1.4999999999999999e-02 -2.6999999999999996e-02 4.0000000000000001e-03  1.4322294914522131e-03
-1.4999999999999999e-02 -2.3999999999999997e-02 4.0000000000000001e-03  1.3941211739467970e-03
-1.4999999999999999e-02 -2.0999999999999998e-02 4.0000000000000001e-03  1.3656674931871802e-03
-1.4999999999999999e-02 -1.7999999999999999e-02 4.0000000000000001e-03  1.3467425534764539e-03
-1.4999999999999999e-02 -1.4999999999999999e-02 4.0000000000000001e-03  1.3327362331353812e-03
-1.4999999999999999e-02 -1.1999999999999997e-02 4.0000000000000001e-03  1.3279329842862543e-03
-1.4999999999999999e-02 -8.9999999999999941e-03 4.0000000000000001e-03  1.3184823405040149e-03
-1.4999999999999999e-02 -5.9999999999999984e-03 4.0000000000000001e-03  1.3181990322074072e-03
-1.4999999999999999e-02 -2.9999999999999957e-03 4.0000000000000001e-03  1.3192980717002109e-03
-1.4999999999999999e-02 0.0000000000000000e+00 4.0000000000000001e-03  1.3258785941496010e-03
-1.4999999999999999e-02 3.0000000000000027e-03 4.0000000000000001e-03  1.3342599913566630e-03
-1.4999999999999999e-02 6.0000000000000053e-03 4.0000000000000001e-03  1.3437827532764392e-03
-1.4999999999999999e-02 9.0000000000000011e-03 4.0000000000000001e-03  1.3544462768644355e-03
-1.4999999999999999e-02 1.2000000000000004e-02 4.0000000000000001e-03  1.3662504458628062e-03
-1.4999999999999999e-02 1.4999999999999999e-02 4.0000000000000001e-03  1.3791956308003572e-03
-1.4999999999999999e-02 1.8000000000000002e-02 4.0000000000000001e-03  1.3932826889925345e-03
-1.4999999999999999e-02 2.1000000000000005e-02 4.0000000000000001e-03  1.4085129645414372e-03
-1.4999999999999999e-02 2.4000000000000007e-02 4.0000000000000001e-03  1.4369873546034558e-03
-1.4999999999999999e-02 2.7000000000000010e-02 4.0000000000000001e-03  1.4737861541853519e-03
-1.4999999999999999e-02 2.9999999999999999e-02 4.0000000000000001e-03  1.5140323519036501e-03
-1.4999999999999999e-02 3.3000000000000002e-02 4.0000000000000001e-03  1.5513487704286125e-03
-1.4999999999999999e-02 3.6000000000000004e-02 4.0000000000000001e-03  1.5938468289420544e-03
-1.4999999999999999e-02 3.9000000000000007e-02 4.0000000000000001e-03  1.6379788992805114e-03
-1.4999999999999999e-02 4.2000000000000010e-02 4.0000000000000001e-03  1.7282077405107084e-03
-1.4999999999999999e-02 4.4999999999999998e-02 4.0000000000000001e-03  1.8433036764696768e-03
-1.1999999999999997e-02 -4.4999999999999998e-02 4.0000000000000001e-03  2.0070104552497164e-03
-1.1999999999999997e-02 -4.1999999999999996e-02 4.0000000000000001e-03  1.7448401554587033e-03
-1.1999999999999997e-02 -3.9000000000000000e-02 4.0000000000000001e-03  1.6633865185973137e-03
-1.1999999999999997e-02 -3.5999999999999997e-02 4.0000000000000001e-03  1.5910845749316971e-03
-1.1999999999999997e-02 -3.3000000000000002e-02 4.0000000000000001e-03  1.5249746563492353e-03
-1.1999999999999997e-02 -2.9999999999999999e-02 4.0000000000000001e-03  1.4691373651190163e-03
-1.1999999999999997e-02 -2.6999999999999996e-02 4.0000000000000001e-03  1.4233415500613667e-03
-1.1999999999999997e-02 -2.3999999999999997e-02 4.0000000000000001e-03  1.3873370808669806e-03
-1.1999999999999997e-02 -2.0999999999999998e-02 4.0000000000000001e-03  1.3609405583384700e-03
-1.1999999999999997e-02 -1.7999999999999999e-02 4.0000000000000001e-03  1.3431597963525653e-03
-1.1999999999999997e-02 -1.4999999999999999e-02 4.0000000000000001e-03  1.3263343981716573e-03
-1.1999999999999997e-02 -1.1999999999999997e-02 4.0000000000000001e-03  1.3139744811136306e-03
-1.1999999999999997e-02 -8.9999999999999941e-03 4.0000000000000001e-03  1.3094842461764244e-03
-1.1999999999999997e-02 -5.9999999999999984e-03 4.0000000000000001e-03  1.3094232304417409e-03
-1.1999999999999997e-02 -2.9999999999999957e-03 4.0000000000000001e-03  1.3112503409408653e-03
-1.1999999999999997e-02 0.0000000000000000e+00 4.0000000000000001e-03  1.3150209111081174e-03
-1.1999999999999997e-02 3.0000000000000027e-03 4.0000000000000001e-03  1.3207282464481906e-03
-1.1999999999999997e-02 6.0000000000000053e-03 4.0000000000000001e-03  1.3283661795805660e-03
-1.1999999999999997e-02 9.0000000000000011e-03 4.0000000000000001e-03  1.3402059457139695e-03
-1.1999999999999997e-02 1.2000000000000004e-02 4.0000000000000001e-03  1.3537238971008342e-03
-1.1999999999999997e-02 1.4999999999999999e-02 4.0000000000000001e-03  1.3683825334236794e-03
-1.1999999999999997e-02 1.8000000000000002e-02 4.0000000000000001e-03  1.3841827827912856e-03
-1.1999999999999997e-02 2.1000000000000005e-02 4.0000000000000001e-03  1.4011260600990799e-03
-1.1999999999999997e-02 2.4000000000000007e-02 4.0000000000000001e-03  1.4290152545672016e-03
-1.1999999999999997e-02 2.7000000000000010e-02 4.0000000000000001e-03  1.4681802610252742e-03
-1.1999999999999997e-02 2.9999999999999999e-02 4.0000000000000001e-03  1.4983363461181245e-03
-1.1999999999999997e-02 3.3000000000000002e-02 4.0000000000000001e-03  1.5334264919720337e-03
-1.1999999999999997e-02 3.6000000000000004e-02 4.0000000000000001e-03  1.5739091153982967e-03
-1.1999999999999997e-02 3.9000000000000007e-02 4.0000000000000001e-03  1.6301530319017914e-03
-1.1999999999999997e-02 4.2000000000000010e-02 4.0000000000000001e-03  1.7203641350256166e-03
-1.1999999999999997e-02 4.4999999999999998e-02 4.0000000000000001e-03  1.8322433113645625e-03
-8.9999999999999941e-03 -4.4999999999999998e-02 4.0000000000000001e-03  1.9939554895833517e-03
-8.9999999999999941e-03 -4.1999999999999996e-02 4.0000000000000001e-03  1.7189208966481484e-03
-8.9999999999999941e-03 -3.9000000000000000e-02 4.0000000000000001e-03  1.6421548727003656e-03
-8.9999999999999941e-03 -3.5999999999999997e-02 4.0000000000000001e-03  1.5744902811303918e-03
-8.9999999999999941e-03 -3.3000000000000002e-02 4.0000000000000001e-03  1.5153775733974925e-03
-8.9999999999999941e-03 -2.9999999999999999e-02 4.0000000000000001e-03  1.4620697419367404e-03
-8.9999999999999941e-03 -2.6999999999999996e-02 4.0000000000000001e-03  1.4184000073726912e-03
-8.9999999999999941e-03 -2.3999999999999997e-02 4.0000000000000001e-03  1.3844749875665586e-03
-8.9999999999999941e-03 -2.0999999999999998e-02 4.0000000000000001e-03  1.3601205109324002e-03
-8.9999999999999941e-03 -1.7999999999999999e-02 4.0000000000000001e-03  1.3405446576404412e-03
-8.9999999999999941e-03 -1.4999999999999999e-02 4.0000000000000001e-03  1.3217377193271158e-03
-8.9999999999999941e-03 -1.1999999999999997e-02 4.0000000000000001e-03  1.3048295387957545e-03
-8.9999999999999941e-03 -8.9999999999999941e-03 4.0000000000000001e-03  1.3009243104971069e-03
-8.9999999999999941e-03 -5.9999999999999984e-03 4.0000000000000001e-03  1.3016305752439441e-03
-8.9999999999999941e-03 -2.9999999999999957e-03 4.0000000000000001e-03  1.3042925149945202e-03
-8.9999999999999941e-03 0.0000000000000000e+00 4.0000000000000001e-03  1.3089030703386476e-03
-8.9999999999999941e-03 3.0000000000000027e-03 4.0000000000000001e-03  1.3154557089809470e-03
-8.9999999999999941e-03 6.0000000000000053e-03 4.0000000000000001e-03  1.3239444257408402e-03
-8.9999999999999941e-03 9.0000000000000011e-03 4.0000000000000001e-03  1.3343637425525434e-03
-8.9999999999999941e-03 1.2000000000000004e-02 4.0000000000000001e-03  1.3467087084650740e-03
-8.9999999999999941e-03 1.4999999999999999e-02 4.0000000000000001e-03  1.3609748996422436e-03
-8.9999999999999941e-03 1.8000000000000002e-02 4.0000000000000001e-03  1.3781587751517277e-03
-8.9999999999999941e-03 2.1000000000000005e-02 4.0000000000000001e-03  1.3968150901272683e-03
-8.9999999999999941e-03 2.4000000000000007e-02 4.0000000000000001e-03  1.4238053281295782e-03
-8.9999999999999941e-03 2.7000000000000010e-02 4.0000000000000001e-03  1.4562257086856744e-03
-8.9999999999999941e-03 2.9999999999999999e-02 4.0000000000000001e-03  1.4853915083411168e-03
-8.9999999999999941e-03 3.3000000000000002e-02 4.0000000000000001e-03  1.5166056621150233e-03
-8.9999999999999941e-03 3.6000000000000004e-02 4.0000000000000001e-03  1.5550260784666563e-03
-8.9999999999999941e-03 3.9000000000000007e-02 4.0000000000000001e-03  1.6197238969450976e-03
-8.9999999999999941e-03 4.2000000000000010e-02 4.0000000000000001e-03  1.7066206251624228e-03
-8.9999999999999941e-03 4.4999999999999998e-02 4.0000000000000001e-03  1.8154870941142684e-03
-5.9999999999999984e-03 -4.4999999999999998e-02 4.0000000000000001e-03  1.9755343085971046e-03
-5.9999999999999984e-03 -4.1999999999999996e-02 4.0000000000000001e-03  1.7348465768703622e-03
-5.9999999999999984e-03 -3.9000000000000000e-02 4.0000000000000001e-03  1.6225092260902618e-03
-5.9999999999999984e-03 -3.5999999999999997e-02 4.0000000000000001e-03  1.5594295451106760e-03
-5.9999999999999984e-03 -3.3000000000000002e-02 4.0000000000000001e-03  1.5048633599750445e-03
-5.9999999999999984e-03 -2.9999999999999999e-02 4.0000000000000001e-03  1.4583624053094140e-03
-5.9999999999999984e-03 -2.6999999999999996e-02 4.0000000000000001e-03  1.4174101308382242e-03
-5.9999999999999984e-03 -2.3999999999999997e-02 4.0000000000000001e-03  1.3855459398140989e-03
-5.9999999999999984e-03 -2.0999999999999998e-02 4.0000000000000001e-03  1.3624212446670171e-03
-5.9999999999999984e-03 -1.7999999999999999e-02 4.0000000000000001e-03  1.3397315306474494e-03
-5.9999999999999984e-03 -1.4999999999999999e-02 4.0000000000000001e-03  1.3189367909320715e-03
-5.9999999999999984e-03 -1.1999999999999997e-02 4.0000000000000001e-03  1.3075842192851106e-03
-5.9999999999999984e-03 -8.9999999999999941e-03 4.0000000000000001e-03  1.3065930762599059e-03
-5.9999999999999984e-03 -5.9999999999999984e-03 4.0000000000000001e-03  1.3035237379701091e-03
-5.9999999999999984e-03 -2.9999999999999957e-03 4.0000000000000001e-03  1.3015800340623650e-03
-5.9999999999999984e-03 0.0000000000000000e+00 4.0000000000000001e-03  1.3038635885632959e-03
-5.9999999999999984e-03 3.0000000000000027e-03 4.0000000000000001e-03  1.3112601863805220e-03
-5.9999999999999984e-03 6.0000000000000053e-03 4.0000000000000001e-03  1.3205981502206108e-03
-5.9999999999999984e-03 9.0000000000000011e-03 4.0000000000000001e-03  1.3318721642177004e-03
-5.9999999999999984e-03 1.2000000000000004e-02 4.0000000000000001e-03  1.3450774396207435e-03
-5.9999999999999984e-03 1.4999999999999999e-02 4.0000000000000001e-03  1.3602097147934818e-03
-5.9999999999999984e-03 1.8000000000000002e-02 4.0000000000000001e-03  1.3772652552144641e-03
-5.9999999999999984e-03 2.1000000000000005e-02 4.0000000000000001e-03  1.3962408534770327e-03
-5.9999999999999984e-03 2.4000000000000007e-02 4.0000000000000001e-03  1.4162244181326752e-03
-5.9999999999999984e-03 2.7000000000000010e-02 4.0000000000000001e-03  1.4435411656476679e-03
-5.9999999999999984e-03 2.9999999999999999e-02 4.0000000000000001e-03  1.4736544204428644e-03
-5.9999999999999984e-03 3.3000000000000002e-02 4.0000000000000001e-03  1.5027328379696452e-03
-5.9999999999999984e-03 3.6000000000000004e-02 4.0000000000000001e-03  1.5415109330173468e-03
-5.9999999999999984e-03 3.9000000000000007e-02 4.0000000000000001e-03  1.6033222924542075e-03
-5.9999999999999984e-03 4.2000000000000010e-02 4.0000000000000001e-03  1.6870972080837068e-03
-5.9999999999999984e-03 4.4999999999999998e-02 4.0000000000000001e-03  1.7931883211172010e-03
-2.9999999999999957e-03 -4.4999999999999998e-02 4.0000000000000001e-03  1.9883294235439396e-03
-2.9999999999999957e-03 -4.1999999999999996e-02 4.0000000000000001e-03  1.7521140249094067e-03
-2.9999999999999957e-03 -3.9000000000000000e-02 4.0000000000000001e-03  1.6374650134604457e-03
-2.9999999999999957e-03 -3.5999999999999997e-02 4.0000000000000001e-03  1.5458987453209987e-03
-2.9999999999999957e-03 -3.3000000000000002e-02 4.0000000000000001e-03  1.4958378600400544e-03
-2.9999999999999957e-03 -2.9999999999999999e-02 4.0000000000000001e-03  1.4538156900608336e-03
-2.9999999999999957e-03 -2.6999999999999996e-02 4.0000000000000001e-03  1.4194852531761611e-03
-2.9999999999999957e-03 -2.3999999999999997e-02 4.0000000000000001e-03  1.3905684187040588e-03
-2.9999999999999957e-03 -2.0999999999999998e-02 4.0000000000000001e-03  1.3654134339426713e-03
-2.9999999999999957e-03 -1.7999999999999999e-02 4.0000000000000001e-03  1.3407117095750752e-03
-2.9999999999999957e-03 -1.4999999999999999e-02 4.0000000000000001e-03  1.3179219877984683e-03
-2.9999999999999957e-03 -1.1999999999999997e-02 4.0000000000000001e-03  1.3121924842707559e-03
-2.9999999999999957e-03 -8.9999999999999941e-03 4.0000000000000001e-03  1.3098131207089749e-03
-2.9999999999999957e-03 -5.9999999999999984e-03 4.0000000000000001e-03  1.3099585412053355e-03
-2.9999999999999957e-03 -2.9999999999999957e-03 4.0000000000000001e-03  1.3088432331331929e-03
-2.9999999999999957e-03 0.0000000000000000e+00 4.0000000000000001e-03  1.3082797762065054e-03
-2.9999999999999957e-03 3.0000000000000027e-03 4.0000000000000001e-03  1.3116982589753278e-03
-2.9999999999999957e-03 6.0000000000000053e-03 4.0000000000000001e-03  1.3190926524365518e-03
-2.9999999999999957e-03 9.0000000000000011e-03 4.0000000000000001e-03  1.3304458066417091e-03
-2.9999999999999957e-03 1.2000000000000004e-02 4.0000000000000001e-03  1.3445084819388017e-03
-2.9999999999999957e-03 1.4999999999999999e-02 4.0000000000000001e-03  1.3605037390906230e-03
-2.9999999999999957e-03 1.8000000000000002e-02 4.0000000000000001e-03  1.3784280057756555e-03
-2.9999999999999957e-03 2.1000000000000005e-02 4.0000000000000001e-03  1.3982782367871656e-03
-2.9999999999999957e-03 2.4000000000000007e-02 4.0000000000000001e-03  1.4148063832227708e-03
-2.9999999999999957e-03 2.7000000000000010e-02 4.0000000000000001e-03  1.4368389964009411e-03
-2.9999999999999957e-03 2.9999999999999999e-02 4.0000000000000001e-03  1.4661141815302584e-03
-2.9999999999999957e-03 3.3000000000000002e-02 4.0000000000000001e-03  1.5017793084689012e-03
-2.9999999999999957e-03 3.6000000000000004e-02 4.0000000000000001e-03  1.5522767194823324e-03
-2.9999999999999957e-03 3.9000000000000007e-02 4.0000000000000001e-03  1.6175279930496929e-03
-2.9999999999999957e-03 4.2000000000000010e-02 4.0000000000000001e-03  1.6982209649312966e-03
-2.9999999999999957e-03 4.4999999999999998e-02 4.0000000000000001e-03  1.7950595980444858e-03
0.0000000000000000e+00 -4.4999999999999998e-02 4.0000000000000001e-03  1.9952371919319985e-03
0.0000000000000000e+00 -4.1999999999999996e-02 4.0000000000000001e-03  1.7504806652009969e-03
0.0000000000000000e+00 -3.9000000000000000e-02 4.0000000000000001e-03  1.6456148632468647e-03
0.0000000000000000e+00 -3.5999999999999997e-02 4.0000000000000001e-03  1.5576030751196974e-03
0.0000000000000000e+00 -3.3000000000000002e-02 4.0000000000000001e-03  1.4883138634033998e-03
0.0000000000000000e+00 -2.9999999999999999e-02 4.0000000000000001e-03  1.4507404741306818e-03
0.0000000000000000e+00 -2.6999999999999996e-02 4.0000000000000001e-03  1.4208441756090779e-03
0.0000000000000000e+00 -2.3999999999999997e-02 4.0000000000000001e-03  1.3953454359100360e-03
0.0000000000000000e+00 -2.0999999999999998e-02 4.0000000000000001e-03  1.3702015008701723e-03
0.0000000000000000e+00 -1.7999999999999999e-02 4.0000000000000001e-03  1.3434762691064293e-03
0.0000000000000000e+00 -1.4999999999999999e-02 4.0000000000000001e-03  1.3252519049494432e-03
0.0000000000000000e+00 -1.1999999999999997e-02 4.0000000000000001e-03  1.3181618625930141e-03
0.0000000000000000e+00 -8.9999999999999941e-03 4.0000000000000001e-03  1.3133265589128583e-03
0.0000000000000000e+00 -5.9999999999999984e-03 4.0000000000000001e-03  1.3132979325790062e-03
0.0000000000000000e+00 -2.9999999999999957e-03 4.0000000000000001e-03  1.3153433847940157e-03
0.0000000000000000e+00 0.0000000000000000e+00 4.0000000000000001e-03  1.3162297813750009e-03
0.0000000000000000e+00 3.0000000000000027e-03 4.0000000000000001e-03  1.3170482883390813e-03
0.0000000000000000e+00 6.0000000000000053e-03 4.0000000000000001e-03  1.3218476037615307e-03
0.0000000000000000e+00 9.0000000000000011e-03 4.0000000000000001e-03  1.3306214478613454e-03
0.0000000000000000e+00 1.2000000000000004e-02 4.0000000000000001e-03  1.3433650806415748e-03
0.0000000000000000e+00 1.4999999999999999e-02 4.0000000000000001e-03  1.3600753018893229e-03
0.0000000000000000e+00 1.8000000000000002e-02 4.0000000000000001e-03  1.3806409961803377e-03
0.0000000000000000e+00 2.1000000000000005e-02 4.0000000000000001e-03  1.3983632457535916e-03
0.0000000000000000e+00 2.4000000000000007e-02 4.0000000000000001e-03  1.4123293777904933e-03
0.0000000000000000e+00 2.7000000000000010e-02 4.0000000000000001e-03  1.4318111168802039e-03
0.0000000000000000e+00 2.9999999999999999e-02 4.0000000000000001e-03  1.4837755825183466e-03
0.0000000000000000e+00 3.3000000000000002e-02 4.0000000000000001e-03  1.5254718005503546e-03
0.0000000000000000e+00 3.6000000000000004e-02 4.0000000000000001e-03  1.5745641592250243e-03
0.0000000000000000e+00 3.9000000000000007e-02 4.0000000000000001e-03  1.6398109473501814e-03
0.0000000000000000e+00 4.2000000000000010e-02 4.0000000000000001e-03  1.7228830279832975e-03
0.0000000000000000e+00 4.4999999999999998e-02 4.0000000000000001e-03  1.8245161572170853e-03
3.0000000000000027e-03 -4.4999999999999998e-02 4.0000000000000001e-03  2.0088798409073996e-03
3.0000000000000027e-03 -4.1999999999999996e-02 4.0000000000000001e-03  1.7356189919566906e-03
3.0000000000000027e-03 -3.9000000000000000e-02 4.0000000000000001e-03  1.6351836526820242e-03
3.0000000000000027e-03 -3.5999999999999997e-02 4.0000000000000001e-03  1.5562824692628389e-03
3.0000000000000027e-03 -3.3000000000000002e-02 4.0000000000000001e-03  1.4945189267525547e-03
3.0000000000000027e-03 -2.9999999999999999e-02 4.0000000000000001e-03  1.4491659586922598e-03
3.0000000000000027e-03 -2.6999999999999996e-02 4.0000000000000001e-03  1.4219964108688307e-03
3.0000000000000027e-03 -2.3999999999999997e-02 4.0000000000000001e-03  1.3924303774387693e-03
3.0000000000000027e-03 -2.0999999999999998e-02 4.0000000000000001e-03  1.3767772200038084e-03
3.0000000000000027e-03 -1.7999999999999999e-02 4.0000000000000001e-03  1.3480160644062653e-03
3.0000000000000027e-03 -1.4999999999999999e-02 4.0000000000000001e-03  1.3349234777555378e-03
3.0000000000000027e-03 -1.1999999999999997e-02 4.0000000000000001e-03  1.3254923598029190e-03
3.0000000000000027e-03 -8.9999999999999941e-03 4.0000000000000001e-03  1.3183182363362233e-03
3.0000000000000027e-03 -5.9999999999999984e-03 4.0000000000000001e-03  1.3162822084959191e-03
3.0000000000000027e-03 -2.9999999999999957e-03 4.0000000000000001e-03  1.3188112253407398e-03
3.0000000000000027e-03 0.0000000000000000e+00 4.0000000000000001e-03  1.3227554943989509e-03
3.0000000000000027e-03 3.0000000000000027e-03 4.0000000000000001e-03  1.3251401822217627e-03
3.0000000000000027e-03 6.0000000000000053e-03 4.0000000000000001e-03  1.3278968750192654e-03
3.0000000000000027e-03 9.0000000000000011e-03 4.0000000000000001e-03  1.3340803286089849e-03
3.0000000000000027e-03 1.2000000000000004e-02 4.0000000000000001e-03  1.3442375799431372e-03
3.0000000000000027e-03 1.4999999999999999e-02 4.0000000000000001e-03  1.3583636382468779e-03
3.0000000000000027e-03 1.8000000000000002e-02 4.0000000000000001e-03  1.3764550525294198e-03
3.0000000000000027e-03 2.1000000000000005e-02 4.0000000000000001e-03  1.3943670477702221e-03
3.0000000000000027e-03 2.4000000000000007e-02 4.0000000000000001e-03  1.4085929942085158e-03
3.0000000000000027e-03 2.7000000000000010e-02 4.0000000000000001e-03  1.4399639145897115e-03
3.0000000000000027e-03 2.9999999999999999e-02 4.0000000000000001e-03  1.4818003774782662e-03
3.0000000000000027e-03 3.3000000000000002e-02 4.0000000000000001e-03  1.5215557225397600e-03
3.0000000000000027e-03 3.6000000000000004e-02 4.0000000000000001e-03  1.5748942504938232e-03
3.0000000000000027e-03 3.9000000000000007e-02 4.0000000000000001e-03  1.6452889644290440e-03
3.0000000000000027e-03 4.2000000000000010e-02 4.0000000000000001e-03  1.7338364967933995e-03
3.0000000000000027e-03 4.4999999999999998e-02 4.0000000000000001e-03  1.8415631779613525e-03
6.0000000000000053e-03 -4.4999999999999998e-02 4.0000000000000001e-03  2.0029224742093453e-03
6.0000000000000053e-03 -4.1999999999999996e-02 4.0000000000000001e-03  1.7531493761925106e-03
6.0000000000000053e-03 -3.9000000000000000e-02 4.0000000000000001e-03  1.6495663223940430e-03
6.0000000000000053e-03 -3.5999999999999997e-02 4.0000000000000001e-03  1.5656029644197929e-03
6.0000000000000053e-03 -3.3000000000000002e-02 4.0000000000000001e-03  1.5007098606713756e-03
6.0000000000000053e-03 -2.9999999999999999e-02 4.0000000000000001e-03  1.4544970098690536e-03
6.0000000000000053e-03 -2.6999999999999996e-02 4.0000000000000001e-03  1.4232322813571014e-03
6.0000000000000053e-03 -2.3999999999999997e-02 4.0000000000000001e-03  1.3932751676539762e-03
6.0000000000000053e-03 -2.0999999999999998e-02 4.0000000000000001e-03  1.3828135845324241e-03
6.0000000000000053e-03 -1.7999999999999999e-02 4.0000000000000001e-03  1.3600087254202970e-03
6.0000000000000053e-03 -1.4999999999999999e-02 4.0000000000000001e-03  1.3459599637789480e-03
6.0000000000000053e-03 -1.1999999999999997e-02 4.0000000000000001e-03  1.3341840470614257e-03
6.0000000000000053e-03 -8.9999999999999941e-03 4.0000000000000001e-03  1.3246712501874549e-03
6.0000000000000053e-03 -5.9999999999999984e-03 4.0000000000000001e-03  1.3189129858247127e-03
6.0000000000000053e-03 -2.9999999999999957e-03 4.0000000000000001e-03  1.3219202728658229e-03
6.0000000000000053e-03 0.0000000000000000e+00 4.0000000000000001e-03  1.3263604669769362e-03
6.0000000000000053e-03 3.0000000000000027e-03 4.0000000000000001e-03  1.3304737688189991e-03
6.0000000000000053e-03 6.0000000000000053e-03 4.0000000000000001e-03  1.3334806256669379e-03
6.0000000000000053e-03 9.0000000000000011e-03 4.0000000000000001e-03  1.3393960810189137e-03
6.0000000000000053e-03 1.2000000000000004e-02 4.0000000000000001e-03  1.3482186918949200e-03
6.0000000000000053e-03 1.4999999999999999e-02 4.0000000000000001e-03  1.3599584786505607e-03
6.0000000000000053e-03 1.8000000000000002e-02 4.0000000000000001e-03  1.3754725076774897e-03
6.0000000000000053e-03 2.1000000000000005e-02 4.0000000000000001e-03  1.3931510515781543e-03
6.0000000000000053e-03 2.4000000000000007e-02 4.0000000000000001e-03  1.4157105192200321e-03
6.0000000000000053e-03 2.7000000000000010e-02 4.0000000000000001e-03  1.4502572366193579e-03
6.0000000000000053e-03 2.9999999999999999e-02 4.0000000000000001e-03  1.4839900214192845e-03
6.0000000000000053e-03 3.3000000000000002e-02 4.0000000000000001e-03  1.5129927413598608e-03
6.0000000000000053e-03 3.6000000000000004e-02 4.0000000000000001e-03  1.5710680756146891e-03
6.0000000000000053e-03 3.9000000000000007e-02 4.0000000000000001e-03  1.6466319538842155e-03
6.0000000000000053e-03 4.2000000000000010e-02 4.0000000000000001e-03  1.7407394883746656e-03
6.0000000000000053e-03 4.4999999999999998e-02 4.0000000000000001e-03  1.8544379370624695e-03
9.0000000000000011e-03 -4.4999999999999998e-02 4.0000000000000001e-03  2.0105159395537200e-03
9.0000000000000011e-03 -4.1999999999999996e-02 4.0000000000000001e-03  1.7730157423293961e-03
9.0000000000000011e-03 -3.9000000000000000e-02 4.0000000000000001e-03  1.6662760444063520e-03
9.0000000000000011e-03 -3.5999999999999997e-02 4.0000000000000001e-03  1.5792414479059893e-03
9.0000000000000011e-03 -3.3000000000000002e-02 4.0000000000000001e-03  1.5113201606539299e-03
9.0000000000000011e-03 -2.9999999999999999e-02 4.0000000000000001e-03  1.4620798307944333e-03
9.0000000000000011e-03 -2.6999999999999996e-02 4.0000000000000001e-03  1.4312475467904210e-03
9.0000000000000011e-03 -2.3999999999999997e-02 4.0000000000000001e-03  1.4046644610767433e-03
9.0000000000000011e-03 -2.0999999999999998e-02 4.0000000000000001e-03  1.3914493515873336e-03
9.0000000000000011e-03 -1.7999999999999999e-02 4.0000000000000001e-03  1.3747742927915890e-03
9.0000000000000011e-03 -1.4999999999999999e-02 4.0000000000000001e-03  1.3583619393963120e-03
9.0000000000000011e-03 -1.1999999999999997e-02 4.0000000000000001e-03  1.3442370611394157e-03
9.0000000000000011e-03 -8.9999999999999941e-03 4.0000000000000001e-03  1.3323852976316764e-03
9.0000000000000011e-03 -5.9999999999999984e-03 4.0000000000000001e-03  1.3227981399939980e-03
9.0000000000000011e-03 -2.9999999999999957e-03 4.0000000000000001e-03  1.3246726537710801e-03
9.0000000000000011e-03 0.0000000000000000e+00 4.0000000000000001e-03  1.3296033647800089e-03
9.0000000000000011e-03 3.0000000000000027e-03 4.0000000000000001e-03  1.3358957144300649e-03
9.0000000000000011e-03 6.0000000000000053e-03 4.0000000000000001e-03  1.3384676759418768e-03
9.0000000000000011e-03 9.0000000000000011e-03 4.0000000000000001e-03  1.3439483772055409e-03
9.0000000000000011e-03 1.2000000000000004e-02 4.0000000000000001e-03  1.3523366571268620e-03
9.0000000000000011e-03 1.4999999999999999e-02 4.0000000000000001e-03  1.3636315200804060e-03
9.0000000000000011e-03 1.8000000000000002e-02 4.0000000000000001e-03  1.3778321359094888e-03
9.0000000000000011e-03 2.1000000000000005e-02 4.0000000000000001e-03  1.3959504986912085e-03
9.0000000000000011e-03 2.4000000000000007e-02 4.0000000000000001e-03  1.4253897436255910e-03
9.0000000000000011e-03 2.7000000000000010e-02 4.0000000000000001e-03  1.4569703610627018e-03
9.0000000000000011e-03 2.9999999999999999e-02 4.0000000000000001e-03  1.4907100217283417e-03
9.0000000000000011e-03 3.3000000000000002e-02 4.0000000000000001e-03  1.5203291568321327e-03
9.0000000000000011e-03 3.6000000000000004e-02 4.0000000000000001e-03  1.5668205492284555e-03
9.0000000000000011e-03 3.9000000000000007e-02 4.0000000000000001e-03  1.6443229835364601e-03
9.0000000000000011e-03 4.2000000000000010e-02 4.0000000000000001e-03  1.7437083178064848e-03
9.0000000000000011e-03 4.4999999999999998e-02 4.0000000000000001e-03  1.8631281382482552e-03
1.2000000000000004e-02 -4.4999999999999998e-02 4.0000000000000001e-03  2.0136173123141152e-03
1.2000000000000004e-02 -4.1999999999999996e-02 4.0000000000000001e-03  1.7397727562917516e-03
1.2000000000000004e-02 -3.9000000000000000e-02 4.0000000000000001e-03  1.6362024372421331e-03
1.2000000000000004e-02 -3.5999999999999997e-02 4.0000000000000001e-03  1.5672062704555592e-03
1.2000000000000004e-02 -3.3000000000000002e-02 4.0000000000000001e-03  1.5126622690795797e-03
1.2000000000000004e-02 -2.9999999999999999e-02 4.0000000000000001e-03  1.4723261801309249e-03
1.2000000000000004e-02 -2.6999999999999996e-02 4.0000000000000001e-03  1.4443134696894755e-03
1.2000000000000004e-02 -2.3999999999999997e-02 4.0000000000000001e-03  1.4239892389978565e-03
1.2000000000000004e-02 -2.0999999999999998e-02 4.0000000000000001e-03  1.4062099953958903e-03
1.2000000000000004e-02 -1.7999999999999999e-02 4.0000000000000001e-03  1.3865109056724655e-03
1.2000000000000004e-02 -1.4999999999999999e-02 4.0000000000000001e-03  1.3708066128015556e-03
1.2000000000000004e-02 -1.1999999999999997e-02 4.0000000000000001e-03  1.3556516044177000e-03
1.2000000000000004e-02 -8.9999999999999941e-03 4.0000000000000001e-03  1.3414601414439480e-03
1.2000000000000004e-02 -5.9999999999999984e-03 4.0000000000000001e-03  1.3295425134848837e-03
1.2000000000000004e-02 -2.9999999999999957e-03 4.0000000000000001e-03  1.3270752711105429e-03
1.2000000000000004e-02 0.0000000000000000e+00 4.0000000000000001e-03  1.3324868237431660e-03
1.2000000000000004e-02 3.0000000000000027e-03 4.0000000000000001e-03  1.3393420414857715e-03
1.2000000000000004e-02 6.0000000000000053e-03 4.0000000000000001e-03  1.3435431526184162e-03
1.2000000000000004e-02 9.0000000000000011e-03 4.0000000000000001e-03  1.3485911266821738e-03
1.2000000000000004e-02 1.2000000000000004e-02 4.0000000000000001e-03  1.3565473557131376e-03
1.2000000000000004e-02 1.4999999999999999e-02 4.0000000000000001e-03  1.3674111259716823e-03
1.2000000000000004e-02 1.8000000000000002e-02 4.0000000000000001e-03  1.3826102619539310e-03
1.2000000000000004e-02 2.1000000000000005e-02 4.0000000000000001e-03  1.4066147664794594e-03
1.2000000000000004e-02 2.4000000000000007e-02 4.0000000000000001e-03  1.4353931777974778e-03
1.2000000000000004e-02 2.7000000000000010e-02 4.0000000000000001e-03  1.4669778910299160e-03
1.2000000000000004e-02 2.9999999999999999e-02 4.0000000000000001e-03  1.5007261230030411e-03
1.2000000000000004e-02 3.3000000000000002e-02 4.0000000000000001e-03  1.5319012651089918e-03
1.2000000000000004e-02 3.6000000000000004e-02 4.0000000000000001e-03  1.5758566346464522e-03
1.2000000000000004e-02 3.9000000000000007e-02 4.0000000000000001e-03  1.6444207629396209e-03
1.2000000000000004e-02 4.2000000000000010e-02 4.0000000000000001e-03  1.7428203371728905e-03
1.2000000000000004e-02 4.4999999999999998e-02 4.0000000000000001e-03  1.8676701082994205e-03
1.4999999999999999e-02 -4.4999999999999998e-02 4.0000000000000001e-03  2.0318534555947127e-03
1.4999999999999999e-02 -4.1999999999999996e-02 4.0000000000000001e-03  1.7987077843480055e-03
1.4999999999999999e-02 -3.9000000000000000e-02 4.0000000000000001e-03  1.6363107776415202e-03
1.4999999999999999e-02 -3.5999999999999997e-02 4.0000000000000001e-03  1.5733688471883281e-03
1.4999999999999999e-02 -3.3000000000000002e-02 4.0000000000000001e-03  1.5340146874552774e-03
1.4999999999999999e-02 -2.9999999999999999e-02 4.0000000000000001e-03  1.4995249045992450e-03
1.4999999999999999e-02 -2.6999999999999996e-02 4.0000000000000001e-03  1.4598847653893383e-03
1.4999999999999999e-02 -2.3999999999999997e-02 4.0000000000000001e-03  1.4407303921594287e-03
1.4999999999999999e-02 -2.0999999999999998e-02 4.0000000000000001e-03  1.4205822371130764e-03
1.4999999999999999e-02 -1.7999999999999999e-02 4.0000000000000001e-03  1.3977269440536336e-03
1.4999999999999999e-02 -1.4999999999999999e-02 4.0000000000000001e-03  1.3790591556267636e-03
1.4999999999999999e-02 -1.1999999999999997e-02 4.0000000000000001e-03  1.3645990354982716e-03
1.4999999999999999e-02 -8.9999999999999941e-03 4.0000000000000001e-03  1.3518956100092505e-03
1.4999999999999999e-02 -5.9999999999999984e-03 4.0000000000000001e-03  1.3376502088387765e-03
1.4999999999999999e-02 -2.9999999999999957e-03 4.0000000000000001e-03  1.3291398045904553e-03
1.4999999999999999e-02 0.0000000000000000e+00 4.0000000000000001e-03  1.3350182564536217e-03
1.4999999999999999e-02 3.0000000000000027e-03 4.0000000000000001e-03  1.3423656335980110e-03
1.4999999999999999e-02 6.0000000000000053e-03 4.0000000000000001e-03  1.3487068722557740e-03
1.4999999999999999e-02 9.0000000000000011e-03 4.0000000000000001e-03  1.3533227911676430e-03
1.4999999999999999e-02 1.2000000000000004e-02 4.0000000000000001e-03  1.3608478945321869e-03
1.4999999999999999e-02 1.4999999999999999e-02 4.0000000000000001e-03  1.3731616127171502e-03
1.4999999999999999e-02 1.8000000000000002e-02 4.0000000000000001e-03  1.3958600686716270e-03
1.4999999999999999e-02 2.1000000000000005e-02 4.0000000000000001e-03  1.4203833687694712e-03
1.4999999999999999e-02 2.4000000000000007e-02 4.0000000000000001e-03  1.4486866510283545e-03
1.4999999999999999e-02 2.7000000000000010e-02 4.0000000000000001e-03  1.4802769800521291e-03
1.4999999999999999e-02 2.9999999999999999e-02 4.0000000000000001e-03  1.5140363647834513e-03
1.4999999999999999e-02 3.3000000000000002e-02 4.0000000000000001e-03  1.5469315546841370e-03
1.4999999999999999e-02 3.6000000000000004e-02 4.0000000000000001e-03  1.5884107899782089e-03
1.4999999999999999e-02 3.9000000000000007e-02 4.0000000000000001e-03  1.6541433266099297e-03
1.4999999999999999e-02 4.2000000000000010e-02 4.0000000000000001e-03  1.7463405763849704e-03
1.4999999999999999e-02 4.4999999999999998e-02 4.0000000000000001e-03  1.8681487970495559e-03
1.8000000000000002e-02 -4.4999999999999998e-02 4.0000000000000001e-03  2.0155628959186065e-03
1.8000000000000002e-02 -4.1999999999999996e-02 4.0000000000000001e-03  1.8279494947431481e-03
1.8000000000000002e-02 -3.9000000000000000e-02 4.0000000000000001e-03  1.6636028189089714e-03
1.8000000000000002e-02 -3.5999999999999997e-02 4.0000000000000001e-03  1.6029481019720004e-03
1.8000000000000002e-02 -3.3000000000000002e-02 4.0000000000000001e-03  1.5675302349565231e-03
1.8000000000000002e-02 -2.9999999999999999e-02 4.0000000000000001e-03  1.5196397863168607e-03
1.8000000000000002e-02 -2.6999999999999996e-02 4.0000000000000001e-03  1.4770044014830056e-03
1.8000000000000002e-02 -2.3999999999999997e-02 4.0000000000000001e-03  1.4576489522070586e-03
1.8000000000000002e-02 -2.0999999999999998e-02 4.0000000000000001e-03  1.4342746868195361e-03
1.8000000000000002e-02 -1.7999999999999999e-02 4.0000000000000001e-03  1.4084959022966873e-03
1.8000000000000002e-02 -1.4999999999999999e-02 4.0000000000000001e-03  1.3868921090788807e-03
1.8000000000000002e-02 -1.1999999999999997e-02 4.0000000000000001e-03  1.3694763462513259e-03
1.8000000000000002e-02 -8.9999999999999941e-03 4.0000000000000001e-03  1.3562677658318252e-03
1.8000000000000002e-02 -5.9999999999999984e-03 4.0000000000000001e-03  1.3471206804448301e-03
1.8000000000000002e-02 -2.9999999999999957e-03 4.0000000000000001e-03  1.3328371022191929e-03
1.8000000000000002e-02 0.0000000000000000e+00 4.0000000000000001e-03  1.3372098521508013e-03
1.8000000000000002e-02 3.0000000000000027e-03 4.0000000000000001e-03  1.3450353325822593e-03
1.8000000000000002e-02 6.0000000000000053e-03 4.0000000000000001e-03  1.3539615291374740e-03
1.8000000000000002e-02 9.0000000000000011e-03 4.0000000000000001e-03  1.3581447101050942e-03
1.8000000000000002e-02 1.2000000000000004e-02 4.0000000000000001e-03  1.3676045602263004e-03
1.8000000000000002e-02 1.4999999999999999e-02 4.0000000000000001e-03  1.3889944111395603e-03
1.8000000000000002e-02 1.8000000000000002e-02 4.0000000000000001e-03  1.4122118605629386e-03
1.8000000000000002e-02 2.1000000000000005e-02 4.0000000000000001e-03  1.4372534569848418e-03
1.8000000000000002e-02 2.4000000000000007e-02 4.0000000000000001e-03  1.4652671204016614e-03
1.8000000000000002e-02 2.7000000000000010e-02 4.0000000000000001e-03  1.4968654712217283e-03
1.8000000000000002e-02 2.9999999999999999e-02 4.0000000000000001e-03  1.5306394761708988e-03
1.8000000000000002e-02 3.3000000000000002e-02 4.0000000000000001e-03  1.5654182221791517e-03
1.8000000000000002e-02 3.6000000000000004e-02 4.0000000000000001e-03  1.6044704143605493e-03
1.8000000000000002e-02 3.9000000000000007e-02 4.0000000000000001e-03  1.6674515082127233e-03
1.8000000000000002e-02 4.2000000000000010e-02 4.0000000000000001e-03  1.7564973938373751e-03
1.8000000000000002e-02 4.4999999999999998e-02 4.0000000000000001e-03  1.8739946233893923e-03
2.1000000000000005e-02 -4.4999999999999998e-02 4.0000000000000001e-03  1.9656144453916134e-03
2.1000000000000005e-02 -4.1999999999999996e-02 4.0000000000000001e-03  1.8225130637291723e-03
2.1000000000000005e-02 -3.9000000000000000e-02 4.0000000000000001e-03  1.7041563657296866e-03
2.1000000000000005e-02 -3.5999999999999997e-02 4.0000000000000001e-03  1.6038348382972211e-03
2.1000000000000005e-02 -3.3000000000000002e-02 4.0000000000000001e-03  1.5841496021763175e-03
2.1000000000000005e-02 -2.9999999999999999e-02 4.0000000000000001e-03  1.5380625692070920e-03
2.1000000000000005e-02 -2.6999999999999996e-02 4.0000000000000001e-03  1.4958501433291465e-03
2.1000000000000005e-02 -2.3999999999999997e-02 4.0000000000000001e-03  1.4747635237105949e-03
2.1000000000000005e-02 -2.0999999999999998e-02 4.0000000000000001e-03  1.4475098514709619e-03
2.1000000000000005e-02 -1.7999999999999999e-02 4.0000000000000001e-03  1.4188220987686512e-03
2.1000000000000005e-02 -1.4999999999999999e-02 4.0000000000000001e-03  1.3943039883362088e-03
2.1000000000000005e-02 -1.1999999999999997e-02 4.0000000000000001e-03  1.3739614346782439e-03
2.1000000000000005e-02 -8.9999999999999941e-03 4.0000000000000001e-03  1.3578064652319656e-03
2.1000000000000005e-02 -5.9999999999999984e-03 4.0000000000000001e-03  1.3458572203671605e-03
2.1000000000000005e-02 -2.9999999999999957e-03 4.0000000000000001e-03  1.3381379533862288e-03
2.1000000000000005e-02 0.0000000000000000e+00 4.0000000000000001e-03  1.3390785767263499e-03
2.1000000000000005e-02 3.0000000000000027e-03 4.0000000000000001e-03  1.3473638372111252e-03
2.1000000000000005e-02 6.0000000000000053e-03 4.0000000000000001e-03  1.3571397266180509e-03
2.1000000000000005e-02 9.0000000000000011e-03 4.0000000000000001e-03  1.3659478082245402e-03
2.1000000000000005e-02 1.2000000000000004e-02 4.0000000000000001e-03  1.3860205124278289e-03
2.1000000000000005e-02 1.4999999999999999e-02 4.0000000000000001e-03  1.4079275912282990e-03
2.1000000000000005e-02 1.8000000000000002e-02 4.0000000000000001e-03  1.4316630904645557e-03
2.1000000000000005e-02 2.1000000000000005e-02 4.0000000000000001e-03  1.4572231204784561e-03
2.1000000000000005e-02 2.4000000000000007e-02 4.0000000000000001e-03  1.4851322325620927e-03
2.1000000000000005e-02 2.7000000000000010e-02 4.0000000000000001e-03  1.5167418971923402e-03
2.1000000000000005e-02 2.9999999999999999e-02 4.0000000000000001e-03  1.5505348758279331e-03
2.1000000000000005e-02 3.3000000000000002e-02 4.0000000000000001e-03  1.5865411415470097e-03
2.1000000000000005e-02 3.6000000000000004e-02 4.0000000000000001e-03  1.6240277771944998e-03
2.1000000000000005e-02 3.9000000000000007e-02 4.0000000000000001e-03  1.6843267796642673e-03
2.1000000000000005e-02 4.2000000000000010e-02 4.0000000000000001e-03  1.7703217102868552e-03
2.1000000000000005e-02 4.4999999999999998e-02 4.0000000000000001e-03  1.8843235995131924e-03
2.4000000000000007e-02 -4.4999999999999998e-02 4.0000000000000001e-03  1.9444528175408936e-03
2.4000000000000007e-02 -4.1999999999999996e-02 4.0000000000000001e-03  1.8228228947406472e-03
2.4000000000000007e-02 -3.9000000000000000e-02 4.0000000000000001e-03  1.7289350491433314e-03
2.4000000000000007e-02 -3.5999999999999997e-02 4.0000000000000001e-03  1.6473090035098125e-03
2.4000000000000007e-02 -3.3000000000000002e-02 4.0000000000000001e-03  1.5752686868418912e-03
2.4000000000000007e-02 -2.9999999999999999e-02 4.0000000000000001e-03  1.5548497333835989e-03
2.4000000000000007e-02 -2.6999999999999996e-02 4.0000000000000001e-03  1.5149506235069329e-03
2.4000000000000007e-02 -2.3999999999999997e-02 4.0000000000000001e-03  1.4921081844037863e-03
2.4000000000000007e-02 -2.0999999999999998e-02 4.0000000000000001e-03  1.4603142314820461e-03
2.4000000000000007e-02 -1.7999999999999999e-02 4.0000000000000001e-03  1.4287262306954982e-03
2.4000000000000007e-02 -1.4999999999999999e-02 4.0000000000000001e-03  1.4019251077777148e-03
2.4000000000000007e-02 -1.1999999999999997e-02 4.0000000000000001e-03  1.3892069618346907e-03
2.4000000000000007e-02 -8.9999999999999941e-03 4.0000000000000001e-03  1.3816365285557845e-03
2.4000000000000007e-02 -5.9999999999999984e-03 4.0000000000000001e-03  1.3792447747367055e-03
2.4000000000000007e-02 -2.9999999999999957e-03 4.0000000000000001e-03  1.3820724763434894e-03
2.4000000000000007e-02 0.0000000000000000e+00 4.0000000000000001e-03  1.3823052630342395e-03
2.4000000000000007e-02 3.0000000000000027e-03 4.0000000000000001e-03  1.3833465338839129e-03
2.4000000000000007e-02 6.0000000000000053e-03 4.0000000000000001e-03  1.3866341997727848e-03
2.4000000000000007e-02 9.0000000000000011e-03 4.0000000000000001e-03  1.3688970791360430e-03
2.4000000000000007e-02 1.2000000000000004e-02 4.0000000000000001e-03  1.3937297584519840e-03
2.4000000000000007e-02 1.4999999999999999e-02 4.0000000000000001e-03  1.4207308854368608e-03
2.4000000000000007e-02 1.8000000000000002e-02 4.0000000000000001e-03  1.4498969230677240e-03
2.4000000000000007e-02 2.1000000000000005e-02 4.0000000000000001e-03  1.4802913865324754e-03
2.4000000000000007e-02 2.4000000000000007e-02 4.0000000000000001e-03  1.5082803237155757e-03
2.4000000000000007e-02 2.7000000000000010e-02 4.0000000000000001e-03  1.5399054801788297e-03
2.4000000000000007e-02 2.9999999999999999e-02 4.0000000000000001e-03  1.5737226719783654e-03
2.4000000000000007e-02 3.3000000000000002e-02 4.0000000000000001e-03  1.6097637629973577e-03
2.4000000000000007e-02 3.6000000000000004e-02 4.0000000000000001e-03  1.6470800181452748e-03
2.4000000000000007e-02 3.9000000000000007e-02 4.0000000000000001e-03  1.7047554831450303e-03
2.4000000000000007e-02 4.2000000000000010e-02 4.0000000000000001e-03  1.7881158951867844e-03
2.4000000000000007e-02 4.4999999999999998e-02 4.0000000000000001e-03  1.8992894609554242e-03
2.7000000000000010e-02 -4.4999999999999998e-02 4.0000000000000001e-03  2.0004197658383734e-03
2.7000000000000010e-02 -4.1999999999999996e-02 4.0000000000000001e-03  1.8737272490332573e-03
2.7000000000000010e-02 -3.9000000000000000e-02 4.0000000000000001e-03  1.7680172607414603e-03
2.7000000000000010e-02 -3.5999999999999997e-02 4.0000000000000001e-03  1.6817881657093198e-03
2.7000000000000010e-02 -3.3000000000000002e-02 4.0000000000000001e-03  1.6135225875883385e-03
2.7000000000000010e-02 -2.9999999999999999e-02 4.0000000000000001e-03  1.5616874089351685e-03
2.7000000000000010e-02 -2.6999999999999996e-02 4.0000000000000001e-03  1.5346844561831049e-03
2.7000000000000010e-02 -2.3999999999999997e-02 4.0000000000000001e-03  1.5142186722338620e-03
2.7000000000000010e-02 -2.0999999999999998e-02 4.0000000000000001e-03  1.5019394402502446e-03
2.7000000000000010e-02 -1.7999999999999999e-02 4.0000000000000001e-03  1.4787956889534997e-03
2.7000000000000010e-02 -1.4999999999999999e-02 4.0000000000000001e-03  1.4608086230022488e-03
2.7000000000000010e-02 -1.1999999999999997e-02 4.0000000000000001e-03  1.4479863120126710e-03
2.7000000000000010e-02 -8.9999999999999941e-03 4.0000000000000001e-03  1.4403466347712572e-03
2.7000000000000010e-02 -5.9999999999999984e-03 4.0000000000000001e-03  1.4379172792348335e-03
2.7000000000000010e-02 -2.9999999999999957e-03 4.0000000000000001e-03  1.4392958257483802e-03
2.7000000000000010e-02 0.0000000000000000e+00 4.0000000000000001e-03  1.4346348651483724e-03
2.7000000000000010e-02 3.0000000000000027e-03 4.0000000000000001e-03  1.4322428027385436e-03
2.7000000000000010e-02 6.0000000000000053e-03 4.0000000000000001e-03  1.4240168128554090e-03
2.7000000000000010e-02 9.0000000000000011e-03 4.0000000000000001e-03  1.4033559170141142e-03
2.7000000000000010e-02 1.2000000000000004e-02 4.0000000000000001e-03  1.4049755728470649e-03
2.7000000000000010e-02 1.4999999999999999e-02 4.0000000000000001e-03  1.4290641771044859e-03
2.7000000000000010e-02 1.8000000000000002e-02 4.0000000000000001e-03  1.4553136277986518e-03
2.7000000000000010e-02 2.1000000000000005e-02 4.0000000000000001e-03  1.4837233513208216e-03
2.7000000000000010e-02 2.4000000000000007e-02 4.0000000000000001e-03  1.5393833002878381e-03
2.7000000000000010e-02 2.7000000000000010e-02 4.0000000000000001e-03  1.5642931680719912e-03
2.7000000000000010e-02 2.9999999999999999e-02 4.0000000000000001e-03  1.5996494240471696e-03
2.7000000000000010e-02 3.3000000000000002e-02 4.0000000000000001e-03  1.6364775487027491e-03
2.7000000000000010e-02 3.6000000000000004e-02 4.0000000000000001e-03  1.6757563480738244e-03
2.7000000000000010e-02 3.9000000000000007e-02 4.0000000000000001e-03  1.7314009956464703e-03
2.7000000000000010e-02 4.2000000000000010e-02 4.0000000000000001e-03  1.8100191081569254e-03
2.7000000000000010e-02 4.4999999999999998e-02 4.0000000000000001e-03  1.9127258898978478e-03
2.9999999999999999e-02 -4.4999999999999998e-02 4.0000000000000001e-03  2.0552470539681000e-03
2.9999999999999999e-02 -4.1999999999999996e-02 4.0000000000000001e-03  1.9271658072892170e-03
2.9999999999999999e-02 -3.9000000000000000e-02 4.0000000000000001e-03  1.8195722663154441e-03
2.9999999999999999e-02 -3.5999999999999997e-02 4.0000000000000001e-03  1.7309870060913813e-03
2.9999999999999999e-02 -3.3000000000000002e-02 4.0000000000000001e-03  1.6599148605667741e-03
2.9999999999999999e-02 -2.9999999999999999e-02 4.0000000000000001e-03  1.6032622421354608e-03
2.9999999999999999e-02 -2.6999999999999996e-02 4.0000000000000001e-03  1.5573499975819018e-03
2.9999999999999999e-02 -2.3999999999999997e-02 4.0000000000000001e-03  1.5541366848385299e-03
2.9999999999999999e-02 -2.0999999999999998e-02 4.0000000000000001e-03  1.5585734211310820e-03
2.9999999999999999e-02 -1.7999999999999999e-02 4.0000000000000001e-03  1.5411142495414033e-03
2.9999999999999999e-02 -1.4999999999999999e-02 4.0000000000000001e-03  1.5231328241001396e-03
2.9999999999999999e-02 -1.1999999999999997e-02 4.0000000000000001e-03  1.5103618376249646e-03
2.9999999999999999e-02 -8.9999999999999941e-03 4.0000000000000001e-03  1.5028158900635008e-03
2.9999999999999999e-02 -5.9999999999999984e-03 4.0000000000000001e-03  1.5005193905336847e-03
2.9999999999999999e-02 -2.9999999999999957e-03 4.0000000000000001e-03  1.4972360882915504e-03
2.9999999999999999e-02 0.0000000000000000e+00 4.0000000000000001e-03  1.4891386992409905e-03
2.9999999999999999e-02 3.0000000000000027e-03 4.0000000000000001e-03  1.4924655410825007e-03
2.9999999999999999e-02 6.0000000000000053e-03 4.0000000000000001e-03  1.4851585399704398e-03
2.9999999999999999e-02 9.0000000000000011e-03 4.0000000000000001e-03  1.4622457530228661e-03
2.9999999999999999e-02 1.2000000000000004e-02 4.0000000000000001e-03  1.4644402538953197e-03
2.9999999999999999e-02 1.4999999999999999e-02 4.0000000000000001e-03  1.4728854976148059e-03
2.9999999999999999e-02 1.8000000000000002e-02 4.0000000000000001e-03  1.4962029311707111e-03
2.9999999999999999e-02 2.1000000000000005e-02 4.0000000000000001e-03  1.5285795043122425e-03
2.9999999999999999e-02 2.4000000000000007e-02 4.0000000000000001e-03  1.5852227103481710e-03
2.9999999999999999e-02 2.7000000000000010e-02 4.0000000000000001e-03  1.6039786880306401e-03
2.9999999999999999e-02 2.9999999999999999e-02 4.0000000000000001e-03  1.6266723262639562e-03
2.9999999999999999e-02 3.3000000000000002e-02 4.0000000000000001e-03  1.6426650732514741e-03
2.9999999999999999e-02 3.6000000000000004e-02 4.0000000000000001e-03  1.6930335476103913e-03
2.9999999999999999e-02 3.9000000000000007e-02 4.0000000000000001e-03  1.7533054101035825e-03
2.9999999999999999e-02 4.2000000000000010e-02 4.0000000000000001e-03  1.8249079771064758e-03
2.9999999999999999e-02 4.4999999999999998e-02 4.0000000000000001e-03  1.9266530494846355e-03
3.3000000000000002e-02 -4.4999999999999998e-02 4.0000000000000001e-03  2.1095499694884523e-03
3.3000000000000002e-02 -4.1999999999999996e-02 4.0000000000000001e-03  1.9798358881660595e-03
3.3000000000000002e-02 -3.9000000000000000e-02 4.0000000000000001e-03  1.8701149862107129e-03
3.3000000000000002e-02 -3.5999999999999997e-02 4.0000000000000001e-03  1.7789300489652481e-03
3.3000000000000002e-02 -3.3000000000000002e-02 4.0000000000000001e-03  1.7053670053188042e-03
3.3000000000000002e-02 -2.9999999999999999e-02 4.0000000000000001e-03  1.6445882460614917e-03
3.3000000000000002e-02 -2.6999999999999996e-02 4.0000000000000001e-03  1.6144739593248348e-03
3.3000000000000002e-02 -2.3999999999999997e-02 4.0000000000000001e-03  1.5958650605789543e-03
3.3000000000000002e-02 -2.0999999999999998e-02 4.0000000000000001e-03  1.6021643367903344e-03
3.3000000000000002e-02 -1.7999999999999999e-02 4.0000000000000001e-03  1.6076977790727687e-03
3.3000000000000002e-02 -1.4999999999999999e-02 4.0000000000000001e-03  1.5898894146114677e-03
3.3000000000000002e-02 -1.1999999999999997e-02 4.0000000000000001e-03  1.5773446572021771e-03
3.3000000000000002e-02 -8.9999999999999941e-03 4.0000000000000001e-03  1.5700748279536300e-03
3.3000000000000002e-02 -5.9999999999999984e-03 4.0000000000000001e-03  1.5681010571448816e-03
3.3000000000000002e-02 -2.9999999999999957e-03 4.0000000000000001e-03  1.5582506072192113e-03
3.3000000000000002e-02 0.0000000000000000e+00 4.0000000000000001e-03  1.5467165682027226e-03
3.3000000000000002e-02 3.0000000000000027e-03 4.0000000000000001e-03  1.5827055072447666e-03
3.3000000000000002e-02 6.0000000000000053e-03 4.0000000000000001e-03  1.5704500739863688e-03
3.3000000000000002e-02 9.0000000000000011e-03 4.0000000000000001e-03  1.5450406444179033e-03
3.3000000000000002e-02 1.2000000000000004e-02 4.0000000000000001e-03  1.5493506687115125e-03
3.3000000000000002e-02 1.4999999999999999e-02 4.0000000000000001e-03  1.5582741083440869e-03
3.3000000000000002e-02 1.8000000000000002e-02 4.0000000000000001e-03  1.5727851687394113e-03
3.3000000000000002e-02 2.1000000000000005e-02 4.0000000000000001e-03  1.6272781796610866e-03
3.3000000000000002e-02 2.4000000000000007e-02 4.0000000000000001e-03  1.6483554294677997e-03
3.3000000000000002e-02 2.7000000000000010e-02 4.0000000000000001e-03  1.6571008621113629e-03
3.3000000000000002e-02 2.9999999999999999e-02 4.0000000000000001e-03  1.6768821819544719e-03
3.3000000000000002e-02 3.3000000000000002e-02 4.0000000000000001e-03  1.7047390480318635e-03
3.3000000000000002e-02 3.6000000000000004e-02 4.0000000000000001e-03  1.7344706444894773e-03
3.3000000000000002e-02 3.9000000000000007e-02 4.0000000000000001e-03  1.7823036653618943e-03
3.3000000000000002e-02 4.2000000000000010e-02 4.0000000000000001e-03  1.8494559426003704e-03
3.3000000000000002e-02 4.4999999999999998e-02 4.0000000000000001e-03  1.9466982171218248e-03
3.6000000000000004e-02 -4.4999999999999998e-02 4.0000000000000001e-03  2.1642847040371448e-03
3.6000000000000004e-02 -4.1999999999999996e-02 4.0000000000000001e-03  2.0327990780137665e-03
3.6000000000000004e-02 -3.9000000000000000e-02 4.0000000000000001e-03  1.9208124014894849e-03
3.6000000000000004e-02 -3.5999999999999997e-02 4.0000000000000001e-03  1.8277798315518667e-03
3.6000000000000004e-02 -3.3000000000000002e-02 4.0000000000000001e-03  1.7530886557992082e-03
3.6000000000000004e-02 -2.9999999999999999e-02 4.0000000000000001e-03  1.7190841870896526e-03
3.6000000000000004e-02 -2.6999999999999996e-02 4.0000000000000001e-03  1.6906368415096752e-03
3.6000000000000004e-02 -2.3999999999999997e-02 4.0000000000000001e-03  1.6660438856906168e-03
3.6000000000000004e-02 -2.0999999999999998e-02 4.0000000000000001e-03  1.6483066718444052e-03
3.6000000000000004e-02 -1.7999999999999999e-02 4.0000000000000001e-03  1.6613133957441243e-03
3.6000000000000004e-02 -1.4999999999999999e-02 4.0000000000000001e-03  1.6621202585275368e-03
3.6000000000000004e-02 -1.1999999999999997e-02 4.0000000000000001e-03  1.6499960497261116e-03
3.6000000000000004e-02 -8.9999999999999941e-03 4.0000000000000001e-03  1.6432041424139546e-03
3.6000000000000004e-02 -5.9999999999999984e-03 4.0000000000000001e-03  1.6405292973249654e-03
3.6000000000000004e-02 -2.9999999999999957e-03 4.0000000000000001e-03  1.6232701031037382e-03
3.6000000000000004e-02 0.0000000000000000e+00 4.0000000000000001e-03  1.6599935156824410e-03
3.6000000000000004e-02 3.0000000000000027e-03 4.0000000000000001e-03  1.6971315546743259e-03
3.6000000000000004e-02 6.0000000000000053e-03 4.0000000000000001e-03  1.6995568528794796e-03
3.6000000000000004e-02 9.0000000000000011e-03 4.0000000000000001e-03  1.7089207763280598e-03
3.6000000000000004e-02 1.2000000000000004e-02 4.0000000000000001e-03  1.7135601072771531e-03
3.6000000000000004e-02 1.4999999999999999e-02 4.0000000000000001e-03  1.7172896062720221e-03
3.6000000000000004e-02 1.8000000000000002e-02 4.0000000000000001e-03  1.7256178200629202e-03
3.6000000000000004e-02 2.1000000000000005e-02 4.0000000000000001e-03  1.7430355516322503e-03
3.6000000000000004e-02 2.4000000000000007e-02 4.0000000000000001e-03  1.7296647697135307e-03
3.6000000000000004e-02 2.7000000000000010e-02 4.0000000000000001e-03  1.7224886806808993e-03
3.6000000000000004e-02 2.9999999999999999e-02 4.0000000000000001e-03  1.7362806096755509e-03
3.6000000000000004e-02 3.3000000000000002e-02 4.0000000000000001e-03  1.7590203946795837e-03
3.6000000000000004e-02 3.6000000000000004e-02 4.0000000000000001e-03  1.7882143477573470e-03
3.6000000000000004e-02 3.9000000000000007e-02 4.0000000000000001e-03  1.8461580804869408e-03
3.6000000000000004e-02 4.2000000000000010e-02 4.0000000000000001e-03  1.9449787094595076e-03
3.6000000000000004e-02 4.4999999999999998e-02 4.0000000000000001e-03  1.9938291855576091e-03
3.9000000000000007e-02 -4.4999999999999998e-02 4.0000000000000001e-03  2.2207483533312187e-03
3.9000000000000007e-02 -4.1999999999999996e-02 4.0000000000000001e-03  2.0874578672616254e-03
3.9000000000000007e-02 -3.9000000000000000e-02 4.0000000000000001e-03  1.9731723972933198e-03
3.9000000000000007e-02 -3.5999999999999997e-02 4.0000000000000001e-03  1.8854990939779616e-03
3.9000000000000007e-02 -3.3000000000000002e-02 4.0000000000000001e-03  1.8462554788495715e-03
3.9000000000000007e-02 -2.9999999999999999e-02 4.0000000000000001e-03  1.8113521294582738e-03
3.9000000000000007e-02 -2.6999999999999996e-02 4.0000000000000001e-03  1.7805589182871521e-03
3.9000000000000007e-02 -2.3999999999999997e-02 4.0000000000000001e-03  1.7536770811968679e-03
3.9000000000000007e-02 -2.0999999999999998e-02 4.0000000000000001e-03  1.7305392174256551e-03
3.9000000000000007e-02 -1.7999999999999999e-02 4.0000000000000001e-03  1.7132472685042520e-03
3.9000000000000007e-02 -1.4999999999999999e-02 4.0000000000000001e-03  1.7339256979980423e-03
3.9000000000000007e-02 -1.1999999999999997e-02 4.0000000000000001e-03  1.7294274546297730e-03
3.9000000000000007e-02 -8.9999999999999941e-03 4.0000000000000001e-03  1.7233346878680019e-03
3.9000000000000007e-02 -5.9999999999999984e-03 4.0000000000000001e-03  1.7139431148739180e-03
3.9000000000000007e-02 -2.9999999999999957e-03 4.0000000000000001e-03  1.7203575536227586e-03
3.9000000000000007e-02 0.0000000000000000e+00 4.0000000000000001e-03  1.8035560901380832e-03
3.9000000000000007e-02 3.0000000000000027e-03 4.0000000000000001e-03  1.8278697818470491e-03
3.9000000000000007e-02 6.0000000000000053e-03 4.0000000000000001e-03  1.8414920222077850e-03
3.9000000000000007e-02 9.0000000000000011e-03 4.0000000000000001e-03  1.8521876456957147e-03
3.9000000000000007e-02 1.2000000000000004e-02 4.0000000000000001e-03  1.8599342492266911e-03
3.9000000000000007e-02 1.4999999999999999e-02 4.0000000000000001e-03  1.8647230614123160e-03
3.9000000000000007e-02 1.8000000000000002e-02 4.0000000000000001e-03  1.8652267983602206e-03
3.9000000000000007e-02 2.1000000000000005e-02 4.0000000000000001e-03  1.8690878735700221e-03
3.9000000000000007e-02 2.4000000000000007e-02 4.0000000000000001e-03  1.8300507175210289e-03
3.9000000000000007e-02 2.7000000000000010e-02 4.0000000000000001e-03  1.8017773277287524e-03
3.9000000000000007e-02 2.9999999999999999e-02 4.0000000000000001e-03  1.8062288247064685e-03
3.9000000000000007e-02 3.3000000000000002e-02 4.0000000000000001e-03  1.8175904255881329e-03
3.9000000000000007e-02 3.6000000000000004e-02 4.0000000000000001e-03  1.8574732418576098e-03
3.9000000000000007e-02 3.9000000000000007e-02 4.0000000000000001e-03  1.9439588715473425e-03
3.9000000000000007e-02 4.2000000000000010e-02 4.0000000000000001e-03  2.0510808991041421e-03
3.9000000000000007e-02 4.4999999999999998e-02 4.0000000000000001e-03  2.0577233476270955e-03
4.2000000000000010e-02 -4.4999999999999998e-02 4.0000000000000001e-03  2.2805789171670377e-03
4.2000000000000010e-02 -4.1999999999999996e-02 4.0000000000000001e-03  2.1455556504182557e-03
4.2000000000000010e-02 -3.9000000000000000e-02 4.0000000000000001e-03  2.0449790838063119e-03
4.2000000000000010e-02 -3.5999999999999997e-02 4.0000000000000001e-03  1.9986337546912827e-03
4.2000000000000010e-02 -3.3000000000000002e-02 4.0000000000000001e-03  1.9569876595282101e-03
4.2000000000000010e-02 -2.9999999999999999e-02 4.0000000000000001e-03  1.9197615170555243e-03
4.2000000000000010e-02 -2.6999999999999996e-02 4.0000000000000001e-03  1.8867074093892593e-03
4.2000000000000010e-02 -2.3999999999999997e-02 4.0000000000000001e-03  1.8576087820229977e-03
4.2000000000000010e-02 -2.0999999999999998e-02 4.0000000000000001e-03  1.8322804438279203e-03
4.2000000000000010e-02 -1.7999999999999999e-02 4.0000000000000001e-03  1.8105685670527657e-03
4.2000000000000010e-02 -1.4999999999999999e-02 4.0000000000000001e-03  1.7931579457937221e-03
4.2000000000000010e-02 -1.1999999999999997e-02 4.0000000000000001e-03  1.8168004717973789e-03
4.2000000000000010e-02 -8.9999999999999941e-03 4.0000000000000001e-03  1.8116474791904848e-03
4.2000000000000010e-02 -5.9999999999999984e-03 4.0000000000000001e-03  1.7933202489413198e-03
4.2000000000000010e-02 -2.9999999999999957e-03 4.0000000000000001e-03  1.8835697452190094e-03
4.2000000000000010e-02 0.0000000000000000e+00 4.0000000000000001e-03  1.9048464406895864e-03
4.2000000000000010e-02 3.0000000000000027e-03 4.0000000000000001e-03  1.9230132767479302e-03
4.2000000000000010e-02 6.0000000000000053e-03 4.0000000000000001e-03  1.9380358195063186e-03
4.2000000000000010e-02 9.0000000000000011e-03 4.0000000000000001e-03  1.9498932667727916e-03
4.2000000000000010e-02 1.2000000000000004e-02 4.0000000000000001e-03  1.9585784480511560e-03
4.2000000000000010e-02 1.4999999999999999e-02 4.0000000000000001e-03  1.9640978245409773e-03
4.2000000000000010e-02 1.8000000000000002e-02 4.0000000000000001e-03  1.9664714891375898e-03
4.2000000000000010e-02 2.1000000000000005e-02 4.0000000000000001e-03  1.9652932293348635e-03
4.2000000000000010e-02 2.4000000000000007e-02 4.0000000000000001e-03  1.9504299336948058e-03
4.2000000000000010e-02 2.7000000000000010e-02 4.0000000000000001e-03  1.8967761890434755e-03
4.2000000000000010e-02 2.9999999999999999e-02 4.0000000000000001e-03  1.8895025454786355e-03
4.2000000000000010e-02 3.3000000000000002e-02 4.0000000000000001e-03  1.9106007580167418e-03
4.2000000000000010e-02 3.6000000000000004e-02 4.0000000000000001e-03  1.9837324059048945e-03
4.2000000000000010e-02 3.9000000000000007e-02 4.0000000000000001e-03  2.0542654150507295e-03
4.2000000000000010e-02 4.2000000000000010e-02 4.0000000000000001e-03  2.1597822309384952e-03
4.2000000000000010e-02 4.4999999999999998e-02 4.0000000000000001e-03  2.1401803023387389e-03
4.4999999999999998e-02 -4.4999999999999998e-02 4.0000000000000001e-03  2.3457552994202925e-03
4.4999999999999998e-02 -4.1999999999999996e-02 4.0000000000000001e-03  2.2325173282603909e-03
4.4999999999999998e-02 -3.9000000000000000e-02 4.0000000000000001e-03  2.1787400655355841e-03
4.4999999999999998e-02 -3.5999999999999997e-02 4.0000000000000001e-03  2.1300750709885470e-03
4.4999999999999998e-02 -3.3000000000000002e-02 4.0000000000000001e-03  2.0861939096130750e-03
4.4999999999999998e-02 -2.9999999999999999e-02 4.0000000000000001e-03  2.0467995097805522e-03
4.4999999999999998e-02 -2.6999999999999996e-02 4.0000000000000001e-03  2.0116261632399470e-03
4.4999999999999998e-02 -2.3999999999999997e-02 4.0000000000000001e-03  1.9804395251177818e-03
4.4999999999999998e-02 -2.0999999999999998e-02 4.0000000000000001e-03  1.9530366139181633e-03
4.4999999999999998e-02 -1.7999999999999999e-02 4.0000000000000001e-03  1.9292458115227782e-03
4.4999999999999998e-02 -1.4999999999999999e-02 4.0000000000000001e-03  1.9089268631908827e-03
4.4999999999999998e-02 -1.1999999999999997e-02 4.0000000000000001e-03  1.8919708775593080e-03
4.4999999999999998e-02 -8.9999999999999941e-03 4.0000000000000001e-03  1.9093736917073422e-03
4.4999999999999998e-02 -5.9999999999999984e-03 4.0000000000000001e-03  1.9147237454970175e-03
4.4999999999999998e-02 -2.9999999999999957e-03 4.0000000000000001e-03  1.9410321159110408e-03
4.4999999999999998e-02 0.0000000000000000e+00 4.0000000000000001e-03  1.9639586438822427e-03
4.4999999999999998e-02 3.0000000000000027e-03 4.0000000000000001e-03  1.9834704964150959e-03
4.4999999999999998e-02 6.0000000000000053e-03 4.0000000000000001e-03  1.9995484722098410e-03
4.4999999999999998e-02 9.0000000000000011e-03 4.0000000000000001e-03  2.0121870016624765e-03
4.4999999999999998e-02 1.2000000000000004e-02 4.0000000000000001e-03  2.0213941468647701e-03
4.4999999999999998e-02 1.4999999999999999e-02 4.0000000000000001e-03  2.0271916016042411e-03
4.4999999999999998e-02 1.8000000000000002e-02 4.0000000000000001e-03  2.0296146913641867e-03
4.4999999999999998e-02 2.1000000000000005e-02 4.0000000000000001e-03  2.0287123733236591e-03
4.4999999999999998e-02 2.4000000000000007e-02 4.0000000000000001e-03  2.0245472363574751e-03
4.4999999999999998e-02 2.7000000000000010e-02 4.0000000000000001e-03  2.0086317591051128e-03
4.4999999999999998e-02 2.9999999999999999e-02 4.0000000000000001e-03  2.0038467293318641e-03
4.4999999999999998e-02 3.3000000000000002e-02 4.0000000000000001e-03  2.0931656915978169e-03
4.4999999999999998e-02 3.6000000000000004e-02 4.0000000000000001e-03  2.1526837026826324e-03
4.4999999999999998e-02 3.9000000000000007e-02 4.0000000000000001e-03  2.1832702478559746e-03
4.4999999999999998e-02 4.2000000000000010e-02 4.0000000000000001e-03  2.2369641528198298e-03
4.4999999999999998e-02 4.4999999999999998e-02 4.0000000000000001e-03  2.2388517831907250e-03
