Grid Output Min: [-45mm -45mm 4mm] Max: [45mm 45mm 4mm] Grid Size: [3mm 3mm 0mm]
X, Y, Z, Scalar data "Mag_B"
-4.4999999999999998e-02 -4.4999999999999998e-02 4.0000000000000001e-03  2.3491079933279412e-03
-4.4999999999999998e-02 -4.1999999999999996e-02 4.0000000000000001e-03  2.2026323405260331e-03
-4.4999999999999998e-02 -3.9000000000000000e-02 4.0000000000000001e-03  2.1034584896868968e-03
-4.4999999999999998e-02 -3.5999999999999997e-02 4.0000000000000001e-03  2.0303254539317623e-03
-4.4999999999999998e-02 -3.3000000000000002e-02 4.0000000000000001e-03  1.9722744554847246e-03
-4.4999999999999998e-02 -2.9999999999999999e-02 4.0000000000000001e-03  1.9417676667045245e-03
-4.4999999999999998e-02 -2.6999999999999996e-02 4.0000000000000001e-03  1.9294705153141095e-03
-4.4999999999999998e-02 -2.3999999999999997e-02 4.0000000000000001e-03  1.9343981339004866e-03
-4.4999999999999998e-02 -2.0999999999999998e-02 4.0000000000000001e-03  1.9170346336517703e-03
-4.4999999999999998e-02 -1.7999999999999999e-02 4.0000000000000001e-03  1.9051266344944499e-03
-4.4999999999999998e-02 -1.4999999999999999e-02 4.0000000000000001e-03  1.8885459136652389e-03
-4.4999999999999998e-02 -1.1999999999999997e-02 4.0000000000000001e-03  1.8747368065281269e-03
-4.4999999999999998e-02 -8.9999999999999941e-03 4.0000000000000001e-03  1.8776809585456904e-03
-4.4999999999999998e-02 -5.9999999999999984e-03 4.0000000000000001e-03  1.8789430466306766e-03
-4.4999999999999998e-02 -2.9999999999999957e-03 4.0000000000000001e-03  1.9354138699445550e-03
-4.4999999999999998e-02 0.0000000000000000e+00 4.0000000000000001e-03  2.0124987479058910e-03
-4.4999999999999998e-02 3.0000000000000027e-03 4.0000000000000001e-03  1.9991868795453784e-03
-4.4999999999999998e-02 6.0000000000000053e-03 4.0000000000000001e-03  1.9417825497811455e-03
-4.4999999999999998e-02 9.0000000000000011e-03 4.0000000000000001e-03  1.8738256695205006e-03
-4.4999999999999998e-02 1.2000000000000004e-02 4.0000000000000001e-03  1.8913963157686637e-03
-4.4999999999999998e-02 1.4999999999999999e-02 4.0000000000000001e-03  1.9628129980748745e-03
-4.4999999999999998e-02 1.8000000000000002e-02 4.0000000000000001e-03  1.9706189333150563e-03
-4.4999999999999998e-02 2.1000000000000005e-02 4.0000000000000001e-03  1.9465403637800090e-03
-4.4999999999999998e-02 2.4000000000000007e-02 4.0000000000000001e-03  1.9573031160799244e-03
-4.4999999999999998e-02 2.7000000000000010e-02 4.0000000000000001e-03  2.0021783651960707e-03
-4.4999999999999998e-02 2.9999999999999999e-02 4.0000000000000001e-03  2.0472512488877445e-03
-4.4999999999999998e-02 3.3000000000000002e-02 4.0000000000000001e-03  2.0858082193236545e-03
-4.4999999999999998e-02 3.6000000000000004e-02 4.0000000000000001e-03  2.1312400263539975e-03
-4.4999999999999998e-02 3.9000000000000007e-02 4.0000000000000001e-03  2.1836035247031153e-03
-4.4999999999999998e-02 4.2000000000000010e-02 4.0000000000000001e-03  2.2526679068480093e-03
-4.4999999999999998e-02 4.4999999999999998e-02 4.0000000000000001e-03  2.3974416246296724e-03
-4.1999999999999996e-02 -4.4999999999999998e-02 4.0000000000000001e-03  2.2864074483370219e-03
-4.1999999999999996e-02 -4.1999999999999996e-02 4.0000000000000001e-03  2.1471315587611906e-03
-4.1999999999999996e-02 -3.9000000000000000e-02 4.0000000000000001e-03  2.0358991300195041e-03
-4.1999999999999996e-02 -3.5999999999999997e-02 4.0000000000000001e-03  1.9388878304474298e-03
-4.1999999999999996e-02 -3.3000000000000002e-02 4.0000000000000001e-03  1.8902589914853477e-03
-4.1999999999999996e-02 -2.9999999999999999e-02 4.0000000000000001e-03  1.8483699838746685e-03
-4.1999999999999996e-02 -2.6999999999999996e-02 4.0000000000000001e-03  1.8018273230698057e-03
-4.1999999999999996e-02 -2.3999999999999997e-02 4.0000000000000001e-03  1.7977398108213435e-03
-4.1999999999999996e-02 -2.0999999999999998e-02 4.0000000000000001e-03  1.7891138440173063e-03
-4.1999999999999996e-02 -1.7999999999999999e-02 4.0000000000000001e-03  1.7725116953836088e-03
-4.1999999999999996e-02 -1.4999999999999999e-02 4.0000000000000001e-03  1.7617757488265272e-03
-4.1999999999999996e-02 -1.1999999999999997e-02 4.0000000000000001e-03  1.7514495771561985e-03
-4.1999999999999996e-02 -8.9999999999999941e-03 4.0000000000000001e-03  1.7444131799765378e-03
-4.1999999999999996e-02 -5.9999999999999984e-03 4.0000000000000001e-03  1.7442726647385741e-03
-4.1999999999999996e-02 -2.9999999999999957e-03 4.0000000000000001e-03  1.7734650549913098e-03
-4.1999999999999996e-02 0.0000000000000000e+00 4.0000000000000001e-03  1.8132104782819423e-03
-4.1999999999999996e-02 3.0000000000000027e-03 4.0000000000000001e-03  1.8278821538831409e-03
-4.1999999999999996e-02 6.0000000000000053e-03 4.0000000000000001e-03  1.7953765643977601e-03
-4.1999999999999996e-02 9.0000000000000011e-03 4.0000000000000001e-03  1.7544422892520092e-03
-4.1999999999999996e-02 1.2000000000000004e-02 4.0000000000000001e-03  1.7726822191076361e-03
-4.1999999999999996e-02 1.4999999999999999e-02 4.0000000000000001e-03  1.8181061783492233e-03
-4.1999999999999996e-02 1.8000000000000002e-02 4.0000000000000001e-03  1.8234628229855704e-03
-4.1999999999999996e-02 2.1000000000000005e-02 4.0000000000000001e-03  1.8318830250428500e-03
-4.1999999999999996e-02 2.4000000000000007e-02 4.0000000000000001e-03  1.8460351329823452e-03
-4.1999999999999996e-02 2.7000000000000010e-02 4.0000000000000001e-03  1.8898608410698101e-03
-4.1999999999999996e-02 2.9999999999999999e-02 4.0000000000000001e-03  1.9393392648067360e-03
-4.1999999999999996e-02 3.3000000000000002e-02 4.0000000000000001e-03  1.9834313673658438e-03
-4.1999999999999996e-02 3.6000000000000004e-02 4.0000000000000001e-03  2.0377100019782096e-03
-4.1999999999999996e-02 3.9000000000000007e-02 4.0000000000000001e-03  2.0740033699922240e-03
-4.1999999999999996e-02 4.2000000000000010e-02 4.0000000000000001e-03  2.1068679312885728e-03
-4.1999999999999996e-02 4.4999999999999998e-02 4.0000000000000001e-03  2.2713529233408985e-03
-3.9000000000000000e-02 -4.4999999999999998e-02 4.0000000000000001e-03  2.1598434314902162e-03
-3.9000000000000000e-02 -4.1999999999999996e-02 4.0000000000000001e-03  2.0443796004142268e-03
-3.9000000000000000e-02 -3.9000000000000000e-02 4.0000000000000001e-03  1.9407183963919589e-03
-3.9000000000000000e-02 -3.5999999999999997e-02 4.0000000000000001e-03  1.8627889800336755e-03
-3.9000000000000000e-02 -3.3000000000000002e-02 4.0000000000000001e-03  1.8174129208202488e-03
-3.9000000000000000e-02 -2.9999999999999999e-02 4.0000000000000001e-03  1.7835289237489180e-03
-3.9000000000000000e-02 -2.6999999999999996e-02 4.0000000000000001e-03  1.7591431120834570e-03
-3.9000000000000000e-02 -2.3999999999999997e-02 4.0000000000000001e-03  1.7290170478640675e-03
-3.9000000000000000e-02 -2.0999999999999998e-02 4.0000000000000001e-03  1.7054847259111855e-03
-3.9000000000000000e-02 -1.7999999999999999e-02 4.0000000000000001e-03  1.6926266359359044e-03
-3.9000000000000000e-02 -1.4999999999999999e-02 4.0000000000000001e-03  1.6787212414493063e-03
-3.9000000000000000e-02 -1.1999999999999997e-02 4.0000000000000001e-03  1.6731111978349762e-03
-3.9000000000000000e-02 -8.9999999999999941e-03 4.0000000000000001e-03  1.6558483410061633e-03
-3.9000000000000000e-02 -5.9999999999999984e-03 4.0000000000000001e-03  1.6524929327425769e-03
-3.9000000000000000e-02 -2.9999999999999957e-03 4.0000000000000001e-03  1.6529198611462961e-03
-3.9000000000000000e-02 0.0000000000000000e+00 4.0000000000000001e-03  1.6673544847811263e-03
-3.9000000000000000e-02 3.0000000000000027e-03 4.0000000000000001e-03  1.6937196837986212e-03
-3.9000000000000000e-02 6.0000000000000053e-03 4.0000000000000001e-03  1.6879619590551040e-03
-3.9000000000000000e-02 9.0000000000000011e-03 4.0000000000000001e-03  1.6737947444161157e-03
-3.9000000000000000e-02 1.2000000000000004e-02 4.0000000000000001e-03  1.7194971990242836e-03
-3.9000000000000000e-02 1.4999999999999999e-02 4.0000000000000001e-03  1.7514392301298993e-03
-3.9000000000000000e-02 1.8000000000000002e-02 4.0000000000000001e-03  1.7573827916253365e-03
-3.9000000000000000e-02 2.1000000000000005e-02 4.0000000000000001e-03  1.7691597535501959e-03
-3.9000000000000000e-02 2.4000000000000007e-02 4.0000000000000001e-03  1.7867628062540675e-03
-3.9000000000000000e-02 2.7000000000000010e-02 4.0000000000000001e-03  1.8289780164362289e-03
-3.9000000000000000e-02 2.9999999999999999e-02 4.0000000000000001e-03  1.8729430515376942e-03
-3.9000000000000000e-02 3.3000000000000002e-02 4.0000000000000001e-03  1.9129169495611447e-03
-3.9000000000000000e-02 3.6000000000000004e-02 4.0000000000000001e-03  1.9514615136934034e-03
-3.9000000000000000e-02 3.9000000000000007e-02 4.0000000000000001e-03  1.9727554347720778e-03
-3.9000000000000000e-02 4.2000000000000010e-02 4.0000000000000001e-03  1.9649862286563978e-03
-3.9000000000000000e-02 4.4999999999999998e-02 4.0000000000000001e-03  2.1666378573895122e-03
-3.5999999999999997e-02 -4.4999999999999998e-02 4.0000000000000001e-03  2.1442353730646139e-03
-3.5999999999999997e-02 -4.1999999999999996e-02 4.0000000000000001e-03  1.9540865144378962e-03
-3.5999999999999997e-02 -3.9000000000000000e-02 4.0000000000000001e-03  1.8612307855773481e-03
-3.5999999999999997e-02 -3.5999999999999997e-02 4.0000000000000001e-03  1.8121620761223387e-03
-3.5999999999999997e-02 -3.3000000000000002e-02 4.0000000000000001e-03  1.7579715911259443e-03
-3.5999999999999997e-02 -2.9999999999999999e-02 4.0000000000000001e-03  1.7206879656133059e-03
-3.5999999999999997e-02 -2.6999999999999996e-02 4.0000000000000001e-03  1.6978131010450600e-03
-3.5999999999999997e-02 -2.3999999999999997e-02 4.0000000000000001e-03  1.6612260898791861e-03
-3.5999999999999997e-02 -2.0999999999999998e-02 4.0000000000000001e-03  1.6428426555448077e-03
-3.5999999999999997e-02 -1.7999999999999999e-02 4.0000000000000001e-03  1.6263333781910251e-03
-3.5999999999999997e-02 -1.4999999999999999e-02 4.0000000000000001e-03  1.6126686630537322e-03
-3.5999999999999997e-02 -1.1999999999999997e-02 4.0000000000000001e-03  1.6024355977972931e-03
-3.5999999999999997e-02 -8.9999999999999941e-03 4.0000000000000001e-03  1.5976607050419583e-03
-3.5999999999999997e-02 -5.9999999999999984e-03 4.0000000000000001e-03  1.5970539358280617e-03
-3.5999999999999997e-02 -2.9999999999999957e-03 4.0000000000000001e-03  1.5784084739609056e-03
-3.5999999999999997e-02 0.0000000000000000e+00 4.0000000000000001e-03  1.5838456837153230e-03
-3.5999999999999997e-02 3.0000000000000027e-03 4.0000000000000001e-03  1.5952087633460464e-03
-3.5999999999999997e-02 6.0000000000000053e-03 4.0000000000000001e-03  1.6171334480933805e-03
-3.5999999999999997e-02 9.0000000000000011e-03 4.0000000000000001e-03  1.6277067220043988e-03
-3.5999999999999997e-02 1.2000000000000004e-02 4.0000000000000001e-03  1.6793268198500076e-03
-3.5999999999999997e-02 1.4999999999999999e-02 4.0000000000000001e-03  1.7078417165991950e-03
-3.5999999999999997e-02 1.8000000000000002e-02 4.0000000000000001e-03  1.7171564532778075e-03
-3.5999999999999997e-02 2.1000000000000005e-02 4.0000000000000001e-03  1.7289043771458671e-03
-3.5999999999999997e-02 2.4000000000000007e-02 4.0000000000000001e-03  1.7466607882592943e-03
-3.5999999999999997e-02 2.7000000000000010e-02 4.0000000000000001e-03  1.7653295686020976e-03
-3.5999999999999997e-02 2.9999999999999999e-02 4.0000000000000001e-03  1.8148432308372395e-03
-3.5999999999999997e-02 3.3000000000000002e-02 4.0000000000000001e-03  1.8615725365821545e-03
-3.5999999999999997e-02 3.6000000000000004e-02 4.0000000000000001e-03  1.9060863497931929e-03
-3.5999999999999997e-02 3.9000000000000007e-02 4.0000000000000001e-03  1.9107925271867479e-03
-3.5999999999999997e-02 4.2000000000000010e-02 4.0000000000000001e-03  1.9181951349530847e-03
-3.5999999999999997e-02 4.4999999999999998e-02 4.0000000000000001e-03  2.1067475608855771e-03
-3.3000000000000002e-02 -4.4999999999999998e-02 4.0000000000000001e-03  2.1019672368590282e-03
-3.3000000000000002e-02 -4.1999999999999996e-02 4.0000000000000001e-03  1.9145091233014261e-03
-3.3000000000000002e-02 -3.9000000000000000e-02 4.0000000000000001e-03  1.8239844194971287e-03
-3.3000000000000002e-02 -3.5999999999999997e-02 4.0000000000000001e-03  1.7728908181250938e-03
-3.3000000000000002e-02 -3.3000000000000002e-02 4.0000000000000001e-03  1.7240544656882710e-03
-3.3000000000000002e-02 -2.9999999999999999e-02 4.0000000000000001e-03  1.6685311492206573e-03
-3.3000000000000002e-02 -2.6999999999999996e-02 4.0000000000000001e-03  1.6401582401350918e-03
-3.3000000000000002e-02 -2.3999999999999997e-02 4.0000000000000001e-03  1.6222972296585799e-03
-3.3000000000000002e-02 -2.0999999999999998e-02 4.0000000000000001e-03  1.6080250139242065e-03
-3.3000000000000002e-02 -1.7999999999999999e-02 4.0000000000000001e-03  1.5901441174996636e-03
-3.3000000000000002e-02 -1.4999999999999999e-02 4.0000000000000001e-03  1.5751098412530231e-03
-3.3000000000000002e-02 -1.1999999999999997e-02 4.0000000000000001e-03  1.5632269846984220e-03
-3.3000000000000002e-02 -8.9999999999999941e-03 4.0000000000000001e-03  1.5546930140894380e-03
-3.3000000000000002e-02 -5.9999999999999984e-03 4.0000000000000001e-03  1.5520886199768991e-03
-3.3000000000000002e-02 -2.9999999999999957e-03 4.0000000000000001e-03  1.5614654329760380e-03
-3.3000000000000002e-02 0.0000000000000000e+00 4.0000000000000001e-03  1.5602539619699997e-03
-3.3000000000000002e-02 3.0000000000000027e-03 4.0000000000000001e-03  1.5609939401221976e-03
-3.3000000000000002e-02 6.0000000000000053e-03 4.0000000000000001e-03  1.5788802870651663e-03
-3.3000000000000002e-02 9.0000000000000011e-03 4.0000000000000001e-03  1.5977037871855030e-03
-3.3000000000000002e-02 1.2000000000000004e-02 4.0000000000000001e-03  1.6283450800287245e-03
-3.3000000000000002e-02 1.4999999999999999e-02 4.0000000000000001e-03  1.6593465613237394e-03
-3.3000000000000002e-02 1.8000000000000002e-02 4.0000000000000001e-03  1.6769624816886331e-03
-3.3000000000000002e-02 2.1000000000000005e-02 4.0000000000000001e-03  1.6890563943905252e-03
-3.3000000000000002e-02 2.4000000000000007e-02 4.0000000000000001e-03  1.7081909471505776e-03
-3.3000000000000002e-02 2.7000000000000010e-02 4.0000000000000001e-03  1.7258428872482029e-03
-3.3000000000000002e-02 2.9999999999999999e-02 4.0000000000000001e-03  1.7422261929057711e-03
-3.3000000000000002e-02 3.3000000000000002e-02 4.0000000000000001e-03  1.7955683396761719e-03
-3.3000000000000002e-02 3.6000000000000004e-02 4.0000000000000001e-03  1.8411857110583552e-03
-3.3000000000000002e-02 3.9000000000000007e-02 4.0000000000000001e-03  1.8728262290485347e-03
-3.3000000000000002e-02 4.2000000000000010e-02 4.0000000000000001e-03  1.8771219980816467e-03
-3.3000000000000002e-02 4.4999999999999998e-02 4.0000000000000001e-03  2.0797946941884214e-03
-2.9999999999999999e-02 -4.4999999999999998e-02 4.0000000000000001e-03  2.0318045989745075e-03
-2.9999999999999999e-02 -4.1999999999999996e-02 4.0000000000000001e-03  1.9101465679819435e-03
-2.9999999999999999e-02 -3.9000000000000000e-02 4.0000000000000001e-03  1.8183064220407136e-03
-2.9999999999999999e-02 -3.5999999999999997e-02 4.0000000000000001e-03  1.7341110586861603e-03
-2.9999999999999999e-02 -3.3000000000000002e-02 4.0000000000000001e-03  1.6924197004750203e-03
-2.9999999999999999e-02 -2.9999999999999999e-02 4.0000000000000001e-03  1.6414771503374800e-03
-2.9999999999999999e-02 -2.6999999999999996e-02 4.0000000000000001e-03  1.6095598078857401e-03
-2.9999999999999999e-02 -2.3999999999999997e-02 4.0000000000000001e-03  1.5875890806825816e-03
-2.9999999999999999e-02 -2.0999999999999998e-02 4.0000000000000001e-03  1.5715104546655890e-03
-2.9999999999999999e-02 -1.7999999999999999e-02 4.0000000000000001e-03  1.5574631955826252e-03
-2.9999999999999999e-02 -1.4999999999999999e-02 4.0000000000000001e-03  1.5411149061936328e-03
-2.9999999999999999e-02 -1.1999999999999997e-02 4.0000000000000001e-03  1.5287685278593910e-03
-2.9999999999999999e-02 -8.9999999999999941e-03 4.0000000000000001e-03  1.5196666310841535e-03
-2.9999999999999999e-02 -5.9999999999999984e-03 4.0000000000000001e-03  1.5269656572043783e-03
-2.9999999999999999e-02 -2.9999999999999957e-03 4.0000000000000001e-03  1.5285815364867168e-03
-2.9999999999999999e-02 0.0000000000000000e+00 4.0000000000000001e-03  1.5325348028771097e-03
-2.9999999999999999e-02 3.0000000000000027e-03 4.0000000000000001e-03  1.5419788328213345e-03
-2.9999999999999999e-02 6.0000000000000053e-03 4.0000000000000001e-03  1.5576767578235873e-03
-2.9999999999999999e-02 9.0000000000000011e-03 4.0000000000000001e-03  1.5681395173362416e-03
-2.9999999999999999e-02 1.2000000000000004e-02 4.0000000000000001e-03  1.5804465162555393e-03
-2.9999999999999999e-02 1.4999999999999999e-02 4.0000000000000001e-03  1.6140561948629389e-03
-2.9999999999999999e-02 1.8000000000000002e-02 4.0000000000000001e-03  1.6355136046737396e-03
-2.9999999999999999e-02 2.1000000000000005e-02 4.0000000000000001e-03  1.6533851267439275e-03
-2.9999999999999999e-02 2.4000000000000007e-02 4.0000000000000001e-03  1.6714845837380475e-03
-2.9999999999999999e-02 2.7000000000000010e-02 4.0000000000000001e-03  1.6881022359987302e-03
-2.9999999999999999e-02 2.9999999999999999e-02 4.0000000000000001e-03  1.7031946247006750e-03
-2.9999999999999999e-02 3.3000000000000002e-02 4.0000000000000001e-03  1.7369500121573083e-03
-2.9999999999999999e-02 3.6000000000000004e-02 4.0000000000000001e-03  1.7720578753997835e-03
-2.9999999999999999e-02 3.9000000000000007e-02 4.0000000000000001e-03  1.7983137852622389e-03
-2.9999999999999999e-02 4.2000000000000010e-02 4.0000000000000001e-03  1.8531518011730616e-03
-2.9999999999999999e-02 4.4999999999999998e-02 4.0000000000000001e-03  2.0726584895328880e-03
-2.6999999999999996e-02 -4.4999999999999998e-02 4.0000000000000001e-03  2.0524665048630921e-03
-2.6999999999999996e-02 -4.1999999999999996e-02 4.0000000000000001e-03  1.9279432438662879e-03
-2.6999999999999996e-02 -3.9000000000000000e-02 4.0000000000000001e-03  1.7924150103011765e-03
-2.6999999999999996e-02 -3.5999999999999997e-02 4.0000000000000001e-03  1.6919612618729910e-03
-2.6999999999999996e-02 -3.3000000000000002e-02 4.0000000000000001e-03  1.6389402198984558e-03
-2.6999999999999996e-02 -2.9999999999999999e-02 4.0000000000000001e-03  1.6018813128661237e-03
-2.6999999999999996e-02 -2.6999999999999996e-02 4.0000000000000001e-03  1.5827291466522485e-03
-2.6999999999999996e-02 -2.3999999999999997e-02 4.0000000000000001e-03  1.5576649061170961e-03
-2.6999999999999996e-02 -2.0999999999999998e-02 4.0000000000000001e-03  1.5386717246991251e-03
-2.6999999999999996e-02 -1.7999999999999999e-02 4.0000000000000001e-03  1.5243814830536342e-03
-2.6999999999999996e-02 -1.4999999999999999e-02 4.0000000000000001e-03  1.5113502485102331e-03
-2.6999999999999996e-02 -1.1999999999999997e-02 4.0000000000000001e-03  1.4983815605132387e-03
-2.6999999999999996e-02 -8.9999999999999941e-03 4.0000000000000001e-03  1.4886796781626221e-03
-2.6999999999999996e-02 -5.9999999999999984e-03 4.0000000000000001e-03  1.4974161322511505e-03
-2.6999999999999996e-02 -2.9999999999999957e-03 4.0000000000000001e-03  1.5000263761619284e-03
-2.6999999999999996e-02 0.0000000000000000e+00 4.0000000000000001e-03  1.5113514999207673e-03
-2.6999999999999996e-02 3.0000000000000027e-03 4.0000000000000001e-03  1.5213379958841883e-03
-2.6999999999999996e-02 6.0000000000000053e-03 4.0000000000000001e-03  1.5298188714726918e-03
-2.6999999999999996e-02 9.0000000000000011e-03 4.0000000000000001e-03  1.5389746232361773e-03
-2.6999999999999996e-02 1.2000000000000004e-02 4.0000000000000001e-03  1.5501851513407253e-03
-2.6999999999999996e-02 1.4999999999999999e-02 4.0000000000000001e-03  1.5718543487312437e-03
-2.6999999999999996e-02 1.8000000000000002e-02 4.0000000000000001e-03  1.5958750856914555e-03
-2.6999999999999996e-02 2.1000000000000005e-02 4.0000000000000001e-03  1.6194209959955663e-03
-2.6999999999999996e-02 2.4000000000000007e-02 4.0000000000000001e-03  1.6364485700674472e-03
-2.6999999999999996e-02 2.7000000000000010e-02 4.0000000000000001e-03  1.6520191127009987e-03
-2.6999999999999996e-02 2.9999999999999999e-02 4.0000000000000001e-03  1.6745569381228162e-03
-2.6999999999999996e-02 3.3000000000000002e-02 4.0000000000000001e-03  1.7220946663156515e-03
-2.6999999999999996e-02 3.6000000000000004e-02 4.0000000000000001e-03  1.7514636208213709e-03
-2.6999999999999996e-02 3.9000000000000007e-02 4.0000000000000001e-03  1.7966336347736251e-03
-2.6999999999999996e-02 4.2000000000000010e-02 4.0000000000000001e-03  1.8674378163318396e-03
-2.6999999999999996e-02 4.4999999999999998e-02 4.0000000000000001e-03  2.0650416931311164e-03
-2.3999999999999997e-02 -4.4999999999999998e-02 4.0000000000000001e-03  2.0807462583300688e-03
-2.3999999999999997e-02 -4.1999999999999996e-02 4.0000000000000001e-03  1.8996424263875830e-03
-2.3999999999999997e-02 -3.9000000000000000e-02 4.0000000000000001e-03  1.7497964273334270e-03
-2.3999999999999997e-02 -3.5999999999999997e-02 4.0000000000000001e-03  1.6495197706140375e-03
-2.3999999999999997e-02 -3.3000000000000002e-02 4.0000000000000001e-03  1.5974085196511032e-03
-2.3999999999999997e-02 -2.9999999999999999e-02 4.0000000000000001e-03  1.5829332838378830e-03
-2.3999999999999997e-02 -2.6999999999999996e-02 4.0000000000000001e-03  1.5556337763106820e-03
-2.3999999999999997e-02 -2.3999999999999997e-02 4.0000000000000001e-03  1.5336428320364595e-03
-2.3999999999999997e-02 -2.0999999999999998e-02 4.0000000000000001e-03  1.5098930876041702e-03
-2.3999999999999997e-02 -1.7999999999999999e-02 4.0000000000000001e-03  1.4933921749309426e-03
-2.3999999999999997e-02 -1.4999999999999999e-02 4.0000000000000001e-03  1.4838666196271000e-03
-2.3999999999999997e-02 -1.1999999999999997e-02 4.0000000000000001e-03  1.4720331805568078e-03
-2.3999999999999997e-02 -8.9999999999999941e-03 4.0000000000000001e-03  1.4707985797074211e-03
-2.3999999999999997e-02 -5.9999999999999984e-03 4.0000000000000001e-03  1.4730730422231506e-03
-2.3999999999999997e-02 -2.9999999999999957e-03 4.0000000000000001e-03  1.4834129778423591e-03
-2.3999999999999997e-02 0.0000000000000000e+00 4.0000000000000001e-03  1.4897936255529910e-03
-2.3999999999999997e-02 3.0000000000000027e-03 4.0000000000000001e-03  1.4968464155902066e-03
-2.3999999999999997e-02 6.0000000000000053e-03 4.0000000000000001e-03  1.5045725777355218e-03
-2.3999999999999997e-02 9.0000000000000011e-03 4.0000000000000001e-03  1.5129737850817899e-03
-2.3999999999999997e-02 1.2000000000000004e-02 4.0000000000000001e-03  1.5229118706957599e-03
-2.3999999999999997e-02 1.4999999999999999e-02 4.0000000000000001e-03  1.5341967140414382e-03
-2.3999999999999997e-02 1.8000000000000002e-02 4.0000000000000001e-03  1.5593596092864106e-03
-2.3999999999999997e-02 2.1000000000000005e-02 4.0000000000000001e-03  1.5824648238040033e-03
-2.3999999999999997e-02 2.4000000000000007e-02 4.0000000000000001e-03  1.6029974867678637e-03
-2.3999999999999997e-02 2.7000000000000010e-02 4.0000000000000001e-03  1.6175127237856512e-03
-2.3999999999999997e-02 2.9999999999999999e-02 4.0000000000000001e-03  1.6611521343722208e-03
-2.3999999999999997e-02 3.3000000000000002e-02 4.0000000000000001e-03  1.6919642912057889e-03
-2.3999999999999997e-02 3.6000000000000004e-02 4.0000000000000001e-03  1.7410051251852056e-03
-2.3999999999999997e-02 3.9000000000000007e-02 4.0000000000000001e-03  1.8083435781754717e-03
-2.3999999999999997e-02 4.2000000000000010e-02 4.0000000000000001e-03  1.8958312760018682e-03
-2.3999999999999997e-02 4.4999999999999998e-02 4.0000000000000001e-03  2.0584883556393416e-03
-2.0999999999999998e-02 -4.4999999999999998e-02 4.0000000000000001e-03  2.1116082992296841e-03
-2.0999999999999998e-02 -4.1999999999999996e-02 4.0000000000000001e-03  1.8587939251671346e-03
-2.0999999999999998e-02 -3.9000000000000000e-02 4.0000000000000001e-03  1.7142216879617799e-03
-2.0999999999999998e-02 -3.5999999999999997e-02 4.0000000000000001e-03  1.6192109343800582e-03
-2.0999999999999998e-02 -3.3000000000000002e-02 4.0000000000000001e-03  1.5738943197085100e-03
-2.0999999999999998e-02 -2.9999999999999999e-02 4.0000000000000001e-03  1.5508925081538312e-03
-2.0999999999999998e-02 -2.6999999999999996e-02 4.0000000000000001e-03  1.5360858880928614e-03
-2.0999999999999998e-02 -2.3999999999999997e-02 4.0000000000000001e-03  1.5114845449516856e-03
-2.0999999999999998e-02 -2.0999999999999998e-02 4.0000000000000001e-03  1.4879741625652917e-03
-2.0999999999999998e-02 -1.7999999999999999e-02 4.0000000000000001e-03  1.4664379822864147e-03
-2.0999999999999998e-02 -1.4999999999999999e-02 4.0000000000000001e-03  1.4572578646946748e-03
-2.0999999999999998e-02 -1.1999999999999997e-02 4.0000000000000001e-03  1.4496923363499826e-03
-2.0999999999999998e-02 -8.9999999999999941e-03 4.0000000000000001e-03  1.4521403889735862e-03
-2.0999999999999998e-02 -5.9999999999999984e-03 4.0000000000000001e-03  1.4581082587177272e-03
-2.0999999999999998e-02 -2.9999999999999957e-03 4.0000000000000001e-03  1.4630511278856623e-03
-2.0999999999999998e-02 0.0000000000000000e+00 4.0000000000000001e-03  1.4686679170182028e-03
-2.0999999999999998e-02 3.0000000000000027e-03 4.0000000000000001e-03  1.4749587507510216e-03
-2.0999999999999998e-02 6.0000000000000053e-03 4.0000000000000001e-03  1.4819241970311248e-03
-2.0999999999999998e-02 9.0000000000000011e-03 4.0000000000000001e-03  1.4895652671168631e-03
-2.0999999999999998e-02 1.2000000000000004e-02 4.0000000000000001e-03  1.4978834155779069e-03
-2.0999999999999998e-02 1.4999999999999999e-02 4.0000000000000001e-03  1.5097079179280950e-03
-2.0999999999999998e-02 1.8000000000000002e-02 4.0000000000000001e-03  1.5255376993777092e-03
-2.0999999999999998e-02 2.1000000000000005e-02 4.0000000000000001e-03  1.5464452870959490e-03
-2.0999999999999998e-02 2.4000000000000007e-02 4.0000000000000001e-03  1.5700384441344503e-03
-2.0999999999999998e-02 2.7000000000000010e-02 4.0000000000000001e-03  1.5953417516489487e-03
-2.0999999999999998e-02 2.9999999999999999e-02 4.0000000000000001e-03  1.6275817584657857e-03
-2.0999999999999998e-02 3.3000000000000002e-02 4.0000000000000001e-03  1.6780670722834656e-03
-2.0999999999999998e-02 3.6000000000000004e-02 4.0000000000000001e-03  1.7468696470577111e-03
-2.0999999999999998e-02 3.9000000000000007e-02 4.0000000000000001e-03  1.8340780881905372e-03
-2.0999999999999998e-02 4.2000000000000010e-02 4.0000000000000001e-03  1.9397976525302616e-03
-2.0999999999999998e-02 4.4999999999999998e-02 4.0000000000000001e-03  2.0856932500581430e-03
-1.7999999999999999e-02 -4.4999999999999998e-02 4.0000000000000001e-03  2.1436858054002281e-03
-1.7999999999999999e-02 -4.1999999999999996e-02 4.0000000000000001e-03  1.8305085952165948e-03
-1.7999999999999999e-02 -3.9000000000000000e-02 4.0000000000000001e-03  1.6910730469680588e-03
-1.7999999999999999e-02 -3.5999999999999997e-02 4.0000000000000001e-03  1.6046345199197320e-03
-1.7999999999999999e-02 -3.3000000000000002e-02 4.0000000000000001e-03  1.5630999149499193e-03
-1.7999999999999999e-02 -2.9999999999999999e-02 4.0000000000000001e-03  1.5299034542151221e-03
-1.7999999999999999e-02 -2.6999999999999996e-02 4.0000000000000001e-03  1.5049560188545490e-03
-1.7999999999999999e-02 -2.3999999999999997e-02 4.0000000000000001e-03  1.4881880880759533e-03
-1.7999999999999999e-02 -2.0999999999999998e-02 4.0000000000000001e-03  1.4672208445636863e-03
-1.7999999999999999e-02 -1.7999999999999999e-02 4.0000000000000001e-03  1.4457281067526070e-03
-1.7999999999999999e-02 -1.4999999999999999e-02 4.0000000000000001e-03  1.4373249466634354e-03
-1.7999999999999999e-02 -1.1999999999999997e-02 4.0000000000000001e-03  1.4347308392305567e-03
-1.7999999999999999e-02 -8.9999999999999941e-03 4.0000000000000001e-03  1.4376295634226099e-03
-1.7999999999999999e-02 -5.9999999999999984e-03 4.0000000000000001e-03  1.4411242532831789e-03
-1.7999999999999999e-02 -2.9999999999999957e-03 4.0000000000000001e-03  1.4452968173054388e-03
-1.7999999999999999e-02 0.0000000000000000e+00 4.0000000000000001e-03  1.4501462749792208e-03
-1.7999999999999999e-02 3.0000000000000027e-03 4.0000000000000001e-03  1.4556720891056901e-03
-1.7999999999999999e-02 6.0000000000000053e-03 4.0000000000000001e-03  1.4618741657973465e-03
-1.7999999999999999e-02 9.0000000000000011e-03 4.0000000000000001e-03  1.4687528544780279e-03
-1.7999999999999999e-02 1.2000000000000004e-02 4.0000000000000001e-03  1.4763089478828993e-03
-1.7999999999999999e-02 1.4999999999999999e-02 4.0000000000000001e-03  1.4847162583326494e-03
-1.7999999999999999e-02 1.8000000000000002e-02 4.0000000000000001e-03  1.5015941047960459e-03
-1.7999999999999999e-02 2.1000000000000005e-02 4.0000000000000001e-03  1.5240430880898135e-03
-1.7999999999999999e-02 2.4000000000000007e-02 4.0000000000000001e-03  1.5511969276728254e-03
-1.7999999999999999e-02 2.7000000000000010e-02 4.0000000000000001e-03  1.5721287790798669e-03
-1.7999999999999999e-02 2.9999999999999999e-02 4.0000000000000001e-03  1.6078763345663155e-03
-1.7999999999999999e-02 3.3000000000000002e-02 4.0000000000000001e-03  1.6627977417492709e-03
-1.7999999999999999e-02 3.6000000000000004e-02 4.0000000000000001e-03  1.7369793137688913e-03
-1.7999999999999999e-02 3.9000000000000007e-02 4.0000000000000001e-03  1.8305253586137810e-03
-1.7999999999999999e-02 4.2000000000000010e-02 4.0000000000000001e-03  1.9435581791209997e-03
-1.7999999999999999e-02 4.4999999999999998e-02 4.0000000000000001e-03  2.1242769800886322e-03
-1.4999999999999999e-02 -4.4999999999999998e-02 4.0000000000000001e-03  2.1240048866020887e-03
-1.4999999999999999e-02 -4.1999999999999996e-02 4.0000000000000001e-03  1.8147597495880923e-03
-1.4999999999999999e-02 -3.9000000000000000e-02 4.0000000000000001e-03  1.6803230809244254e-03
-1.4999999999999999e-02 -3.5999999999999997e-02 4.0000000000000001e-03  1.6153767232663496e-03
-1.4999999999999999e-02 -3.3000000000000002e-02 4.0000000000000001e-03  1.5634519995738232e-03
-1.4999999999999999e-02 -2.9999999999999999e-02 4.0000000000000001e-03  1.5199880842434131e-03
-1.4999999999999999e-02 -2.6999999999999996e-02 4.0000000000000001e-03  1.4848658707131671e-03
-1.4999999999999999e-02 -2.3999999999999997e-02 4.0000000000000001e-03  1.4579858504896813e-03
-1.4999999999999999e-02 -2.0999999999999998e-02 4.0000000000000001e-03  1.4392681131481083e-03
-1.4999999999999999e-02 -1.7999999999999999e-02 4.0000000000000001e-03  1.4271574860561260e-03
-1.4999999999999999e-02 -1.4999999999999999e-02 4.0000000000000001e-03  1.4256846958222743e-03
-1.4999999999999999e-02 -1.1999999999999997e-02 4.0000000000000001e-03  1.4242908422133229e-03
-1.4999999999999999e-02 -8.9999999999999941e-03 4.0000000000000001e-03  1.4256040235596174e-03
-1.4999999999999999e-02 -5.9999999999999984e-03 4.0000000000000001e-03  1.4295876610681468e-03
-1.4999999999999999e-02 -2.9999999999999957e-03 4.0000000000000001e-03  1.4342116382164791e-03
-1.4999999999999999e-02 0.0000000000000000e+00 4.0000000000000001e-03  1.4394751487182527e-03
-1.4999999999999999e-02 3.0000000000000027e-03 4.0000000000000001e-03  1.4453777899841762e-03
-1.4999999999999999e-02 6.0000000000000053e-03 4.0000000000000001e-03  1.4519195631220218e-03
-1.4999999999999999e-02 9.0000000000000011e-03 4.0000000000000001e-03  1.4591008729366417e-03
-1.4999999999999999e-02 1.2000000000000004e-02 4.0000000000000001e-03  1.4669225279299437e-03
-1.4999999999999999e-02 1.4999999999999999e-02 4.0000000000000001e-03  1.4758869069125490e-03
-1.4999999999999999e-02 1.8000000000000002e-02 4.0000000000000001e-03  1.4903793242847755e-03
-1.4999999999999999e-02 2.1000000000000005e-02 4.0000000000000001e-03  1.5182531621113077e-03
-1.4999999999999999e-02 2.4000000000000007e-02 4.0000000000000001e-03  1.5417387698934196e-03
-1.4999999999999999e-02 2.7000000000000010e-02 4.0000000000000001e-03  1.5629154449015106e-03
-1.4999999999999999e-02 2.9999999999999999e-02 4.0000000000000001e-03  1.5935705194324184e-03
-1.4999999999999999e-02 3.3000000000000002e-02 4.0000000000000001e-03  1.6433796552049840e-03
-1.4999999999999999e-02 3.6000000000000004e-02 4.0000000000000001e-03  1.7124308925505248e-03
-1.4999999999999999e-02 3.9000000000000007e-02 4.0000000000000001e-03  1.8008302666488107e-03
-1.4999999999999999e-02 4.2000000000000010e-02 4.0000000000000001e-03  1.9377205400758538e-03
-1.4999999999999999e-02 4.4999999999999998e-02 4.0000000000000001e-03  2.1249044159500643e-03
-1.1999999999999997e-02 -4.4999999999999998e-02 4.0000000000000001e-03  2.1170301693111907e-03
-1.1999999999999997e-02 -4.1999999999999996e-02 4.0000000000000001e-03  1.8115282754219565e-03
-1.1999999999999997e-02 -3.9000000000000000e-02 4.0000000000000001e-03  1.7087868158660510e-03
-1.1999999999999997e-02 -3.5999999999999997e-02 4.0000000000000001e-03  1.6375266680571808e-03
-1.1999999999999997e-02 -3.3000000000000002e-02 4.0000000000000001e-03  1.5750575276146210e-03
-1.1999999999999997e-02 -2.9999999999999999e-02 4.0000000000000001e-03  1.5212107022067121e-03
-1.1999999999999997e-02 -2.6999999999999996e-02 4.0000000000000001e-03  1.4753731374827302e-03
-1.1999999999999997e-02 -2.3999999999999997e-02 4.0000000000000001e-03  1.4429211417986243e-03
-1.1999999999999997e-02 -2.0999999999999998e-02 4.0000000000000001e-03  1.4242453304576274e-03
-1.1999999999999997e-02 -1.7999999999999999e-02 4.0000000000000001e-03  1.4190984865400966e-03
-1.1999999999999997e-02 -1.4999999999999999e-02 4.0000000000000001e-03  1.4181659878640010e-03
-1.1999999999999997e-02 -1.1999999999999997e-02 4.0000000000000001e-03  1.4172053935688055e-03
-1.1999999999999997e-02 -8.9999999999999941e-03 4.0000000000000001e-03  1.4164338072968534e-03
-1.1999999999999997e-02 -5.9999999999999984e-03 4.0000000000000001e-03  1.4200109401513931e-03
-1.1999999999999997e-02 -2.9999999999999957e-03 4.0000000000000001e-03  1.4252867556288928e-03
-1.1999999999999997e-02 0.0000000000000000e+00 4.0000000000000001e-03  1.4312021096923768e-03
-1.1999999999999997e-02 3.0000000000000027e-03 4.0000000000000001e-03  1.4377566890052896e-03
-1.1999999999999997e-02 6.0000000000000053e-03 4.0000000000000001e-03  1.4449505839281523e-03
-1.1999999999999997e-02 9.0000000000000011e-03 4.0000000000000001e-03  1.4527842885185458e-03
-1.1999999999999997e-02 1.2000000000000004e-02 4.0000000000000001e-03  1.4613333102388177e-03
-1.1999999999999997e-02 1.4999999999999999e-02 4.0000000000000001e-03  1.4709039012193823e-03
-1.1999999999999997e-02 1.8000000000000002e-02 4.0000000000000001e-03  1.4863559610702010e-03
-1.1999999999999997e-02 2.1000000000000005e-02 4.0000000000000001e-03  1.5117662163166960e-03
-1.1999999999999997e-02 2.4000000000000007e-02 4.0000000000000001e-03  1.5347840902022328e-03
-1.1999999999999997e-02 2.7000000000000010e-02 4.0000000000000001e-03  1.5583244666911935e-03
-1.1999999999999997e-02 2.9999999999999999e-02 4.0000000000000001e-03  1.5838892521839480e-03
-1.1999999999999997e-02 3.3000000000000002e-02 4.0000000000000001e-03  1.6285858459540235e-03
-1.1999999999999997e-02 3.6000000000000004e-02 4.0000000000000001e-03  1.6925040155239082e-03
-1.1999999999999997e-02 3.9000000000000007e-02 4.0000000000000001e-03  1.7888364613380160e-03
-1.1999999999999997e-02 4.2000000000000010e-02 4.0000000000000001e-03  1.9449179008840794e-03
-1.1999999999999997e-02 4.4999999999999998e-02 4.0000000000000001e-03  2.0823488057635999e-03
-8.9999999999999941e-03 -4.4999999999999998e-02 4.0000000000000001e-03  2.1227236230966506e-03
-8.9999999999999941e-03 -4.1999999999999996e-02 4.0000000000000001e-03  1.8449796216696258e-03
-8.9999999999999941e-03 -3.9000000000000000e-02 4.0000000000000001e-03  1.7425966267152289e-03
-8.9999999999999941e-03 -3.5999999999999997e-02 4.0000000000000001e-03  1.6524297292767097e-03
-8.9999999999999941e-03 -3.3000000000000002e-02 4.0000000000000001e-03  1.5771770326249268e-03
-8.9999999999999941e-03 -2.9999999999999999e-02 4.0000000000000001e-03  1.5164580746603996e-03
-8.9999999999999941e-03 -2.6999999999999996e-02 4.0000000000000001e-03  1.4699553511654249e-03
-8.9999999999999941e-03 -2.3999999999999997e-02 4.0000000000000001e-03  1.4374143158040523e-03
-8.9999999999999941e-03 -2.0999999999999998e-02 4.0000000000000001e-03  1.4186433801220985e-03
-8.9999999999999941e-03 -1.7999999999999999e-02 4.0000000000000001e-03  1.4134957248214169e-03
-8.9999999999999941e-03 -1.4999999999999999e-02 4.0000000000000001e-03  1.4137439355006466e-03
-8.9999999999999941e-03 -1.1999999999999997e-02 4.0000000000000001e-03  1.4128724417633803e-03
-8.9999999999999941e-03 -8.9999999999999941e-03 4.0000000000000001e-03  1.4123443179282300e-03
-8.9999999999999941e-03 -5.9999999999999984e-03 4.0000000000000001e-03  1.4121222072272816e-03
-8.9999999999999941e-03 -2.9999999999999957e-03 4.0000000000000001e-03  1.4179838657282381e-03
-8.9999999999999941e-03 0.0000000000000000e+00 4.0000000000000001e-03  1.4245507366162278e-03
-8.9999999999999941e-03 3.0000000000000027e-03 4.0000000000000001e-03  1.4317572603142624e-03
-8.9999999999999941e-03 6.0000000000000053e-03 4.0000000000000001e-03  1.4396036164355918e-03
-8.9999999999999941e-03 9.0000000000000011e-03 4.0000000000000001e-03  1.4478276363262890e-03
-8.9999999999999941e-03 1.2000000000000004e-02 4.0000000000000001e-03  1.4567847423935954e-03
-8.9999999999999941e-03 1.4999999999999999e-02 4.0000000000000001e-03  1.4675587798935047e-03
-8.9999999999999941e-03 1.8000000000000002e-02 4.0000000000000001e-03  1.4826973593092178e-03
-8.9999999999999941e-03 2.1000000000000005e-02 4.0000000000000001e-03  1.5057541728366649e-03
-8.9999999999999941e-03 2.4000000000000007e-02 4.0000000000000001e-03  1.5303334612212967e-03
-8.9999999999999941e-03 2.7000000000000010e-02 4.0000000000000001e-03  1.5565705412540804e-03
-8.9999999999999941e-03 2.9999999999999999e-02 4.0000000000000001e-03  1.5788373554234049e-03
-8.9999999999999941e-03 3.3000000000000002e-02 4.0000000000000001e-03  1.6184219764332091e-03
-8.9999999999999941e-03 3.6000000000000004e-02 4.0000000000000001e-03  1.6774798069647122e-03
-8.9999999999999941e-03 3.9000000000000007e-02 4.0000000000000001e-03  1.8026638785456728e-03
-8.9999999999999941e-03 4.2000000000000010e-02 4.0000000000000001e-03  1.9086076887992905e-03
-8.9999999999999941e-03 4.4999999999999998e-02 4.0000000000000001e-03  1.9975576886760910e-03
-5.9999999999999984e-03 -4.4999999999999998e-02 4.0000000000000001e-03  2.1346457339836544e-03
-5.9999999999999984e-03 -4.1999999999999996e-02 4.0000000000000001e-03  1.8330942848937867e-03
-5.9999999999999984e-03 -3.9000000000000000e-02 4.0000000000000001e-03  1.7399487819196788e-03
-5.9999999999999984e-03 -3.5999999999999997e-02 4.0000000000000001e-03  1.6496742206919561e-03
-5.9999999999999984e-03 -3.3000000000000002e-02 4.0000000000000001e-03  1.5743260059208216e-03
-5.9999999999999984e-03 -2.9999999999999999e-02 4.0000000000000001e-03  1.5135187346963727e-03
-5.9999999999999984e-03 -2.6999999999999996e-02 4.0000000000000001e-03  1.4669299619904507e-03
-5.9999999999999984e-03 -2.3999999999999997e-02 4.0000000000000001e-03  1.4343002006566754e-03
-5.9999999999999984e-03 -2.0999999999999998e-02 4.0000000000000001e-03  1.4154329214304316e-03
-5.9999999999999984e-03 -1.7999999999999999e-02 4.0000000000000001e-03  1.4102656792585335e-03
-5.9999999999999984e-03 -1.4999999999999999e-02 4.0000000000000001e-03  1.4118036870855552e-03
-5.9999999999999984e-03 -1.1999999999999997e-02 4.0000000000000001e-03  1.4120637591183900e-03
-5.9999999999999984e-03 -8.9999999999999941e-03 4.0000000000000001e-03  1.4112293019660569e-03
-5.9999999999999984e-03 -5.9999999999999984e-03 4.0000000000000001e-03  1.4110970192947540e-03
-5.9999999999999984e-03 -2.9999999999999957e-03 4.0000000000000001e-03  1.4113544756289914e-03
-5.9999999999999984e-03 0.0000000000000000e+00 4.0000000000000001e-03  1.4195300155742843e-03
-5.9999999999999984e-03 3.0000000000000027e-03 4.0000000000000001e-03  1.4273883880338600e-03
-5.9999999999999984e-03 6.0000000000000053e-03 4.0000000000000001e-03  1.4353742490059987e-03
-5.9999999999999984e-03 9.0000000000000011e-03 4.0000000000000001e-03  1.4436245974385768e-03
-5.9999999999999984e-03 1.2000000000000004e-02 4.0000000000000001e-03  1.4544894647626069e-03
-5.9999999999999984e-03 1.4999999999999999e-02 4.0000000000000001e-03  1.4645739245907361e-03
-5.9999999999999984e-03 1.8000000000000002e-02 4.0000000000000001e-03  1.4778422197216806e-03
-5.9999999999999984e-03 2.1000000000000005e-02 4.0000000000000001e-03  1.5022442424860944e-03
-5.9999999999999984e-03 2.4000000000000007e-02 4.0000000000000001e-03  1.5283873696811496e-03
-5.9999999999999984e-03 2.7000000000000010e-02 4.0000000000000001e-03  1.5561950456831561e-03
-5.9999999999999984e-03 2.9999999999999999e-02 4.0000000000000001e-03  1.5784196184377957e-03
-5.9999999999999984e-03 3.3000000000000002e-02 4.0000000000000001e-03  1.6128936757638516e-03
-5.9999999999999984e-03 3.6000000000000004e-02 4.0000000000000001e-03  1.6980244239896444e-03
-5.9999999999999984e-03 3.9000000000000007e-02 4.0000000000000001e-03  1.7726494782708340e-03
-5.9999999999999984e-03 4.2000000000000010e-02 4.0000000000000001e-03  1.8297408410251248e-03
-5.9999999999999984e-03 4.4999999999999998e-02 4.0000000000000001e-03  1.9098703633924127e-03
-2.9999999999999957e-03 -4.4999999999999998e-02 4.0000000000000001e-03  2.1062260125004500e-03
-2.9999999999999957e-03 -4.1999999999999996e-02 4.0000000000000001e-03  1.8036186084000338e-03
-2.9999999999999957e-03 -3.9000000000000000e-02 4.0000000000000001e-03  1.7230366184289836e-03
-2.9999999999999957e-03 -3.5999999999999997e-02 4.0000000000000001e-03  1.6492991402616702e-03
-2.9999999999999957e-03 -3.3000000000000002e-02 4.0000000000000001e-03  1.5738607596111349e-03
-2.9999999999999957e-03 -2.9999999999999999e-02 4.0000000000000001e-03  1.5129689944584979e-03
-2.9999999999999957e-03 -2.6999999999999996e-02 4.0000000000000001e-03  1.4662964589651751e-03
-2.9999999999999957e-03 -2.3999999999999997e-02 4.0000000000000001e-03  1.4335787251743403e-03
-2.9999999999999957e-03 -2.0999999999999998e-02 4.0000000000000001e-03  1.4146143230109405e-03
-2.9999999999999957e-03 -1.7999999999999999e-02 4.0000000000000001e-03  1.4094089612061121e-03
-2.9999999999999957e-03 -1.4999999999999999e-02 4.0000000000000001e-03  1.4122390169738592e-03
-2.9999999999999957e-03 -1.1999999999999997e-02 4.0000000000000001e-03  1.4137877418732500e-03
-2.9999999999999957e-03 -8.9999999999999941e-03 4.0000000000000001e-03  1.4140511672862935e-03
-2.9999999999999957e-03 -5.9999999999999984e-03 4.0000000000000001e-03  1.4132340750861586e-03
-2.9999999999999957e-03 -2.9999999999999957e-03 4.0000000000000001e-03  1.4134637121370930e-03
-2.9999999999999957e-03 0.0000000000000000e+00 4.0000000000000001e-03  1.4141334236362588e-03
-2.9999999999999957e-03 3.0000000000000027e-03 4.0000000000000001e-03  1.4239836744114824e-03
-2.9999999999999957e-03 6.0000000000000053e-03 4.0000000000000001e-03  1.4314266331977689e-03
-2.9999999999999957e-03 9.0000000000000011e-03 4.0000000000000001e-03  1.4423876623854048e-03
-2.9999999999999957e-03 1.2000000000000004e-02 4.0000000000000001e-03  1.4525600279699043e-03
-2.9999999999999957e-03 1.4999999999999999e-02 4.0000000000000001e-03  1.4635351917553349e-03
-2.9999999999999957e-03 1.8000000000000002e-02 4.0000000000000001e-03  1.4752694833079024e-03
-2.9999999999999957e-03 2.1000000000000005e-02 4.0000000000000001e-03  1.5012369819726000e-03
-2.9999999999999957e-03 2.4000000000000007e-02 4.0000000000000001e-03  1.5289462164208105e-03
-2.9999999999999957e-03 2.7000000000000010e-02 4.0000000000000001e-03  1.5583263727355569e-03
-2.9999999999999957e-03 2.9999999999999999e-02 4.0000000000000001e-03  1.5826407971986317e-03
-2.9999999999999957e-03 3.3000000000000002e-02 4.0000000000000001e-03  1.6308430082727576e-03
-2.9999999999999957e-03 3.6000000000000004e-02 4.0000000000000001e-03  1.6807803443834183e-03
-2.9999999999999957e-03 3.9000000000000007e-02 4.0000000000000001e-03  1.7398870835526766e-03
-2.9999999999999957e-03 4.2000000000000010e-02 4.0000000000000001e-03  1.8083554678481155e-03
-2.9999999999999957e-03 4.4999999999999998e-02 4.0000000000000001e-03  1.8872437240628924e-03
0.0000000000000000e+00 -4.4999999999999998e-02 4.0000000000000001e-03  2.0552621699941672e-03
0.0000000000000000e+00 -4.1999999999999996e-02 4.0000000000000001e-03  1.7793345971013894e-03
0.0000000000000000e+00 -3.9000000000000000e-02 4.0000000000000001e-03  1.6998222611078714e-03
0.0000000000000000e+00 -3.5999999999999997e-02 4.0000000000000001e-03  1.6321273418123607e-03
0.0000000000000000e+00 -3.3000000000000002e-02 4.0000000000000001e-03  1.5738399111339583e-03
0.0000000000000000e+00 -2.9999999999999999e-02 4.0000000000000001e-03  1.5148084094913545e-03
0.0000000000000000e+00 -2.6999999999999996e-02 4.0000000000000001e-03  1.4680548374446454e-03
0.0000000000000000e+00 -2.3999999999999997e-02 4.0000000000000001e-03  1.4352503245225665e-03
0.0000000000000000e+00 -2.0999999999999998e-02 4.0000000000000001e-03  1.4161884598396226e-03
0.0000000000000000e+00 -1.7999999999999999e-02 4.0000000000000001e-03  1.4109267239353301e-03
0.0000000000000000e+00 -1.4999999999999999e-02 4.0000000000000001e-03  1.4150500217330242e-03
0.0000000000000000e+00 -1.1999999999999997e-02 4.0000000000000001e-03  1.4178899037723841e-03
0.0000000000000000e+00 -8.9999999999999941e-03 4.0000000000000001e-03  1.4194424809172144e-03
0.0000000000000000e+00 -5.9999999999999984e-03 4.0000000000000001e-03  1.4197040154555816e-03
0.0000000000000000e+00 -2.9999999999999957e-03 4.0000000000000001e-03  1.4159968659705968e-03
0.0000000000000000e+00 0.0000000000000000e+00 4.0000000000000001e-03  1.4181479052510625e-03
0.0000000000000000e+00 3.0000000000000027e-03 4.0000000000000001e-03  1.4201993866155651e-03
0.0000000000000000e+00 6.0000000000000053e-03 4.0000000000000001e-03  1.4312585828224293e-03
0.0000000000000000e+00 9.0000000000000011e-03 4.0000000000000001e-03  1.4415229499311730e-03
0.0000000000000000e+00 1.2000000000000004e-02 4.0000000000000001e-03  1.4529728963436073e-03
0.0000000000000000e+00 1.4999999999999999e-02 4.0000000000000001e-03  1.4657613461647914e-03
0.0000000000000000e+00 1.8000000000000002e-02 4.0000000000000001e-03  1.4783878530120512e-03
0.0000000000000000e+00 2.1000000000000005e-02 4.0000000000000001e-03  1.5027328621122838e-03
0.0000000000000000e+00 2.4000000000000007e-02 4.0000000000000001e-03  1.5320103163877943e-03
0.0000000000000000e+00 2.7000000000000010e-02 4.0000000000000001e-03  1.5629646814902037e-03
0.0000000000000000e+00 2.9999999999999999e-02 4.0000000000000001e-03  1.5973790689753074e-03
0.0000000000000000e+00 3.3000000000000002e-02 4.0000000000000001e-03  1.6346895541333604e-03
0.0000000000000000e+00 3.6000000000000004e-02 4.0000000000000001e-03  1.6793556186973247e-03
0.0000000000000000e+00 3.9000000000000007e-02 4.0000000000000001e-03  1.7323242118712050e-03
0.0000000000000000e+00 4.2000000000000010e-02 4.0000000000000001e-03  1.7946168517689867e-03
0.0000000000000000e+00 4.4999999999999998e-02 4.0000000000000001e-03  1.8693836891645426e-03
3.0000000000000027e-03 -4.4999999999999998e-02 4.0000000000000001e-03  2.0024544080874660e-03
3.0000000000000027e-03 -4.1999999999999996e-02 4.0000000000000001e-03  1.8087250269410492e-03
3.0000000000000027e-03 -3.9000000000000000e-02 4.0000000000000001e-03  1.6793341263504327e-03
3.0000000000000027e-03 -3.5999999999999997e-02 4.0000000000000001e-03  1.6149136229926561e-03
3.0000000000000027e-03 -3.3000000000000002e-02 4.0000000000000001e-03  1.5598331593856486e-03
3.0000000000000027e-03 -2.9999999999999999e-02 4.0000000000000001e-03  1.5140223962752269e-03
3.0000000000000027e-03 -2.6999999999999996e-02 4.0000000000000001e-03  1.4722055991315815e-03
3.0000000000000027e-03 -2.3999999999999997e-02 4.0000000000000001e-03  1.4393159402145443e-03
3.0000000000000027e-03 -2.0999999999999998e-02 4.0000000000000001e-03  1.4201567132401437e-03
3.0000000000000027e-03 -1.7999999999999999e-02 4.0000000000000001e-03  1.4148206626338825e-03
3.0000000000000027e-03 -1.4999999999999999e-02 4.0000000000000001e-03  1.4202373398470320e-03
3.0000000000000027e-03 -1.1999999999999997e-02 4.0000000000000001e-03  1.4243698265960579e-03
3.0000000000000027e-03 -8.9999999999999941e-03 4.0000000000000001e-03  1.4272143132265623e-03
3.0000000000000027e-03 -5.9999999999999984e-03 4.0000000000000001e-03  1.4247182690576212e-03
3.0000000000000027e-03 -2.9999999999999957e-03 4.0000000000000001e-03  1.4209299630878228e-03
3.0000000000000027e-03 0.0000000000000000e+00 4.0000000000000001e-03  1.4159981338762511e-03
3.0000000000000027e-03 3.0000000000000027e-03 4.0000000000000001e-03  1.4205469214778087e-03
3.0000000000000027e-03 6.0000000000000053e-03 4.0000000000000001e-03  1.4314699437521670e-03
3.0000000000000027e-03 9.0000000000000011e-03 4.0000000000000001e-03  1.4432450599397486e-03
3.0000000000000027e-03 1.2000000000000004e-02 4.0000000000000001e-03  1.4571409238476540e-03
3.0000000000000027e-03 1.4999999999999999e-02 4.0000000000000001e-03  1.4708769449340965e-03
3.0000000000000027e-03 1.8000000000000002e-02 4.0000000000000001e-03  1.4844501017451733e-03
3.0000000000000027e-03 2.1000000000000005e-02 4.0000000000000001e-03  1.5067322678297315e-03
3.0000000000000027e-03 2.4000000000000007e-02 4.0000000000000001e-03  1.5375798986380980e-03
3.0000000000000027e-03 2.7000000000000010e-02 4.0000000000000001e-03  1.5701100451345057e-03
3.0000000000000027e-03 2.9999999999999999e-02 4.0000000000000001e-03  1.6106900235125241e-03
3.0000000000000027e-03 3.3000000000000002e-02 4.0000000000000001e-03  1.6420583613408594e-03
3.0000000000000027e-03 3.6000000000000004e-02 4.0000000000000001e-03  1.6806644018023962e-03
3.0000000000000027e-03 3.9000000000000007e-02 4.0000000000000001e-03  1.7274929543319437e-03
3.0000000000000027e-03 4.2000000000000010e-02 4.0000000000000001e-03  1.7840932474876136e-03
3.0000000000000027e-03 4.4999999999999998e-02 4.0000000000000001e-03  1.8690860634828551e-03
6.0000000000000053e-03 -4.4999999999999998e-02 4.0000000000000001e-03  1.9901304059946803e-03
6.0000000000000053e-03 -4.1999999999999996e-02 4.0000000000000001e-03  1.8200540891933328e-03
6.0000000000000053e-03 -3.9000000000000000e-02 4.0000000000000001e-03  1.6615506118281766e-03
6.0000000000000053e-03 -3.5999999999999997e-02 4.0000000000000001e-03  1.6003501807472927e-03
6.0000000000000053e-03 -3.3000000000000002e-02 4.0000000000000001e-03  1.5484273205321104e-03
6.0000000000000053e-03 -2.9999999999999999e-02 4.0000000000000001e-03  1.5057132406480496e-03
6.0000000000000053e-03 -2.6999999999999996e-02 4.0000000000000001e-03  1.4721326021263385e-03
6.0000000000000053e-03 -2.3999999999999997e-02 4.0000000000000001e-03  1.4457770201111459e-03
6.0000000000000053e-03 -2.0999999999999998e-02 4.0000000000000001e-03  1.4265209708838459e-03
6.0000000000000053e-03 -1.7999999999999999e-02 4.0000000000000001e-03  1.4210930144059795e-03
6.0000000000000053e-03 -1.4999999999999999e-02 4.0000000000000001e-03  1.4278021517163835e-03
6.0000000000000053e-03 -1.1999999999999997e-02 4.0000000000000001e-03  1.4327880119426764e-03
6.0000000000000053e-03 -8.9999999999999941e-03 4.0000000000000001e-03  1.4318485807976054e-03
6.0000000000000053e-03 -5.9999999999999984e-03 4.0000000000000001e-03  1.4297934862030038e-03
6.0000000000000053e-03 -2.9999999999999957e-03 4.0000000000000001e-03  1.4266039889700973e-03
6.0000000000000053e-03 0.0000000000000000e+00 4.0000000000000001e-03  1.4244610893855720e-03
6.0000000000000053e-03 3.0000000000000027e-03 4.0000000000000001e-03  1.4274966806062704e-03
6.0000000000000053e-03 6.0000000000000053e-03 4.0000000000000001e-03  1.4343624265852183e-03
6.0000000000000053e-03 9.0000000000000011e-03 4.0000000000000001e-03  1.4493592203650046e-03
6.0000000000000053e-03 1.2000000000000004e-02 4.0000000000000001e-03  1.4642013406901018e-03
6.0000000000000053e-03 1.4999999999999999e-02 4.0000000000000001e-03  1.4788826373841922e-03
6.0000000000000053e-03 1.8000000000000002e-02 4.0000000000000001e-03  1.4934007787375753e-03
6.0000000000000053e-03 2.1000000000000005e-02 4.0000000000000001e-03  1.5132354981580293e-03
6.0000000000000053e-03 2.4000000000000007e-02 4.0000000000000001e-03  1.5456551063362141e-03
6.0000000000000053e-03 2.7000000000000010e-02 4.0000000000000001e-03  1.5742001164364590e-03
6.0000000000000053e-03 2.9999999999999999e-02 4.0000000000000001e-03  1.6222024103225556e-03
6.0000000000000053e-03 3.3000000000000002e-02 4.0000000000000001e-03  1.6521558599663293e-03
6.0000000000000053e-03 3.6000000000000004e-02 4.0000000000000001e-03  1.6847053900509057e-03
6.0000000000000053e-03 3.9000000000000007e-02 4.0000000000000001e-03  1.7253928577527478e-03
6.0000000000000053e-03 4.2000000000000010e-02 4.0000000000000001e-03  1.7848727911634239e-03
6.0000000000000053e-03 4.4999999999999998e-02 4.0000000000000001e-03  1.8708436066300464e-03
9.0000000000000011e-03 -4.4999999999999998e-02 4.0000000000000001e-03  2.0082468211873846e-03
9.0000000000000011e-03 -4.1999999999999996e-02 4.0000000000000001e-03  1.8258583114950850e-03
9.0000000000000011e-03 -3.9000000000000000e-02 4.0000000000000001e-03  1.6673897328555874e-03
9.0000000000000011e-03 -3.5999999999999997e-02 4.0000000000000001e-03  1.5884438355142378e-03
9.0000000000000011e-03 -3.3000000000000002e-02 4.0000000000000001e-03  1.5396407203643533e-03
9.0000000000000011e-03 -2.9999999999999999e-02 4.0000000000000001e-03  1.4999904453614024e-03
9.0000000000000011e-03 -2.6999999999999996e-02 4.0000000000000001e-03  1.4694192202562124e-03
9.0000000000000011e-03 -2.3999999999999997e-02 4.0000000000000001e-03  1.4478467063654161e-03
9.0000000000000011e-03 -2.0999999999999998e-02 4.0000000000000001e-03  1.4351860165714653e-03
9.0000000000000011e-03 -1.7999999999999999e-02 4.0000000000000001e-03  1.4297465582723393e-03
9.0000000000000011e-03 -1.4999999999999999e-02 4.0000000000000001e-03  1.4364838277226987e-03
9.0000000000000011e-03 -1.1999999999999997e-02 4.0000000000000001e-03  1.4372569561743233e-03
9.0000000000000011e-03 -8.9999999999999941e-03 4.0000000000000001e-03  1.4369260190507491e-03
9.0000000000000011e-03 -5.9999999999999984e-03 4.0000000000000001e-03  1.4354700799893987e-03
9.0000000000000011e-03 -2.9999999999999957e-03 4.0000000000000001e-03  1.4352244403897591e-03
9.0000000000000011e-03 0.0000000000000000e+00 4.0000000000000001e-03  1.4382146252529878e-03
9.0000000000000011e-03 3.0000000000000027e-03 4.0000000000000001e-03  1.4378764747171560e-03
9.0000000000000011e-03 6.0000000000000053e-03 4.0000000000000001e-03  1.4414363863372733e-03
9.0000000000000011e-03 9.0000000000000011e-03 4.0000000000000001e-03  1.4586384454389862e-03
9.0000000000000011e-03 1.2000000000000004e-02 4.0000000000000001e-03  1.4741549568202906e-03
9.0000000000000011e-03 1.4999999999999999e-02 4.0000000000000001e-03  1.4897790752233324e-03
9.0000000000000011e-03 1.8000000000000002e-02 4.0000000000000001e-03  1.5052403774564163e-03
9.0000000000000011e-03 2.1000000000000005e-02 4.0000000000000001e-03  1.5222427662387435e-03
9.0000000000000011e-03 2.4000000000000007e-02 4.0000000000000001e-03  1.5562359967551287e-03
9.0000000000000011e-03 2.7000000000000010e-02 4.0000000000000001e-03  1.5750757793728510e-03
9.0000000000000011e-03 2.9999999999999999e-02 4.0000000000000001e-03  1.6321745165025399e-03
9.0000000000000011e-03 3.3000000000000002e-02 4.0000000000000001e-03  1.6649795332089369e-03
9.0000000000000011e-03 3.6000000000000004e-02 4.0000000000000001e-03  1.6914769171076174e-03
9.0000000000000011e-03 3.9000000000000007e-02 4.0000000000000001e-03  1.7271446193589100e-03
9.0000000000000011e-03 4.2000000000000010e-02 4.0000000000000001e-03  1.7876879803946039e-03
9.0000000000000011e-03 4.4999999999999998e-02 4.0000000000000001e-03  1.8746614643090039e-03
1.2000000000000004e-02 -4.4999999999999998e-02 4.0000000000000001e-03  2.0335181801756216e-03
1.2000000000000004e-02 -4.1999999999999996e-02 4.0000000000000001e-03  1.8255938942929959e-03
1.2000000000000004e-02 -3.9000000000000000e-02 4.0000000000000001e-03  1.6766975743436922e-03
1.2000000000000004e-02 -3.5999999999999997e-02 4.0000000000000001e-03  1.5991773132196046e-03
1.2000000000000004e-02 -3.3000000000000002e-02 4.0000000000000001e-03  1.5364631958371539e-03
1.2000000000000004e-02 -2.9999999999999999e-02 4.0000000000000001e-03  1.4969007589727636e-03
1.2000000000000004e-02 -2.6999999999999996e-02 4.0000000000000001e-03  1.4693225542731622e-03
1.2000000000000004e-02 -2.3999999999999997e-02 4.0000000000000001e-03  1.4506951980242432e-03
1.2000000000000004e-02 -2.0999999999999998e-02 4.0000000000000001e-03  1.4409333518280456e-03
1.2000000000000004e-02 -1.7999999999999999e-02 4.0000000000000001e-03  1.4387496029948960e-03
1.2000000000000004e-02 -1.4999999999999999e-02 4.0000000000000001e-03  1.4409550921514439e-03
1.2000000000000004e-02 -1.1999999999999997e-02 4.0000000000000001e-03  1.4423370049077913e-03
1.2000000000000004e-02 -8.9999999999999941e-03 4.0000000000000001e-03  1.4426035965239656e-03
1.2000000000000004e-02 -5.9999999999999984e-03 4.0000000000000001e-03  1.4438016202192019e-03
1.2000000000000004e-02 -2.9999999999999957e-03 4.0000000000000001e-03  1.4467717365008294e-03
1.2000000000000004e-02 0.0000000000000000e+00 4.0000000000000001e-03  1.4430856484585605e-03
1.2000000000000004e-02 3.0000000000000027e-03 4.0000000000000001e-03  1.4430386771823668e-03
1.2000000000000004e-02 6.0000000000000053e-03 4.0000000000000001e-03  1.4515883396393214e-03
1.2000000000000004e-02 9.0000000000000011e-03 4.0000000000000001e-03  1.4703211287528533e-03
1.2000000000000004e-02 1.2000000000000004e-02 4.0000000000000001e-03  1.4885127212827523e-03
1.2000000000000004e-02 1.4999999999999999e-02 4.0000000000000001e-03  1.5040730108888266e-03
1.2000000000000004e-02 1.8000000000000002e-02 4.0000000000000001e-03  1.5199693937561593e-03
1.2000000000000004e-02 2.1000000000000005e-02 4.0000000000000001e-03  1.5362128944474446e-03
1.2000000000000004e-02 2.4000000000000007e-02 4.0000000000000001e-03  1.5682217281595685e-03
1.2000000000000004e-02 2.7000000000000010e-02 4.0000000000000001e-03  1.5779330940898864e-03
1.2000000000000004e-02 2.9999999999999999e-02 4.0000000000000001e-03  1.6440036916792807e-03
1.2000000000000004e-02 3.3000000000000002e-02 4.0000000000000001e-03  1.6805265015803455e-03
1.2000000000000004e-02 3.6000000000000004e-02 4.0000000000000001e-03  1.6946960822044649e-03
1.2000000000000004e-02 3.9000000000000007e-02 4.0000000000000001e-03  1.7309358060645650e-03
1.2000000000000004e-02 4.2000000000000010e-02 4.0000000000000001e-03  1.7925476417834276e-03
1.2000000000000004e-02 4.4999999999999998e-02 4.0000000000000001e-03  1.8805486704777095e-03
1.4999999999999999e-02 -4.4999999999999998e-02 4.0000000000000001e-03  2.0584953315204275e-03
1.4999999999999999e-02 -4.1999999999999996e-02 4.0000000000000001e-03  1.8266370545659810e-03
1.4999999999999999e-02 -3.9000000000000000e-02 4.0000000000000001e-03  1.6796489610368971e-03
1.4999999999999999e-02 -3.5999999999999997e-02 4.0000000000000001e-03  1.6050556172641812e-03
1.4999999999999999e-02 -3.3000000000000002e-02 4.0000000000000001e-03  1.5452463226222385e-03
1.4999999999999999e-02 -2.9999999999999999e-02 4.0000000000000001e-03  1.5001828311284316e-03
1.4999999999999999e-02 -2.6999999999999996e-02 4.0000000000000001e-03  1.4719177755011274e-03
1.4999999999999999e-02 -2.3999999999999997e-02 4.0000000000000001e-03  1.4562247019485417e-03
1.4999999999999999e-02 -2.0999999999999998e-02 4.0000000000000001e-03  1.4474801309714625e-03
1.4999999999999999e-02 -1.7999999999999999e-02 4.0000000000000001e-03  1.4442560744824980e-03
1.4999999999999999e-02 -1.4999999999999999e-02 4.0000000000000001e-03  1.4460497316347843e-03
1.4999999999999999e-02 -1.1999999999999997e-02 4.0000000000000001e-03  1.4480255727475175e-03
1.4999999999999999e-02 -8.9999999999999941e-03 4.0000000000000001e-03  1.4502297523998463e-03
1.4999999999999999e-02 -5.9999999999999984e-03 4.0000000000000001e-03  1.4532120671954510e-03
1.4999999999999999e-02 -2.9999999999999957e-03 4.0000000000000001e-03  1.4452649077732486e-03
1.4999999999999999e-02 0.0000000000000000e+00 4.0000000000000001e-03  1.4419466927635164e-03
1.4999999999999999e-02 3.0000000000000027e-03 4.0000000000000001e-03  1.4472119739414252e-03
1.4999999999999999e-02 6.0000000000000053e-03 4.0000000000000001e-03  1.4610871097916354e-03
1.4999999999999999e-02 9.0000000000000011e-03 4.0000000000000001e-03  1.4830497520485005e-03
1.4999999999999999e-02 1.2000000000000004e-02 4.0000000000000001e-03  1.5048523025534464e-03
1.4999999999999999e-02 1.4999999999999999e-02 4.0000000000000001e-03  1.5240173546532247e-03
1.4999999999999999e-02 1.8000000000000002e-02 4.0000000000000001e-03  1.5405442975771411e-03
1.4999999999999999e-02 2.1000000000000005e-02 4.0000000000000001e-03  1.5547731547882412e-03
1.4999999999999999e-02 2.4000000000000007e-02 4.0000000000000001e-03  1.5723309841819508e-03
1.4999999999999999e-02 2.7000000000000010e-02 4.0000000000000001e-03  1.5827760381033069e-03
1.4999999999999999e-02 2.9999999999999999e-02 4.0000000000000001e-03  1.6533230740952618e-03
1.4999999999999999e-02 3.3000000000000002e-02 4.0000000000000001e-03  1.6861985921427106e-03
1.4999999999999999e-02 3.6000000000000004e-02 4.0000000000000001e-03  1.6993828988697496e-03
1.4999999999999999e-02 3.9000000000000007e-02 4.0000000000000001e-03  1.7367563605304747e-03
1.4999999999999999e-02 4.2000000000000010e-02 4.0000000000000001e-03  1.7994644901872519e-03
1.4999999999999999e-02 4.4999999999999998e-02 4.0000000000000001e-03  1.8885181473492195e-03
1.8000000000000002e-02 -4.4999999999999998e-02 4.0000000000000001e-03  2.0832260648358174e-03
1.8000000000000002e-02 -4.1999999999999996e-02 4.0000000000000001e-03  1.8437945459494822e-03
1.8000000000000002e-02 -3.9000000000000000e-02 4.0000000000000001e-03  1.6940322327860097e-03
1.8000000000000002e-02 -3.5999999999999997e-02 4.0000000000000001e-03  1.6194246240701670e-03
1.8000000000000002e-02 -3.3000000000000002e-02 4.0000000000000001e-03  1.5593128192222712e-03
1.8000000000000002e-02 -2.9999999999999999e-02 4.0000000000000001e-03  1.5136583505297326e-03
1.8000000000000002e-02 -2.6999999999999996e-02 4.0000000000000001e-03  1.4872804912426619e-03
1.8000000000000002e-02 -2.3999999999999997e-02 4.0000000000000001e-03  1.4768793793106096e-03
1.8000000000000002e-02 -2.0999999999999998e-02 4.0000000000000001e-03  1.4639468531530259e-03
1.8000000000000002e-02 -1.7999999999999999e-02 4.0000000000000001e-03  1.4543439118688813e-03
1.8000000000000002e-02 -1.4999999999999999e-02 4.0000000000000001e-03  1.4516414154277183e-03
1.8000000000000002e-02 -1.1999999999999997e-02 4.0000000000000001e-03  1.4545639280687222e-03
1.8000000000000002e-02 -8.9999999999999941e-03 4.0000000000000001e-03  1.4580532619631699e-03
1.8000000000000002e-02 -5.9999999999999984e-03 4.0000000000000001e-03  1.4444670941922851e-03
1.8000000000000002e-02 -2.9999999999999957e-03 4.0000000000000001e-03  1.4378763571985544e-03
1.8000000000000002e-02 0.0000000000000000e+00 4.0000000000000001e-03  1.4398511071060606e-03
1.8000000000000002e-02 3.0000000000000027e-03 4.0000000000000001e-03  1.4504164939338634e-03
1.8000000000000002e-02 6.0000000000000053e-03 4.0000000000000001e-03  1.4696093634420835e-03
1.8000000000000002e-02 9.0000000000000011e-03 4.0000000000000001e-03  1.4968414486507694e-03
1.8000000000000002e-02 1.2000000000000004e-02 4.0000000000000001e-03  1.5222595025466486e-03
1.8000000000000002e-02 1.4999999999999999e-02 4.0000000000000001e-03  1.5450314380665456e-03
1.8000000000000002e-02 1.8000000000000002e-02 4.0000000000000001e-03  1.5651563811766855e-03
1.8000000000000002e-02 2.1000000000000005e-02 4.0000000000000001e-03  1.5792545540355327e-03
1.8000000000000002e-02 2.4000000000000007e-02 4.0000000000000001e-03  1.5828457550534612e-03
1.8000000000000002e-02 2.7000000000000010e-02 4.0000000000000001e-03  1.5953985888342509e-03
1.8000000000000002e-02 2.9999999999999999e-02 4.0000000000000001e-03  1.6233886767452808e-03
1.8000000000000002e-02 3.3000000000000002e-02 4.0000000000000001e-03  1.6758656202219340e-03
1.8000000000000002e-02 3.6000000000000004e-02 4.0000000000000001e-03  1.7060847168746266e-03
1.8000000000000002e-02 3.9000000000000007e-02 4.0000000000000001e-03  1.7446226785133691e-03
1.8000000000000002e-02 4.2000000000000010e-02 4.0000000000000001e-03  1.8084551287185053e-03
1.8000000000000002e-02 4.4999999999999998e-02 4.0000000000000001e-03  1.8985867053916649e-03
2.1000000000000005e-02 -4.4999999999999998e-02 4.0000000000000001e-03  2.1077710635021996e-03
2.1000000000000005e-02 -4.1999999999999996e-02 4.0000000000000001e-03  1.8591010845852099e-03
2.1000000000000005e-02 -3.9000000000000000e-02 4.0000000000000001e-03  1.7312317272452616e-03
2.1000000000000005e-02 -3.5999999999999997e-02 4.0000000000000001e-03  1.6516955318966367e-03
2.1000000000000005e-02 -3.3000000000000002e-02 4.0000000000000001e-03  1.5866557291004573e-03
2.1000000000000005e-02 -2.9999999999999999e-02 4.0000000000000001e-03  1.5360734450025680e-03
2.1000000000000005e-02 -2.6999999999999996e-02 4.0000000000000001e-03  1.5227866369684471e-03
2.1000000000000005e-02 -2.3999999999999997e-02 4.0000000000000001e-03  1.5248997917113414e-03
2.1000000000000005e-02 -2.0999999999999998e-02 4.0000000000000001e-03  1.5182068927177331e-03
2.1000000000000005e-02 -1.7999999999999999e-02 4.0000000000000001e-03  1.4960229128502347e-03
2.1000000000000005e-02 -1.4999999999999999e-02 4.0000000000000001e-03  1.4641948896327111e-03
2.1000000000000005e-02 -1.1999999999999997e-02 4.0000000000000001e-03  1.4690635708045254e-03
2.1000000000000005e-02 -8.9999999999999941e-03 4.0000000000000001e-03  1.4740517244730062e-03
2.1000000000000005e-02 -5.9999999999999984e-03 4.0000000000000001e-03  1.4622156867279900e-03
2.1000000000000005e-02 -2.9999999999999957e-03 4.0000000000000001e-03  1.4437466355891688e-03
2.1000000000000005e-02 0.0000000000000000e+00 4.0000000000000001e-03  1.4368307867244348e-03
2.1000000000000005e-02 3.0000000000000027e-03 4.0000000000000001e-03  1.4526810679496038e-03
2.1000000000000005e-02 6.0000000000000053e-03 4.0000000000000001e-03  1.4771808669322712e-03
2.1000000000000005e-02 9.0000000000000011e-03 4.0000000000000001e-03  1.5103892124491021e-03
2.1000000000000005e-02 1.2000000000000004e-02 4.0000000000000001e-03  1.5407615142490961e-03
2.1000000000000005e-02 1.4999999999999999e-02 4.0000000000000001e-03  1.5671413228000096e-03
2.1000000000000005e-02 1.8000000000000002e-02 4.0000000000000001e-03  1.5871231536264659e-03
2.1000000000000005e-02 2.1000000000000005e-02 4.0000000000000001e-03  1.5983274596893630e-03
2.1000000000000005e-02 2.4000000000000007e-02 4.0000000000000001e-03  1.6035911591835506e-03
2.1000000000000005e-02 2.7000000000000010e-02 4.0000000000000001e-03  1.6127813581318573e-03
2.1000000000000005e-02 2.9999999999999999e-02 4.0000000000000001e-03  1.6313697428145173e-03
2.1000000000000005e-02 3.3000000000000002e-02 4.0000000000000001e-03  1.6646536537334414e-03
2.1000000000000005e-02 3.6000000000000004e-02 4.0000000000000001e-03  1.7128301041903016e-03
2.1000000000000005e-02 3.9000000000000007e-02 4.0000000000000001e-03  1.7545550440250573e-03
2.1000000000000005e-02 4.2000000000000010e-02 4.0000000000000001e-03  1.8195400487446968e-03
2.1000000000000005e-02 4.4999999999999998e-02 4.0000000000000001e-03  1.9107750433282576e-03
2.4000000000000007e-02 -4.4999999999999998e-02 4.0000000000000001e-03  2.1322039046663727e-03
2.4000000000000007e-02 -4.1999999999999996e-02 4.0000000000000001e-03  1.8767747164566417e-03
2.4000000000000007e-02 -3.9000000000000000e-02 4.0000000000000001e-03  1.7721027726149299e-03
2.4000000000000007e-02 -3.5999999999999997e-02 4.0000000000000001e-03  1.6875730152116658e-03
2.4000000000000007e-02 -3.3000000000000002e-02 4.0000000000000001e-03  1.6175579597967433e-03
2.4000000000000007e-02 -2.9999999999999999e-02 4.0000000000000001e-03  1.5688992427485154e-03
2.4000000000000007e-02 -2.6999999999999996e-02 4.0000000000000001e-03  1.5644066675649857e-03
2.4000000000000007e-02 -2.3999999999999997e-02 4.0000000000000001e-03  1.5806690906558804e-03
2.4000000000000007e-02 -2.0999999999999998e-02 4.0000000000000001e-03  1.5237205264538659e-03
2.4000000000000007e-02 -1.7999999999999999e-02 4.0000000000000001e-03  1.4756422326199820e-03
2.4000000000000007e-02 -1.4999999999999999e-02 4.0000000000000001e-03  1.4793469532413046e-03
2.4000000000000007e-02 -1.1999999999999997e-02 4.0000000000000001e-03  1.4914621173749002e-03
2.4000000000000007e-02 -8.9999999999999941e-03 4.0000000000000001e-03  1.4979888610662151e-03
2.4000000000000007e-02 -5.9999999999999984e-03 4.0000000000000001e-03  1.4950676358141987e-03
2.4000000000000007e-02 -2.9999999999999957e-03 4.0000000000000001e-03  1.4807096465465201e-03
2.4000000000000007e-02 0.0000000000000000e+00 4.0000000000000001e-03  1.4745945634254188e-03
2.4000000000000007e-02 3.0000000000000027e-03 4.0000000000000001e-03  1.4766899156404667e-03
2.4000000000000007e-02 6.0000000000000053e-03 4.0000000000000001e-03  1.4870083375473240e-03
2.4000000000000007e-02 9.0000000000000011e-03 4.0000000000000001e-03  1.5223744242351405e-03
2.4000000000000007e-02 1.2000000000000004e-02 4.0000000000000001e-03  1.5603967216249284e-03
2.4000000000000007e-02 1.4999999999999999e-02 4.0000000000000001e-03  1.5866804596510599e-03
2.4000000000000007e-02 1.8000000000000002e-02 4.0000000000000001e-03  1.6055097301393500e-03
2.4000000000000007e-02 2.1000000000000005e-02 4.0000000000000001e-03  1.6184031766755061e-03
2.4000000000000007e-02 2.4000000000000007e-02 4.0000000000000001e-03  1.6328087793291474e-03
2.4000000000000007e-02 2.7000000000000010e-02 4.0000000000000001e-03  1.6434524351255117e-03
2.4000000000000007e-02 2.9999999999999999e-02 4.0000000000000001e-03  1.6640291554041882e-03
2.4000000000000007e-02 3.3000000000000002e-02 4.0000000000000001e-03  1.6754782757995982e-03
2.4000000000000007e-02 3.6000000000000004e-02 4.0000000000000001e-03  1.7205653323253136e-03
2.4000000000000007e-02 3.9000000000000007e-02 4.0000000000000001e-03  1.7665776293324198e-03
2.4000000000000007e-02 4.2000000000000010e-02 4.0000000000000001e-03  1.8327436298884111e-03
2.4000000000000007e-02 4.4999999999999998e-02 4.0000000000000001e-03  1.9251077481372732e-03
2.7000000000000010e-02 -4.4999999999999998e-02 4.0000000000000001e-03  2.1566110592415263e-03
2.7000000000000010e-02 -4.1999999999999996e-02 4.0000000000000001e-03  1.9214688476441154e-03
2.7000000000000010e-02 -3.9000000000000000e-02 4.0000000000000001e-03  1.8173525397546712e-03
2.7000000000000010e-02 -3.5999999999999997e-02 4.0000000000000001e-03  1.7278342485147337e-03
2.7000000000000010e-02 -3.3000000000000002e-02 4.0000000000000001e-03  1.6528866675797958e-03
2.7000000000000010e-02 -2.9999999999999999e-02 4.0000000000000001e-03  1.6100458939516933e-03
2.7000000000000010e-02 -2.6999999999999996e-02 4.0000000000000001e-03  1.6112687334989950e-03
2.7000000000000010e-02 -2.3999999999999997e-02 4.0000000000000001e-03  1.5449380851535255e-03
2.7000000000000010e-02 -2.0999999999999998e-02 4.0000000000000001e-03  1.5039302760364909e-03
2.7000000000000010e-02 -1.7999999999999999e-02 4.0000000000000001e-03  1.4978477957939386e-03
2.7000000000000010e-02 -1.4999999999999999e-02 4.0000000000000001e-03  1.4977942252657711e-03
2.7000000000000010e-02 -1.1999999999999997e-02 4.0000000000000001e-03  1.5170568094182593e-03
2.7000000000000010e-02 -8.9999999999999941e-03 4.0000000000000001e-03  1.5304247981105681e-03
2.7000000000000010e-02 -5.9999999999999984e-03 4.0000000000000001e-03  1.5351256540234236e-03
2.7000000000000010e-02 -2.9999999999999957e-03 4.0000000000000001e-03  1.5246769126051481e-03
2.7000000000000010e-02 0.0000000000000000e+00 4.0000000000000001e-03  1.5225856938201542e-03
2.7000000000000010e-02 3.0000000000000027e-03 4.0000000000000001e-03  1.5287982425978260e-03
2.7000000000000010e-02 6.0000000000000053e-03 4.0000000000000001e-03  1.5433059090336435e-03
2.7000000000000010e-02 9.0000000000000011e-03 4.0000000000000001e-03  1.5661451483891748e-03
2.7000000000000010e-02 1.2000000000000004e-02 4.0000000000000001e-03  1.5779126942118845e-03
2.7000000000000010e-02 1.4999999999999999e-02 4.0000000000000001e-03  1.6043675481938391e-03
2.7000000000000010e-02 1.8000000000000002e-02 4.0000000000000001e-03  1.6253541782781727e-03
2.7000000000000010e-02 2.1000000000000005e-02 4.0000000000000001e-03  1.6465824710966673e-03
2.7000000000000010e-02 2.4000000000000007e-02 4.0000000000000001e-03  1.6637428463066207e-03
2.7000000000000010e-02 2.7000000000000010e-02 4.0000000000000001e-03  1.6768543232872045e-03
2.7000000000000010e-02 2.9999999999999999e-02 4.0000000000000001e-03  1.6859395840001666e-03
2.7000000000000010e-02 3.3000000000000002e-02 4.0000000000000001e-03  1.6996852486068892e-03
2.7000000000000010e-02 3.6000000000000004e-02 4.0000000000000001e-03  1.7344420866622187e-03
2.7000000000000010e-02 3.9000000000000007e-02 4.0000000000000001e-03  1.7920946590059357e-03
2.7000000000000010e-02 4.2000000000000010e-02 4.0000000000000001e-03  1.8480941400273057e-03
2.7000000000000010e-02 4.4999999999999998e-02 4.0000000000000001e-03  1.9416132950520737e-03
2.9999999999999999e-02 -4.4999999999999998e-02 4.0000000000000001e-03  2.1810918919072339e-03
2.9999999999999999e-02 -4.1999999999999996e-02 4.0000000000000001e-03  1.9769710856757262e-03
2.9999999999999999e-02 -3.9000000000000000e-02 4.0000000000000001e-03  1.8678871187271309e-03
2.9999999999999999e-02 -3.5999999999999997e-02 4.0000000000000001e-03  1.7734553255083052e-03
2.9999999999999999e-02 -3.3000000000000002e-02 4.0000000000000001e-03  1.6945115869282275e-03
2.9999999999999999e-02 -2.9999999999999999e-02 4.0000000000000001e-03  1.6577387075762029e-03
2.9999999999999999e-02 -2.6999999999999996e-02 4.0000000000000001e-03  1.5980880334484488e-03
2.9999999999999999e-02 -2.3999999999999997e-02 4.0000000000000001e-03  1.5602615315397595e-03
2.9999999999999999e-02 -2.0999999999999998e-02 4.0000000000000001e-03  1.5450784424509418e-03
2.9999999999999999e-02 -1.7999999999999999e-02 4.0000000000000001e-03  1.5357073458556489e-03
2.9999999999999999e-02 -1.4999999999999999e-02 4.0000000000000001e-03  1.5319830867028426e-03
2.9999999999999999e-02 -1.1999999999999997e-02 4.0000000000000001e-03  1.5453232055619038e-03
2.9999999999999999e-02 -8.9999999999999941e-03 4.0000000000000001e-03  1.5718998923694002e-03
2.9999999999999999e-02 -5.9999999999999984e-03 4.0000000000000001e-03  1.5822544940036251e-03
2.9999999999999999e-02 -2.9999999999999957e-03 4.0000000000000001e-03  1.5763320556807191e-03
2.9999999999999999e-02 0.0000000000000000e+00 4.0000000000000001e-03  1.5780708046451261e-03
2.9999999999999999e-02 3.0000000000000027e-03 4.0000000000000001e-03  1.5882356898756936e-03
2.9999999999999999e-02 6.0000000000000053e-03 4.0000000000000001e-03  1.6067967772077196e-03
2.9999999999999999e-02 9.0000000000000011e-03 4.0000000000000001e-03  1.6187988852843856e-03
2.9999999999999999e-02 1.2000000000000004e-02 4.0000000000000001e-03  1.5948870527192427e-03
2.9999999999999999e-02 1.4999999999999999e-02 4.0000000000000001e-03  1.6239698535166520e-03
2.9999999999999999e-02 1.8000000000000002e-02 4.0000000000000001e-03  1.6516947404204025e-03
2.9999999999999999e-02 2.1000000000000005e-02 4.0000000000000001e-03  1.6753876392881042e-03
2.9999999999999999e-02 2.4000000000000007e-02 4.0000000000000001e-03  1.6950668051399411e-03
2.9999999999999999e-02 2.7000000000000010e-02 4.0000000000000001e-03  1.7107541555786629e-03
2.9999999999999999e-02 2.9999999999999999e-02 4.0000000000000001e-03  1.7224752707895963e-03
2.9999999999999999e-02 3.3000000000000002e-02 4.0000000000000001e-03  1.7307130734779566e-03
2.9999999999999999e-02 3.6000000000000004e-02 4.0000000000000001e-03  1.7676915743597846e-03
2.9999999999999999e-02 3.9000000000000007e-02 4.0000000000000001e-03  1.8148146823967451e-03
2.9999999999999999e-02 4.2000000000000010e-02 4.0000000000000001e-03  1.8801990395781792e-03
2.9999999999999999e-02 4.4999999999999998e-02 4.0000000000000001e-03  1.9603240475611059e-03
3.3000000000000002e-02 -4.4999999999999998e-02 4.0000000000000001e-03  2.2051934946234011e-03
3.3000000000000002e-02 -4.1999999999999996e-02 4.0000000000000001e-03  2.0387358300594616e-03
3.3000000000000002e-02 -3.9000000000000000e-02 4.0000000000000001e-03  1.9248115187979293e-03
3.3000000000000002e-02 -3.5999999999999997e-02 4.0000000000000001e-03  1.8195287915027671e-03
3.3000000000000002e-02 -3.3000000000000002e-02 4.0000000000000001e-03  1.7431811416919124e-03
3.3000000000000002e-02 -2.9999999999999999e-02 4.0000000000000001e-03  1.6848897493827247e-03
3.3000000000000002e-02 -2.6999999999999996e-02 4.0000000000000001e-03  1.6462111457507362e-03
3.3000000000000002e-02 -2.3999999999999997e-02 4.0000000000000001e-03  1.6213809716101874e-03
3.3000000000000002e-02 -2.0999999999999998e-02 4.0000000000000001e-03  1.6027113361298706e-03
3.3000000000000002e-02 -1.7999999999999999e-02 4.0000000000000001e-03  1.5899829538625126e-03
3.3000000000000002e-02 -1.4999999999999999e-02 4.0000000000000001e-03  1.5830247647666590e-03
3.3000000000000002e-02 -1.1999999999999997e-02 4.0000000000000001e-03  1.5817139342066725e-03
3.3000000000000002e-02 -8.9999999999999941e-03 4.0000000000000001e-03  1.6193381626920791e-03
3.3000000000000002e-02 -5.9999999999999984e-03 4.0000000000000001e-03  1.6350485956913594e-03
3.3000000000000002e-02 -2.9999999999999957e-03 4.0000000000000001e-03  1.6363508768746629e-03
3.3000000000000002e-02 0.0000000000000000e+00 4.0000000000000001e-03  1.6417045779598071e-03
3.3000000000000002e-02 3.0000000000000027e-03 4.0000000000000001e-03  1.6556358204915941e-03
3.3000000000000002e-02 6.0000000000000053e-03 4.0000000000000001e-03  1.6780933860451330e-03
3.3000000000000002e-02 9.0000000000000011e-03 4.0000000000000001e-03  1.6509750076431227e-03
3.3000000000000002e-02 1.2000000000000004e-02 4.0000000000000001e-03  1.6339292572845360e-03
3.3000000000000002e-02 1.4999999999999999e-02 4.0000000000000001e-03  1.6481202381176164e-03
3.3000000000000002e-02 1.8000000000000002e-02 4.0000000000000001e-03  1.6783515303155261e-03
3.3000000000000002e-02 2.1000000000000005e-02 4.0000000000000001e-03  1.7046119361530424e-03
3.3000000000000002e-02 2.4000000000000007e-02 4.0000000000000001e-03  1.7269226088739247e-03
3.3000000000000002e-02 2.7000000000000010e-02 4.0000000000000001e-03  1.7453083643045083e-03
3.3000000000000002e-02 2.9999999999999999e-02 4.0000000000000001e-03  1.7597976808537003e-03
3.3000000000000002e-02 3.3000000000000002e-02 4.0000000000000001e-03  1.7792323254100031e-03
3.3000000000000002e-02 3.6000000000000004e-02 4.0000000000000001e-03  1.8033860152149143e-03
3.3000000000000002e-02 3.9000000000000007e-02 4.0000000000000001e-03  1.8342016311065873e-03
3.3000000000000002e-02 4.2000000000000010e-02 4.0000000000000001e-03  1.9177143391535477e-03
3.3000000000000002e-02 4.4999999999999998e-02 4.0000000000000001e-03  1.9858223391627738e-03
3.6000000000000004e-02 -4.4999999999999998e-02 4.0000000000000001e-03  2.2439672501302936e-03
3.6000000000000004e-02 -4.1999999999999996e-02 4.0000000000000001e-03  2.1079970056241222e-03
3.6000000000000004e-02 -3.9000000000000000e-02 4.0000000000000001e-03  1.9868336127220124e-03
3.6000000000000004e-02 -3.5999999999999997e-02 4.0000000000000001e-03  1.8703288607289648e-03
3.6000000000000004e-02 -3.3000000000000002e-02 4.0000000000000001e-03  1.8070660894261216e-03
3.6000000000000004e-02 -2.9999999999999999e-02 4.0000000000000001e-03  1.7633313119286400e-03
3.6000000000000004e-02 -2.6999999999999996e-02 4.0000000000000001e-03  1.7282872920474696e-03
3.6000000000000004e-02 -2.3999999999999997e-02 4.0000000000000001e-03  1.6997989331953838e-03
3.6000000000000004e-02 -2.0999999999999998e-02 4.0000000000000001e-03  1.6775928195288847e-03
3.6000000000000004e-02 -1.7999999999999999e-02 4.0000000000000001e-03  1.6614437606102734e-03
3.6000000000000004e-02 -1.4999999999999999e-02 4.0000000000000001e-03  1.6511747914076803e-03
3.6000000000000004e-02 -1.1999999999999997e-02 4.0000000000000001e-03  1.6466571722950467e-03
3.6000000000000004e-02 -8.9999999999999941e-03 4.0000000000000001e-03  1.6629539119769540e-03
3.6000000000000004e-02 -5.9999999999999984e-03 4.0000000000000001e-03  1.6979625398877251e-03
3.6000000000000004e-02 -2.9999999999999957e-03 4.0000000000000001e-03  1.7054013564741630e-03
3.6000000000000004e-02 0.0000000000000000e+00 4.0000000000000001e-03  1.7141338750094402e-03
3.6000000000000004e-02 3.0000000000000027e-03 4.0000000000000001e-03  1.7316243766488202e-03
3.6000000000000004e-02 6.0000000000000053e-03 4.0000000000000001e-03  1.7190667272666922e-03
3.6000000000000004e-02 9.0000000000000011e-03 4.0000000000000001e-03  1.6944938419708178e-03
3.6000000000000004e-02 1.2000000000000004e-02 4.0000000000000001e-03  1.7017805601161563e-03
3.6000000000000004e-02 1.4999999999999999e-02 4.0000000000000001e-03  1.7103112423254832e-03
3.6000000000000004e-02 1.8000000000000002e-02 4.0000000000000001e-03  1.7200970597836226e-03
3.6000000000000004e-02 2.1000000000000005e-02 4.0000000000000001e-03  1.7344021782896007e-03
3.6000000000000004e-02 2.4000000000000007e-02 4.0000000000000001e-03  1.7594715533665063e-03
3.6000000000000004e-02 2.7000000000000010e-02 4.0000000000000001e-03  1.7812183834500807e-03
3.6000000000000004e-02 2.9999999999999999e-02 4.0000000000000001e-03  1.8105741881927295e-03
3.6000000000000004e-02 3.3000000000000002e-02 4.0000000000000001e-03  1.8414178482109593e-03
3.6000000000000004e-02 3.6000000000000004e-02 4.0000000000000001e-03  1.8801900103056011e-03
3.6000000000000004e-02 3.9000000000000007e-02 4.0000000000000001e-03  1.9029153111085057e-03
3.6000000000000004e-02 4.2000000000000010e-02 4.0000000000000001e-03  1.9225172699173442e-03
3.6000000000000004e-02 4.4999999999999998e-02 4.0000000000000001e-03  2.0441818133714964e-03
3.9000000000000007e-02 -4.4999999999999998e-02 4.0000000000000001e-03  2.3033763610622359e-03
3.9000000000000007e-02 -4.1999999999999996e-02 4.0000000000000001e-03  2.1861874564014861e-03
3.9000000000000007e-02 -3.9000000000000000e-02 4.0000000000000001e-03  2.0409514313618135e-03
3.9000000000000007e-02 -3.5999999999999997e-02 4.0000000000000001e-03  1.9663433884740881e-03
3.9000000000000007e-02 -3.3000000000000002e-02 4.0000000000000001e-03  1.9131512699709743e-03
3.9000000000000007e-02 -2.9999999999999999e-02 4.0000000000000001e-03  1.8673063591768673e-03
3.9000000000000007e-02 -2.6999999999999996e-02 4.0000000000000001e-03  1.8284588079828556e-03
3.9000000000000007e-02 -2.3999999999999997e-02 4.0000000000000001e-03  1.7962810701491973e-03
3.9000000000000007e-02 -2.0999999999999998e-02 4.0000000000000001e-03  1.7704938248419670e-03
3.9000000000000007e-02 -1.7999999999999999e-02 4.0000000000000001e-03  1.7508659766330575e-03
3.9000000000000007e-02 -1.4999999999999999e-02 4.0000000000000001e-03  1.7372146555001730e-03
3.9000000000000007e-02 -1.1999999999999997e-02 4.0000000000000001e-03  1.7294052168268397e-03
3.9000000000000007e-02 -8.9999999999999941e-03 4.0000000000000001e-03  1.7273512414024022e-03
3.9000000000000007e-02 -5.9999999999999984e-03 4.0000000000000001e-03  1.7714762637952399e-03
3.9000000000000007e-02 -2.9999999999999957e-03 4.0000000000000001e-03  1.7841436539521645e-03
3.9000000000000007e-02 0.0000000000000000e+00 4.0000000000000001e-03  1.7959977362250216e-03
3.9000000000000007e-02 3.0000000000000027e-03 4.0000000000000001e-03  1.7996009939527885e-03
3.9000000000000007e-02 6.0000000000000053e-03 4.0000000000000001e-03  1.7663836556641370e-03
3.9000000000000007e-02 9.0000000000000011e-03 4.0000000000000001e-03  1.7699111351880876e-03
3.9000000000000007e-02 1.2000000000000004e-02 4.0000000000000001e-03  1.7745136878660325e-03
3.9000000000000007e-02 1.4999999999999999e-02 4.0000000000000001e-03  1.7801722751102187e-03
3.9000000000000007e-02 1.8000000000000002e-02 4.0000000000000001e-03  1.7868866555880993e-03
3.9000000000000007e-02 2.1000000000000005e-02 4.0000000000000001e-03  1.7946753852223537e-03
3.9000000000000007e-02 2.4000000000000007e-02 4.0000000000000001e-03  1.8095153061046278e-03
3.9000000000000007e-02 2.7000000000000010e-02 4.0000000000000001e-03  1.8338037494432247e-03
3.9000000000000007e-02 2.9999999999999999e-02 4.0000000000000001e-03  1.8741026351497536e-03
3.9000000000000007e-02 3.3000000000000002e-02 4.0000000000000001e-03  1.9159695390036642e-03
3.9000000000000007e-02 3.6000000000000004e-02 4.0000000000000001e-03  1.9594531349120415e-03
3.9000000000000007e-02 3.9000000000000007e-02 4.0000000000000001e-03  1.9886092066746250e-03
3.9000000000000007e-02 4.2000000000000010e-02 4.0000000000000001e-03  2.0206908956998761e-03
3.9000000000000007e-02 4.4999999999999998e-02 4.0000000000000001e-03  2.0337461756721256e-03
4.2000000000000010e-02 -4.4999999999999998e-02 4.0000000000000001e-03  2.3857366117978761e-03
4.2000000000000010e-02 -4.1999999999999996e-02 4.0000000000000001e-03  2.2568294803034209e-03
4.2000000000000010e-02 -3.9000000000000000e-02 4.0000000000000001e-03  2.1623459741913716e-03
4.2000000000000010e-02 -3.5999999999999997e-02 4.0000000000000001e-03  2.0971773064135325e-03
4.2000000000000010e-02 -3.3000000000000002e-02 4.0000000000000001e-03  2.0399241750507485e-03
4.2000000000000010e-02 -2.9999999999999999e-02 4.0000000000000001e-03  1.9901566780612212e-03
4.2000000000000010e-02 -2.6999999999999996e-02 4.0000000000000001e-03  1.9474931388089721e-03
4.2000000000000010e-02 -2.3999999999999997e-02 4.0000000000000001e-03  1.9116001060638357e-03
4.2000000000000010e-02 -2.0999999999999998e-02 4.0000000000000001e-03  1.8821923540014739e-03
4.2000000000000010e-02 -1.7999999999999999e-02 4.0000000000000001e-03  1.8590328822033540e-03
4.2000000000000010e-02 -1.4999999999999999e-02 4.0000000000000001e-03  1.8419329156567656e-03
4.2000000000000010e-02 -1.1999999999999997e-02 4.0000000000000001e-03  1.8307519047548169e-03
4.2000000000000010e-02 -8.9999999999999941e-03 4.0000000000000001e-03  1.8253975252964336e-03
4.2000000000000010e-02 -5.9999999999999984e-03 4.0000000000000001e-03  1.8375006751898950e-03
4.2000000000000010e-02 -2.9999999999999957e-03 4.0000000000000001e-03  1.8732301079673740e-03
4.2000000000000010e-02 0.0000000000000000e+00 4.0000000000000001e-03  1.8879273812233035e-03
4.2000000000000010e-02 3.0000000000000027e-03 4.0000000000000001e-03  1.8517898609320715e-03
4.2000000000000010e-02 6.0000000000000053e-03 4.0000000000000001e-03  1.8521517019345522e-03
4.2000000000000010e-02 9.0000000000000011e-03 4.0000000000000001e-03  1.8534374932507203e-03
4.2000000000000010e-02 1.2000000000000004e-02 4.0000000000000001e-03  1.8555979865202208e-03
4.2000000000000010e-02 1.4999999999999999e-02 4.0000000000000001e-03  1.8659947436848107e-03
4.2000000000000010e-02 1.8000000000000002e-02 4.0000000000000001e-03  1.8931540005966056e-03
4.2000000000000010e-02 2.1000000000000005e-02 4.0000000000000001e-03  1.9165007438753099e-03
4.2000000000000010e-02 2.4000000000000007e-02 4.0000000000000001e-03  1.9360551481018037e-03
4.2000000000000010e-02 2.7000000000000010e-02 4.0000000000000001e-03  1.9518406942963752e-03
4.2000000000000010e-02 2.9999999999999999e-02 4.0000000000000001e-03  1.9638841699186741e-03
4.2000000000000010e-02 3.3000000000000002e-02 4.0000000000000001e-03  2.0029905405343144e-03
4.2000000000000010e-02 3.6000000000000004e-02 4.0000000000000001e-03  2.0577381833587031e-03
4.2000000000000010e-02 3.9000000000000007e-02 4.0000000000000001e-03  2.1166588925600241e-03
4.2000000000000010e-02 4.2000000000000010e-02 4.0000000000000001e-03  2.1336000087762669e-03
4.2000000000000010e-02 4.4999999999999998e-02 4.0000000000000001e-03  2.1688056580880864e-03
4.4999999999999998e-02 -4.4999999999999998e-02 4.0000000000000001e-03  2.5056849193128795e-03
4.4999999999999998e-02 -4.1999999999999996e-02 4.0000000000000001e-03  2.3946862382875972e-03
4.4999999999999998e-02 -3.9000000000000000e-02 4.0000000000000001e-03  2.3168927544303750e-03
4.4999999999999998e-02 -3.5999999999999997e-02 4.0000000000000001e-03  2.2476037883597515e-03
4.4999999999999998e-02 -3.3000000000000002e-02 4.0000000000000001e-03  2.1863353076376998e-03
4.4999999999999998e-02 -2.9999999999999999e-02 4.0000000000000001e-03  2.1326515052319962e-03
4.4999999999999998e-02 -2.6999999999999996e-02 4.0000000000000001e-03  2.0861647995162481e-03
4.4999999999999998e-02 -2.3999999999999997e-02 4.0000000000000001e-03  2.0465358342698736e-03
4.4999999999999998e-02 -2.0999999999999998e-02 4.0000000000000001e-03  2.0134734786781128e-03
4.4999999999999998e-02 -1.7999999999999999e-02 4.0000000000000001e-03  1.9867348273320145e-03
4.4999999999999998e-02 -1.4999999999999999e-02 4.0000000000000001e-03  1.9661252002284545e-03
4.4999999999999998e-02 -1.1999999999999997e-02 4.0000000000000001e-03  1.9514981427701137e-03
4.4999999999999998e-02 -8.9999999999999941e-03 4.0000000000000001e-03  1.9427554257655058e-03
4.4999999999999998e-02 -5.9999999999999984e-03 4.0000000000000001e-03  1.9398470454289451e-03
4.4999999999999998e-02 -2.9999999999999957e-03 4.0000000000000001e-03  1.9728737318333595e-03
4.4999999999999998e-02 0.0000000000000000e+00 4.0000000000000001e-03  1.9532556959617653e-03
4.4999999999999998e-02 3.0000000000000027e-03 4.0000000000000001e-03  1.9511194948324598e-03
4.4999999999999998e-02 6.0000000000000053e-03 4.0000000000000001e-03  1.9497738892462020e-03
4.4999999999999998e-02 9.0000000000000011e-03 4.0000000000000001e-03  1.9864664768945365e-03
4.4999999999999998e-02 1.2000000000000004e-02 4.0000000000000001e-03  2.0223462911641075e-03
4.4999999999999998e-02 1.4999999999999999e-02 4.0000000000000001e-03  2.0542825928339934e-03
4.4999999999999998e-02 1.8000000000000002e-02 4.0000000000000001e-03  2.0822892398662265e-03
4.4999999999999998e-02 2.1000000000000005e-02 4.0000000000000001e-03  2.1063833966622372e-03
4.4999999999999998e-02 2.4000000000000007e-02 4.0000000000000001e-03  2.1265855340628355e-03
4.4999999999999998e-02 2.7000000000000010e-02 4.0000000000000001e-03  2.1429194293482302e-03
4.4999999999999998e-02 2.9999999999999999e-02 4.0000000000000001e-03  2.1554121662380036e-03
4.4999999999999998e-02 3.3000000000000002e-02 4.0000000000000001e-03  2.1640941348911339e-03
4.4999999999999998e-02 3.6000000000000004e-02 4.0000000000000001e-03  2.1689990319059826e-03
4.4999999999999998e-02 3.9000000000000007e-02 4.0000000000000001e-03  2.2375368425485379e-03
4.4999999999999998e-02 4.2000000000000010e-02 4.0000000000000001e-03  2.2411959708397581e-03
4.4999999999999998e-02 4.4999999999999998e-02 4.0000000000000001e-03  2.3000161120682572e-03
