Grid Output Min: [-45mm -45mm 4mm] Max: [45mm 45mm 4mm] Grid Size: [3mm 3mm 0mm]
X, Y, Z, Scalar data "Mag_B"
-4.4999999999999998e-002 -4.4999999999999998e-002 4.0000000000000001e-003  2.2698906379886186e-003
-4.4999999999999998e-002 -4.1999999999999996e-002 4.0000000000000001e-003  2.2604064617287702e-003
-4.4999999999999998e-002 -3.9000000000000000e-002 4.0000000000000001e-003  2.1485569760422681e-003
-4.4999999999999998e-002 -3.5999999999999997e-002 4.0000000000000001e-003  2.0929553718442555e-003
-4.4999999999999998e-002 -3.3000000000000002e-002 4.0000000000000001e-003  2.0436412508967870e-003
-4.4999999999999998e-002 -2.9999999999999999e-002 4.0000000000000001e-003  1.9914542554357005e-003
-4.4999999999999998e-002 -2.6999999999999996e-002 4.0000000000000001e-003  1.9362003367523594e-003
-4.4999999999999998e-002 -2.3999999999999997e-002 4.0000000000000001e-003  1.8801172513943577e-003
-4.4999999999999998e-002 -2.0999999999999998e-002 4.0000000000000001e-003  1.8164725968696010e-003
-4.4999999999999998e-002 -1.7999999999999999e-002 4.0000000000000001e-003  1.7819650308046199e-003
-4.4999999999999998e-002 -1.4999999999999999e-002 4.0000000000000001e-003  1.7631589163380639e-003
-4.4999999999999998e-002 -1.1999999999999997e-002 4.0000000000000001e-003  1.7580078139476135e-003
-4.4999999999999998e-002 -8.9999999999999941e-003 4.0000000000000001e-003  1.8481645672908278e-003
-4.4999999999999998e-002 -5.9999999999999984e-003 4.0000000000000001e-003  1.8385884767381482e-003
-4.4999999999999998e-002 -2.9999999999999957e-003 4.0000000000000001e-003  1.8458657965812113e-003
-4.4999999999999998e-002 0.0000000000000000e+000 4.0000000000000001e-003  1.8453663949374753e-003
-4.4999999999999998e-002 3.0000000000000027e-003 4.0000000000000001e-003  1.8371600553956807e-003
-4.4999999999999998e-002 6.0000000000000053e-003 4.0000000000000001e-003  1.8190306877550915e-003
-4.4999999999999998e-002 9.0000000000000011e-003 4.0000000000000001e-003  1.7745666138362626e-003
-4.4999999999999998e-002 1.2000000000000004e-002 4.0000000000000001e-003  1.7686626400783630e-003
-4.4999999999999998e-002 1.4999999999999999e-002 4.0000000000000001e-003  1.7686495823126004e-003
-4.4999999999999998e-002 1.8000000000000002e-002 4.0000000000000001e-003  1.7846351249181634e-003
-4.4999999999999998e-002 2.1000000000000005e-002 4.0000000000000001e-003  1.8027480671375014e-003
-4.4999999999999998e-002 2.4000000000000007e-002 4.0000000000000001e-003  1.8230218217951955e-003
-4.4999999999999998e-002 2.7000000000000010e-002 4.0000000000000001e-003  1.8471648538835126e-003
-4.4999999999999998e-002 2.9999999999999999e-002 4.0000000000000001e-003  1.8799517095226764e-003
-4.4999999999999998e-002 3.3000000000000002e-002 4.0000000000000001e-003  1.9193555130894693e-003
-4.4999999999999998e-002 3.6000000000000004e-002 4.0000000000000001e-003  1.9604432969644761e-003
-4.4999999999999998e-002 3.9000000000000007e-002 4.0000000000000001e-003  2.0289963599824912e-003
-4.4999999999999998e-002 4.2000000000000010e-002 4.0000000000000001e-003  2.0809572152073398e-003
-4.4999999999999998e-002 4.4999999999999998e-002 4.0000000000000001e-003  2.1214223832227153e-003
-4.1999999999999996e-002 -4.4999999999999998e-002 4.0000000000000001e-003  2.2671628190402081e-003
-4.1999999999999996e-002 -4.1999999999999996e-002 4.0000000000000001e-003  2.0977767624239751e-003
-4.1999999999999996e-002 -3.9000000000000000e-002 4.0000000000000001e-003  2.0043578659223586e-003
-4.1999999999999996e-002 -3.5999999999999997e-002 4.0000000000000001e-003  1.9151103634169964e-003
-4.1999999999999996e-002 -3.3000000000000002e-002 4.0000000000000001e-003  1.8722680600219634e-003
-4.1999999999999996e-002 -2.9999999999999999e-002 4.0000000000000001e-003  1.8336261909135288e-003
-4.1999999999999996e-002 -2.6999999999999996e-002 4.0000000000000001e-003  1.7855688379310255e-003
-4.1999999999999996e-002 -2.3999999999999997e-002 4.0000000000000001e-003  1.7512660535714778e-003
-4.1999999999999996e-002 -2.0999999999999998e-002 4.0000000000000001e-003  1.7251968873484927e-003
-4.1999999999999996e-002 -1.7999999999999999e-002 4.0000000000000001e-003  1.7011572519749140e-003
-4.1999999999999996e-002 -1.4999999999999999e-002 4.0000000000000001e-003  1.6794408591948304e-003
-4.1999999999999996e-002 -1.1999999999999997e-002 4.0000000000000001e-003  1.6683954874335014e-003
-4.1999999999999996e-002 -8.9999999999999941e-003 4.0000000000000001e-003  1.6656090625925745e-003
-4.1999999999999996e-002 -5.9999999999999984e-003 4.0000000000000001e-003  1.6506182878204922e-003
-4.1999999999999996e-002 -2.9999999999999957e-003 4.0000000000000001e-003  1.7055252843066826e-003
-4.1999999999999996e-002 0.0000000000000000e+000 4.0000000000000001e-003  1.7052085049066527e-003
-4.1999999999999996e-002 3.0000000000000027e-003 4.0000000000000001e-003  1.6992855640945554e-003
-4.1999999999999996e-002 6.0000000000000053e-003 4.0000000000000001e-003  1.6842558466037352e-003
-4.1999999999999996e-002 9.0000000000000011e-003 4.0000000000000001e-003  1.6640656509236320e-003
-4.1999999999999996e-002 1.2000000000000004e-002 4.0000000000000001e-003  1.6639400557329688e-003
-4.1999999999999996e-002 1.4999999999999999e-002 4.0000000000000001e-003  1.6654933791998814e-003
-4.1999999999999996e-002 1.8000000000000002e-002 4.0000000000000001e-003  1.6734581959427220e-003
-4.1999999999999996e-002 2.1000000000000005e-002 4.0000000000000001e-003  1.6864488121269782e-003
-4.1999999999999996e-002 2.4000000000000007e-002 4.0000000000000001e-003  1.7018713184566237e-003
-4.1999999999999996e-002 2.7000000000000010e-002 4.0000000000000001e-003  1.7219253278140340e-003
-4.1999999999999996e-002 2.9999999999999999e-002 4.0000000000000001e-003  1.7570661688523243e-003
-4.1999999999999996e-002 3.3000000000000002e-002 4.0000000000000001e-003  1.8021775842387709e-003
-4.1999999999999996e-002 3.6000000000000004e-002 4.0000000000000001e-003  1.8433320394663764e-003
-4.1999999999999996e-002 3.9000000000000007e-002 4.0000000000000001e-003  1.8807975770607386e-003
-4.1999999999999996e-002 4.2000000000000010e-002 4.0000000000000001e-003  1.9252178342237789e-003
-4.1999999999999996e-002 4.4999999999999998e-002 4.0000000000000001e-003  2.0504072592481010e-003
-3.9000000000000000e-002 -4.4999999999999998e-002 4.0000000000000001e-003  2.1606595300747576e-003
-3.9000000000000000e-002 -4.1999999999999996e-002 4.0000000000000001e-003  2.0160243004559977e-003
-3.9000000000000000e-002 -3.9000000000000000e-002 4.0000000000000001e-003  1.9032907866227873e-003
-3.9000000000000000e-002 -3.5999999999999997e-002 4.0000000000000001e-003  1.8146589233383680e-003
-3.9000000000000000e-002 -3.3000000000000002e-002 4.0000000000000001e-003  1.7698426463803709e-003
-3.9000000000000000e-002 -2.9999999999999999e-002 4.0000000000000001e-003  1.7373905227999948e-003
-3.9000000000000000e-002 -2.6999999999999996e-002 4.0000000000000001e-003  1.7072674878900976e-003
-3.9000000000000000e-002 -2.3999999999999997e-002 4.0000000000000001e-003  1.6791061562662930e-003
-3.9000000000000000e-002 -2.0999999999999998e-002 4.0000000000000001e-003  1.6529573232012991e-003
-3.9000000000000000e-002 -1.7999999999999999e-002 4.0000000000000001e-003  1.6290719476340586e-003
-3.9000000000000000e-002 -1.4999999999999999e-002 4.0000000000000001e-003  1.6074605404233760e-003
-3.9000000000000000e-002 -1.1999999999999997e-002 4.0000000000000001e-003  1.6057587673956473e-003
-3.9000000000000000e-002 -8.9999999999999941e-003 4.0000000000000001e-003  1.5903125442197586e-003
-3.9000000000000000e-002 -5.9999999999999984e-003 4.0000000000000001e-003  1.5575216151950937e-003
-3.9000000000000000e-002 -2.9999999999999957e-003 4.0000000000000001e-003  1.5356415956241972e-003
-3.9000000000000000e-002 0.0000000000000000e+000 4.0000000000000001e-003  1.5469048316145827e-003
-3.9000000000000000e-002 3.0000000000000027e-003 4.0000000000000001e-003  1.5693703125091395e-003
-3.9000000000000000e-002 6.0000000000000053e-003 4.0000000000000001e-003  1.5765858769023367e-003
-3.9000000000000000e-002 9.0000000000000011e-003 4.0000000000000001e-003  1.5756509874449796e-003
-3.9000000000000000e-002 1.2000000000000004e-002 4.0000000000000001e-003  1.5813153363513262e-003
-3.9000000000000000e-002 1.4999999999999999e-002 4.0000000000000001e-003  1.5886570754332027e-003
-3.9000000000000000e-002 1.8000000000000002e-002 4.0000000000000001e-003  1.5976349061476705e-003
-3.9000000000000000e-002 2.1000000000000005e-002 4.0000000000000001e-003  1.6055685733959238e-003
-3.9000000000000000e-002 2.4000000000000007e-002 4.0000000000000001e-003  1.6171505685003704e-003
-3.9000000000000000e-002 2.7000000000000010e-002 4.0000000000000001e-003  1.6308151311671809e-003
-3.9000000000000000e-002 2.9999999999999999e-002 4.0000000000000001e-003  1.6711784145751810e-003
-3.9000000000000000e-002 3.3000000000000002e-002 4.0000000000000001e-003  1.7207030285355351e-003
-3.9000000000000000e-002 3.6000000000000004e-002 4.0000000000000001e-003  1.7661672824357743e-003
-3.9000000000000000e-002 3.9000000000000007e-002 4.0000000000000001e-003  1.8148777849025730e-003
-3.9000000000000000e-002 4.2000000000000010e-002 4.0000000000000001e-003  1.8825793472235610e-003
-3.9000000000000000e-002 4.4999999999999998e-002 4.0000000000000001e-003  1.9507524484923728e-003
-3.5999999999999997e-002 -4.4999999999999998e-002 4.0000000000000001e-003  2.1025834490535581e-003
-3.5999999999999997e-002 -4.1999999999999996e-002 4.0000000000000001e-003  1.9543475713613831e-003
-3.5999999999999997e-002 -3.9000000000000000e-002 4.0000000000000001e-003  1.8379313310583651e-003
-3.5999999999999997e-002 -3.5999999999999997e-002 4.0000000000000001e-003  1.7550639992272743e-003
-3.5999999999999997e-002 -3.3000000000000002e-002 4.0000000000000001e-003  1.7089380329325258e-003
-3.5999999999999997e-002 -2.9999999999999999e-002 4.0000000000000001e-003  1.6727059137196668e-003
-3.5999999999999997e-002 -2.6999999999999996e-002 4.0000000000000001e-003  1.6372203855857985e-003
-3.5999999999999997e-002 -2.3999999999999997e-002 4.0000000000000001e-003  1.6060195394742255e-003
-3.5999999999999997e-002 -2.0999999999999998e-002 4.0000000000000001e-003  1.5801469283210036e-003
-3.5999999999999997e-002 -1.7999999999999999e-002 4.0000000000000001e-003  1.5565413367022961e-003
-3.5999999999999997e-002 -1.4999999999999999e-002 4.0000000000000001e-003  1.5352015092863168e-003
-3.5999999999999997e-002 -1.1999999999999997e-002 4.0000000000000001e-003  1.5366040778013576e-003
-3.5999999999999997e-002 -8.9999999999999941e-003 4.0000000000000001e-003  1.5270776621030993e-003
-3.5999999999999997e-002 -5.9999999999999984e-003 4.0000000000000001e-003  1.5141706973936053e-003
-3.5999999999999997e-002 -2.9999999999999957e-003 4.0000000000000001e-003  1.4817969101433683e-003
-3.5999999999999997e-002 0.0000000000000000e+000 4.0000000000000001e-003  1.4810845470607915e-003
-3.5999999999999997e-002 3.0000000000000027e-003 4.0000000000000001e-003  1.4805327940896420e-003
-3.5999999999999997e-002 6.0000000000000053e-003 4.0000000000000001e-003  1.4943025672583183e-003
-3.5999999999999997e-002 9.0000000000000011e-003 4.0000000000000001e-003  1.5066179522849382e-003
-3.5999999999999997e-002 1.2000000000000004e-002 4.0000000000000001e-003  1.5180134858313477e-003
-3.5999999999999997e-002 1.4999999999999999e-002 4.0000000000000001e-003  1.5310814033171469e-003
-3.5999999999999997e-002 1.8000000000000002e-002 4.0000000000000001e-003  1.5458461661806879e-003
-3.5999999999999997e-002 2.1000000000000005e-002 4.0000000000000001e-003  1.5571467505118858e-003
-3.5999999999999997e-002 2.4000000000000007e-002 4.0000000000000001e-003  1.5634648417554313e-003
-3.5999999999999997e-002 2.7000000000000010e-002 4.0000000000000001e-003  1.5708928915248485e-003
-3.5999999999999997e-002 2.9999999999999999e-002 4.0000000000000001e-003  1.6187669621150302e-003
-3.5999999999999997e-002 3.3000000000000002e-002 4.0000000000000001e-003  1.6657402453598468e-003
-3.5999999999999997e-002 3.6000000000000004e-002 4.0000000000000001e-003  1.7118554005011864e-003
-3.5999999999999997e-002 3.9000000000000007e-002 4.0000000000000001e-003  1.7564787681365460e-003
-3.5999999999999997e-002 4.2000000000000010e-002 4.0000000000000001e-003  1.8081430624694798e-003
-3.5999999999999997e-002 4.4999999999999998e-002 4.0000000000000001e-003  1.8823195116413418e-003
-3.3000000000000002e-002 -4.4999999999999998e-002 4.0000000000000001e-003  2.0886502022738960e-003
-3.3000000000000002e-002 -4.1999999999999996e-002 4.0000000000000001e-003  1.9217087744951421e-003
-3.3000000000000002e-002 -3.9000000000000000e-002 4.0000000000000001e-003  1.7981903489021494e-003
-3.3000000000000002e-002 -3.5999999999999997e-002 4.0000000000000001e-003  1.7147471892242870e-003
-3.3000000000000002e-002 -3.3000000000000002e-002 4.0000000000000001e-003  1.6675767974080134e-003
-3.3000000000000002e-002 -2.9999999999999999e-002 4.0000000000000001e-003  1.6329434018234443e-003
-3.3000000000000002e-002 -2.6999999999999996e-002 4.0000000000000001e-003  1.5994331111125234e-003
-3.3000000000000002e-002 -2.3999999999999997e-002 4.0000000000000001e-003  1.5670996028699453e-003
-3.3000000000000002e-002 -2.0999999999999998e-002 4.0000000000000001e-003  1.5359521293526507e-003
-3.3000000000000002e-002 -1.7999999999999999e-002 4.0000000000000001e-003  1.5066397536956594e-003
-3.3000000000000002e-002 -1.4999999999999999e-002 4.0000000000000001e-003  1.4804640320106291e-003
-3.3000000000000002e-002 -1.1999999999999997e-002 4.0000000000000001e-003  1.4668207481402359e-003
-3.3000000000000002e-002 -8.9999999999999941e-003 4.0000000000000001e-003  1.4615661922076069e-003
-3.3000000000000002e-002 -5.9999999999999984e-003 4.0000000000000001e-003  1.4539657329301653e-003
-3.3000000000000002e-002 -2.9999999999999957e-003 4.0000000000000001e-003  1.4514988998835670e-003
-3.3000000000000002e-002 0.0000000000000000e+000 4.0000000000000001e-003  1.4494793934768338e-003
-3.3000000000000002e-002 3.0000000000000027e-003 4.0000000000000001e-003  1.4491970120744913e-003
-3.3000000000000002e-002 6.0000000000000053e-003 4.0000000000000001e-003  1.4505630140496846e-003
-3.3000000000000002e-002 9.0000000000000011e-003 4.0000000000000001e-003  1.4546020661594823e-003
-3.3000000000000002e-002 1.2000000000000004e-002 4.0000000000000001e-003  1.4608084241256847e-003
-3.3000000000000002e-002 1.4999999999999999e-002 4.0000000000000001e-003  1.4694495076388360e-003
-3.3000000000000002e-002 1.8000000000000002e-002 4.0000000000000001e-003  1.4868577300399624e-003
-3.3000000000000002e-002 2.1000000000000005e-002 4.0000000000000001e-003  1.5058439490271954e-003
-3.3000000000000002e-002 2.4000000000000007e-002 4.0000000000000001e-003  1.5160741104378627e-003
-3.3000000000000002e-002 2.7000000000000010e-002 4.0000000000000001e-003  1.5410380180767508e-003
-3.3000000000000002e-002 2.9999999999999999e-002 4.0000000000000001e-003  1.5735015995898779e-003
-3.3000000000000002e-002 3.3000000000000002e-002 4.0000000000000001e-003  1.6143499853349796e-003
-3.3000000000000002e-002 3.6000000000000004e-002 4.0000000000000001e-003  1.6577944544419827e-003
-3.3000000000000002e-002 3.9000000000000007e-002 4.0000000000000001e-003  1.6959092092663167e-003
-3.3000000000000002e-002 4.2000000000000010e-002 4.0000000000000001e-003  1.7417350651757167e-003
-3.3000000000000002e-002 4.4999999999999998e-002 4.0000000000000001e-003  1.8267247194536033e-003
-2.9999999999999999e-002 -4.4999999999999998e-002 4.0000000000000001e-003  2.0435870860771930e-003
-2.9999999999999999e-002 -4.1999999999999996e-002 4.0000000000000001e-003  1.8782637134139451e-003
-2.9999999999999999e-002 -3.9000000000000000e-002 4.0000000000000001e-003  1.7579539154225169e-003
-2.9999999999999999e-002 -3.5999999999999997e-002 4.0000000000000001e-003  1.6780146307406451e-003
-2.9999999999999999e-002 -3.3000000000000002e-002 4.0000000000000001e-003  1.6310120357119014e-003
-2.9999999999999999e-002 -2.9999999999999999e-002 4.0000000000000001e-003  1.5968154951333832e-003
-2.9999999999999999e-002 -2.6999999999999996e-002 4.0000000000000001e-003  1.5637897370656957e-003
-2.9999999999999999e-002 -2.3999999999999997e-002 4.0000000000000001e-003  1.5319386249650568e-003
-2.9999999999999999e-002 -2.0999999999999998e-002 4.0000000000000001e-003  1.5012709746313460e-003
-2.9999999999999999e-002 -1.7999999999999999e-002 4.0000000000000001e-003  1.4718005542080704e-003
-2.9999999999999999e-002 -1.4999999999999999e-002 4.0000000000000001e-003  1.4454888067890177e-003
-2.9999999999999999e-002 -1.1999999999999997e-002 4.0000000000000001e-003  1.4323818441157302e-003
-2.9999999999999999e-002 -8.9999999999999941e-003 4.0000000000000001e-003  1.4262841743996602e-003
-2.9999999999999999e-002 -5.9999999999999984e-003 4.0000000000000001e-003  1.4221739448327805e-003
-2.9999999999999999e-002 -2.9999999999999957e-003 4.0000000000000001e-003  1.4181165530496866e-003
-2.9999999999999999e-002 0.0000000000000000e+000 4.0000000000000001e-003  1.4156002247923875e-003
-2.9999999999999999e-002 3.0000000000000027e-003 4.0000000000000001e-003  1.4151234955294843e-003
-2.9999999999999999e-002 6.0000000000000053e-003 4.0000000000000001e-003  1.4177219616866529e-003
-2.9999999999999999e-002 9.0000000000000011e-003 4.0000000000000001e-003  1.4225578029239555e-003
-2.9999999999999999e-002 1.2000000000000004e-002 4.0000000000000001e-003  1.4295578668964922e-003
-2.9999999999999999e-002 1.4999999999999999e-002 4.0000000000000001e-003  1.4387335279722128e-003
-2.9999999999999999e-002 1.8000000000000002e-002 4.0000000000000001e-003  1.4501031087217082e-003
-2.9999999999999999e-002 2.1000000000000005e-002 4.0000000000000001e-003  1.4636918799182227e-003
-2.9999999999999999e-002 2.4000000000000007e-002 4.0000000000000001e-003  1.4817180856583115e-003
-2.9999999999999999e-002 2.7000000000000010e-002 4.0000000000000001e-003  1.5245573103140325e-003
-2.9999999999999999e-002 2.9999999999999999e-002 4.0000000000000001e-003  1.5557419280068981e-003
-2.9999999999999999e-002 3.3000000000000002e-002 4.0000000000000001e-003  1.5837857369481981e-003
-2.9999999999999999e-002 3.6000000000000004e-002 4.0000000000000001e-003  1.6036524468754300e-003
-2.9999999999999999e-002 3.9000000000000007e-002 4.0000000000000001e-003  1.6401559728111280e-003
-2.9999999999999999e-002 4.2000000000000010e-002 4.0000000000000001e-003  1.7036949094298643e-003
-2.9999999999999999e-002 4.4999999999999998e-002 4.0000000000000001e-003  1.7865962942280134e-003
-2.6999999999999996e-002 -4.4999999999999998e-002 4.0000000000000001e-003  2.0273715322405230e-003
-2.6999999999999996e-002 -4.1999999999999996e-002 4.0000000000000001e-003  1.8477309974840542e-003
-2.6999999999999996e-002 -3.9000000000000000e-002 4.0000000000000001e-003  1.7265808146545761e-003
-2.6999999999999996e-002 -3.5999999999999997e-002 4.0000000000000001e-003  1.6421937062916709e-003
-2.6999999999999996e-002 -3.3000000000000002e-002 4.0000000000000001e-003  1.5989039595783522e-003
-2.6999999999999996e-002 -2.9999999999999999e-002 4.0000000000000001e-003  1.5625257106930850e-003
-2.6999999999999996e-002 -2.6999999999999996e-002 4.0000000000000001e-003  1.5299547435363042e-003
-2.6999999999999996e-002 -2.3999999999999997e-002 4.0000000000000001e-003  1.4985567055888444e-003
-2.6999999999999996e-002 -2.0999999999999998e-002 4.0000000000000001e-003  1.4708326180906876e-003
-2.6999999999999996e-002 -1.7999999999999999e-002 4.0000000000000001e-003  1.4480106874559416e-003
-2.6999999999999996e-002 -1.4999999999999999e-002 4.0000000000000001e-003  1.4260308232253117e-003
-2.6999999999999996e-002 -1.1999999999999997e-002 4.0000000000000001e-003  1.4112193244040277e-003
-2.6999999999999996e-002 -8.9999999999999941e-003 4.0000000000000001e-003  1.4003565167846461e-003
-2.6999999999999996e-002 -5.9999999999999984e-003 4.0000000000000001e-003  1.3914262964183732e-003
-2.6999999999999996e-002 -2.9999999999999957e-003 4.0000000000000001e-003  1.3875685482505626e-003
-2.6999999999999996e-002 0.0000000000000000e+000 4.0000000000000001e-003  1.3852460131928608e-003
-2.6999999999999996e-002 3.0000000000000027e-003 4.0000000000000001e-003  1.3844510199501310e-003
-2.6999999999999996e-002 6.0000000000000053e-003 4.0000000000000001e-003  1.3852607786746789e-003
-2.6999999999999996e-002 9.0000000000000011e-003 4.0000000000000001e-003  1.3908931901576713e-003
-2.6999999999999996e-002 1.2000000000000004e-002 4.0000000000000001e-003  1.3986885047395589e-003
-2.6999999999999996e-002 1.4999999999999999e-002 4.0000000000000001e-003  1.4086582862857214e-003
-2.6999999999999996e-002 1.8000000000000002e-002 4.0000000000000001e-003  1.4208210468641934e-003
-2.6999999999999996e-002 2.1000000000000005e-002 4.0000000000000001e-003  1.4342984580702602e-003
-2.6999999999999996e-002 2.4000000000000007e-002 4.0000000000000001e-003  1.4509886744210445e-003
-2.6999999999999996e-002 2.7000000000000010e-002 4.0000000000000001e-003  1.4832551522507989e-003
-2.6999999999999996e-002 2.9999999999999999e-002 4.0000000000000001e-003  1.5190289487900716e-003
-2.6999999999999996e-002 3.3000000000000002e-002 4.0000000000000001e-003  1.5481084609812094e-003
-2.6999999999999996e-002 3.6000000000000004e-002 4.0000000000000001e-003  1.5953659286066578e-003
-2.6999999999999996e-002 3.9000000000000007e-002 4.0000000000000001e-003  1.6473650244173627e-003
-2.6999999999999996e-002 4.2000000000000010e-002 4.0000000000000001e-003  1.6849106995741208e-003
-2.6999999999999996e-002 4.4999999999999998e-002 4.0000000000000001e-003  1.7617179127526654e-003
-2.3999999999999997e-002 -4.4999999999999998e-002 4.0000000000000001e-003  2.0208701781339990e-003
-2.3999999999999997e-002 -4.1999999999999996e-002 4.0000000000000001e-003  1.8248509535905009e-003
-2.3999999999999997e-002 -3.9000000000000000e-002 4.0000000000000001e-003  1.7060760064756288e-003
-2.3999999999999997e-002 -3.5999999999999997e-002 4.0000000000000001e-003  1.6288312088021614e-003
-2.3999999999999997e-002 -3.3000000000000002e-002 4.0000000000000001e-003  1.5693841417895448e-003
-2.3999999999999997e-002 -2.9999999999999999e-002 4.0000000000000001e-003  1.5300215880471211e-003
-2.3999999999999997e-002 -2.6999999999999996e-002 4.0000000000000001e-003  1.5009571294728411e-003
-2.3999999999999997e-002 -2.3999999999999997e-002 4.0000000000000001e-003  1.4764729588203919e-003
-2.3999999999999997e-002 -2.0999999999999998e-002 4.0000000000000001e-003  1.4528085684273511e-003
-2.3999999999999997e-002 -1.7999999999999999e-002 4.0000000000000001e-003  1.4299755378879458e-003
-2.3999999999999997e-002 -1.4999999999999999e-002 4.0000000000000001e-003  1.4079913651475265e-003
-2.3999999999999997e-002 -1.1999999999999997e-002 4.0000000000000001e-003  1.3911087324244393e-003
-2.3999999999999997e-002 -8.9999999999999941e-003 4.0000000000000001e-003  1.3793693503796835e-003
-2.3999999999999997e-002 -5.9999999999999984e-003 4.0000000000000001e-003  1.3692588887335583e-003
-2.3999999999999997e-002 -2.9999999999999957e-003 4.0000000000000001e-003  1.3607667984309596e-003
-2.3999999999999997e-002 0.0000000000000000e+000 4.0000000000000001e-003  1.3576853485342377e-003
-2.3999999999999997e-002 3.0000000000000027e-003 4.0000000000000001e-003  1.3571103950599831e-003
-2.3999999999999997e-002 6.0000000000000053e-003 4.0000000000000001e-003  1.3580181688740863e-003
-2.3999999999999997e-002 9.0000000000000011e-003 4.0000000000000001e-003  1.3596203514250433e-003
-2.3999999999999997e-002 1.2000000000000004e-002 4.0000000000000001e-003  1.3682113514842311e-003
-2.3999999999999997e-002 1.4999999999999999e-002 4.0000000000000001e-003  1.3789774518536159e-003
-2.3999999999999997e-002 1.8000000000000002e-002 4.0000000000000001e-003  1.3917880701072793e-003
-2.3999999999999997e-002 2.1000000000000005e-002 4.0000000000000001e-003  1.4064879228245870e-003
-2.3999999999999997e-002 2.4000000000000007e-002 4.0000000000000001e-003  1.4264347727483164e-003
-2.3999999999999997e-002 2.7000000000000010e-002 4.0000000000000001e-003  1.4521501095928675e-003
-2.3999999999999997e-002 2.9999999999999999e-002 4.0000000000000001e-003  1.4844208539777372e-003
-2.3999999999999997e-002 3.3000000000000002e-002 4.0000000000000001e-003  1.5085355649734550e-003
-2.3999999999999997e-002 3.6000000000000004e-002 4.0000000000000001e-003  1.5504867447327514e-003
-2.3999999999999997e-002 3.9000000000000007e-002 4.0000000000000001e-003  1.6133042543239285e-003
-2.3999999999999997e-002 4.2000000000000010e-002 4.0000000000000001e-003  1.6907050034019508e-003
-2.3999999999999997e-002 4.4999999999999998e-002 4.0000000000000001e-003  1.7844886590767234e-003
-2.0999999999999998e-002 -4.4999999999999998e-002 4.0000000000000001e-003  1.9516872904943067e-003
-2.0999999999999998e-002 -4.1999999999999996e-002 4.0000000000000001e-003  1.7934303527126863e-003
-2.0999999999999998e-002 -3.9000000000000000e-002 4.0000000000000001e-003  1.6903888474940842e-003
-2.0999999999999998e-002 -3.5999999999999997e-002 4.0000000000000001e-003  1.6091664095856540e-003
-2.0999999999999998e-002 -3.3000000000000002e-002 4.0000000000000001e-003  1.5461075013511862e-003
-2.0999999999999998e-002 -2.9999999999999999e-002 4.0000000000000001e-003  1.5097172306260702e-003
-2.0999999999999998e-002 -2.6999999999999996e-002 4.0000000000000001e-003  1.4843909232225461e-003
-2.0999999999999998e-002 -2.3999999999999997e-002 4.0000000000000001e-003  1.4598845096276479e-003
-2.0999999999999998e-002 -2.0999999999999998e-002 4.0000000000000001e-003  1.4362041111791882e-003
-2.0999999999999998e-002 -1.7999999999999999e-002 4.0000000000000001e-003  1.4110793075223678e-003
-2.0999999999999998e-002 -1.4999999999999999e-002 4.0000000000000001e-003  1.3819149891329627e-003
-2.0999999999999998e-002 -1.1999999999999997e-002 4.0000000000000001e-003  1.3680376464692038e-003
-2.0999999999999998e-002 -8.9999999999999941e-003 4.0000000000000001e-003  1.3613316404498821e-003
-2.0999999999999998e-002 -5.9999999999999984e-003 4.0000000000000001e-003  1.3513083540989590e-003
-2.0999999999999998e-002 -2.9999999999999957e-003 4.0000000000000001e-003  1.3429110062472640e-003
-2.0999999999999998e-002 0.0000000000000000e+000 4.0000000000000001e-003  1.3361296184778541e-003
-2.0999999999999998e-002 3.0000000000000027e-003 4.0000000000000001e-003  1.3325233486589959e-003
-2.0999999999999998e-002 6.0000000000000053e-003 4.0000000000000001e-003  1.3337088874670517e-003
-2.0999999999999998e-002 9.0000000000000011e-003 4.0000000000000001e-003  1.3358399933069965e-003
-2.0999999999999998e-002 1.2000000000000004e-002 4.0000000000000001e-003  1.3381402811943320e-003
-2.0999999999999998e-002 1.4999999999999999e-002 4.0000000000000001e-003  1.3497037890046601e-003
-2.0999999999999998e-002 1.8000000000000002e-002 4.0000000000000001e-003  1.3630363919969722e-003
-2.0999999999999998e-002 2.1000000000000005e-002 4.0000000000000001e-003  1.3809988939674550e-003
-2.0999999999999998e-002 2.4000000000000007e-002 4.0000000000000001e-003  1.4042058158874752e-003
-2.0999999999999998e-002 2.7000000000000010e-002 4.0000000000000001e-003  1.4326575790495027e-003
-2.0999999999999998e-002 2.9999999999999999e-002 4.0000000000000001e-003  1.4604977623625596e-003
-2.0999999999999998e-002 3.3000000000000002e-002 4.0000000000000001e-003  1.4796810169786822e-003
-2.0999999999999998e-002 3.6000000000000004e-002 4.0000000000000001e-003  1.5164369880242669e-003
-2.0999999999999998e-002 3.9000000000000007e-002 4.0000000000000001e-003  1.5739143719256121e-003
-2.0999999999999998e-002 4.2000000000000010e-002 4.0000000000000001e-003  1.6460862729158426e-003
-2.0999999999999998e-002 4.4999999999999998e-002 4.0000000000000001e-003  1.7348287107926891e-003
-1.7999999999999999e-002 -4.4999999999999998e-002 4.0000000000000001e-003  1.8877241923630030e-003
-1.7999999999999999e-002 -4.1999999999999996e-002 4.0000000000000001e-003  1.7769826129298608e-003
-1.7999999999999999e-002 -3.9000000000000000e-002 4.0000000000000001e-003  1.6765327474929945e-003
-1.7999999999999999e-002 -3.5999999999999997e-002 4.0000000000000001e-003  1.5919640902149401e-003
-1.7999999999999999e-002 -3.3000000000000002e-002 4.0000000000000001e-003  1.5359919590337856e-003
-1.7999999999999999e-002 -2.9999999999999999e-002 4.0000000000000001e-003  1.5001941549733693e-003
-1.7999999999999999e-002 -2.6999999999999996e-002 4.0000000000000001e-003  1.4692465007576504e-003
-1.7999999999999999e-002 -2.3999999999999997e-002 4.0000000000000001e-003  1.4420836038266356e-003
-1.7999999999999999e-002 -2.0999999999999998e-002 4.0000000000000001e-003  1.4117916212562681e-003
-1.7999999999999999e-002 -1.7999999999999999e-002 4.0000000000000001e-003  1.3833564565559331e-003
-1.7999999999999999e-002 -1.4999999999999999e-002 4.0000000000000001e-003  1.3567930417658644e-003
-1.7999999999999999e-002 -1.1999999999999997e-002 4.0000000000000001e-003  1.3460418677794773e-003
-1.7999999999999999e-002 -8.9999999999999941e-003 4.0000000000000001e-003  1.3394238512087998e-003
-1.7999999999999999e-002 -5.9999999999999984e-003 4.0000000000000001e-003  1.3348926656806287e-003
-1.7999999999999999e-002 -2.9999999999999957e-003 4.0000000000000001e-003  1.3280001347911478e-003
-1.7999999999999999e-002 0.0000000000000000e+000 4.0000000000000001e-003  1.3213186861370252e-003
-1.7999999999999999e-002 3.0000000000000027e-003 4.0000000000000001e-003  1.3162506822379356e-003
-1.7999999999999999e-002 6.0000000000000053e-003 4.0000000000000001e-003  1.3127878757140325e-003
-1.7999999999999999e-002 9.0000000000000011e-003 4.0000000000000001e-003  1.3150015012171885e-003
-1.7999999999999999e-002 1.2000000000000004e-002 4.0000000000000001e-003  1.3180546686472128e-003
-1.7999999999999999e-002 1.4999999999999999e-002 4.0000000000000001e-003  1.3251534352922637e-003
-1.7999999999999999e-002 1.8000000000000002e-002 4.0000000000000001e-003  1.3416112680087727e-003
-1.7999999999999999e-002 2.1000000000000005e-002 4.0000000000000001e-003  1.3629092254155847e-003
-1.7999999999999999e-002 2.4000000000000007e-002 4.0000000000000001e-003  1.3890468142850560e-003
-1.7999999999999999e-002 2.7000000000000010e-002 4.0000000000000001e-003  1.4200266348195698e-003
-1.7999999999999999e-002 2.9999999999999999e-002 4.0000000000000001e-003  1.4476359562624178e-003
-1.7999999999999999e-002 3.3000000000000002e-002 4.0000000000000001e-003  1.4614441537088676e-003
-1.7999999999999999e-002 3.6000000000000004e-002 4.0000000000000001e-003  1.4930676713040532e-003
-1.7999999999999999e-002 3.9000000000000007e-002 4.0000000000000001e-003  1.5482204919557633e-003
-1.7999999999999999e-002 4.2000000000000010e-002 4.0000000000000001e-003  1.6253958342231796e-003
-1.7999999999999999e-002 4.4999999999999998e-002 4.0000000000000001e-003  1.7246916689579374e-003
-1.4999999999999999e-002 -4.4999999999999998e-002 4.0000000000000001e-003  1.8535286463928079e-003
-1.4999999999999999e-002 -4.1999999999999996e-002 4.0000000000000001e-003  1.7638185225826535e-003
-1.4999999999999999e-002 -3.9000000000000000e-002 4.0000000000000001e-003  1.6656372877460132e-003
-1.4999999999999999e-002 -3.5999999999999997e-002 4.0000000000000001e-003  1.5853798868428863e-003
-1.4999999999999999e-002 -3.3000000000000002e-002 4.0000000000000001e-003  1.5278833077117214e-003
-1.4999999999999999e-002 -2.9999999999999999e-002 4.0000000000000001e-003  1.4931412374297231e-003
-1.4999999999999999e-002 -2.6999999999999996e-002 4.0000000000000001e-003  1.4602744280172947e-003
-1.4999999999999999e-002 -2.3999999999999997e-002 4.0000000000000001e-003  1.4211173508777515e-003
-1.4999999999999999e-002 -2.0999999999999998e-002 4.0000000000000001e-003  1.3893496048771831e-003
-1.4999999999999999e-002 -1.7999999999999999e-002 4.0000000000000001e-003  1.3635092386093952e-003
-1.4999999999999999e-002 -1.4999999999999999e-002 4.0000000000000001e-003  1.3403953181001318e-003
-1.4999999999999999e-002 -1.1999999999999997e-002 4.0000000000000001e-003  1.3303168432014670e-003
-1.4999999999999999e-002 -8.9999999999999941e-003 4.0000000000000001e-003  1.3223225754746119e-003
-1.4999999999999999e-002 -5.9999999999999984e-003 4.0000000000000001e-003  1.3164145254269740e-003
-1.4999999999999999e-002 -2.9999999999999957e-003 4.0000000000000001e-003  1.3125948736754027e-003
-1.4999999999999999e-002 0.0000000000000000e+000 4.0000000000000001e-003  1.3094524149322641e-003
-1.4999999999999999e-002 3.0000000000000027e-003 4.0000000000000001e-003  1.3044896017787302e-003
-1.4999999999999999e-002 6.0000000000000053e-003 4.0000000000000001e-003  1.3011376139869454e-003
-1.4999999999999999e-002 9.0000000000000011e-003 4.0000000000000001e-003  1.2996625285006877e-003
-1.4999999999999999e-002 1.2000000000000004e-002 4.0000000000000001e-003  1.3039389067401026e-003
-1.4999999999999999e-002 1.4999999999999999e-002 4.0000000000000001e-003  1.3140877932298434e-003
-1.4999999999999999e-002 1.8000000000000002e-002 4.0000000000000001e-003  1.3310769272543363e-003
-1.4999999999999999e-002 2.1000000000000005e-002 4.0000000000000001e-003  1.3529219741804926e-003
-1.4999999999999999e-002 2.4000000000000007e-002 4.0000000000000001e-003  1.3796193142443383e-003
-1.4999999999999999e-002 2.7000000000000010e-002 4.0000000000000001e-003  1.4111684211119354e-003
-1.4999999999999999e-002 2.9999999999999999e-002 4.0000000000000001e-003  1.4383798913892728e-003
-1.4999999999999999e-002 3.3000000000000002e-002 4.0000000000000001e-003  1.4519055933754411e-003
-1.4999999999999999e-002 3.6000000000000004e-002 4.0000000000000001e-003  1.4848003049450869e-003
-1.4999999999999999e-002 3.9000000000000007e-002 4.0000000000000001e-003  1.5435103365244065e-003
-1.4999999999999999e-002 4.2000000000000010e-002 4.0000000000000001e-003  1.6227499726646174e-003
-1.4999999999999999e-002 4.4999999999999998e-002 4.0000000000000001e-003  1.7242816511815796e-003
-1.1999999999999997e-002 -4.4999999999999998e-002 4.0000000000000001e-003  1.8702366494667635e-003
-1.1999999999999997e-002 -4.1999999999999996e-002 4.0000000000000001e-003  1.7313599172556430e-003
-1.1999999999999997e-002 -3.9000000000000000e-002 4.0000000000000001e-003  1.6623453700188285e-003
-1.1999999999999997e-002 -3.5999999999999997e-002 4.0000000000000001e-003  1.5771340256077176e-003
-1.1999999999999997e-002 -3.3000000000000002e-002 4.0000000000000001e-003  1.5183582619928582e-003
-1.1999999999999997e-002 -2.9999999999999999e-002 4.0000000000000001e-003  1.4837685624259982e-003
-1.1999999999999997e-002 -2.6999999999999996e-002 4.0000000000000001e-003  1.4498012026281258e-003
-1.1999999999999997e-002 -2.3999999999999997e-002 4.0000000000000001e-003  1.4121605829190620e-003
-1.1999999999999997e-002 -2.0999999999999998e-002 4.0000000000000001e-003  1.3796885582831428e-003
-1.1999999999999997e-002 -1.7999999999999999e-002 4.0000000000000001e-003  1.3523949335756947e-003
-1.1999999999999997e-002 -1.4999999999999999e-002 4.0000000000000001e-003  1.3323202323408663e-003
-1.1999999999999997e-002 -1.1999999999999997e-002 4.0000000000000001e-003  1.3207524383409758e-003
-1.1999999999999997e-002 -8.9999999999999941e-003 4.0000000000000001e-003  1.3114620520963097e-003
-1.1999999999999997e-002 -5.9999999999999984e-003 4.0000000000000001e-003  1.3045008485251448e-003
-1.1999999999999997e-002 -2.9999999999999957e-003 4.0000000000000001e-003  1.2998713663871981e-003
-1.1999999999999997e-002 0.0000000000000000e+000 4.0000000000000001e-003  1.2975763892482241e-003
-1.1999999999999997e-002 3.0000000000000027e-003 4.0000000000000001e-003  1.2958198514265416e-003
-1.1999999999999997e-002 6.0000000000000053e-003 4.0000000000000001e-003  1.2945089539425536e-003
-1.1999999999999997e-002 9.0000000000000011e-003 4.0000000000000001e-003  1.2941343673857342e-003
-1.1999999999999997e-002 1.2000000000000004e-002 4.0000000000000001e-003  1.2942225203373223e-003
-1.1999999999999997e-002 1.4999999999999999e-002 4.0000000000000001e-003  1.3033969691234662e-003
-1.1999999999999997e-002 1.8000000000000002e-002 4.0000000000000001e-003  1.3208999163611668e-003
-1.1999999999999997e-002 2.1000000000000005e-002 4.0000000000000001e-003  1.3433159426087518e-003
-1.1999999999999997e-002 2.4000000000000007e-002 4.0000000000000001e-003  1.3707616130121439e-003
-1.1999999999999997e-002 2.7000000000000010e-002 4.0000000000000001e-003  1.4029714647381464e-003
-1.1999999999999997e-002 2.9999999999999999e-002 4.0000000000000001e-003  1.4295580497210444e-003
-1.1999999999999997e-002 3.3000000000000002e-002 4.0000000000000001e-003  1.4436783444407031e-003
-1.1999999999999997e-002 3.6000000000000004e-002 4.0000000000000001e-003  1.4789507963890954e-003
-1.1999999999999997e-002 3.9000000000000007e-002 4.0000000000000001e-003  1.5364116046747639e-003
-1.1999999999999997e-002 4.2000000000000010e-002 4.0000000000000001e-003  1.6164684875705178e-003
-1.1999999999999997e-002 4.4999999999999998e-002 4.0000000000000001e-003  1.7201892503080443e-003
-8.9999999999999941e-003 -4.4999999999999998e-002 4.0000000000000001e-003  1.8989078630165463e-003
-8.9999999999999941e-003 -4.1999999999999996e-002 4.0000000000000001e-003  1.7329358109325974e-003
-8.9999999999999941e-003 -3.9000000000000000e-002 4.0000000000000001e-003  1.6372153688635144e-003
-8.9999999999999941e-003 -3.5999999999999997e-002 4.0000000000000001e-003  1.5698313355388194e-003
-8.9999999999999941e-003 -3.3000000000000002e-002 4.0000000000000001e-003  1.5065475186857938e-003
-8.9999999999999941e-003 -2.9999999999999999e-002 4.0000000000000001e-003  1.4720941278307661e-003
-8.9999999999999941e-003 -2.6999999999999996e-002 4.0000000000000001e-003  1.4373960804973296e-003
-8.9999999999999941e-003 -2.3999999999999997e-002 4.0000000000000001e-003  1.4022939181652799e-003
-8.9999999999999941e-003 -2.0999999999999998e-002 4.0000000000000001e-003  1.3724840733832519e-003
-8.9999999999999941e-003 -1.7999999999999999e-002 4.0000000000000001e-003  1.3462209639872674e-003
-8.9999999999999941e-003 -1.4999999999999999e-002 4.0000000000000001e-003  1.3274763312173411e-003
-8.9999999999999941e-003 -1.1999999999999997e-002 4.0000000000000001e-003  1.3131104378602970e-003
-8.9999999999999941e-003 -8.9999999999999941e-003 4.0000000000000001e-003  1.3040824656524925e-003
-8.9999999999999941e-003 -5.9999999999999984e-003 4.0000000000000001e-003  1.2973853043795954e-003
-8.9999999999999941e-003 -2.9999999999999957e-003 4.0000000000000001e-003  1.2930217896188129e-003
-8.9999999999999941e-003 0.0000000000000000e+000 4.0000000000000001e-003  1.2898939358044646e-003
-8.9999999999999941e-003 3.0000000000000027e-003 4.0000000000000001e-003  1.2874713250736001e-003
-8.9999999999999941e-003 6.0000000000000053e-003 4.0000000000000001e-003  1.2859860767437462e-003
-8.9999999999999941e-003 9.0000000000000011e-003 4.0000000000000001e-003  1.2854401575649410e-003
-8.9999999999999941e-003 1.2000000000000004e-002 4.0000000000000001e-003  1.2904684960124502e-003
-8.9999999999999941e-003 1.4999999999999999e-002 4.0000000000000001e-003  1.2975405259162455e-003
-8.9999999999999941e-003 1.8000000000000002e-002 4.0000000000000001e-003  1.3153947028258380e-003
-8.9999999999999941e-003 2.1000000000000005e-002 4.0000000000000001e-003  1.3380354555564235e-003
-8.9999999999999941e-003 2.4000000000000007e-002 4.0000000000000001e-003  1.3654521434745791e-003
-8.9999999999999941e-003 2.7000000000000010e-002 4.0000000000000001e-003  1.3976376169494455e-003
-8.9999999999999941e-003 2.9999999999999999e-002 4.0000000000000001e-003  1.4223846633533513e-003
-8.9999999999999941e-003 3.3000000000000002e-002 4.0000000000000001e-003  1.4373309554252083e-003
-8.9999999999999941e-003 3.6000000000000004e-002 4.0000000000000001e-003  1.4747242636226556e-003
-8.9999999999999941e-003 3.9000000000000007e-002 4.0000000000000001e-003  1.5323909646643636e-003
-8.9999999999999941e-003 4.2000000000000010e-002 4.0000000000000001e-003  1.6094638368205358e-003
-8.9999999999999941e-003 4.4999999999999998e-002 4.0000000000000001e-003  1.7123777042599934e-003
-5.9999999999999984e-003 -4.4999999999999998e-002 4.0000000000000001e-003  1.9365004112204941e-003
-5.9999999999999984e-003 -4.1999999999999996e-002 4.0000000000000001e-003  1.7788209840422899e-003
-5.9999999999999984e-003 -3.9000000000000000e-002 4.0000000000000001e-003  1.6505905435437651e-003
-5.9999999999999984e-003 -3.5999999999999997e-002 4.0000000000000001e-003  1.5608696973045053e-003
-5.9999999999999984e-003 -3.3000000000000002e-002 4.0000000000000001e-003  1.5084881353225337e-003
-5.9999999999999984e-003 -2.9999999999999999e-002 4.0000000000000001e-003  1.4699286874394356e-003
-5.9999999999999984e-003 -2.6999999999999996e-002 4.0000000000000001e-003  1.4325545131033449e-003
-5.9999999999999984e-003 -2.3999999999999997e-002 4.0000000000000001e-003  1.3983324924233924e-003
-5.9999999999999984e-003 -2.0999999999999998e-002 4.0000000000000001e-003  1.3677360740265414e-003
-5.9999999999999984e-003 -1.7999999999999999e-002 4.0000000000000001e-003  1.3415133475044301e-003
-5.9999999999999984e-003 -1.4999999999999999e-002 4.0000000000000001e-003  1.3259088399977296e-003
-5.9999999999999984e-003 -1.1999999999999997e-002 4.0000000000000001e-003  1.3112231994323465e-003
-5.9999999999999984e-003 -8.9999999999999941e-003 4.0000000000000001e-003  1.2984373004916582e-003
-5.9999999999999984e-003 -5.9999999999999984e-003 4.0000000000000001e-003  1.2920076056441724e-003
-5.9999999999999984e-003 -2.9999999999999957e-003 4.0000000000000001e-003  1.2874931578471971e-003
-5.9999999999999984e-003 0.0000000000000000e+000 4.0000000000000001e-003  1.2839473900190959e-003
-5.9999999999999984e-003 3.0000000000000027e-003 4.0000000000000001e-003  1.2813397062576230e-003
-5.9999999999999984e-003 6.0000000000000053e-003 4.0000000000000001e-003  1.2796718246383843e-003
-5.9999999999999984e-003 9.0000000000000011e-003 4.0000000000000001e-003  1.2830022233883214e-003
-5.9999999999999984e-003 1.2000000000000004e-002 4.0000000000000001e-003  1.2939203673207377e-003
-5.9999999999999984e-003 1.4999999999999999e-002 4.0000000000000001e-003  1.2994278643303312e-003
-5.9999999999999984e-003 1.8000000000000002e-002 4.0000000000000001e-003  1.3118561818925535e-003
-5.9999999999999984e-003 2.1000000000000005e-002 4.0000000000000001e-003  1.3344576523338903e-003
-5.9999999999999984e-003 2.4000000000000007e-002 4.0000000000000001e-003  1.3618421161761070e-003
-5.9999999999999984e-003 2.7000000000000010e-002 4.0000000000000001e-003  1.3940006074129646e-003
-5.9999999999999984e-003 2.9999999999999999e-002 4.0000000000000001e-003  1.4170951431593205e-003
-5.9999999999999984e-003 3.3000000000000002e-002 4.0000000000000001e-003  1.4328646757109866e-003
-5.9999999999999984e-003 3.6000000000000004e-002 4.0000000000000001e-003  1.4721264154055527e-003
-5.9999999999999984e-003 3.9000000000000007e-002 4.0000000000000001e-003  1.5300212603408653e-003
-5.9999999999999984e-003 4.2000000000000010e-002 4.0000000000000001e-003  1.6074350981450454e-003
-5.9999999999999984e-003 4.4999999999999998e-002 4.0000000000000001e-003  1.7063182414609544e-003
-2.9999999999999957e-003 -4.4999999999999998e-002 4.0000000000000001e-003  1.9241158988070411e-003
-2.9999999999999957e-003 -4.1999999999999996e-002 4.0000000000000001e-003  1.7694499166369959e-003
-2.9999999999999957e-003 -3.9000000000000000e-002 4.0000000000000001e-003  1.6478538812031622e-003
-2.9999999999999957e-003 -3.5999999999999997e-002 4.0000000000000001e-003  1.5554798149350073e-003
-2.9999999999999957e-003 -3.3000000000000002e-002 4.0000000000000001e-003  1.5060259894837185e-003
-2.9999999999999957e-003 -2.9999999999999999e-002 4.0000000000000001e-003  1.4667005940475865e-003
-2.9999999999999957e-003 -2.6999999999999996e-002 4.0000000000000001e-003  1.4295947685593233e-003
-2.9999999999999957e-003 -2.3999999999999997e-002 4.0000000000000001e-003  1.3947605067264853e-003
-2.9999999999999957e-003 -2.0999999999999998e-002 4.0000000000000001e-003  1.3633815692675275e-003
-2.9999999999999957e-003 -1.7999999999999999e-002 4.0000000000000001e-003  1.3412681639658626e-003
-2.9999999999999957e-003 -1.4999999999999999e-002 4.0000000000000001e-003  1.3264867021883780e-003
-2.9999999999999957e-003 -1.1999999999999997e-002 4.0000000000000001e-003  1.3126262029679123e-003
-2.9999999999999957e-003 -8.9999999999999941e-003 4.0000000000000001e-003  1.2997301384589934e-003
-2.9999999999999957e-003 -5.9999999999999984e-003 4.0000000000000001e-003  1.2884299022661444e-003
-2.9999999999999957e-003 -2.9999999999999957e-003 4.0000000000000001e-003  1.2839284875617578e-003
-2.9999999999999957e-003 0.0000000000000000e+000 4.0000000000000001e-003  1.2801880525506264e-003
-2.9999999999999957e-003 3.0000000000000027e-003 4.0000000000000001e-003  1.2773875628646937e-003
-2.9999999999999957e-003 6.0000000000000053e-003 4.0000000000000001e-003  1.2790236715726187e-003
-2.9999999999999957e-003 9.0000000000000011e-003 4.0000000000000001e-003  1.2874698728239796e-003
-2.9999999999999957e-003 1.2000000000000004e-002 4.0000000000000001e-003  1.2966020500010497e-003
-2.9999999999999957e-003 1.4999999999999999e-002 4.0000000000000001e-003  1.3018734266460684e-003
-2.9999999999999957e-003 1.8000000000000002e-002 4.0000000000000001e-003  1.3126198951947726e-003
-2.9999999999999957e-003 2.1000000000000005e-002 4.0000000000000001e-003  1.3325819657981624e-003
-2.9999999999999957e-003 2.4000000000000007e-002 4.0000000000000001e-003  1.3599306848971343e-003
-2.9999999999999957e-003 2.7000000000000010e-002 4.0000000000000001e-003  1.3920593108325066e-003
-2.9999999999999957e-003 2.9999999999999999e-002 4.0000000000000001e-003  1.4136896525262313e-003
-2.9999999999999957e-003 3.3000000000000002e-002 4.0000000000000001e-003  1.4306657289515328e-003
-2.9999999999999957e-003 3.6000000000000004e-002 4.0000000000000001e-003  1.4711638176240921e-003
-2.9999999999999957e-003 3.9000000000000007e-002 4.0000000000000001e-003  1.5293086601835754e-003
-2.9999999999999957e-003 4.2000000000000010e-002 4.0000000000000001e-003  1.6070876606868465e-003
-2.9999999999999957e-003 4.4999999999999998e-002 4.0000000000000001e-003  1.7064408236143285e-003
0.0000000000000000e+000 -4.4999999999999998e-002 4.0000000000000001e-003  1.9303597626333846e-003
0.0000000000000000e+000 -4.1999999999999996e-002 4.0000000000000001e-003  1.7932493011626833e-003
0.0000000000000000e+000 -3.9000000000000000e-002 4.0000000000000001e-003  1.6400572039435950e-003
0.0000000000000000e+000 -3.5999999999999997e-002 4.0000000000000001e-003  1.5671126111908901e-003
0.0000000000000000e+000 -3.3000000000000002e-002 4.0000000000000001e-003  1.5072181252012062e-003
0.0000000000000000e+000 -2.9999999999999999e-002 4.0000000000000001e-003  1.4629551442366634e-003
0.0000000000000000e+000 -2.6999999999999996e-002 4.0000000000000001e-003  1.4260847362048358e-003
0.0000000000000000e+000 -2.3999999999999997e-002 4.0000000000000001e-003  1.3915021065507207e-003
0.0000000000000000e+000 -2.0999999999999998e-002 4.0000000000000001e-003  1.3594239342863681e-003
0.0000000000000000e+000 -1.7999999999999999e-002 4.0000000000000001e-003  1.3431696301790066e-003
0.0000000000000000e+000 -1.4999999999999999e-002 4.0000000000000001e-003  1.3294248926142775e-003
0.0000000000000000e+000 -1.1999999999999997e-002 4.0000000000000001e-003  1.3164538237106123e-003
0.0000000000000000e+000 -8.9999999999999941e-003 4.0000000000000001e-003  1.3042210677813553e-003
0.0000000000000000e+000 -5.9999999999999984e-003 4.0000000000000001e-003  1.2927208735615898e-003
0.0000000000000000e+000 -2.9999999999999957e-003 4.0000000000000001e-003  1.2819483418286060e-003
0.0000000000000000e+000 0.0000000000000000e+000 4.0000000000000001e-003  1.2784398002771689e-003
0.0000000000000000e+000 3.0000000000000027e-003 4.0000000000000001e-003  1.2785325911667199e-003
0.0000000000000000e+000 6.0000000000000053e-003 4.0000000000000001e-003  1.2845025566937140e-003
0.0000000000000000e+000 9.0000000000000011e-003 4.0000000000000001e-003  1.2918778428780342e-003
0.0000000000000000e+000 1.2000000000000004e-002 4.0000000000000001e-003  1.2988376112394626e-003
0.0000000000000000e+000 1.4999999999999999e-002 4.0000000000000001e-003  1.3047347995004631e-003
0.0000000000000000e+000 1.8000000000000002e-002 4.0000000000000001e-003  1.3161067372322549e-003
0.0000000000000000e+000 2.1000000000000005e-002 4.0000000000000001e-003  1.3329553526337035e-003
0.0000000000000000e+000 2.4000000000000007e-002 4.0000000000000001e-003  1.3597180171187383e-003
0.0000000000000000e+000 2.7000000000000010e-002 4.0000000000000001e-003  1.3918136156125540e-003
0.0000000000000000e+000 2.9999999999999999e-002 4.0000000000000001e-003  1.4121705739891346e-003
0.0000000000000000e+000 3.3000000000000002e-002 4.0000000000000001e-003  1.4312021672286724e-003
0.0000000000000000e+000 3.6000000000000004e-002 4.0000000000000001e-003  1.4718438932911000e-003
0.0000000000000000e+000 3.9000000000000007e-002 4.0000000000000001e-003  1.5302601897983223e-003
0.0000000000000000e+000 4.2000000000000010e-002 4.0000000000000001e-003  1.6084281526447630e-003
0.0000000000000000e+000 4.4999999999999998e-002 4.0000000000000001e-003  1.7082774781484176e-003
3.0000000000000027e-003 -4.4999999999999998e-002 4.0000000000000001e-003  1.9864064606988849e-003
3.0000000000000027e-003 -4.1999999999999996e-002 4.0000000000000001e-003  1.7697570944177933e-003
3.0000000000000027e-003 -3.9000000000000000e-002 4.0000000000000001e-003  1.6476493936787720e-003
3.0000000000000027e-003 -3.5999999999999997e-002 4.0000000000000001e-003  1.5765852884258298e-003
3.0000000000000027e-003 -3.3000000000000002e-002 4.0000000000000001e-003  1.5181233629623602e-003
3.0000000000000027e-003 -2.9999999999999999e-002 4.0000000000000001e-003  1.4586794091265352e-003
3.0000000000000027e-003 -2.6999999999999996e-002 4.0000000000000001e-003  1.4220049792991181e-003
3.0000000000000027e-003 -2.3999999999999997e-002 4.0000000000000001e-003  1.3885199433921603e-003
3.0000000000000027e-003 -2.0999999999999998e-002 4.0000000000000001e-003  1.3616844225259558e-003
3.0000000000000027e-003 -1.7999999999999999e-002 4.0000000000000001e-003  1.3476586536635012e-003
3.0000000000000027e-003 -1.4999999999999999e-002 4.0000000000000001e-003  1.3343790549154508e-003
3.0000000000000027e-003 -1.1999999999999997e-002 4.0000000000000001e-003  1.3218386489818477e-003
3.0000000000000027e-003 -8.9999999999999941e-003 4.0000000000000001e-003  1.3100313106049507e-003
3.0000000000000027e-003 -5.9999999999999984e-003 4.0000000000000001e-003  1.3005215576725327e-003
3.0000000000000027e-003 -2.9999999999999957e-003 4.0000000000000001e-003  1.2921835445541421e-003
3.0000000000000027e-003 0.0000000000000000e+000 4.0000000000000001e-003  1.2863316706833636e-003
3.0000000000000027e-003 3.0000000000000027e-003 4.0000000000000001e-003  1.2852038101347585e-003
3.0000000000000027e-003 6.0000000000000053e-003 4.0000000000000001e-003  1.2899179394018911e-003
3.0000000000000027e-003 9.0000000000000011e-003 4.0000000000000001e-003  1.2962216373418258e-003
3.0000000000000027e-003 1.2000000000000004e-002 4.0000000000000001e-003  1.3014844117109476e-003
3.0000000000000027e-003 1.4999999999999999e-002 4.0000000000000001e-003  1.3080086448560299e-003
3.0000000000000027e-003 1.8000000000000002e-002 4.0000000000000001e-003  1.3200073589109255e-003
3.0000000000000027e-003 2.1000000000000005e-002 4.0000000000000001e-003  1.3374827053878114e-003
3.0000000000000027e-003 2.4000000000000007e-002 4.0000000000000001e-003  1.3612052940226707e-003
3.0000000000000027e-003 2.7000000000000010e-002 4.0000000000000001e-003  1.3932644238582557e-003
3.0000000000000027e-003 2.9999999999999999e-002 4.0000000000000001e-003  1.4125425092308514e-003
3.0000000000000027e-003 3.3000000000000002e-002 4.0000000000000001e-003  1.4333708434975851e-003
3.0000000000000027e-003 3.6000000000000004e-002 4.0000000000000001e-003  1.4741749225459324e-003
3.0000000000000027e-003 3.9000000000000007e-002 4.0000000000000001e-003  1.5328837319174549e-003
3.0000000000000027e-003 4.2000000000000010e-002 4.0000000000000001e-003  1.6085770461582132e-003
3.0000000000000027e-003 4.4999999999999998e-002 4.0000000000000001e-003  1.6981077144826487e-003
6.0000000000000053e-003 -4.4999999999999998e-002 4.0000000000000001e-003  2.0002752771821814e-003
6.0000000000000053e-003 -4.1999999999999996e-002 4.0000000000000001e-003  1.7730632543369530e-003
6.0000000000000053e-003 -3.9000000000000000e-002 4.0000000000000001e-003  1.6543517552653425e-003
6.0000000000000053e-003 -3.5999999999999997e-002 4.0000000000000001e-003  1.5859543165607376e-003
6.0000000000000053e-003 -3.3000000000000002e-002 4.0000000000000001e-003  1.5289211992293816e-003
6.0000000000000053e-003 -2.9999999999999999e-002 4.0000000000000001e-003  1.4697246298975841e-003
6.0000000000000053e-003 -2.6999999999999996e-002 4.0000000000000001e-003  1.4232882206896352e-003
6.0000000000000053e-003 -2.3999999999999997e-002 4.0000000000000001e-003  1.3940801014761155e-003
6.0000000000000053e-003 -2.0999999999999998e-002 4.0000000000000001e-003  1.3670933559146569e-003
6.0000000000000053e-003 -1.7999999999999999e-002 4.0000000000000001e-003  1.3535058186857493e-003
6.0000000000000053e-003 -1.4999999999999999e-002 4.0000000000000001e-003  1.3416031294659898e-003
6.0000000000000053e-003 -1.1999999999999997e-002 4.0000000000000001e-003  1.3317438867480255e-003
6.0000000000000053e-003 -8.9999999999999941e-003 4.0000000000000001e-003  1.3222638480021598e-003
6.0000000000000053e-003 -5.9999999999999984e-003 4.0000000000000001e-003  1.3131619894365320e-003
6.0000000000000053e-003 -2.9999999999999957e-003 4.0000000000000001e-003  1.3044374877362521e-003
6.0000000000000053e-003 0.0000000000000000e+000 4.0000000000000001e-003  1.2960897200633733e-003
6.0000000000000053e-003 3.0000000000000027e-003 4.0000000000000001e-003  1.2938031353141850e-003
6.0000000000000053e-003 6.0000000000000053e-003 4.0000000000000001e-003  1.2952663753644067e-003
6.0000000000000053e-003 9.0000000000000011e-003 4.0000000000000001e-003  1.3004995761586550e-003
6.0000000000000053e-003 1.2000000000000004e-002 4.0000000000000001e-003  1.3045411792069752e-003
6.0000000000000053e-003 1.4999999999999999e-002 4.0000000000000001e-003  1.3116930719131851e-003
6.0000000000000053e-003 1.8000000000000002e-002 4.0000000000000001e-003  1.3243192508401592e-003
6.0000000000000053e-003 2.1000000000000005e-002 4.0000000000000001e-003  1.3424220908133733e-003
6.0000000000000053e-003 2.4000000000000007e-002 4.0000000000000001e-003  1.3660047979816988e-003
6.0000000000000053e-003 2.7000000000000010e-002 4.0000000000000001e-003  1.3964136513754247e-003
6.0000000000000053e-003 2.9999999999999999e-002 4.0000000000000001e-003  1.4148122790819744e-003
6.0000000000000053e-003 3.3000000000000002e-002 4.0000000000000001e-003  1.4370563110205283e-003
6.0000000000000053e-003 3.6000000000000004e-002 4.0000000000000001e-003  1.4746536805852050e-003
6.0000000000000053e-003 3.9000000000000007e-002 4.0000000000000001e-003  1.5260355089397268e-003
6.0000000000000053e-003 4.2000000000000010e-002 4.0000000000000001e-003  1.5927708476341387e-003
6.0000000000000053e-003 4.4999999999999998e-002 4.0000000000000001e-003  1.6920142059988772e-003
9.0000000000000011e-003 -4.4999999999999998e-002 4.0000000000000001e-003  1.9998685309074115e-003
9.0000000000000011e-003 -4.1999999999999996e-002 4.0000000000000001e-003  1.8064544424492642e-003
9.0000000000000011e-003 -3.9000000000000000e-002 4.0000000000000001e-003  1.6601702246438795e-003
9.0000000000000011e-003 -3.5999999999999997e-002 4.0000000000000001e-003  1.5952159964164570e-003
9.0000000000000011e-003 -3.3000000000000002e-002 4.0000000000000001e-003  1.5414386706515096e-003
9.0000000000000011e-003 -2.9999999999999999e-002 4.0000000000000001e-003  1.4840763852054920e-003
9.0000000000000011e-003 -2.6999999999999996e-002 4.0000000000000001e-003  1.4332538266012872e-003
9.0000000000000011e-003 -2.3999999999999997e-002 4.0000000000000001e-003  1.4002889256539879e-003
9.0000000000000011e-003 -2.0999999999999998e-002 4.0000000000000001e-003  1.3762300827024586e-003
9.0000000000000011e-003 -1.7999999999999999e-002 4.0000000000000001e-003  1.3654998559798086e-003
9.0000000000000011e-003 -1.4999999999999999e-002 4.0000000000000001e-003  1.3549076216946999e-003
9.0000000000000011e-003 -1.1999999999999997e-002 4.0000000000000001e-003  1.3446604240368221e-003
9.0000000000000011e-003 -8.9999999999999941e-003 4.0000000000000001e-003  1.3347924330983797e-003
9.0000000000000011e-003 -5.9999999999999984e-003 4.0000000000000001e-003  1.3253028345527945e-003
9.0000000000000011e-003 -2.9999999999999957e-003 4.0000000000000001e-003  1.3161910145504515e-003
9.0000000000000011e-003 0.0000000000000000e+000 4.0000000000000001e-003  1.3074565597186851e-003
9.0000000000000011e-003 3.0000000000000027e-003 4.0000000000000001e-003  1.3017564820281249e-003
9.0000000000000011e-003 6.0000000000000053e-003 4.0000000000000001e-003  1.3005472364004775e-003
9.0000000000000011e-003 9.0000000000000011e-003 4.0000000000000001e-003  1.3047127954237949e-003
9.0000000000000011e-003 1.2000000000000004e-002 4.0000000000000001e-003  1.3080080887569224e-003
9.0000000000000011e-003 1.4999999999999999e-002 4.0000000000000001e-003  1.3157876371102607e-003
9.0000000000000011e-003 1.8000000000000002e-002 4.0000000000000001e-003  1.3290413508672302e-003
9.0000000000000011e-003 2.1000000000000005e-002 4.0000000000000001e-003  1.3477718281666125e-003
9.0000000000000011e-003 2.4000000000000007e-002 4.0000000000000001e-003  1.3719824984705861e-003
9.0000000000000011e-003 2.7000000000000010e-002 4.0000000000000001e-003  1.4048281787612286e-003
9.0000000000000011e-003 2.9999999999999999e-002 4.0000000000000001e-003  1.4181933170033583e-003
9.0000000000000011e-003 3.3000000000000002e-002 4.0000000000000001e-003  1.4393233924258635e-003
9.0000000000000011e-003 3.6000000000000004e-002 4.0000000000000001e-003  1.4717323631181778e-003
9.0000000000000011e-003 3.9000000000000007e-002 4.0000000000000001e-003  1.5215861554794278e-003
9.0000000000000011e-003 4.2000000000000010e-002 4.0000000000000001e-003  1.5986091412874207e-003
9.0000000000000011e-003 4.4999999999999998e-002 4.0000000000000001e-003  1.6997618039841674e-003
1.2000000000000004e-002 -4.4999999999999998e-002 4.0000000000000001e-003  1.9497793111085684e-003
1.2000000000000004e-002 -4.1999999999999996e-002 4.0000000000000001e-003  1.7962223922476672e-003
1.2000000000000004e-002 -3.9000000000000000e-002 4.0000000000000001e-003  1.6767851585529291e-003
1.2000000000000004e-002 -3.5999999999999997e-002 4.0000000000000001e-003  1.6109295236686712e-003
1.2000000000000004e-002 -3.3000000000000002e-002 4.0000000000000001e-003  1.5589632762316077e-003
1.2000000000000004e-002 -2.9999999999999999e-002 4.0000000000000001e-003  1.4999000657138965e-003
1.2000000000000004e-002 -2.6999999999999996e-002 4.0000000000000001e-003  1.4463872807723645e-003
1.2000000000000004e-002 -2.3999999999999997e-002 4.0000000000000001e-003  1.4148179679021693e-003
1.2000000000000004e-002 -2.0999999999999998e-002 4.0000000000000001e-003  1.3907494743417275e-003
1.2000000000000004e-002 -1.7999999999999999e-002 4.0000000000000001e-003  1.3781368849974983e-003
1.2000000000000004e-002 -1.4999999999999999e-002 4.0000000000000001e-003  1.3673984694876449e-003
1.2000000000000004e-002 -1.1999999999999997e-002 4.0000000000000001e-003  1.3569568011145906e-003
1.2000000000000004e-002 -8.9999999999999941e-003 4.0000000000000001e-003  1.3468117957981997e-003
1.2000000000000004e-002 -5.9999999999999984e-003 4.0000000000000001e-003  1.3369416181198634e-003
1.2000000000000004e-002 -2.9999999999999957e-003 4.0000000000000001e-003  1.3274437837835131e-003
1.2000000000000004e-002 0.0000000000000000e+000 4.0000000000000001e-003  1.3183247817082321e-003
1.2000000000000004e-002 3.0000000000000027e-003 4.0000000000000001e-003  1.3095846084635963e-003
1.2000000000000004e-002 6.0000000000000053e-003 4.0000000000000001e-003  1.3075438051544095e-003
1.2000000000000004e-002 9.0000000000000011e-003 4.0000000000000001e-003  1.3088652473844842e-003
1.2000000000000004e-002 1.2000000000000004e-002 4.0000000000000001e-003  1.3118867626280674e-003
1.2000000000000004e-002 1.4999999999999999e-002 4.0000000000000001e-003  1.3202933441234820e-003
1.2000000000000004e-002 1.8000000000000002e-002 4.0000000000000001e-003  1.3376904203335983e-003
1.2000000000000004e-002 2.1000000000000005e-002 4.0000000000000001e-003  1.3622761618153018e-003
1.2000000000000004e-002 2.4000000000000007e-002 4.0000000000000001e-003  1.3920967684527025e-003
1.2000000000000004e-002 2.7000000000000010e-002 4.0000000000000001e-003  1.4227302305869264e-003
1.2000000000000004e-002 2.9999999999999999e-002 4.0000000000000001e-003  1.4312170800445630e-003
1.2000000000000004e-002 3.3000000000000002e-002 4.0000000000000001e-003  1.4465145880443696e-003
1.2000000000000004e-002 3.6000000000000004e-002 4.0000000000000001e-003  1.4772340130072394e-003
1.2000000000000004e-002 3.9000000000000007e-002 4.0000000000000001e-003  1.5319385721546614e-003
1.2000000000000004e-002 4.2000000000000010e-002 4.0000000000000001e-003  1.6087455423664119e-003
1.2000000000000004e-002 4.4999999999999998e-002 4.0000000000000001e-003  1.7097316938677158e-003
1.4999999999999999e-002 -4.4999999999999998e-002 4.0000000000000001e-003  1.9666149638382759e-003
1.4999999999999999e-002 -4.1999999999999996e-002 4.0000000000000001e-003  1.8054698541690440e-003
1.4999999999999999e-002 -3.9000000000000000e-002 4.0000000000000001e-003  1.6919779855244224e-003
1.4999999999999999e-002 -3.5999999999999997e-002 4.0000000000000001e-003  1.6316260738322586e-003
1.4999999999999999e-002 -3.3000000000000002e-002 4.0000000000000001e-003  1.5779640203756880e-003
1.4999999999999999e-002 -2.9999999999999999e-002 4.0000000000000001e-003  1.5194981853098449e-003
1.4999999999999999e-002 -2.6999999999999996e-002 4.0000000000000001e-003  1.4742784325727631e-003
1.4999999999999999e-002 -2.3999999999999997e-002 4.0000000000000001e-003  1.4413523220451292e-003
1.4999999999999999e-002 -2.0999999999999998e-002 4.0000000000000001e-003  1.4192146493770337e-003
1.4999999999999999e-002 -1.7999999999999999e-002 4.0000000000000001e-003  1.4014999263078532e-003
1.4999999999999999e-002 -1.4999999999999999e-002 4.0000000000000001e-003  1.3849484307060604e-003
1.4999999999999999e-002 -1.1999999999999997e-002 4.0000000000000001e-003  1.3695610646674351e-003
1.4999999999999999e-002 -8.9999999999999941e-003 4.0000000000000001e-003  1.3581950056497422e-003
1.4999999999999999e-002 -5.9999999999999984e-003 4.0000000000000001e-003  1.3480574500198443e-003
1.4999999999999999e-002 -2.9999999999999957e-003 4.0000000000000001e-003  1.3382271116693975e-003
1.4999999999999999e-002 0.0000000000000000e+000 4.0000000000000001e-003  1.3287038597448691e-003
1.4999999999999999e-002 3.0000000000000027e-003 4.0000000000000001e-003  1.3195829785728245e-003
1.4999999999999999e-002 6.0000000000000053e-003 4.0000000000000001e-003  1.3140897916107371e-003
1.4999999999999999e-002 9.0000000000000011e-003 4.0000000000000001e-003  1.3143775457915589e-003
1.4999999999999999e-002 1.2000000000000004e-002 4.0000000000000001e-003  1.3235853484729841e-003
1.4999999999999999e-002 1.4999999999999999e-002 4.0000000000000001e-003  1.3380133941838699e-003
1.4999999999999999e-002 1.8000000000000002e-002 4.0000000000000001e-003  1.3576646142480935e-003
1.4999999999999999e-002 2.1000000000000005e-002 4.0000000000000001e-003  1.3825447450884743e-003
1.4999999999999999e-002 2.4000000000000007e-002 4.0000000000000001e-003  1.4126623282267878e-003
1.4999999999999999e-002 2.7000000000000010e-002 4.0000000000000001e-003  1.4409906384352908e-003
1.4999999999999999e-002 2.9999999999999999e-002 4.0000000000000001e-003  1.4495220118901423e-003
1.4999999999999999e-002 3.3000000000000002e-002 4.0000000000000001e-003  1.4652142179693696e-003
1.4999999999999999e-002 3.6000000000000004e-002 4.0000000000000001e-003  1.4902723550523731e-003
1.4999999999999999e-002 3.9000000000000007e-002 4.0000000000000001e-003  1.5443935574912492e-003
1.4999999999999999e-002 4.2000000000000010e-002 4.0000000000000001e-003  1.6210401093595705e-003
1.4999999999999999e-002 4.4999999999999998e-002 4.0000000000000001e-003  1.7219150451365794e-003
1.8000000000000002e-002 -4.4999999999999998e-002 4.0000000000000001e-003  2.0077338520253802e-003
1.8000000000000002e-002 -4.1999999999999996e-002 4.0000000000000001e-003  1.8228360249830922e-003
1.8000000000000002e-002 -3.9000000000000000e-002 4.0000000000000001e-003  1.7098284695233677e-003
1.8000000000000002e-002 -3.5999999999999997e-002 4.0000000000000001e-003  1.6534708353314047e-003
1.8000000000000002e-002 -3.3000000000000002e-002 4.0000000000000001e-003  1.5989548604706922e-003
1.8000000000000002e-002 -2.9999999999999999e-002 4.0000000000000001e-003  1.5402898538167107e-003
1.8000000000000002e-002 -2.6999999999999996e-002 4.0000000000000001e-003  1.5005397389132094e-003
1.8000000000000002e-002 -2.3999999999999997e-002 4.0000000000000001e-003  1.4662285145011127e-003
1.8000000000000002e-002 -2.0999999999999998e-002 4.0000000000000001e-003  1.4458859186868298e-003
1.8000000000000002e-002 -1.7999999999999999e-002 4.0000000000000001e-003  1.4268324705962886e-003
1.8000000000000002e-002 -1.4999999999999999e-002 4.0000000000000001e-003  1.4089442319541513e-003
1.8000000000000002e-002 -1.1999999999999997e-002 4.0000000000000001e-003  1.3922206124910678e-003
1.8000000000000002e-002 -8.9999999999999941e-003 4.0000000000000001e-003  1.3766616912628364e-003
1.8000000000000002e-002 -5.9999999999999984e-003 4.0000000000000001e-003  1.3622682166504073e-003
1.8000000000000002e-002 -2.9999999999999957e-003 4.0000000000000001e-003  1.3490416063598723e-003
1.8000000000000002e-002 0.0000000000000000e+000 4.0000000000000001e-003  1.3387946423335782e-003
1.8000000000000002e-002 3.0000000000000027e-003 4.0000000000000001e-003  1.3293066137571067e-003
1.8000000000000002e-002 6.0000000000000053e-003 4.0000000000000001e-003  1.3285441660009010e-003
1.8000000000000002e-002 9.0000000000000011e-003 4.0000000000000001e-003  1.3346574809428365e-003
1.8000000000000002e-002 1.2000000000000004e-002 4.0000000000000001e-003  1.3432457165651675e-003
1.8000000000000002e-002 1.4999999999999999e-002 4.0000000000000001e-003  1.3581165484444718e-003
1.8000000000000002e-002 1.8000000000000002e-002 4.0000000000000001e-003  1.3780580730878105e-003
1.8000000000000002e-002 2.1000000000000005e-002 4.0000000000000001e-003  1.4032283675509012e-003
1.8000000000000002e-002 2.4000000000000007e-002 4.0000000000000001e-003  1.4336366670606104e-003
1.8000000000000002e-002 2.7000000000000010e-002 4.0000000000000001e-003  1.4596057938449042e-003
1.8000000000000002e-002 2.9999999999999999e-002 4.0000000000000001e-003  1.4687217536292535e-003
1.8000000000000002e-002 3.3000000000000002e-002 4.0000000000000001e-003  1.4842784842443912e-003
1.8000000000000002e-002 3.6000000000000004e-002 4.0000000000000001e-003  1.5151437992737013e-003
1.8000000000000002e-002 3.9000000000000007e-002 4.0000000000000001e-003  1.5589375580563451e-003
1.8000000000000002e-002 4.2000000000000010e-002 4.0000000000000001e-003  1.6354836512916622e-003
1.8000000000000002e-002 4.4999999999999998e-002 4.0000000000000001e-003  1.7363070292731304e-003
2.1000000000000005e-002 -4.4999999999999998e-002 4.0000000000000001e-003  2.0280037236856999e-003
2.1000000000000005e-002 -4.1999999999999996e-002 4.0000000000000001e-003  1.8313428610190648e-003
2.1000000000000005e-002 -3.9000000000000000e-002 4.0000000000000001e-003  1.7293852877849436e-003
2.1000000000000005e-002 -3.5999999999999997e-002 4.0000000000000001e-003  1.6739533001537180e-003
2.1000000000000005e-002 -3.3000000000000002e-002 4.0000000000000001e-003  1.6190319771329867e-003
2.1000000000000005e-002 -2.9999999999999999e-002 4.0000000000000001e-003  1.5599680323835727e-003
2.1000000000000005e-002 -2.6999999999999996e-002 4.0000000000000001e-003  1.5251494555800196e-003
2.1000000000000005e-002 -2.3999999999999997e-002 4.0000000000000001e-003  1.4923246343734892e-003
2.1000000000000005e-002 -2.0999999999999998e-002 4.0000000000000001e-003  1.4707705976742128e-003
2.1000000000000005e-002 -1.7999999999999999e-002 4.0000000000000001e-003  1.4503889848575268e-003
2.1000000000000005e-002 -1.4999999999999999e-002 4.0000000000000001e-003  1.4311770439638120e-003
2.1000000000000005e-002 -1.1999999999999997e-002 4.0000000000000001e-003  1.4131326923585911e-003
2.1000000000000005e-002 -8.9999999999999941e-003 4.0000000000000001e-003  1.3962545167325380e-003
2.1000000000000005e-002 -5.9999999999999984e-003 4.0000000000000001e-003  1.3805417731014710e-003
2.1000000000000005e-002 -2.9999999999999957e-003 4.0000000000000001e-003  1.3659943868063616e-003
2.1000000000000005e-002 0.0000000000000000e+000 4.0000000000000001e-003  1.3535063226835181e-003
2.1000000000000005e-002 3.0000000000000027e-003 4.0000000000000001e-003  1.3551529358856653e-003
2.1000000000000005e-002 6.0000000000000053e-003 4.0000000000000001e-003  1.3551822356073604e-003
2.1000000000000005e-002 9.0000000000000011e-003 4.0000000000000001e-003  1.3552896047734921e-003
2.1000000000000005e-002 1.2000000000000004e-002 4.0000000000000001e-003  1.3630228154099748e-003
2.1000000000000005e-002 1.4999999999999999e-002 4.0000000000000001e-003  1.3773899990120221e-003
2.1000000000000005e-002 1.8000000000000002e-002 4.0000000000000001e-003  1.3983943044385990e-003
2.1000000000000005e-002 2.1000000000000005e-002 4.0000000000000001e-003  1.4243441584815639e-003
2.1000000000000005e-002 2.4000000000000007e-002 4.0000000000000001e-003  1.4550351313734364e-003
2.1000000000000005e-002 2.7000000000000010e-002 4.0000000000000001e-003  1.4785819097770899e-003
2.1000000000000005e-002 2.9999999999999999e-002 4.0000000000000001e-003  1.4882920400173623e-003
2.1000000000000005e-002 3.3000000000000002e-002 4.0000000000000001e-003  1.5038864449196557e-003
2.1000000000000005e-002 3.6000000000000004e-002 4.0000000000000001e-003  1.5412383523420723e-003
2.1000000000000005e-002 3.9000000000000007e-002 4.0000000000000001e-003  1.5854529384914944e-003
2.1000000000000005e-002 4.2000000000000010e-002 4.0000000000000001e-003  1.6520709791827805e-003
2.1000000000000005e-002 4.4999999999999998e-002 4.0000000000000001e-003  1.7529068197550855e-003
2.4000000000000007e-002 -4.4999999999999998e-002 4.0000000000000001e-003  2.0276643226654007e-003
2.4000000000000007e-002 -4.1999999999999996e-002 4.0000000000000001e-003  1.8712591249921574e-003
2.4000000000000007e-002 -3.9000000000000000e-002 4.0000000000000001e-003  1.7609057999893314e-003
2.4000000000000007e-002 -3.5999999999999997e-002 4.0000000000000001e-003  1.6876391067705769e-003
2.4000000000000007e-002 -3.3000000000000002e-002 4.0000000000000001e-003  1.6379915981548584e-003
2.4000000000000007e-002 -2.9999999999999999e-002 4.0000000000000001e-003  1.5831926060129308e-003
2.4000000000000007e-002 -2.6999999999999996e-002 4.0000000000000001e-003  1.5480942209120745e-003
2.4000000000000007e-002 -2.3999999999999997e-002 4.0000000000000001e-003  1.5167587718529687e-003
2.4000000000000007e-002 -2.0999999999999998e-002 4.0000000000000001e-003  1.4938849704264738e-003
2.4000000000000007e-002 -1.7999999999999999e-002 4.0000000000000001e-003  1.4721920282158151e-003
2.4000000000000007e-002 -1.4999999999999999e-002 4.0000000000000001e-003  1.4516757008962461e-003
2.4000000000000007e-002 -1.1999999999999997e-002 4.0000000000000001e-003  1.4329275247186633e-003
2.4000000000000007e-002 -8.9999999999999941e-003 4.0000000000000001e-003  1.4178463513801634e-003
2.4000000000000007e-002 -5.9999999999999984e-003 4.0000000000000001e-003  1.4040421890659579e-003
2.4000000000000007e-002 -2.9999999999999957e-003 4.0000000000000001e-003  1.3915485104083573e-003
2.4000000000000007e-002 0.0000000000000000e+000 4.0000000000000001e-003  1.3822507682831977e-003
2.4000000000000007e-002 3.0000000000000027e-003 4.0000000000000001e-003  1.3886261943785981e-003
2.4000000000000007e-002 6.0000000000000053e-003 4.0000000000000001e-003  1.3932652357179873e-003
2.4000000000000007e-002 9.0000000000000011e-003 4.0000000000000001e-003  1.3717851334746787e-003
2.4000000000000007e-002 1.2000000000000004e-002 4.0000000000000001e-003  1.3842697662738660e-003
2.4000000000000007e-002 1.4999999999999999e-002 4.0000000000000001e-003  1.3966929226648691e-003
2.4000000000000007e-002 1.8000000000000002e-002 4.0000000000000001e-003  1.4168226185246678e-003
2.4000000000000007e-002 2.1000000000000005e-002 4.0000000000000001e-003  1.4435872381841092e-003
2.4000000000000007e-002 2.4000000000000007e-002 4.0000000000000001e-003  1.4768884413907469e-003
2.4000000000000007e-002 2.7000000000000010e-002 4.0000000000000001e-003  1.4979350206159249e-003
2.4000000000000007e-002 2.9999999999999999e-002 4.0000000000000001e-003  1.5082283649407236e-003
2.4000000000000007e-002 3.3000000000000002e-002 4.0000000000000001e-003  1.5258499489194232e-003
2.4000000000000007e-002 3.6000000000000004e-002 4.0000000000000001e-003  1.5685444349827860e-003
2.4000000000000007e-002 3.9000000000000007e-002 4.0000000000000001e-003  1.6182368425646729e-003
2.4000000000000007e-002 4.2000000000000010e-002 4.0000000000000001e-003  1.6765464532918115e-003
2.4000000000000007e-002 4.4999999999999998e-002 4.0000000000000001e-003  1.7717175920554718e-003
2.7000000000000010e-002 -4.4999999999999998e-002 4.0000000000000001e-003  2.1108008600891678e-003
2.7000000000000010e-002 -4.1999999999999996e-002 4.0000000000000001e-003  1.9336416902353002e-003
2.7000000000000010e-002 -3.9000000000000000e-002 4.0000000000000001e-003  1.7987043785896749e-003
2.7000000000000010e-002 -3.5999999999999997e-002 4.0000000000000001e-003  1.7027356810712766e-003
2.7000000000000010e-002 -3.3000000000000002e-002 4.0000000000000001e-003  1.6428556758483917e-003
2.7000000000000010e-002 -2.9999999999999999e-002 4.0000000000000001e-003  1.6059135162975898e-003
2.7000000000000010e-002 -2.6999999999999996e-002 4.0000000000000001e-003  1.5693690558008233e-003
2.7000000000000010e-002 -2.3999999999999997e-002 4.0000000000000001e-003  1.5394272259932195e-003
2.7000000000000010e-002 -2.0999999999999998e-002 4.0000000000000001e-003  1.5179428293545199e-003
2.7000000000000010e-002 -1.7999999999999999e-002 4.0000000000000001e-003  1.5001945677321261e-003
2.7000000000000010e-002 -1.4999999999999999e-002 4.0000000000000001e-003  1.4837414277874778e-003
2.7000000000000010e-002 -1.1999999999999997e-002 4.0000000000000001e-003  1.4686053732186845e-003
2.7000000000000010e-002 -8.9999999999999941e-003 4.0000000000000001e-003  1.4548154658974482e-003
2.7000000000000010e-002 -5.9999999999999984e-003 4.0000000000000001e-003  1.4424078658690567e-003
2.7000000000000010e-002 -2.9999999999999957e-003 4.0000000000000001e-003  1.4314258313523987e-003
2.7000000000000010e-002 0.0000000000000000e+000 4.0000000000000001e-003  1.4241161894178562e-003
2.7000000000000010e-002 3.0000000000000027e-003 4.0000000000000001e-003  1.4251216684562677e-003
2.7000000000000010e-002 6.0000000000000053e-003 4.0000000000000001e-003  1.4007911915676977e-003
2.7000000000000010e-002 9.0000000000000011e-003 4.0000000000000001e-003  1.4010372105662543e-003
2.7000000000000010e-002 1.2000000000000004e-002 4.0000000000000001e-003  1.4169808216273959e-003
2.7000000000000010e-002 1.4999999999999999e-002 4.0000000000000001e-003  1.4282988043401266e-003
2.7000000000000010e-002 1.8000000000000002e-002 4.0000000000000001e-003  1.4379795257833021e-003
2.7000000000000010e-002 2.1000000000000005e-002 4.0000000000000001e-003  1.4615789749238381e-003
2.7000000000000010e-002 2.4000000000000007e-002 4.0000000000000001e-003  1.4940820585257891e-003
2.7000000000000010e-002 2.7000000000000010e-002 4.0000000000000001e-003  1.5176909821682371e-003
2.7000000000000010e-002 2.9999999999999999e-002 4.0000000000000001e-003  1.5285398176310184e-003
2.7000000000000010e-002 3.3000000000000002e-002 4.0000000000000001e-003  1.5490252993216459e-003
2.7000000000000010e-002 3.6000000000000004e-002 4.0000000000000001e-003  1.5970615323767918e-003
2.7000000000000010e-002 3.9000000000000007e-002 4.0000000000000001e-003  1.6522142091164836e-003
2.7000000000000010e-002 4.2000000000000010e-002 4.0000000000000001e-003  1.7161258875026595e-003
2.7000000000000010e-002 4.4999999999999998e-002 4.0000000000000001e-003  1.7927465236426544e-003
2.9999999999999999e-002 -4.4999999999999998e-002 4.0000000000000001e-003  2.1098400244782163e-003
2.9999999999999999e-002 -4.1999999999999996e-002 4.0000000000000001e-003  1.9607255889195221e-003
2.9999999999999999e-002 -3.9000000000000000e-002 4.0000000000000001e-003  1.8503777390349574e-003
2.9999999999999999e-002 -3.5999999999999997e-002 4.0000000000000001e-003  1.7758580469451814e-003
2.9999999999999999e-002 -3.3000000000000002e-002 4.0000000000000001e-003  1.7163473035769910e-003
2.9999999999999999e-002 -2.9999999999999999e-002 4.0000000000000001e-003  1.6498538344182489e-003
2.9999999999999999e-002 -2.6999999999999996e-002 4.0000000000000001e-003  1.6101913412643037e-003
2.9999999999999999e-002 -2.3999999999999997e-002 4.0000000000000001e-003  1.5815800017994720e-003
2.9999999999999999e-002 -2.0999999999999998e-002 4.0000000000000001e-003  1.5638305049042250e-003
2.9999999999999999e-002 -1.7999999999999999e-002 4.0000000000000001e-003  1.5474461396062275e-003
2.9999999999999999e-002 -1.4999999999999999e-002 4.0000000000000001e-003  1.5324515570165776e-003
2.9999999999999999e-002 -1.1999999999999997e-002 4.0000000000000001e-003  1.5188785064199526e-003
2.9999999999999999e-002 -8.9999999999999941e-003 4.0000000000000001e-003  1.5067658352746355e-003
2.9999999999999999e-002 -5.9999999999999984e-003 4.0000000000000001e-003  1.4961594892124888e-003
2.9999999999999999e-002 -2.9999999999999957e-003 4.0000000000000001e-003  1.4838304242681146e-003
2.9999999999999999e-002 0.0000000000000000e+000 4.0000000000000001e-003  1.4708116009108355e-003
2.9999999999999999e-002 3.0000000000000027e-003 4.0000000000000001e-003  1.4571851875782404e-003
2.9999999999999999e-002 6.0000000000000053e-003 4.0000000000000001e-003  1.4371993413847936e-003
2.9999999999999999e-002 9.0000000000000011e-003 4.0000000000000001e-003  1.4486494495906967e-003
2.9999999999999999e-002 1.2000000000000004e-002 4.0000000000000001e-003  1.4646719434631647e-003
2.9999999999999999e-002 1.4999999999999999e-002 4.0000000000000001e-003  1.4772870771099986e-003
2.9999999999999999e-002 1.8000000000000002e-002 4.0000000000000001e-003  1.4886726867081846e-003
2.9999999999999999e-002 2.1000000000000005e-002 4.0000000000000001e-003  1.4986307596383628e-003
2.9999999999999999e-002 2.4000000000000007e-002 4.0000000000000001e-003  1.5116964178460706e-003
2.9999999999999999e-002 2.7000000000000010e-002 4.0000000000000001e-003  1.5340829711800368e-003
2.9999999999999999e-002 2.9999999999999999e-002 4.0000000000000001e-003  1.5502625543232368e-003
2.9999999999999999e-002 3.3000000000000002e-002 4.0000000000000001e-003  1.5734393656224362e-003
2.9999999999999999e-002 3.6000000000000004e-002 4.0000000000000001e-003  1.6268001941606974e-003
2.9999999999999999e-002 3.9000000000000007e-002 4.0000000000000001e-003  1.6873792679240396e-003
2.9999999999999999e-002 4.2000000000000010e-002 4.0000000000000001e-003  1.7568424212095945e-003
2.9999999999999999e-002 4.4999999999999998e-002 4.0000000000000001e-003  1.8374068378660588e-003
3.3000000000000002e-002 -4.4999999999999998e-002 4.0000000000000001e-003  2.1691363253050476e-003
3.3000000000000002e-002 -4.1999999999999996e-002 4.0000000000000001e-003  1.9950384981115158e-003
3.3000000000000002e-002 -3.9000000000000000e-002 4.0000000000000001e-003  1.9099355071741713e-003
3.3000000000000002e-002 -3.5999999999999997e-002 4.0000000000000001e-003  1.8446145691094528e-003
3.3000000000000002e-002 -3.3000000000000002e-002 4.0000000000000001e-003  1.7721760260678472e-003
3.3000000000000002e-002 -2.9999999999999999e-002 4.0000000000000001e-003  1.6974677292468264e-003
3.3000000000000002e-002 -2.6999999999999996e-002 4.0000000000000001e-003  1.6627605908874879e-003
3.3000000000000002e-002 -2.3999999999999997e-002 4.0000000000000001e-003  1.6399020278184385e-003
3.3000000000000002e-002 -2.0999999999999998e-002 4.0000000000000001e-003  1.6247802638000794e-003
3.3000000000000002e-002 -1.7999999999999999e-002 4.0000000000000001e-003  1.6101141146493726e-003
3.3000000000000002e-002 -1.4999999999999999e-002 4.0000000000000001e-003  1.5969511307593863e-003
3.3000000000000002e-002 -1.1999999999999997e-002 4.0000000000000001e-003  1.5853328470013745e-003
3.3000000000000002e-002 -8.9999999999999941e-003 4.0000000000000001e-003  1.5753078964201928e-003
3.3000000000000002e-002 -5.9999999999999984e-003 4.0000000000000001e-003  1.5669320102342820e-003
3.3000000000000002e-002 -2.9999999999999957e-003 4.0000000000000001e-003  1.5417904587039599e-003
3.3000000000000002e-002 0.0000000000000000e+000 4.0000000000000001e-003  1.5241966168608838e-003
3.3000000000000002e-002 3.0000000000000027e-003 4.0000000000000001e-003  1.5056501624717928e-003
3.3000000000000002e-002 6.0000000000000053e-003 4.0000000000000001e-003  1.5056688560260768e-003
3.3000000000000002e-002 9.0000000000000011e-003 4.0000000000000001e-003  1.5157170591232577e-003
3.3000000000000002e-002 1.2000000000000004e-002 4.0000000000000001e-003  1.5287151443806016e-003
3.3000000000000002e-002 1.4999999999999999e-002 4.0000000000000001e-003  1.5423468713090336e-003
3.3000000000000002e-002 1.8000000000000002e-002 4.0000000000000001e-003  1.5544824257453444e-003
3.3000000000000002e-002 2.1000000000000005e-002 4.0000000000000001e-003  1.5656627590492354e-003
3.3000000000000002e-002 2.4000000000000007e-002 4.0000000000000001e-003  1.5756424789499395e-003
3.3000000000000002e-002 2.7000000000000010e-002 4.0000000000000001e-003  1.5838916641701640e-003
3.3000000000000002e-002 2.9999999999999999e-002 4.0000000000000001e-003  1.6010220769012856e-003
3.3000000000000002e-002 3.3000000000000002e-002 4.0000000000000001e-003  1.6413557785118684e-003
3.3000000000000002e-002 3.6000000000000004e-002 4.0000000000000001e-003  1.6764358633538816e-003
3.3000000000000002e-002 3.9000000000000007e-002 4.0000000000000001e-003  1.7266617114809698e-003
3.3000000000000002e-002 4.2000000000000010e-002 4.0000000000000001e-003  1.7986850287858621e-003
3.3000000000000002e-002 4.4999999999999998e-002 4.0000000000000001e-003  1.8848656413079873e-003
3.6000000000000004e-002 -4.4999999999999998e-002 4.0000000000000001e-003  2.2647986198674041e-003
3.6000000000000004e-002 -4.1999999999999996e-002 4.0000000000000001e-003  2.1092740550982233e-003
3.6000000000000004e-002 -3.9000000000000000e-002 4.0000000000000001e-003  1.9713217535567906e-003
3.6000000000000004e-002 -3.5999999999999997e-002 4.0000000000000001e-003  1.9031367702120423e-003
3.6000000000000004e-002 -3.3000000000000002e-002 4.0000000000000001e-003  1.8291353037777234e-003
3.6000000000000004e-002 -2.9999999999999999e-002 4.0000000000000001e-003  1.7526334701790944e-003
3.6000000000000004e-002 -2.6999999999999996e-002 4.0000000000000001e-003  1.7176655920645438e-003
3.6000000000000004e-002 -2.3999999999999997e-002 4.0000000000000001e-003  1.7031560913399575e-003
3.6000000000000004e-002 -2.0999999999999998e-002 4.0000000000000001e-003  1.7017680733304047e-003
3.6000000000000004e-002 -1.7999999999999999e-002 4.0000000000000001e-003  1.6897821412089251e-003
3.6000000000000004e-002 -1.4999999999999999e-002 4.0000000000000001e-003  1.6788483115928298e-003
3.6000000000000004e-002 -1.1999999999999997e-002 4.0000000000000001e-003  1.6696010717694345e-003
3.6000000000000004e-002 -8.9999999999999941e-003 4.0000000000000001e-003  1.6620988403701692e-003
3.6000000000000004e-002 -5.9999999999999984e-003 4.0000000000000001e-003  1.6393194284134900e-003
3.6000000000000004e-002 -2.9999999999999957e-003 4.0000000000000001e-003  1.6117063567387627e-003
3.6000000000000004e-002 0.0000000000000000e+000 4.0000000000000001e-003  1.6003914883851317e-003
3.6000000000000004e-002 3.0000000000000027e-003 4.0000000000000001e-003  1.5808852181531424e-003
3.6000000000000004e-002 6.0000000000000053e-003 4.0000000000000001e-003  1.5959765737634910e-003
3.6000000000000004e-002 9.0000000000000011e-003 4.0000000000000001e-003  1.6033156677635091e-003
3.6000000000000004e-002 1.2000000000000004e-002 4.0000000000000001e-003  1.6133641437127372e-003
3.6000000000000004e-002 1.4999999999999999e-002 4.0000000000000001e-003  1.6257637846910345e-003
3.6000000000000004e-002 1.8000000000000002e-002 4.0000000000000001e-003  1.6374304308876778e-003
3.6000000000000004e-002 2.1000000000000005e-002 4.0000000000000001e-003  1.6488050238500237e-003
3.6000000000000004e-002 2.4000000000000007e-002 4.0000000000000001e-003  1.6521776404254005e-003
3.6000000000000004e-002 2.7000000000000010e-002 4.0000000000000001e-003  1.6368353668048312e-003
3.6000000000000004e-002 2.9999999999999999e-002 4.0000000000000001e-003  1.6657330619216351e-003
3.6000000000000004e-002 3.3000000000000002e-002 4.0000000000000001e-003  1.7131830450010574e-003
3.6000000000000004e-002 3.6000000000000004e-002 4.0000000000000001e-003  1.7523667587236891e-003
3.6000000000000004e-002 3.9000000000000007e-002 4.0000000000000001e-003  1.7996173695354830e-003
3.6000000000000004e-002 4.2000000000000010e-002 4.0000000000000001e-003  1.8613572273993406e-003
3.6000000000000004e-002 4.4999999999999998e-002 4.0000000000000001e-003  1.9403214459816618e-003
3.9000000000000007e-002 -4.4999999999999998e-002 4.0000000000000001e-003  2.3771613459535302e-003
3.9000000000000007e-002 -4.1999999999999996e-002 4.0000000000000001e-003  2.2225206967491726e-003
3.9000000000000007e-002 -3.9000000000000000e-002 4.0000000000000001e-003  2.0323626748781818e-003
3.9000000000000007e-002 -3.5999999999999997e-002 4.0000000000000001e-003  1.9627730797304129e-003
3.9000000000000007e-002 -3.3000000000000002e-002 4.0000000000000001e-003  1.9002068102394157e-003
3.9000000000000007e-002 -2.9999999999999999e-002 4.0000000000000001e-003  1.8526026083598873e-003
3.9000000000000007e-002 -2.6999999999999996e-002 4.0000000000000001e-003  1.8097969375489771e-003
3.9000000000000007e-002 -2.3999999999999997e-002 4.0000000000000001e-003  1.7705395056197201e-003
3.9000000000000007e-002 -2.0999999999999998e-002 4.0000000000000001e-003  1.7781457510690172e-003
3.9000000000000007e-002 -1.7999999999999999e-002 4.0000000000000001e-003  1.7880806217598227e-003
3.9000000000000007e-002 -1.4999999999999999e-002 4.0000000000000001e-003  1.7797980162214144e-003
3.9000000000000007e-002 -1.1999999999999997e-002 4.0000000000000001e-003  1.7733626116582005e-003
3.9000000000000007e-002 -8.9999999999999941e-003 4.0000000000000001e-003  1.7647104408481454e-003
3.9000000000000007e-002 -5.9999999999999984e-003 4.0000000000000001e-003  1.7208922206524764e-003
3.9000000000000007e-002 -2.9999999999999957e-003 4.0000000000000001e-003  1.7168530732965203e-003
3.9000000000000007e-002 0.0000000000000000e+000 4.0000000000000001e-003  1.7045039013735910e-003
3.9000000000000007e-002 3.0000000000000027e-003 4.0000000000000001e-003  1.6838425790989809e-003
3.9000000000000007e-002 6.0000000000000053e-003 4.0000000000000001e-003  1.7076671505372222e-003
3.9000000000000007e-002 9.0000000000000011e-003 4.0000000000000001e-003  1.7125013241353485e-003
3.9000000000000007e-002 1.2000000000000004e-002 4.0000000000000001e-003  1.7198092803028826e-003
3.9000000000000007e-002 1.4999999999999999e-002 4.0000000000000001e-003  1.7296934428829946e-003
3.9000000000000007e-002 1.8000000000000002e-002 4.0000000000000001e-003  1.7398506470164613e-003
3.9000000000000007e-002 2.1000000000000005e-002 4.0000000000000001e-003  1.7501275891610960e-003
3.9000000000000007e-002 2.4000000000000007e-002 4.0000000000000001e-003  1.7319281874849609e-003
3.9000000000000007e-002 2.7000000000000010e-002 4.0000000000000001e-003  1.7126051476701501e-003
3.9000000000000007e-002 2.9999999999999999e-002 4.0000000000000001e-003  1.7332316609393523e-003
3.9000000000000007e-002 3.3000000000000002e-002 4.0000000000000001e-003  1.7764591779926900e-003
3.9000000000000007e-002 3.6000000000000004e-002 4.0000000000000001e-003  1.8226077117867656e-003
3.9000000000000007e-002 3.9000000000000007e-002 4.0000000000000001e-003  1.8694818502581921e-003
3.9000000000000007e-002 4.2000000000000010e-002 4.0000000000000001e-003  1.9286163796738709e-003
3.9000000000000007e-002 4.4999999999999998e-002 4.0000000000000001e-003  2.0053226681171687e-003
4.2000000000000010e-002 -4.4999999999999998e-002 4.0000000000000001e-003  2.4505008197775948e-003
4.2000000000000010e-002 -4.1999999999999996e-002 4.0000000000000001e-003  2.3111584737173932e-003
4.2000000000000010e-002 -3.9000000000000000e-002 4.0000000000000001e-003  2.1476310578236878e-003
4.2000000000000010e-002 -3.5999999999999997e-002 4.0000000000000001e-003  2.0502456554684287e-003
4.2000000000000010e-002 -3.3000000000000002e-002 4.0000000000000001e-003  2.0227670439535105e-003
4.2000000000000010e-002 -2.9999999999999999e-002 4.0000000000000001e-003  2.0071170267149225e-003
4.2000000000000010e-002 -2.6999999999999996e-002 4.0000000000000001e-003  1.9701101533617527e-003
4.2000000000000010e-002 -2.3999999999999997e-002 4.0000000000000001e-003  1.9200076793504980e-003
4.2000000000000010e-002 -2.0999999999999998e-002 4.0000000000000001e-003  1.8606000181236289e-003
4.2000000000000010e-002 -1.7999999999999999e-002 4.0000000000000001e-003  1.8912058418258089e-003
4.2000000000000010e-002 -1.4999999999999999e-002 4.0000000000000001e-003  1.9015019154772232e-003
4.2000000000000010e-002 -1.1999999999999997e-002 4.0000000000000001e-003  1.8983436517293166e-003
4.2000000000000010e-002 -8.9999999999999941e-003 4.0000000000000001e-003  1.8565379960376238e-003
4.2000000000000010e-002 -5.9999999999999984e-003 4.0000000000000001e-003  1.8562311737040928e-003
4.2000000000000010e-002 -2.9999999999999957e-003 4.0000000000000001e-003  1.8510472037085934e-003
4.2000000000000010e-002 0.0000000000000000e+000 4.0000000000000001e-003  1.8374405822070723e-003
4.2000000000000010e-002 3.0000000000000027e-003 4.0000000000000001e-003  1.8154224282379754e-003
4.2000000000000010e-002 6.0000000000000053e-003 4.0000000000000001e-003  1.8417399892297938e-003
4.2000000000000010e-002 9.0000000000000011e-003 4.0000000000000001e-003  1.8443104968869778e-003
4.2000000000000010e-002 1.2000000000000004e-002 4.0000000000000001e-003  1.8491240885649379e-003
4.2000000000000010e-002 1.4999999999999999e-002 4.0000000000000001e-003  1.8562525540308887e-003
4.2000000000000010e-002 1.8000000000000002e-002 4.0000000000000001e-003  1.8643892759013475e-003
4.2000000000000010e-002 2.1000000000000005e-002 4.0000000000000001e-003  1.8692647564317220e-003
4.2000000000000010e-002 2.4000000000000007e-002 4.0000000000000001e-003  1.8232280701580988e-003
4.2000000000000010e-002 2.7000000000000010e-002 4.0000000000000001e-003  1.8407817153215120e-003
4.2000000000000010e-002 2.9999999999999999e-002 4.0000000000000001e-003  1.8557132148736156e-003
4.2000000000000010e-002 3.3000000000000002e-002 4.0000000000000001e-003  1.8779092173499524e-003
4.2000000000000010e-002 3.6000000000000004e-002 4.0000000000000001e-003  1.9223307246823691e-003
4.2000000000000010e-002 3.9000000000000007e-002 4.0000000000000001e-003  1.9497368542097738e-003
4.2000000000000010e-002 4.2000000000000010e-002 4.0000000000000001e-003  2.0168776428878105e-003
4.2000000000000010e-002 4.4999999999999998e-002 4.0000000000000001e-003  2.1001095580724404e-003
4.4999999999999998e-002 -4.4999999999999998e-002 4.0000000000000001e-003  2.5566656404847191e-003
4.4999999999999998e-002 -4.1999999999999996e-002 4.0000000000000001e-003  2.4177244059955033e-003
4.4999999999999998e-002 -3.9000000000000000e-002 4.0000000000000001e-003  2.3606536558049892e-003
4.4999999999999998e-002 -3.5999999999999997e-002 4.0000000000000001e-003  2.2890109632317272e-003
4.4999999999999998e-002 -3.3000000000000002e-002 4.0000000000000001e-003  2.2024029125601069e-003
4.4999999999999998e-002 -2.9999999999999999e-002 4.0000000000000001e-003  2.2207742633240371e-003
4.4999999999999998e-002 -2.6999999999999996e-002 4.0000000000000001e-003  2.1903647493819703e-003
4.4999999999999998e-002 -2.3999999999999997e-002 4.0000000000000001e-003  2.1445538778073728e-003
4.4999999999999998e-002 -2.0999999999999998e-002 4.0000000000000001e-003  2.0868512170961954e-003
4.4999999999999998e-002 -1.7999999999999999e-002 4.0000000000000001e-003  2.0172984890427714e-003
4.4999999999999998e-002 -1.4999999999999999e-002 4.0000000000000001e-003  2.0457084343199167e-003
4.4999999999999998e-002 -1.1999999999999997e-002 4.0000000000000001e-003  2.0266886716712009e-003
4.4999999999999998e-002 -8.9999999999999941e-003 4.0000000000000001e-003  2.0197867571247882e-003
4.4999999999999998e-002 -5.9999999999999984e-003 4.0000000000000001e-003  2.0217298247138141e-003
4.4999999999999998e-002 -2.9999999999999957e-003 4.0000000000000001e-003  2.0151499762599084e-003
4.4999999999999998e-002 0.0000000000000000e+000 4.0000000000000001e-003  2.0000562157183521e-003
4.4999999999999998e-002 3.0000000000000027e-003 4.0000000000000001e-003  1.9882949562599912e-003
4.4999999999999998e-002 6.0000000000000053e-003 4.0000000000000001e-003  1.9991749127480571e-003
4.4999999999999998e-002 9.0000000000000011e-003 4.0000000000000001e-003  1.9997600746909398e-003
4.4999999999999998e-002 1.2000000000000004e-002 4.0000000000000001e-003  2.0023625229371135e-003
4.4999999999999998e-002 1.4999999999999999e-002 4.0000000000000001e-003  2.0070234131778666e-003
4.4999999999999998e-002 1.8000000000000002e-002 4.0000000000000001e-003  2.0138595153047249e-003
4.4999999999999998e-002 2.1000000000000005e-002 4.0000000000000001e-003  1.9844237277243091e-003
4.4999999999999998e-002 2.4000000000000007e-002 4.0000000000000001e-003  1.9930923365606614e-003
4.4999999999999998e-002 2.7000000000000010e-002 4.0000000000000001e-003  2.0101268441916702e-003
4.4999999999999998e-002 2.9999999999999999e-002 4.0000000000000001e-003  2.0238253971841566e-003
4.4999999999999998e-002 3.3000000000000002e-002 4.0000000000000001e-003  2.0402313325621258e-003
4.4999999999999998e-002 3.6000000000000004e-002 4.0000000000000001e-003  2.0655877104442727e-003
4.4999999999999998e-002 3.9000000000000007e-002 4.0000000000000001e-003  2.0810661402449414e-003
4.4999999999999998e-002 4.2000000000000010e-002 4.0000000000000001e-003  2.1515858380970567e-003
4.4999999999999998e-002 4.4999999999999998e-002 4.0000000000000001e-003  2.2056829097744459e-003
