Grid Output Min: [-45mm -45mm 4mm] Max: [45mm 45mm 4mm] Grid Size: [3mm 3mm 0mm]
X, Y, Z, Scalar data "Mag_B"
-4.4999999999999998e-002 -4.4999999999999998e-002 4.0000000000000001e-003  2.3018224277756966e-003
-4.4999999999999998e-002 -4.1999999999999996e-002 4.0000000000000001e-003  2.1463488528208098e-003
-4.4999999999999998e-002 -3.9000000000000000e-002 4.0000000000000001e-003  2.0542121048130117e-003
-4.4999999999999998e-002 -3.5999999999999997e-002 4.0000000000000001e-003  1.9710792368655031e-003
-4.4999999999999998e-002 -3.3000000000000002e-002 4.0000000000000001e-003  1.9189392511335379e-003
-4.4999999999999998e-002 -2.9999999999999999e-002 4.0000000000000001e-003  1.8992292567151180e-003
-4.4999999999999998e-002 -2.6999999999999996e-002 4.0000000000000001e-003  1.9027048116108634e-003
-4.4999999999999998e-002 -2.3999999999999997e-002 4.0000000000000001e-003  1.8737099422806247e-003
-4.4999999999999998e-002 -2.0999999999999998e-002 4.0000000000000001e-003  1.8605443529471659e-003
-4.4999999999999998e-002 -1.7999999999999999e-002 4.0000000000000001e-003  1.8463644657472095e-003
-4.4999999999999998e-002 -1.4999999999999999e-002 4.0000000000000001e-003  1.8688922199563080e-003
-4.4999999999999998e-002 -1.1999999999999997e-002 4.0000000000000001e-003  1.8419980548191159e-003
-4.4999999999999998e-002 -8.9999999999999941e-003 4.0000000000000001e-003  1.7751494544189757e-003
-4.4999999999999998e-002 -5.9999999999999984e-003 4.0000000000000001e-003  1.8053955859339322e-003
-4.4999999999999998e-002 -2.9999999999999957e-003 4.0000000000000001e-003  1.7962576410445092e-003
-4.4999999999999998e-002 0.0000000000000000e+000 4.0000000000000001e-003  1.7664851472990084e-003
-4.4999999999999998e-002 3.0000000000000027e-003 4.0000000000000001e-003  1.7480049718165654e-003
-4.4999999999999998e-002 6.0000000000000053e-003 4.0000000000000001e-003  1.7473695074043838e-003
-4.4999999999999998e-002 9.0000000000000011e-003 4.0000000000000001e-003  1.7571125687551705e-003
-4.4999999999999998e-002 1.2000000000000004e-002 4.0000000000000001e-003  1.8622388963184134e-003
-4.4999999999999998e-002 1.4999999999999999e-002 4.0000000000000001e-003  1.8226979360197969e-003
-4.4999999999999998e-002 1.8000000000000002e-002 4.0000000000000001e-003  1.8705368939691911e-003
-4.4999999999999998e-002 2.1000000000000005e-002 4.0000000000000001e-003  1.9192569000230171e-003
-4.4999999999999998e-002 2.4000000000000007e-002 4.0000000000000001e-003  1.9312631331336657e-003
-4.4999999999999998e-002 2.7000000000000010e-002 4.0000000000000001e-003  1.9076904705969538e-003
-4.4999999999999998e-002 2.9999999999999999e-002 4.0000000000000001e-003  1.9097556204553325e-003
-4.4999999999999998e-002 3.3000000000000002e-002 4.0000000000000001e-003  1.9530780368649805e-003
-4.4999999999999998e-002 3.6000000000000004e-002 4.0000000000000001e-003  1.9919883637090356e-003
-4.4999999999999998e-002 3.9000000000000007e-002 4.0000000000000001e-003  2.0383518948252676e-003
-4.4999999999999998e-002 4.2000000000000010e-002 4.0000000000000001e-003  2.0930595572697685e-003
-4.4999999999999998e-002 4.4999999999999998e-002 4.0000000000000001e-003  2.1436293420055851e-003
-4.1999999999999996e-002 -4.4999999999999998e-002 4.0000000000000001e-003  2.2455179843790755e-003
-4.1999999999999996e-002 -4.1999999999999996e-002 4.0000000000000001e-003  2.1282009961791394e-003
-4.1999999999999996e-002 -3.9000000000000000e-002 4.0000000000000001e-003  1.9873898491115610e-003
-4.1999999999999996e-002 -3.5999999999999997e-002 4.0000000000000001e-003  1.8970389604552054e-003
-4.1999999999999996e-002 -3.3000000000000002e-002 4.0000000000000001e-003  1.8454142206790155e-003
-4.1999999999999996e-002 -2.9999999999999999e-002 4.0000000000000001e-003  1.7830033875654897e-003
-4.1999999999999996e-002 -2.6999999999999996e-002 4.0000000000000001e-003  1.7684740321684805e-003
-4.1999999999999996e-002 -2.3999999999999997e-002 4.0000000000000001e-003  1.7560408519403702e-003
-4.1999999999999996e-002 -2.0999999999999998e-002 4.0000000000000001e-003  1.7477311632928632e-003
-4.1999999999999996e-002 -1.7999999999999999e-002 4.0000000000000001e-003  1.7106506603487778e-003
-4.1999999999999996e-002 -1.4999999999999999e-002 4.0000000000000001e-003  1.6989505208149251e-003
-4.1999999999999996e-002 -1.1999999999999997e-002 4.0000000000000001e-003  1.6966218377630754e-003
-4.1999999999999996e-002 -8.9999999999999941e-003 4.0000000000000001e-003  1.6673304985510304e-003
-4.1999999999999996e-002 -5.9999999999999984e-003 4.0000000000000001e-003  1.6813472696646970e-003
-4.1999999999999996e-002 -2.9999999999999957e-003 4.0000000000000001e-003  1.6864880841465869e-003
-4.1999999999999996e-002 0.0000000000000000e+000 4.0000000000000001e-003  1.6408299780231023e-003
-4.1999999999999996e-002 3.0000000000000027e-003 4.0000000000000001e-003  1.6274361662753122e-003
-4.1999999999999996e-002 6.0000000000000053e-003 4.0000000000000001e-003  1.6336734466088885e-003
-4.1999999999999996e-002 9.0000000000000011e-003 4.0000000000000001e-003  1.6486684281353918e-003
-4.1999999999999996e-002 1.2000000000000004e-002 4.0000000000000001e-003  1.7119646292117518e-003
-4.1999999999999996e-002 1.4999999999999999e-002 4.0000000000000001e-003  1.6839594855735684e-003
-4.1999999999999996e-002 1.8000000000000002e-002 4.0000000000000001e-003  1.6991275795178108e-003
-4.1999999999999996e-002 2.1000000000000005e-002 4.0000000000000001e-003  1.7523214704523516e-003
-4.1999999999999996e-002 2.4000000000000007e-002 4.0000000000000001e-003  1.7841394393446985e-003
-4.1999999999999996e-002 2.7000000000000010e-002 4.0000000000000001e-003  1.7795486637981789e-003
-4.1999999999999996e-002 2.9999999999999999e-002 4.0000000000000001e-003  1.7974744045239066e-003
-4.1999999999999996e-002 3.3000000000000002e-002 4.0000000000000001e-003  1.8419448156459606e-003
-4.1999999999999996e-002 3.6000000000000004e-002 4.0000000000000001e-003  1.8823798641573167e-003
-4.1999999999999996e-002 3.9000000000000007e-002 4.0000000000000001e-003  1.9248415213961906e-003
-4.1999999999999996e-002 4.2000000000000010e-002 4.0000000000000001e-003  1.9758552877134805e-003
-4.1999999999999996e-002 4.4999999999999998e-002 4.0000000000000001e-003  2.0144925590816205e-003
-3.9000000000000000e-002 -4.4999999999999998e-002 4.0000000000000001e-003  2.2497680822307401e-003
-3.9000000000000000e-002 -4.1999999999999996e-002 4.0000000000000001e-003  2.0881774677630510e-003
-3.9000000000000000e-002 -3.9000000000000000e-002 4.0000000000000001e-003  1.9448119222552395e-003
-3.9000000000000000e-002 -3.5999999999999997e-002 4.0000000000000001e-003  1.8281843534249836e-003
-3.9000000000000000e-002 -3.3000000000000002e-002 4.0000000000000001e-003  1.7745975902840612e-003
-3.9000000000000000e-002 -2.9999999999999999e-002 4.0000000000000001e-003  1.7280294231232824e-003
-3.9000000000000000e-002 -2.6999999999999996e-002 4.0000000000000001e-003  1.6821488880255653e-003
-3.9000000000000000e-002 -2.3999999999999997e-002 4.0000000000000001e-003  1.6652501014956778e-003
-3.9000000000000000e-002 -2.0999999999999998e-002 4.0000000000000001e-003  1.6523710659214334e-003
-3.9000000000000000e-002 -1.7999999999999999e-002 4.0000000000000001e-003  1.6157227048460838e-003
-3.9000000000000000e-002 -1.4999999999999999e-002 4.0000000000000001e-003  1.5802942775927681e-003
-3.9000000000000000e-002 -1.1999999999999997e-002 4.0000000000000001e-003  1.5849419799930809e-003
-3.9000000000000000e-002 -8.9999999999999941e-003 4.0000000000000001e-003  1.5790165641375567e-003
-3.9000000000000000e-002 -5.9999999999999984e-003 4.0000000000000001e-003  1.5792059819989914e-003
-3.9000000000000000e-002 -2.9999999999999957e-003 4.0000000000000001e-003  1.5665694186320263e-003
-3.9000000000000000e-002 0.0000000000000000e+000 4.0000000000000001e-003  1.5641527810403065e-003
-3.9000000000000000e-002 3.0000000000000027e-003 4.0000000000000001e-003  1.5477609250290211e-003
-3.9000000000000000e-002 6.0000000000000053e-003 4.0000000000000001e-003  1.5508580844511347e-003
-3.9000000000000000e-002 9.0000000000000011e-003 4.0000000000000001e-003  1.5621717419476379e-003
-3.9000000000000000e-002 1.2000000000000004e-002 4.0000000000000001e-003  1.5653128672805203e-003
-3.9000000000000000e-002 1.4999999999999999e-002 4.0000000000000001e-003  1.5795487558821135e-003
-3.9000000000000000e-002 1.8000000000000002e-002 4.0000000000000001e-003  1.5939057430133412e-003
-3.9000000000000000e-002 2.1000000000000005e-002 4.0000000000000001e-003  1.6089884424198922e-003
-3.9000000000000000e-002 2.4000000000000007e-002 4.0000000000000001e-003  1.6611016535072231e-003
-3.9000000000000000e-002 2.7000000000000010e-002 4.0000000000000001e-003  1.6761053170152238e-003
-3.9000000000000000e-002 2.9999999999999999e-002 4.0000000000000001e-003  1.7032934478939984e-003
-3.9000000000000000e-002 3.3000000000000002e-002 4.0000000000000001e-003  1.7464953388860308e-003
-3.9000000000000000e-002 3.6000000000000004e-002 4.0000000000000001e-003  1.7949789378147445e-003
-3.9000000000000000e-002 3.9000000000000007e-002 4.0000000000000001e-003  1.8286914177420919e-003
-3.9000000000000000e-002 4.2000000000000010e-002 4.0000000000000001e-003  1.8713209296962472e-003
-3.9000000000000000e-002 4.4999999999999998e-002 4.0000000000000001e-003  1.9836726044390510e-003
-3.5999999999999997e-002 -4.4999999999999998e-002 4.0000000000000001e-003  2.1980538699127548e-003
-3.5999999999999997e-002 -4.1999999999999996e-002 4.0000000000000001e-003  2.0436483015336118e-003
-3.5999999999999997e-002 -3.9000000000000000e-002 4.0000000000000001e-003  1.8609049088245627e-003
-3.5999999999999997e-002 -3.5999999999999997e-002 4.0000000000000001e-003  1.7452673950378126e-003
-3.5999999999999997e-002 -3.3000000000000002e-002 4.0000000000000001e-003  1.7200623374738339e-003
-3.5999999999999997e-002 -2.9999999999999999e-002 4.0000000000000001e-003  1.6761423713159323e-003
-3.5999999999999997e-002 -2.6999999999999996e-002 4.0000000000000001e-003  1.6256135724507495e-003
-3.5999999999999997e-002 -2.3999999999999997e-002 4.0000000000000001e-003  1.5914200722678762e-003
-3.5999999999999997e-002 -2.0999999999999998e-002 4.0000000000000001e-003  1.5740941585875065e-003
-3.5999999999999997e-002 -1.7999999999999999e-002 4.0000000000000001e-003  1.5428275581647569e-003
-3.5999999999999997e-002 -1.4999999999999999e-002 4.0000000000000001e-003  1.5190675285557157e-003
-3.5999999999999997e-002 -1.1999999999999997e-002 4.0000000000000001e-003  1.5049258048378652e-003
-3.5999999999999997e-002 -8.9999999999999941e-003 4.0000000000000001e-003  1.5070311612097242e-003
-3.5999999999999997e-002 -5.9999999999999984e-003 4.0000000000000001e-003  1.4963390608348315e-003
-3.5999999999999997e-002 -2.9999999999999957e-003 4.0000000000000001e-003  1.4859799862335721e-003
-3.5999999999999997e-002 0.0000000000000000e+000 4.0000000000000001e-003  1.4948517951248515e-003
-3.5999999999999997e-002 3.0000000000000027e-003 4.0000000000000001e-003  1.4958225450824175e-003
-3.5999999999999997e-002 6.0000000000000053e-003 4.0000000000000001e-003  1.4974147252713227e-003
-3.5999999999999997e-002 9.0000000000000011e-003 4.0000000000000001e-003  1.4948667072304178e-003
-3.5999999999999997e-002 1.2000000000000004e-002 4.0000000000000001e-003  1.4950972885234798e-003
-3.5999999999999997e-002 1.4999999999999999e-002 4.0000000000000001e-003  1.5085223215477474e-003
-3.5999999999999997e-002 1.8000000000000002e-002 4.0000000000000001e-003  1.5220853873300065e-003
-3.5999999999999997e-002 2.1000000000000005e-002 4.0000000000000001e-003  1.5357878671034752e-003
-3.5999999999999997e-002 2.4000000000000007e-002 4.0000000000000001e-003  1.5610694395770846e-003
-3.5999999999999997e-002 2.7000000000000010e-002 4.0000000000000001e-003  1.5973968955179730e-003
-3.5999999999999997e-002 2.9999999999999999e-002 4.0000000000000001e-003  1.6257163020005124e-003
-3.5999999999999997e-002 3.3000000000000002e-002 4.0000000000000001e-003  1.6653287183971306e-003
-3.5999999999999997e-002 3.6000000000000004e-002 4.0000000000000001e-003  1.7216252371670014e-003
-3.5999999999999997e-002 3.9000000000000007e-002 4.0000000000000001e-003  1.7619826747531570e-003
-3.5999999999999997e-002 4.2000000000000010e-002 4.0000000000000001e-003  1.8118608108400156e-003
-3.5999999999999997e-002 4.4999999999999998e-002 4.0000000000000001e-003  1.9385479413507581e-003
-3.3000000000000002e-002 -4.4999999999999998e-002 4.0000000000000001e-003  2.1501107907558200e-003
-3.3000000000000002e-002 -4.1999999999999996e-002 4.0000000000000001e-003  1.9930647171007322e-003
-3.3000000000000002e-002 -3.9000000000000000e-002 4.0000000000000001e-003  1.7858778066780667e-003
-3.3000000000000002e-002 -3.5999999999999997e-002 4.0000000000000001e-003  1.6948942659660330e-003
-3.3000000000000002e-002 -3.3000000000000002e-002 4.0000000000000001e-003  1.6731391475303585e-003
-3.3000000000000002e-002 -2.9999999999999999e-002 4.0000000000000001e-003  1.6276324472450129e-003
-3.3000000000000002e-002 -2.6999999999999996e-002 4.0000000000000001e-003  1.5793860173486448e-003
-3.3000000000000002e-002 -2.3999999999999997e-002 4.0000000000000001e-003  1.5342830686893593e-003
-3.3000000000000002e-002 -2.0999999999999998e-002 4.0000000000000001e-003  1.5119751343783386e-003
-3.3000000000000002e-002 -1.7999999999999999e-002 4.0000000000000001e-003  1.4915143912760749e-003
-3.3000000000000002e-002 -1.4999999999999999e-002 4.0000000000000001e-003  1.4792077195603037e-003
-3.3000000000000002e-002 -1.1999999999999997e-002 4.0000000000000001e-003  1.4701388092460735e-003
-3.3000000000000002e-002 -8.9999999999999941e-003 4.0000000000000001e-003  1.4616271089340851e-003
-3.3000000000000002e-002 -5.9999999999999984e-003 4.0000000000000001e-003  1.4549926776460903e-003
-3.3000000000000002e-002 -2.9999999999999957e-003 4.0000000000000001e-003  1.4533835411624238e-003
-3.3000000000000002e-002 0.0000000000000000e+000 4.0000000000000001e-003  1.4515090171736112e-003
-3.3000000000000002e-002 3.0000000000000027e-003 4.0000000000000001e-003  1.4492849429154696e-003
-3.3000000000000002e-002 6.0000000000000053e-003 4.0000000000000001e-003  1.4475495186912100e-003
-3.3000000000000002e-002 9.0000000000000011e-003 4.0000000000000001e-003  1.4443330819015139e-003
-3.3000000000000002e-002 1.2000000000000004e-002 4.0000000000000001e-003  1.4572415891318355e-003
-3.3000000000000002e-002 1.4999999999999999e-002 4.0000000000000001e-003  1.4702811094859086e-003
-3.3000000000000002e-002 1.8000000000000002e-002 4.0000000000000001e-003  1.4830711653855940e-003
-3.3000000000000002e-002 2.1000000000000005e-002 4.0000000000000001e-003  1.4959836953860025e-003
-3.3000000000000002e-002 2.4000000000000007e-002 4.0000000000000001e-003  1.5090414026058324e-003
-3.3000000000000002e-002 2.7000000000000010e-002 4.0000000000000001e-003  1.5349048684247819e-003
-3.3000000000000002e-002 2.9999999999999999e-002 4.0000000000000001e-003  1.5632800895678078e-003
-3.3000000000000002e-002 3.3000000000000002e-002 4.0000000000000001e-003  1.5971470730857592e-003
-3.3000000000000002e-002 3.6000000000000004e-002 4.0000000000000001e-003  1.6612357012904832e-003
-3.3000000000000002e-002 3.9000000000000007e-002 4.0000000000000001e-003  1.7278300779117507e-003
-3.3000000000000002e-002 4.2000000000000010e-002 4.0000000000000001e-003  1.8035233012255250e-003
-3.3000000000000002e-002 4.4999999999999998e-002 4.0000000000000001e-003  1.8885060135651194e-003
-2.9999999999999999e-002 -4.4999999999999998e-002 4.0000000000000001e-003  2.1057761227863169e-003
-2.9999999999999999e-002 -4.1999999999999996e-002 4.0000000000000001e-003  1.9481083431015125e-003
-2.9999999999999999e-002 -3.9000000000000000e-002 4.0000000000000001e-003  1.7734105303327875e-003
-2.9999999999999999e-002 -3.5999999999999997e-002 4.0000000000000001e-003  1.6461238774494479e-003
-2.9999999999999999e-002 -3.3000000000000002e-002 4.0000000000000001e-003  1.6175945406610207e-003
-2.9999999999999999e-002 -2.9999999999999999e-002 4.0000000000000001e-003  1.5790347971654582e-003
-2.9999999999999999e-002 -2.6999999999999996e-002 4.0000000000000001e-003  1.5366657644610342e-003
-2.9999999999999999e-002 -2.3999999999999997e-002 4.0000000000000001e-003  1.4986484455749404e-003
-2.9999999999999999e-002 -2.0999999999999998e-002 4.0000000000000001e-003  1.4705293480713588e-003
-2.9999999999999999e-002 -1.7999999999999999e-002 4.0000000000000001e-003  1.4602195073170300e-003
-2.9999999999999999e-002 -1.4999999999999999e-002 4.0000000000000001e-003  1.4499372974584096e-003
-2.9999999999999999e-002 -1.1999999999999997e-002 4.0000000000000001e-003  1.4392856810087663e-003
-2.9999999999999999e-002 -8.9999999999999941e-003 4.0000000000000001e-003  1.4308431174247049e-003
-2.9999999999999999e-002 -5.9999999999999984e-003 4.0000000000000001e-003  1.4229900704877689e-003
-2.9999999999999999e-002 -2.9999999999999957e-003 4.0000000000000001e-003  1.4200110631050471e-003
-2.9999999999999999e-002 0.0000000000000000e+000 4.0000000000000001e-003  1.4168281526022249e-003
-2.9999999999999999e-002 3.0000000000000027e-003 4.0000000000000001e-003  1.4133686724066704e-003
-2.9999999999999999e-002 6.0000000000000053e-003 4.0000000000000001e-003  1.4099428052433188e-003
-2.9999999999999999e-002 9.0000000000000011e-003 4.0000000000000001e-003  1.4157575048268573e-003
-2.9999999999999999e-002 1.2000000000000004e-002 4.0000000000000001e-003  1.4279599329619249e-003
-2.9999999999999999e-002 1.4999999999999999e-002 4.0000000000000001e-003  1.4404480557204469e-003
-2.9999999999999999e-002 1.8000000000000002e-002 4.0000000000000001e-003  1.4532010036308141e-003
-2.9999999999999999e-002 2.1000000000000005e-002 4.0000000000000001e-003  1.4662139331008410e-003
-2.9999999999999999e-002 2.4000000000000007e-002 4.0000000000000001e-003  1.4794980264177639e-003
-2.9999999999999999e-002 2.7000000000000010e-002 4.0000000000000001e-003  1.5027862837630435e-003
-2.9999999999999999e-002 2.9999999999999999e-002 4.0000000000000001e-003  1.5302963764965824e-003
-2.9999999999999999e-002 3.3000000000000002e-002 4.0000000000000001e-003  1.5596483062426517e-003
-2.9999999999999999e-002 3.6000000000000004e-002 4.0000000000000001e-003  1.6153638756532559e-003
-2.9999999999999999e-002 3.9000000000000007e-002 4.0000000000000001e-003  1.6930025733139758e-003
-2.9999999999999999e-002 4.2000000000000010e-002 4.0000000000000001e-003  1.7979378869792044e-003
-2.9999999999999999e-002 4.4999999999999998e-002 4.0000000000000001e-003  1.9114742098199134e-003
-2.6999999999999996e-002 -4.4999999999999998e-002 4.0000000000000001e-003  2.0649629565153644e-003
-2.6999999999999996e-002 -4.1999999999999996e-002 4.0000000000000001e-003  1.8976217575483367e-003
-2.6999999999999996e-002 -3.9000000000000000e-002 4.0000000000000001e-003  1.7464059838669106e-003
-2.6999999999999996e-002 -3.5999999999999997e-002 4.0000000000000001e-003  1.6377423073278253e-003
-2.6999999999999996e-002 -3.3000000000000002e-002 4.0000000000000001e-003  1.5709267476647013e-003
-2.6999999999999996e-002 -2.9999999999999999e-002 4.0000000000000001e-003  1.5431286709689329e-003
-2.6999999999999996e-002 -2.6999999999999996e-002 4.0000000000000001e-003  1.5038123175089260e-003
-2.6999999999999996e-002 -2.3999999999999997e-002 4.0000000000000001e-003  1.4667229654976241e-003
-2.6999999999999996e-002 -2.0999999999999998e-002 4.0000000000000001e-003  1.4468094104645530e-003
-2.6999999999999996e-002 -1.7999999999999999e-002 4.0000000000000001e-003  1.4346175599157197e-003
-2.6999999999999996e-002 -1.4999999999999999e-002 4.0000000000000001e-003  1.4223095988637202e-003
-2.6999999999999996e-002 -1.1999999999999997e-002 4.0000000000000001e-003  1.4110805968254524e-003
-2.6999999999999996e-002 -8.9999999999999941e-003 4.0000000000000001e-003  1.4027631533555748e-003
-2.6999999999999996e-002 -5.9999999999999984e-003 4.0000000000000001e-003  1.3953323930298029e-003
-2.6999999999999996e-002 -2.9999999999999957e-003 4.0000000000000001e-003  1.3901347865004690e-003
-2.6999999999999996e-002 0.0000000000000000e+000 4.0000000000000001e-003  1.3849046303484362e-003
-2.6999999999999996e-002 3.0000000000000027e-003 4.0000000000000001e-003  1.3796371509458138e-003
-2.6999999999999996e-002 6.0000000000000053e-003 4.0000000000000001e-003  1.3796548698847843e-003
-2.6999999999999996e-002 9.0000000000000011e-003 4.0000000000000001e-003  1.3890695428803769e-003
-2.6999999999999996e-002 1.2000000000000004e-002 4.0000000000000001e-003  1.3999406496260235e-003
-2.6999999999999996e-002 1.4999999999999999e-002 4.0000000000000001e-003  1.4112753706787716e-003
-2.6999999999999996e-002 1.8000000000000002e-002 4.0000000000000001e-003  1.4230619493796667e-003
-2.6999999999999996e-002 2.1000000000000005e-002 4.0000000000000001e-003  1.4353052342771894e-003
-2.6999999999999996e-002 2.4000000000000007e-002 4.0000000000000001e-003  1.4538467298028390e-003
-2.6999999999999996e-002 2.7000000000000010e-002 4.0000000000000001e-003  1.4815597834136689e-003
-2.6999999999999996e-002 2.9999999999999999e-002 4.0000000000000001e-003  1.5102737470876313e-003
-2.6999999999999996e-002 3.3000000000000002e-002 4.0000000000000001e-003  1.5395272288056159e-003
-2.6999999999999996e-002 3.6000000000000004e-002 4.0000000000000001e-003  1.5918561716528840e-003
-2.6999999999999996e-002 3.9000000000000007e-002 4.0000000000000001e-003  1.6598643450226899e-003
-2.6999999999999996e-002 4.2000000000000010e-002 4.0000000000000001e-003  1.7431601184351901e-003
-2.6999999999999996e-002 4.4999999999999998e-002 4.0000000000000001e-003  1.8436156732996669e-003
-2.3999999999999997e-002 -4.4999999999999998e-002 4.0000000000000001e-003  2.0006533655044741e-003
-2.3999999999999997e-002 -4.1999999999999996e-002 4.0000000000000001e-003  1.8259419889464024e-003
-2.3999999999999997e-002 -3.9000000000000000e-002 4.0000000000000001e-003  1.7133411522900900e-003
-2.3999999999999997e-002 -3.5999999999999997e-002 4.0000000000000001e-003  1.6165616364188424e-003
-2.3999999999999997e-002 -3.3000000000000002e-002 4.0000000000000001e-003  1.5496347829220872e-003
-2.3999999999999997e-002 -2.9999999999999999e-002 4.0000000000000001e-003  1.5175333523543618e-003
-2.3999999999999997e-002 -2.6999999999999996e-002 4.0000000000000001e-003  1.4752076616801829e-003
-2.3999999999999997e-002 -2.3999999999999997e-002 4.0000000000000001e-003  1.4464375521812125e-003
-2.3999999999999997e-002 -2.0999999999999998e-002 4.0000000000000001e-003  1.4283065658980514e-003
-2.3999999999999997e-002 -1.7999999999999999e-002 4.0000000000000001e-003  1.4112520478080507e-003
-2.3999999999999997e-002 -1.4999999999999999e-002 4.0000000000000001e-003  1.3963844845681225e-003
-2.3999999999999997e-002 -1.1999999999999997e-002 4.0000000000000001e-003  1.3854808892254970e-003
-2.3999999999999997e-002 -8.9999999999999941e-003 4.0000000000000001e-003  1.3772700109724444e-003
-2.3999999999999997e-002 -5.9999999999999984e-003 4.0000000000000001e-003  1.3695167091574410e-003
-2.3999999999999997e-002 -2.9999999999999957e-003 4.0000000000000001e-003  1.3621876295006150e-003
-2.3999999999999997e-002 0.0000000000000000e+000 4.0000000000000001e-003  1.3548422810358194e-003
-2.3999999999999997e-002 3.0000000000000027e-003 4.0000000000000001e-003  1.3541947948264371e-003
-2.3999999999999997e-002 6.0000000000000053e-003 4.0000000000000001e-003  1.3581764567945965e-003
-2.3999999999999997e-002 9.0000000000000011e-003 4.0000000000000001e-003  1.3649650227626586e-003
-2.3999999999999997e-002 1.2000000000000004e-002 4.0000000000000001e-003  1.3739035538157605e-003
-2.3999999999999997e-002 1.4999999999999999e-002 4.0000000000000001e-003  1.3833128235163960e-003
-2.3999999999999997e-002 1.8000000000000002e-002 4.0000000000000001e-003  1.3931831296372622e-003
-2.3999999999999997e-002 2.1000000000000005e-002 4.0000000000000001e-003  1.4076421613875903e-003
-2.3999999999999997e-002 2.4000000000000007e-002 4.0000000000000001e-003  1.4327003355322689e-003
-2.3999999999999997e-002 2.7000000000000010e-002 4.0000000000000001e-003  1.4587621453242717e-003
-2.3999999999999997e-002 2.9999999999999999e-002 4.0000000000000001e-003  1.4858744200895099e-003
-2.3999999999999997e-002 3.3000000000000002e-002 4.0000000000000001e-003  1.5246081643546796e-003
-2.3999999999999997e-002 3.6000000000000004e-002 4.0000000000000001e-003  1.5745385179558584e-003
-2.3999999999999997e-002 3.9000000000000007e-002 4.0000000000000001e-003  1.6389712660320002e-003
-2.3999999999999997e-002 4.2000000000000010e-002 4.0000000000000001e-003  1.7191615192619697e-003
-2.3999999999999997e-002 4.4999999999999998e-002 4.0000000000000001e-003  1.8171449824392625e-003
-2.0999999999999998e-002 -4.4999999999999998e-002 4.0000000000000001e-003  1.9307999329248454e-003
-2.0999999999999998e-002 -4.1999999999999996e-002 4.0000000000000001e-003  1.8059820832963306e-003
-2.0999999999999998e-002 -3.9000000000000000e-002 4.0000000000000001e-003  1.7007452644106935e-003
-2.0999999999999998e-002 -3.5999999999999997e-002 4.0000000000000001e-003  1.6113925513306360e-003
-2.0999999999999998e-002 -3.3000000000000002e-002 4.0000000000000001e-003  1.5426066954370725e-003
-2.0999999999999998e-002 -2.9999999999999999e-002 4.0000000000000001e-003  1.4940425845949060e-003
-2.0999999999999998e-002 -2.6999999999999996e-002 4.0000000000000001e-003  1.4498047466586896e-003
-2.0999999999999998e-002 -2.3999999999999997e-002 4.0000000000000001e-003  1.4305302355235364e-003
-2.0999999999999998e-002 -2.0999999999999998e-002 4.0000000000000001e-003  1.4110350925131715e-003
-2.0999999999999998e-002 -1.7999999999999999e-002 4.0000000000000001e-003  1.3912311313083816e-003
-2.0999999999999998e-002 -1.4999999999999999e-002 4.0000000000000001e-003  1.3724371683768561e-003
-2.0999999999999998e-002 -1.1999999999999997e-002 4.0000000000000001e-003  1.3624919085527009e-003
-2.0999999999999998e-002 -8.9999999999999941e-003 4.0000000000000001e-003  1.3543643185703546e-003
-2.0999999999999998e-002 -5.9999999999999984e-003 4.0000000000000001e-003  1.3453333144309615e-003
-2.0999999999999998e-002 -2.9999999999999957e-003 4.0000000000000001e-003  1.3359046756297906e-003
-2.0999999999999998e-002 0.0000000000000000e+000 4.0000000000000001e-003  1.3341706510492856e-003
-2.0999999999999998e-002 3.0000000000000027e-003 4.0000000000000001e-003  1.3351381626947034e-003
-2.0999999999999998e-002 6.0000000000000053e-003 4.0000000000000001e-003  1.3376447141656609e-003
-2.0999999999999998e-002 9.0000000000000011e-003 4.0000000000000001e-003  1.3421272422170570e-003
-2.0999999999999998e-002 1.2000000000000004e-002 4.0000000000000001e-003  1.3491355929167673e-003
-2.0999999999999998e-002 1.4999999999999999e-002 4.0000000000000001e-003  1.3566208583753738e-003
-2.0999999999999998e-002 1.8000000000000002e-002 4.0000000000000001e-003  1.3670494478179814e-003
-2.0999999999999998e-002 2.1000000000000005e-002 4.0000000000000001e-003  1.3894516028210440e-003
-2.0999999999999998e-002 2.4000000000000007e-002 4.0000000000000001e-003  1.4128441695073141e-003
-2.0999999999999998e-002 2.7000000000000010e-002 4.0000000000000001e-003  1.4372769333116215e-003
-2.0999999999999998e-002 2.9999999999999999e-002 4.0000000000000001e-003  1.4711949097047175e-003
-2.0999999999999998e-002 3.3000000000000002e-002 4.0000000000000001e-003  1.5125398540894422e-003
-2.0999999999999998e-002 3.6000000000000004e-002 4.0000000000000001e-003  1.5590509212861079e-003
-2.0999999999999998e-002 3.9000000000000007e-002 4.0000000000000001e-003  1.6201029650955068e-003
-2.0999999999999998e-002 4.2000000000000010e-002 4.0000000000000001e-003  1.6966887818121268e-003
-2.0999999999999998e-002 4.4999999999999998e-002 4.0000000000000001e-003  1.7908838335196433e-003
-1.7999999999999999e-002 -4.4999999999999998e-002 4.0000000000000001e-003  1.8964815935137566e-003
-1.7999999999999999e-002 -4.1999999999999996e-002 4.0000000000000001e-003  1.7756960526637746e-003
-1.7999999999999999e-002 -3.9000000000000000e-002 4.0000000000000001e-003  1.6741832635289850e-003
-1.7999999999999999e-002 -3.5999999999999997e-002 4.0000000000000001e-003  1.5882789151586401e-003
-1.7999999999999999e-002 -3.3000000000000002e-002 4.0000000000000001e-003  1.5242896350502546e-003
-1.7999999999999999e-002 -2.9999999999999999e-002 4.0000000000000001e-003  1.4732311516534198e-003
-1.7999999999999999e-002 -2.6999999999999996e-002 4.0000000000000001e-003  1.4401313382959231e-003
-1.7999999999999999e-002 -2.3999999999999997e-002 4.0000000000000001e-003  1.4176973088904402e-003
-1.7999999999999999e-002 -2.0999999999999998e-002 4.0000000000000001e-003  1.3950748055008826e-003
-1.7999999999999999e-002 -1.7999999999999999e-002 4.0000000000000001e-003  1.3723146430534129e-003
-1.7999999999999999e-002 -1.4999999999999999e-002 4.0000000000000001e-003  1.3508410486205089e-003
-1.7999999999999999e-002 -1.1999999999999997e-002 4.0000000000000001e-003  1.3421102720074310e-003
-1.7999999999999999e-002 -8.9999999999999941e-003 4.0000000000000001e-003  1.3340519613770272e-003
-1.7999999999999999e-002 -5.9999999999999984e-003 4.0000000000000001e-003  1.3231744106871719e-003
-1.7999999999999999e-002 -2.9999999999999957e-003 4.0000000000000001e-003  1.3195842532677383e-003
-1.7999999999999999e-002 0.0000000000000000e+000 4.0000000000000001e-003  1.3175359736668222e-003
-1.7999999999999999e-002 3.0000000000000027e-003 4.0000000000000001e-003  1.3170279666492846e-003
-1.7999999999999999e-002 6.0000000000000053e-003 4.0000000000000001e-003  1.3180602208208193e-003
-1.7999999999999999e-002 9.0000000000000011e-003 4.0000000000000001e-003  1.3206343186279836e-003
-1.7999999999999999e-002 1.2000000000000004e-002 4.0000000000000001e-003  1.3256358758730936e-003
-1.7999999999999999e-002 1.4999999999999999e-002 4.0000000000000001e-003  1.3320795032775578e-003
-1.7999999999999999e-002 1.8000000000000002e-002 4.0000000000000001e-003  1.3518245553791398e-003
-1.7999999999999999e-002 2.1000000000000005e-002 4.0000000000000001e-003  1.3725444292618336e-003
-1.7999999999999999e-002 2.4000000000000007e-002 4.0000000000000001e-003  1.3942918664693966e-003
-1.7999999999999999e-002 2.7000000000000010e-002 4.0000000000000001e-003  1.4235388018251258e-003
-1.7999999999999999e-002 2.9999999999999999e-002 4.0000000000000001e-003  1.4614883778665841e-003
-1.7999999999999999e-002 3.3000000000000002e-002 4.0000000000000001e-003  1.5010002417937508e-003
-1.7999999999999999e-002 3.6000000000000004e-002 4.0000000000000001e-003  1.5441615439063757e-003
-1.7999999999999999e-002 3.9000000000000007e-002 4.0000000000000001e-003  1.6018700765594708e-003
-1.7999999999999999e-002 4.2000000000000010e-002 4.0000000000000001e-003  1.6748761381487382e-003
-1.7999999999999999e-002 4.4999999999999998e-002 4.0000000000000001e-003  1.7652949480480339e-003
-1.4999999999999999e-002 -4.4999999999999998e-002 4.0000000000000001e-003  1.8796400385093907e-003
-1.4999999999999999e-002 -4.1999999999999996e-002 4.0000000000000001e-003  1.7467999180320690e-003
-1.4999999999999999e-002 -3.9000000000000000e-002 4.0000000000000001e-003  1.6477872265910827e-003
-1.4999999999999999e-002 -3.5999999999999997e-002 4.0000000000000001e-003  1.5638021398199397e-003
-1.4999999999999999e-002 -3.3000000000000002e-002 4.0000000000000001e-003  1.5086363449774128e-003
-1.4999999999999999e-002 -2.9999999999999999e-002 4.0000000000000001e-003  1.4590310479651561e-003
-1.4999999999999999e-002 -2.6999999999999996e-002 4.0000000000000001e-003  1.4336282169462259e-003
-1.4999999999999999e-002 -2.3999999999999997e-002 4.0000000000000001e-003  1.4080316537499653e-003
-1.4999999999999999e-002 -2.0999999999999998e-002 4.0000000000000001e-003  1.3822412679610375e-003
-1.4999999999999999e-002 -1.7999999999999999e-002 4.0000000000000001e-003  1.3562607382423227e-003
-1.4999999999999999e-002 -1.4999999999999999e-002 4.0000000000000001e-003  1.3332936468232869e-003
-1.4999999999999999e-002 -1.1999999999999997e-002 4.0000000000000001e-003  1.3245320676423520e-003
-1.4999999999999999e-002 -8.9999999999999941e-003 4.0000000000000001e-003  1.3176541231025322e-003
-1.4999999999999999e-002 -5.9999999999999984e-003 4.0000000000000001e-003  1.3104381704836074e-003
-1.4999999999999999e-002 -2.9999999999999957e-003 4.0000000000000001e-003  1.3053717438543744e-003
-1.4999999999999999e-002 0.0000000000000000e+000 4.0000000000000001e-003  1.3018476507842146e-003
-1.4999999999999999e-002 3.0000000000000027e-003 4.0000000000000001e-003  1.2998648240782676e-003
-1.4999999999999999e-002 6.0000000000000053e-003 4.0000000000000001e-003  1.2994237903825223e-003
-1.4999999999999999e-002 9.0000000000000011e-003 4.0000000000000001e-003  1.3005266701837973e-003
-1.4999999999999999e-002 1.2000000000000004e-002 4.0000000000000001e-003  1.3034046950652454e-003
-1.4999999999999999e-002 1.4999999999999999e-002 4.0000000000000001e-003  1.3198328357589570e-003
-1.4999999999999999e-002 1.8000000000000002e-002 4.0000000000000001e-003  1.3378766230558291e-003
-1.4999999999999999e-002 2.1000000000000005e-002 4.0000000000000001e-003  1.3569329739464273e-003
-1.4999999999999999e-002 2.4000000000000007e-002 4.0000000000000001e-003  1.3816549596798742e-003
-1.4999999999999999e-002 2.7000000000000010e-002 4.0000000000000001e-003  1.4161931105891735e-003
-1.4999999999999999e-002 2.9999999999999999e-002 4.0000000000000001e-003  1.4523074429937629e-003
-1.4999999999999999e-002 3.3000000000000002e-002 4.0000000000000001e-003  1.4899851079108902e-003
-1.4999999999999999e-002 3.6000000000000004e-002 4.0000000000000001e-003  1.5298615844925774e-003
-1.4999999999999999e-002 3.9000000000000007e-002 4.0000000000000001e-003  1.5842658905171568e-003
-1.4999999999999999e-002 4.2000000000000010e-002 4.0000000000000001e-003  1.6537189697824241e-003
-1.4999999999999999e-002 4.4999999999999998e-002 4.0000000000000001e-003  1.7676301340836065e-003
-1.1999999999999997e-002 -4.4999999999999998e-002 4.0000000000000001e-003  1.8745602463979508e-003
-1.1999999999999997e-002 -4.1999999999999996e-002 4.0000000000000001e-003  1.7367553564330126e-003
-1.1999999999999997e-002 -3.9000000000000000e-002 4.0000000000000001e-003  1.6250106883094687e-003
-1.1999999999999997e-002 -3.5999999999999997e-002 4.0000000000000001e-003  1.5513057683365443e-003
-1.1999999999999997e-002 -3.3000000000000002e-002 4.0000000000000001e-003  1.4956036896054913e-003
-1.1999999999999997e-002 -2.9999999999999999e-002 4.0000000000000001e-003  1.4588609547740519e-003
-1.1999999999999997e-002 -2.6999999999999996e-002 4.0000000000000001e-003  1.4302988275749222e-003
-1.1999999999999997e-002 -2.3999999999999997e-002 4.0000000000000001e-003  1.4008163097370043e-003
-1.1999999999999997e-002 -2.0999999999999998e-002 4.0000000000000001e-003  1.3719324502054449e-003
-1.1999999999999997e-002 -1.7999999999999999e-002 4.0000000000000001e-003  1.3436920367220571e-003
-1.1999999999999997e-002 -1.4999999999999999e-002 4.0000000000000001e-003  1.3272300471096972e-003
-1.1999999999999997e-002 -1.1999999999999997e-002 4.0000000000000001e-003  1.3171907427763348e-003
-1.1999999999999997e-002 -8.9999999999999941e-003 4.0000000000000001e-003  1.3133236690437645e-003
-1.1999999999999997e-002 -5.9999999999999984e-003 4.0000000000000001e-003  1.3061883627515411e-003
-1.1999999999999997e-002 -2.9999999999999957e-003 4.0000000000000001e-003  1.2999507653101313e-003
-1.1999999999999997e-002 0.0000000000000000e+000 4.0000000000000001e-003  1.2949537698679816e-003
-1.1999999999999997e-002 3.0000000000000027e-003 4.0000000000000001e-003  1.2911964239256768e-003
-1.1999999999999997e-002 6.0000000000000053e-003 4.0000000000000001e-003  1.2886797833958675e-003
-1.1999999999999997e-002 9.0000000000000011e-003 4.0000000000000001e-003  1.2874069126032779e-003
-1.1999999999999997e-002 1.2000000000000004e-002 4.0000000000000001e-003  1.2926967513338082e-003
-1.1999999999999997e-002 1.4999999999999999e-002 4.0000000000000001e-003  1.3087551831330525e-003
-1.1999999999999997e-002 1.8000000000000002e-002 4.0000000000000001e-003  1.3252166825795776e-003
-1.1999999999999997e-002 2.1000000000000005e-002 4.0000000000000001e-003  1.3455627637700444e-003
-1.1999999999999997e-002 2.4000000000000007e-002 4.0000000000000001e-003  1.3766680894816419e-003
-1.1999999999999997e-002 2.7000000000000010e-002 4.0000000000000001e-003  1.4093739163680086e-003
-1.1999999999999997e-002 2.9999999999999999e-002 4.0000000000000001e-003  1.4436501283458239e-003
-1.1999999999999997e-002 3.3000000000000002e-002 4.0000000000000001e-003  1.4794917954956894e-003
-1.1999999999999997e-002 3.6000000000000004e-002 4.0000000000000001e-003  1.5169191740621486e-003
-1.1999999999999997e-002 3.9000000000000007e-002 4.0000000000000001e-003  1.5672848626913380e-003
-1.1999999999999997e-002 4.2000000000000010e-002 4.0000000000000001e-003  1.6484332445979837e-003
-1.1999999999999997e-002 4.4999999999999998e-002 4.0000000000000001e-003  1.7713685723135632e-003
-8.9999999999999941e-003 -4.4999999999999998e-002 4.0000000000000001e-003  1.8688856701002980e-003
-8.9999999999999941e-003 -4.1999999999999996e-002 4.0000000000000001e-003  1.7309871315711524e-003
-8.9999999999999941e-003 -3.9000000000000000e-002 4.0000000000000001e-003  1.6187890264724612e-003
-8.9999999999999941e-003 -3.5999999999999997e-002 4.0000000000000001e-003  1.5394356690749133e-003
-8.9999999999999941e-003 -3.3000000000000002e-002 4.0000000000000001e-003  1.4891117712430698e-003
-8.9999999999999941e-003 -2.9999999999999999e-002 4.0000000000000001e-003  1.4557361661205405e-003
-8.9999999999999941e-003 -2.6999999999999996e-002 4.0000000000000001e-003  1.4229968425707807e-003
-8.9999999999999941e-003 -2.3999999999999997e-002 4.0000000000000001e-003  1.3908937984193780e-003
-8.9999999999999941e-003 -2.0999999999999998e-002 4.0000000000000001e-003  1.3608757696996138e-003
-8.9999999999999941e-003 -1.7999999999999999e-002 4.0000000000000001e-003  1.3393920924191318e-003
-8.9999999999999941e-003 -1.4999999999999999e-002 4.0000000000000001e-003  1.3231689205086600e-003
-8.9999999999999941e-003 -1.1999999999999997e-002 4.0000000000000001e-003  1.3131628105113576e-003
-8.9999999999999941e-003 -8.9999999999999941e-003 4.0000000000000001e-003  1.3094732179063412e-003
-8.9999999999999941e-003 -5.9999999999999984e-003 4.0000000000000001e-003  1.3031395657550357e-003
-8.9999999999999941e-003 -2.9999999999999957e-003 4.0000000000000001e-003  1.2967600282842043e-003
-8.9999999999999941e-003 0.0000000000000000e+000 4.0000000000000001e-003  1.2916213298368733e-003
-8.9999999999999941e-003 3.0000000000000027e-003 4.0000000000000001e-003  1.2877221920908808e-003
-8.9999999999999941e-003 6.0000000000000053e-003 4.0000000000000001e-003  1.2850633451361453e-003
-8.9999999999999941e-003 9.0000000000000011e-003 4.0000000000000001e-003  1.2838893433572088e-003
-8.9999999999999941e-003 1.2000000000000004e-002 4.0000000000000001e-003  1.2877734003180505e-003
-8.9999999999999941e-003 1.4999999999999999e-002 4.0000000000000001e-003  1.2966607862342772e-003
-8.9999999999999941e-003 1.8000000000000002e-002 4.0000000000000001e-003  1.3129690976522246e-003
-8.9999999999999941e-003 2.1000000000000005e-002 4.0000000000000001e-003  1.3407611713568076e-003
-8.9999999999999941e-003 2.4000000000000007e-002 4.0000000000000001e-003  1.3706897428652017e-003
-8.9999999999999941e-003 2.7000000000000010e-002 4.0000000000000001e-003  1.4021126633494330e-003
-8.9999999999999941e-003 2.9999999999999999e-002 4.0000000000000001e-003  1.4350213064718304e-003
-8.9999999999999941e-003 3.3000000000000002e-002 4.0000000000000001e-003  1.4694197751141506e-003
-8.9999999999999941e-003 3.6000000000000004e-002 4.0000000000000001e-003  1.5051192318073286e-003
-8.9999999999999941e-003 3.9000000000000007e-002 4.0000000000000001e-003  1.5560564831588923e-003
-8.9999999999999941e-003 4.2000000000000010e-002 4.0000000000000001e-003  1.6388156341573159e-003
-8.9999999999999941e-003 4.4999999999999998e-002 4.0000000000000001e-003  1.7522757801435604e-003
-5.9999999999999984e-003 -4.4999999999999998e-002 4.0000000000000001e-003  1.8626164071428952e-003
-5.9999999999999984e-003 -4.1999999999999996e-002 4.0000000000000001e-003  1.7246210682606317e-003
-5.9999999999999984e-003 -3.9000000000000000e-002 4.0000000000000001e-003  1.6186736068893118e-003
-5.9999999999999984e-003 -3.5999999999999997e-002 4.0000000000000001e-003  1.5261871479794202e-003
-5.9999999999999984e-003 -3.3000000000000002e-002 4.0000000000000001e-003  1.4841727955560802e-003
-5.9999999999999984e-003 -2.9999999999999999e-002 4.0000000000000001e-003  1.4507712369262039e-003
-5.9999999999999984e-003 -2.6999999999999996e-002 4.0000000000000001e-003  1.4180663292579162e-003
-5.9999999999999984e-003 -2.3999999999999997e-002 4.0000000000000001e-003  1.3860485635124593e-003
-5.9999999999999984e-003 -2.0999999999999998e-002 4.0000000000000001e-003  1.3547124800558209e-003
-5.9999999999999984e-003 -1.7999999999999999e-002 4.0000000000000001e-003  1.3367768966329923e-003
-5.9999999999999984e-003 -1.4999999999999999e-002 4.0000000000000001e-003  1.3205534012905406e-003
-5.9999999999999984e-003 -1.1999999999999997e-002 4.0000000000000001e-003  1.3100736642744082e-003
-5.9999999999999984e-003 -8.9999999999999941e-003 4.0000000000000001e-003  1.3065662311151601e-003
-5.9999999999999984e-003 -5.9999999999999984e-003 4.0000000000000001e-003  1.3011631445535897e-003
-5.9999999999999984e-003 -2.9999999999999957e-003 4.0000000000000001e-003  1.2946427683280934e-003
-5.9999999999999984e-003 0.0000000000000000e+000 4.0000000000000001e-003  1.2893634657915193e-003
-5.9999999999999984e-003 3.0000000000000027e-003 4.0000000000000001e-003  1.2853236327989676e-003
-5.9999999999999984e-003 6.0000000000000053e-003 4.0000000000000001e-003  1.2826032459228448e-003
-5.9999999999999984e-003 9.0000000000000011e-003 4.0000000000000001e-003  1.2816773552875361e-003
-5.9999999999999984e-003 1.2000000000000004e-002 4.0000000000000001e-003  1.2849068962779483e-003
-5.9999999999999984e-003 1.4999999999999999e-002 4.0000000000000001e-003  1.2943622750139351e-003
-5.9999999999999984e-003 1.8000000000000002e-002 4.0000000000000001e-003  1.3080491928707625e-003
-5.9999999999999984e-003 2.1000000000000005e-002 4.0000000000000001e-003  1.3347154646401102e-003
-5.9999999999999984e-003 2.4000000000000007e-002 4.0000000000000001e-003  1.3621440122950571e-003
-5.9999999999999984e-003 2.7000000000000010e-002 4.0000000000000001e-003  1.3919968888999506e-003
-5.9999999999999984e-003 2.9999999999999999e-002 4.0000000000000001e-003  1.4235508803348374e-003
-5.9999999999999984e-003 3.3000000000000002e-002 4.0000000000000001e-003  1.4566190489602704e-003
-5.9999999999999984e-003 3.6000000000000004e-002 4.0000000000000001e-003  1.4986632425185548e-003
-5.9999999999999984e-003 3.9000000000000007e-002 4.0000000000000001e-003  1.5587621683909607e-003
-5.9999999999999984e-003 4.2000000000000010e-002 4.0000000000000001e-003  1.6320339325296572e-003
-5.9999999999999984e-003 4.4999999999999998e-002 4.0000000000000001e-003  1.7204683276010341e-003
-2.9999999999999957e-003 -4.4999999999999998e-002 4.0000000000000001e-003  1.8557549583985509e-003
-2.9999999999999957e-003 -4.1999999999999996e-002 4.0000000000000001e-003  1.7264050398144938e-003
-2.9999999999999957e-003 -3.9000000000000000e-002 4.0000000000000001e-003  1.6200727569622030e-003
-2.9999999999999957e-003 -3.5999999999999997e-002 4.0000000000000001e-003  1.5451195746292038e-003
-2.9999999999999957e-003 -3.3000000000000002e-002 4.0000000000000001e-003  1.4856241414030434e-003
-2.9999999999999957e-003 -2.9999999999999999e-002 4.0000000000000001e-003  1.4500129134418173e-003
-2.9999999999999957e-003 -2.6999999999999996e-002 4.0000000000000001e-003  1.4150820883392309e-003
-2.9999999999999957e-003 -2.3999999999999997e-002 4.0000000000000001e-003  1.3808313328242360e-003
-2.9999999999999957e-003 -2.0999999999999998e-002 4.0000000000000001e-003  1.3529094498922476e-003
-2.9999999999999957e-003 -1.7999999999999999e-002 4.0000000000000001e-003  1.3330455605122891e-003
-2.9999999999999957e-003 -1.4999999999999999e-002 4.0000000000000001e-003  1.3187420771305438e-003
-2.9999999999999957e-003 -1.1999999999999997e-002 4.0000000000000001e-003  1.3079165395000353e-003
-2.9999999999999957e-003 -8.9999999999999941e-003 4.0000000000000001e-003  1.3045955920740922e-003
-2.9999999999999957e-003 -5.9999999999999984e-003 4.0000000000000001e-003  1.3002531906236210e-003
-2.9999999999999957e-003 -2.9999999999999957e-003 4.0000000000000001e-003  1.2935929973316830e-003
-2.9999999999999957e-003 0.0000000000000000e+000 4.0000000000000001e-003  1.2881741100352767e-003
-2.9999999999999957e-003 3.0000000000000027e-003 4.0000000000000001e-003  1.2839722938033488e-003
-2.9999999999999957e-003 6.0000000000000053e-003 4.0000000000000001e-003  1.2814101544200867e-003
-2.9999999999999957e-003 9.0000000000000011e-003 4.0000000000000001e-003  1.2807243137194337e-003
-2.9999999999999957e-003 1.2000000000000004e-002 4.0000000000000001e-003  1.2864965360135368e-003
-2.9999999999999957e-003 1.4999999999999999e-002 4.0000000000000001e-003  1.2981836523288845e-003
-2.9999999999999957e-003 1.8000000000000002e-002 4.0000000000000001e-003  1.3102643152794965e-003
-2.9999999999999957e-003 2.1000000000000005e-002 4.0000000000000001e-003  1.3346103138411256e-003
-2.9999999999999957e-003 2.4000000000000007e-002 4.0000000000000001e-003  1.3627542059876524e-003
-2.9999999999999957e-003 2.7000000000000010e-002 4.0000000000000001e-003  1.3916511864945171e-003
-2.9999999999999957e-003 2.9999999999999999e-002 4.0000000000000001e-003  1.4213244430505102e-003
-2.9999999999999957e-003 3.3000000000000002e-002 4.0000000000000001e-003  1.4540787645339725e-003
-2.9999999999999957e-003 3.6000000000000004e-002 4.0000000000000001e-003  1.4819871739417841e-003
-2.9999999999999957e-003 3.9000000000000007e-002 4.0000000000000001e-003  1.5725326127122739e-003
-2.9999999999999957e-003 4.2000000000000010e-002 4.0000000000000001e-003  1.6734668934637606e-003
-2.9999999999999957e-003 4.4999999999999998e-002 4.0000000000000001e-003  1.7868066836083595e-003
0.0000000000000000e+000 -4.4999999999999998e-002 4.0000000000000001e-003  1.8574519695972467e-003
0.0000000000000000e+000 -4.1999999999999996e-002 4.0000000000000001e-003  1.7381490959005735e-003
0.0000000000000000e+000 -3.9000000000000000e-002 4.0000000000000001e-003  1.6429802243744971e-003
0.0000000000000000e+000 -3.5999999999999997e-002 4.0000000000000001e-003  1.5637467794812798e-003
0.0000000000000000e+000 -3.3000000000000002e-002 4.0000000000000001e-003  1.4989209486852898e-003
0.0000000000000000e+000 -2.9999999999999999e-002 4.0000000000000001e-003  1.4479872525521716e-003
0.0000000000000000e+000 -2.6999999999999996e-002 4.0000000000000001e-003  1.4108094318330765e-003
0.0000000000000000e+000 -2.3999999999999997e-002 4.0000000000000001e-003  1.3743233248819464e-003
0.0000000000000000e+000 -2.0999999999999998e-002 4.0000000000000001e-003  1.3505421279265163e-003
0.0000000000000000e+000 -1.7999999999999999e-002 4.0000000000000001e-003  1.3307124722930789e-003
0.0000000000000000e+000 -1.4999999999999999e-002 4.0000000000000001e-003  1.3177308939147712e-003
0.0000000000000000e+000 -1.1999999999999997e-002 4.0000000000000001e-003  1.3072308052680497e-003
0.0000000000000000e+000 -8.9999999999999941e-003 4.0000000000000001e-003  1.3035555161754590e-003
0.0000000000000000e+000 -5.9999999999999984e-003 4.0000000000000001e-003  1.3004050002217318e-003
0.0000000000000000e+000 -2.9999999999999957e-003 4.0000000000000001e-003  1.2936059319650535e-003
0.0000000000000000e+000 0.0000000000000000e+000 4.0000000000000001e-003  1.2879874633285719e-003
0.0000000000000000e+000 3.0000000000000027e-003 4.0000000000000001e-003  1.2837838630664034e-003
0.0000000000000000e+000 6.0000000000000053e-003 4.0000000000000001e-003  1.2814667216407020e-003
0.0000000000000000e+000 9.0000000000000011e-003 4.0000000000000001e-003  1.2850589784815154e-003
0.0000000000000000e+000 1.2000000000000004e-002 4.0000000000000001e-003  1.2917247632161625e-003
0.0000000000000000e+000 1.4999999999999999e-002 4.0000000000000001e-003  1.3025965335951169e-003
0.0000000000000000e+000 1.8000000000000002e-002 4.0000000000000001e-003  1.3158380762342762e-003
0.0000000000000000e+000 2.1000000000000005e-002 4.0000000000000001e-003  1.3353638103364999e-003
0.0000000000000000e+000 2.4000000000000007e-002 4.0000000000000001e-003  1.3642232013453875e-003
0.0000000000000000e+000 2.7000000000000010e-002 4.0000000000000001e-003  1.3938369140256322e-003
0.0000000000000000e+000 2.9999999999999999e-002 4.0000000000000001e-003  1.4260090239971415e-003
0.0000000000000000e+000 3.3000000000000002e-002 4.0000000000000001e-003  1.4629957328193431e-003
0.0000000000000000e+000 3.6000000000000004e-002 4.0000000000000001e-003  1.4887108334529710e-003
0.0000000000000000e+000 3.9000000000000007e-002 4.0000000000000001e-003  1.5361494876383226e-003
0.0000000000000000e+000 4.2000000000000010e-002 4.0000000000000001e-003  1.6787888594277096e-003
0.0000000000000000e+000 4.4999999999999998e-002 4.0000000000000001e-003  1.8391202628827283e-003
3.0000000000000027e-003 -4.4999999999999998e-002 4.0000000000000001e-003  1.8770234629688666e-003
3.0000000000000027e-003 -4.1999999999999996e-002 4.0000000000000001e-003  1.7572195049426909e-003
3.0000000000000027e-003 -3.9000000000000000e-002 4.0000000000000001e-003  1.6560340263129111e-003
3.0000000000000027e-003 -3.5999999999999997e-002 4.0000000000000001e-003  1.5717757499143646e-003
3.0000000000000027e-003 -3.3000000000000002e-002 4.0000000000000001e-003  1.5028730098239128e-003
3.0000000000000027e-003 -2.9999999999999999e-002 4.0000000000000001e-003  1.4478737513604276e-003
3.0000000000000027e-003 -2.6999999999999996e-002 4.0000000000000001e-003  1.4052411638050743e-003
3.0000000000000027e-003 -2.3999999999999997e-002 4.0000000000000001e-003  1.3704784250643119e-003
3.0000000000000027e-003 -2.0999999999999998e-002 4.0000000000000001e-003  1.3470553749592969e-003
3.0000000000000027e-003 -1.7999999999999999e-002 4.0000000000000001e-003  1.3299137854995665e-003
3.0000000000000027e-003 -1.4999999999999999e-002 4.0000000000000001e-003  1.3175166330926073e-003
3.0000000000000027e-003 -1.1999999999999997e-002 4.0000000000000001e-003  1.3075965190269734e-003
3.0000000000000027e-003 -8.9999999999999941e-003 4.0000000000000001e-003  1.3034415508000451e-003
3.0000000000000027e-003 -5.9999999999999984e-003 4.0000000000000001e-003  1.3016150743847326e-003
3.0000000000000027e-003 -2.9999999999999957e-003 4.0000000000000001e-003  1.2946448135060708e-003
3.0000000000000027e-003 0.0000000000000000e+000 4.0000000000000001e-003  1.2887913124885655e-003
3.0000000000000027e-003 3.0000000000000027e-003 4.0000000000000001e-003  1.2848356426528823e-003
3.0000000000000027e-003 6.0000000000000053e-003 4.0000000000000001e-003  1.2861692655007999e-003
3.0000000000000027e-003 9.0000000000000011e-003 4.0000000000000001e-003  1.2917500282616473e-003
3.0000000000000027e-003 1.2000000000000004e-002 4.0000000000000001e-003  1.2984297690570488e-003
3.0000000000000027e-003 1.4999999999999999e-002 4.0000000000000001e-003  1.3076135288305490e-003
3.0000000000000027e-003 1.8000000000000002e-002 4.0000000000000001e-003  1.3220001287393771e-003
3.0000000000000027e-003 2.1000000000000005e-002 4.0000000000000001e-003  1.3369728642289914e-003
3.0000000000000027e-003 2.4000000000000007e-002 4.0000000000000001e-003  1.3665471088065808e-003
3.0000000000000027e-003 2.7000000000000010e-002 4.0000000000000001e-003  1.3982033464358054e-003
3.0000000000000027e-003 2.9999999999999999e-002 4.0000000000000001e-003  1.4341453124504392e-003
3.0000000000000027e-003 3.3000000000000002e-002 4.0000000000000001e-003  1.4726512978437357e-003
3.0000000000000027e-003 3.6000000000000004e-002 4.0000000000000001e-003  1.5137570910167576e-003
3.0000000000000027e-003 3.9000000000000007e-002 4.0000000000000001e-003  1.5426747751256533e-003
3.0000000000000027e-003 4.2000000000000010e-002 4.0000000000000001e-003  1.6419246581922385e-003
3.0000000000000027e-003 4.4999999999999998e-002 4.0000000000000001e-003  1.8271425432841374e-003
6.0000000000000053e-003 -4.4999999999999998e-002 4.0000000000000001e-003  1.8912868585388416e-003
6.0000000000000053e-003 -4.1999999999999996e-002 4.0000000000000001e-003  1.7416360025085543e-003
6.0000000000000053e-003 -3.9000000000000000e-002 4.0000000000000001e-003  1.6446532052442526e-003
6.0000000000000053e-003 -3.5999999999999997e-002 4.0000000000000001e-003  1.5632483549590614e-003
6.0000000000000053e-003 -3.3000000000000002e-002 4.0000000000000001e-003  1.4960594023572323e-003
6.0000000000000053e-003 -2.9999999999999999e-002 4.0000000000000001e-003  1.4418347915387477e-003
6.0000000000000053e-003 -2.6999999999999996e-002 4.0000000000000001e-003  1.3994334599993364e-003
6.0000000000000053e-003 -2.3999999999999997e-002 4.0000000000000001e-003  1.3716807183966331e-003
6.0000000000000053e-003 -2.0999999999999998e-002 4.0000000000000001e-003  1.3495856085037181e-003
6.0000000000000053e-003 -1.7999999999999999e-002 4.0000000000000001e-003  1.3301878793398252e-003
6.0000000000000053e-003 -1.4999999999999999e-002 4.0000000000000001e-003  1.3180969116767126e-003
6.0000000000000053e-003 -1.1999999999999997e-002 4.0000000000000001e-003  1.3087576031409975e-003
6.0000000000000053e-003 -8.9999999999999941e-003 4.0000000000000001e-003  1.3042505753170911e-003
6.0000000000000053e-003 -5.9999999999999984e-003 4.0000000000000001e-003  1.3038212469182007e-003
6.0000000000000053e-003 -2.9999999999999957e-003 4.0000000000000001e-003  1.2964304166263518e-003
6.0000000000000053e-003 0.0000000000000000e+000 4.0000000000000001e-003  1.2908257629502767e-003
6.0000000000000053e-003 3.0000000000000027e-003 4.0000000000000001e-003  1.2897489905685827e-003
6.0000000000000053e-003 6.0000000000000053e-003 4.0000000000000001e-003  1.2942476806090104e-003
6.0000000000000053e-003 9.0000000000000011e-003 4.0000000000000001e-003  1.2998432210448319e-003
6.0000000000000053e-003 1.2000000000000004e-002 4.0000000000000001e-003  1.3065354992427274e-003
6.0000000000000053e-003 1.4999999999999999e-002 4.0000000000000001e-003  1.3143247041729441e-003
6.0000000000000053e-003 1.8000000000000002e-002 4.0000000000000001e-003  1.3287670107767810e-003
6.0000000000000053e-003 2.1000000000000005e-002 4.0000000000000001e-003  1.3446595467472024e-003
6.0000000000000053e-003 2.4000000000000007e-002 4.0000000000000001e-003  1.3706269344350764e-003
6.0000000000000053e-003 2.7000000000000010e-002 4.0000000000000001e-003  1.4055068209009552e-003
6.0000000000000053e-003 2.9999999999999999e-002 4.0000000000000001e-003  1.4429475690934475e-003
6.0000000000000053e-003 3.3000000000000002e-002 4.0000000000000001e-003  1.4829891208588454e-003
6.0000000000000053e-003 3.6000000000000004e-002 4.0000000000000001e-003  1.5256789071848536e-003
6.0000000000000053e-003 3.9000000000000007e-002 4.0000000000000001e-003  1.5562060261043946e-003
6.0000000000000053e-003 4.2000000000000010e-002 4.0000000000000001e-003  1.6361781398840469e-003
6.0000000000000053e-003 4.4999999999999998e-002 4.0000000000000001e-003  1.7884099183106766e-003
9.0000000000000011e-003 -4.4999999999999998e-002 4.0000000000000001e-003  1.9208332883953836e-003
9.0000000000000011e-003 -4.1999999999999996e-002 4.0000000000000001e-003  1.8071413869018252e-003
9.0000000000000011e-003 -3.9000000000000000e-002 4.0000000000000001e-003  1.6766270094766139e-003
9.0000000000000011e-003 -3.5999999999999997e-002 4.0000000000000001e-003  1.5666642834501390e-003
9.0000000000000011e-003 -3.3000000000000002e-002 4.0000000000000001e-003  1.4885802553904046e-003
9.0000000000000011e-003 -2.9999999999999999e-002 4.0000000000000001e-003  1.4393284624150552e-003
9.0000000000000011e-003 -2.6999999999999996e-002 4.0000000000000001e-003  1.4016406542527481e-003
9.0000000000000011e-003 -2.3999999999999997e-002 4.0000000000000001e-003  1.3767941493808503e-003
9.0000000000000011e-003 -2.0999999999999998e-002 4.0000000000000001e-003  1.3562590281704886e-003
9.0000000000000011e-003 -1.7999999999999999e-002 4.0000000000000001e-003  1.3374286298125919e-003
9.0000000000000011e-003 -1.4999999999999999e-002 4.0000000000000001e-003  1.3203121536355313e-003
9.0000000000000011e-003 -1.1999999999999997e-002 4.0000000000000001e-003  1.3107125670366703e-003
9.0000000000000011e-003 -8.9999999999999941e-003 4.0000000000000001e-003  1.3059808010842933e-003
9.0000000000000011e-003 -5.9999999999999984e-003 4.0000000000000001e-003  1.3055670232318837e-003
9.0000000000000011e-003 -2.9999999999999957e-003 4.0000000000000001e-003  1.2994368514048888e-003
9.0000000000000011e-003 0.0000000000000000e+000 4.0000000000000001e-003  1.2957911505874951e-003
9.0000000000000011e-003 3.0000000000000027e-003 4.0000000000000001e-003  1.2992096836058711e-003
9.0000000000000011e-003 6.0000000000000053e-003 4.0000000000000001e-003  1.3037239489626653e-003
9.0000000000000011e-003 9.0000000000000011e-003 4.0000000000000001e-003  1.3093334606009278e-003
9.0000000000000011e-003 1.2000000000000004e-002 4.0000000000000001e-003  1.3160380340672920e-003
9.0000000000000011e-003 1.4999999999999999e-002 4.0000000000000001e-003  1.3247280859192388e-003
9.0000000000000011e-003 1.8000000000000002e-002 4.0000000000000001e-003  1.3351224811145638e-003
9.0000000000000011e-003 2.1000000000000005e-002 4.0000000000000001e-003  1.3504141564627005e-003
9.0000000000000011e-003 2.4000000000000007e-002 4.0000000000000001e-003  1.3790531547374744e-003
9.0000000000000011e-003 2.7000000000000010e-002 4.0000000000000001e-003  1.4134396759171244e-003
9.0000000000000011e-003 2.9999999999999999e-002 4.0000000000000001e-003  1.4523795672141532e-003
9.0000000000000011e-003 3.3000000000000002e-002 4.0000000000000001e-003  1.4939626919670108e-003
9.0000000000000011e-003 3.6000000000000004e-002 4.0000000000000001e-003  1.5382481237500439e-003
9.0000000000000011e-003 3.9000000000000007e-002 4.0000000000000001e-003  1.5766726383954280e-003
9.0000000000000011e-003 4.2000000000000010e-002 4.0000000000000001e-003  1.6373802398520023e-003
9.0000000000000011e-003 4.4999999999999998e-002 4.0000000000000001e-003  1.7702480733560789e-003
1.2000000000000004e-002 -4.4999999999999998e-002 4.0000000000000001e-003  1.9405039122064114e-003
1.2000000000000004e-002 -4.1999999999999996e-002 4.0000000000000001e-003  1.8377896027230258e-003
1.2000000000000004e-002 -3.9000000000000000e-002 4.0000000000000001e-003  1.6960626643715180e-003
1.2000000000000004e-002 -3.5999999999999997e-002 4.0000000000000001e-003  1.5537652041456827e-003
1.2000000000000004e-002 -3.3000000000000002e-002 4.0000000000000001e-003  1.4827922535129304e-003
1.2000000000000004e-002 -2.9999999999999999e-002 4.0000000000000001e-003  1.4350048633864317e-003
1.2000000000000004e-002 -2.6999999999999996e-002 4.0000000000000001e-003  1.4095830316101334e-003
1.2000000000000004e-002 -2.3999999999999997e-002 4.0000000000000001e-003  1.3845648533745330e-003
1.2000000000000004e-002 -2.0999999999999998e-002 4.0000000000000001e-003  1.3645997551784514e-003
1.2000000000000004e-002 -1.7999999999999999e-002 4.0000000000000001e-003  1.3463421221105248e-003
1.2000000000000004e-002 -1.4999999999999999e-002 4.0000000000000001e-003  1.3298022764052550e-003
1.2000000000000004e-002 -1.1999999999999997e-002 4.0000000000000001e-003  1.3149942393086730e-003
1.2000000000000004e-002 -8.9999999999999941e-003 4.0000000000000001e-003  1.3086317714478058e-003
1.2000000000000004e-002 -5.9999999999999984e-003 4.0000000000000001e-003  1.3084767924326315e-003
1.2000000000000004e-002 -2.9999999999999957e-003 4.0000000000000001e-003  1.3042925375504053e-003
1.2000000000000004e-002 0.0000000000000000e+000 4.0000000000000001e-003  1.3066317956900867e-003
1.2000000000000004e-002 3.0000000000000027e-003 4.0000000000000001e-003  1.3102154027557430e-003
1.2000000000000004e-002 6.0000000000000053e-003 4.0000000000000001e-003  1.3179148072354346e-003
1.2000000000000004e-002 9.0000000000000011e-003 4.0000000000000001e-003  1.3267903621957547e-003
1.2000000000000004e-002 1.2000000000000004e-002 4.0000000000000001e-003  1.3368449983065041e-003
1.2000000000000004e-002 1.4999999999999999e-002 4.0000000000000001e-003  1.3447468090119514e-003
1.2000000000000004e-002 1.8000000000000002e-002 4.0000000000000001e-003  1.3498389788465538e-003
1.2000000000000004e-002 2.1000000000000005e-002 4.0000000000000001e-003  1.3637883044844274e-003
1.2000000000000004e-002 2.4000000000000007e-002 4.0000000000000001e-003  1.3928098480147123e-003
1.2000000000000004e-002 2.7000000000000010e-002 4.0000000000000001e-003  1.4250904383087738e-003
1.2000000000000004e-002 2.9999999999999999e-002 4.0000000000000001e-003  1.4624149089511706e-003
1.2000000000000004e-002 3.3000000000000002e-002 4.0000000000000001e-003  1.5055353301211992e-003
1.2000000000000004e-002 3.6000000000000004e-002 4.0000000000000001e-003  1.5514177764796419e-003
1.2000000000000004e-002 3.9000000000000007e-002 4.0000000000000001e-003  1.6001348457051199e-003
1.2000000000000004e-002 4.2000000000000010e-002 4.0000000000000001e-003  1.6454246389251599e-003
1.2000000000000004e-002 4.4999999999999998e-002 4.0000000000000001e-003  1.7590060414357054e-003
1.4999999999999999e-002 -4.4999999999999998e-002 4.0000000000000001e-003  1.9569311127004630e-003
1.4999999999999999e-002 -4.1999999999999996e-002 4.0000000000000001e-003  1.8575236264786064e-003
1.4999999999999999e-002 -3.9000000000000000e-002 4.0000000000000001e-003  1.7261207117093506e-003
1.4999999999999999e-002 -3.5999999999999997e-002 4.0000000000000001e-003  1.5689573398333019e-003
1.4999999999999999e-002 -3.3000000000000002e-002 4.0000000000000001e-003  1.4942653111525343e-003
1.4999999999999999e-002 -2.9999999999999999e-002 4.0000000000000001e-003  1.4591854471655999e-003
1.4999999999999999e-002 -2.6999999999999996e-002 4.0000000000000001e-003  1.4321104509698217e-003
1.4999999999999999e-002 -2.3999999999999997e-002 4.0000000000000001e-003  1.3981235842665844e-003
1.4999999999999999e-002 -2.0999999999999998e-002 4.0000000000000001e-003  1.3745548479347758e-003
1.4999999999999999e-002 -1.7999999999999999e-002 4.0000000000000001e-003  1.3568780169446880e-003
1.4999999999999999e-002 -1.4999999999999999e-002 4.0000000000000001e-003  1.3416116144609202e-003
1.4999999999999999e-002 -1.1999999999999997e-002 4.0000000000000001e-003  1.3288178514453217e-003
1.4999999999999999e-002 -8.9999999999999941e-003 4.0000000000000001e-003  1.3189451250125294e-003
1.4999999999999999e-002 -5.9999999999999984e-003 4.0000000000000001e-003  1.3177646724899560e-003
1.4999999999999999e-002 -2.9999999999999957e-003 4.0000000000000001e-003  1.3208896498395205e-003
1.4999999999999999e-002 0.0000000000000000e+000 4.0000000000000001e-003  1.3253923663857723e-003
1.4999999999999999e-002 3.0000000000000027e-003 4.0000000000000001e-003  1.3312590820066205e-003
1.4999999999999999e-002 6.0000000000000053e-003 4.0000000000000001e-003  1.3383029284379832e-003
1.4999999999999999e-002 9.0000000000000011e-003 4.0000000000000001e-003  1.3465269767996440e-003
1.4999999999999999e-002 1.2000000000000004e-002 4.0000000000000001e-003  1.3551410364608190e-003
1.4999999999999999e-002 1.4999999999999999e-002 4.0000000000000001e-003  1.3624121343487044e-003
1.4999999999999999e-002 1.8000000000000002e-002 4.0000000000000001e-003  1.3753238870220154e-003
1.4999999999999999e-002 2.1000000000000005e-002 4.0000000000000001e-003  1.3933279106715763e-003
1.4999999999999999e-002 2.4000000000000007e-002 4.0000000000000001e-003  1.4168761186443746e-003
1.4999999999999999e-002 2.7000000000000010e-002 4.0000000000000001e-003  1.4447237333698971e-003
1.4999999999999999e-002 2.9999999999999999e-002 4.0000000000000001e-003  1.4774372685053521e-003
1.4999999999999999e-002 3.3000000000000002e-002 4.0000000000000001e-003  1.5176801831250054e-003
1.4999999999999999e-002 3.6000000000000004e-002 4.0000000000000001e-003  1.5651191680474102e-003
1.4999999999999999e-002 3.9000000000000007e-002 4.0000000000000001e-003  1.6168782963890580e-003
1.4999999999999999e-002 4.2000000000000010e-002 4.0000000000000001e-003  1.6627214360483142e-003
1.4999999999999999e-002 4.4999999999999998e-002 4.0000000000000001e-003  1.7601370308070418e-003
1.8000000000000002e-002 -4.4999999999999998e-002 4.0000000000000001e-003  1.9700816285106145e-003
1.8000000000000002e-002 -4.1999999999999996e-002 4.0000000000000001e-003  1.8742240651439404e-003
1.8000000000000002e-002 -3.9000000000000000e-002 4.0000000000000001e-003  1.7464624985404679e-003
1.8000000000000002e-002 -3.5999999999999997e-002 4.0000000000000001e-003  1.6005704974725746e-003
1.8000000000000002e-002 -3.3000000000000002e-002 4.0000000000000001e-003  1.5201765370856759e-003
1.8000000000000002e-002 -2.9999999999999999e-002 4.0000000000000001e-003  1.4898798129845642e-003
1.8000000000000002e-002 -2.6999999999999996e-002 4.0000000000000001e-003  1.4554315161579058e-003
1.8000000000000002e-002 -2.3999999999999997e-002 4.0000000000000001e-003  1.4247352469585499e-003
1.8000000000000002e-002 -2.0999999999999998e-002 4.0000000000000001e-003  1.3961851687729794e-003
1.8000000000000002e-002 -1.7999999999999999e-002 4.0000000000000001e-003  1.3770159416331205e-003
1.8000000000000002e-002 -1.4999999999999999e-002 4.0000000000000001e-003  1.3618167700180581e-003
1.8000000000000002e-002 -1.1999999999999997e-002 4.0000000000000001e-003  1.3487758749294761e-003
1.8000000000000002e-002 -8.9999999999999941e-003 4.0000000000000001e-003  1.3386261780927754e-003
1.8000000000000002e-002 -5.9999999999999984e-003 4.0000000000000001e-003  1.3402965061790791e-003
1.8000000000000002e-002 -2.9999999999999957e-003 4.0000000000000001e-003  1.3432877922163742e-003
1.8000000000000002e-002 0.0000000000000000e+000 4.0000000000000001e-003  1.3466404441548363e-003
1.8000000000000002e-002 3.0000000000000027e-003 4.0000000000000001e-003  1.3503591268420340e-003
1.8000000000000002e-002 6.0000000000000053e-003 4.0000000000000001e-003  1.3544500495757345e-003
1.8000000000000002e-002 9.0000000000000011e-003 4.0000000000000001e-003  1.3625270546606871e-003
1.8000000000000002e-002 1.2000000000000004e-002 4.0000000000000001e-003  1.3719289724670475e-003
1.8000000000000002e-002 1.4999999999999999e-002 4.0000000000000001e-003  1.3854306175187826e-003
1.8000000000000002e-002 1.8000000000000002e-002 4.0000000000000001e-003  1.4034839089782677e-003
1.8000000000000002e-002 2.1000000000000005e-002 4.0000000000000001e-003  1.4203864977425859e-003
1.8000000000000002e-002 2.4000000000000007e-002 4.0000000000000001e-003  1.4427123225668837e-003
1.8000000000000002e-002 2.7000000000000010e-002 4.0000000000000001e-003  1.4697476502674243e-003
1.8000000000000002e-002 2.9999999999999999e-002 4.0000000000000001e-003  1.5011993305369224e-003
1.8000000000000002e-002 3.3000000000000002e-002 4.0000000000000001e-003  1.5372597773751220e-003
1.8000000000000002e-002 3.6000000000000004e-002 4.0000000000000001e-003  1.5810935592889639e-003
1.8000000000000002e-002 3.9000000000000007e-002 4.0000000000000001e-003  1.6365947852583019e-003
1.8000000000000002e-002 4.2000000000000010e-002 4.0000000000000001e-003  1.6905040016097907e-003
1.8000000000000002e-002 4.4999999999999998e-002 4.0000000000000001e-003  1.8268981193775380e-003
2.1000000000000005e-002 -4.4999999999999998e-002 4.0000000000000001e-003  1.9799373704965013e-003
2.1000000000000005e-002 -4.1999999999999996e-002 4.0000000000000001e-003  1.8882867093591039e-003
2.1000000000000005e-002 -3.9000000000000000e-002 4.0000000000000001e-003  1.7640963150957825e-003
2.1000000000000005e-002 -3.5999999999999997e-002 4.0000000000000001e-003  1.6136673182168026e-003
2.1000000000000005e-002 -3.3000000000000002e-002 4.0000000000000001e-003  1.5438620880533407e-003
2.1000000000000005e-002 -2.9999999999999999e-002 4.0000000000000001e-003  1.5159881789250913e-003
2.1000000000000005e-002 -2.6999999999999996e-002 4.0000000000000001e-003  1.4838013270757774e-003
2.1000000000000005e-002 -2.3999999999999997e-002 4.0000000000000001e-003  1.4537312213441528e-003
2.1000000000000005e-002 -2.0999999999999998e-002 4.0000000000000001e-003  1.4257536589976554e-003
2.1000000000000005e-002 -1.7999999999999999e-002 4.0000000000000001e-003  1.3998512510966933e-003
2.1000000000000005e-002 -1.4999999999999999e-002 4.0000000000000001e-003  1.3843166626334297e-003
2.1000000000000005e-002 -1.1999999999999997e-002 4.0000000000000001e-003  1.3678188026647580e-003
2.1000000000000005e-002 -8.9999999999999941e-003 4.0000000000000001e-003  1.3526542337685562e-003
2.1000000000000005e-002 -5.9999999999999984e-003 4.0000000000000001e-003  1.3590604843280102e-003
2.1000000000000005e-002 -2.9999999999999957e-003 4.0000000000000001e-003  1.3661913198060060e-003
2.1000000000000005e-002 0.0000000000000000e+000 4.0000000000000001e-003  1.3691542951713943e-003
2.1000000000000005e-002 3.0000000000000027e-003 4.0000000000000001e-003  1.3724812349479871e-003
2.1000000000000005e-002 6.0000000000000053e-003 4.0000000000000001e-003  1.3761772783266691e-003
2.1000000000000005e-002 9.0000000000000011e-003 4.0000000000000001e-003  1.3784377063762942e-003
2.1000000000000005e-002 1.2000000000000004e-002 4.0000000000000001e-003  1.3926938094822251e-003
2.1000000000000005e-002 1.4999999999999999e-002 4.0000000000000001e-003  1.4114034258192422e-003
2.1000000000000005e-002 1.8000000000000002e-002 4.0000000000000001e-003  1.4289053454595163e-003
2.1000000000000005e-002 2.1000000000000005e-002 4.0000000000000001e-003  1.4452468699425762e-003
2.1000000000000005e-002 2.4000000000000007e-002 4.0000000000000001e-003  1.4656278178273871e-003
2.1000000000000005e-002 2.7000000000000010e-002 4.0000000000000001e-003  1.4918976350395488e-003
2.1000000000000005e-002 2.9999999999999999e-002 4.0000000000000001e-003  1.5225353382618799e-003
2.1000000000000005e-002 3.3000000000000002e-002 4.0000000000000001e-003  1.5577176558023310e-003
2.1000000000000005e-002 3.6000000000000004e-002 4.0000000000000001e-003  1.5998066155763150e-003
2.1000000000000005e-002 3.9000000000000007e-002 4.0000000000000001e-003  1.6533553715916945e-003
2.1000000000000005e-002 4.2000000000000010e-002 4.0000000000000001e-003  1.7236604770757046e-003
2.1000000000000005e-002 4.4999999999999998e-002 4.0000000000000001e-003  1.8562569198445403e-003
2.4000000000000007e-002 -4.4999999999999998e-002 4.0000000000000001e-003  1.9979440825337981e-003
2.4000000000000007e-002 -4.1999999999999996e-002 4.0000000000000001e-003  1.9307301840911634e-003
2.4000000000000007e-002 -3.9000000000000000e-002 4.0000000000000001e-003  1.8015766853902607e-003
2.4000000000000007e-002 -3.5999999999999997e-002 4.0000000000000001e-003  1.6564063282126561e-003
2.4000000000000007e-002 -3.3000000000000002e-002 4.0000000000000001e-003  1.5768816601387948e-003
2.4000000000000007e-002 -2.9999999999999999e-002 4.0000000000000001e-003  1.5411448451375766e-003
2.4000000000000007e-002 -2.6999999999999996e-002 4.0000000000000001e-003  1.5098374387576266e-003
2.4000000000000007e-002 -2.3999999999999997e-002 4.0000000000000001e-003  1.4803485244188526e-003
2.4000000000000007e-002 -2.0999999999999998e-002 4.0000000000000001e-003  1.4498301525208411e-003
2.4000000000000007e-002 -1.7999999999999999e-002 4.0000000000000001e-003  1.4203644056638026e-003
2.4000000000000007e-002 -1.4999999999999999e-002 4.0000000000000001e-003  1.4015557458117666e-003
2.4000000000000007e-002 -1.1999999999999997e-002 4.0000000000000001e-003  1.3877800526851723e-003
2.4000000000000007e-002 -8.9999999999999941e-003 4.0000000000000001e-003  1.3760002245213959e-003
2.4000000000000007e-002 -5.9999999999999984e-003 4.0000000000000001e-003  1.3744368897231239e-003
2.4000000000000007e-002 -2.9999999999999957e-003 4.0000000000000001e-003  1.3791700268853450e-003
2.4000000000000007e-002 0.0000000000000000e+000 4.0000000000000001e-003  1.3850284451366675e-003
2.4000000000000007e-002 3.0000000000000027e-003 4.0000000000000001e-003  1.3919976468986411e-003
2.4000000000000007e-002 6.0000000000000053e-003 4.0000000000000001e-003  1.3963112368248444e-003
2.4000000000000007e-002 9.0000000000000011e-003 4.0000000000000001e-003  1.3949716951797933e-003
2.4000000000000007e-002 1.2000000000000004e-002 4.0000000000000001e-003  1.4165959027797614e-003
2.4000000000000007e-002 1.4999999999999999e-002 4.0000000000000001e-003  1.4347346922776343e-003
2.4000000000000007e-002 1.8000000000000002e-002 4.0000000000000001e-003  1.4516482515405293e-003
2.4000000000000007e-002 2.1000000000000005e-002 4.0000000000000001e-003  1.4673893355033924e-003
2.4000000000000007e-002 2.4000000000000007e-002 4.0000000000000001e-003  1.4856191321097776e-003
2.4000000000000007e-002 2.7000000000000010e-002 4.0000000000000001e-003  1.5111746999862639e-003
2.4000000000000007e-002 2.9999999999999999e-002 4.0000000000000001e-003  1.5410584687819346e-003
2.4000000000000007e-002 3.3000000000000002e-002 4.0000000000000001e-003  1.5754314811129498e-003
2.4000000000000007e-002 3.6000000000000004e-002 4.0000000000000001e-003  1.6177321306893914e-003
2.4000000000000007e-002 3.9000000000000007e-002 4.0000000000000001e-003  1.6636341994869094e-003
2.4000000000000007e-002 4.2000000000000010e-002 4.0000000000000001e-003  1.7476051697732085e-003
2.4000000000000007e-002 4.4999999999999998e-002 4.0000000000000001e-003  1.8803750471878032e-003
2.7000000000000010e-002 -4.4999999999999998e-002 4.0000000000000001e-003  2.1318395970490070e-003
2.7000000000000010e-002 -4.1999999999999996e-002 4.0000000000000001e-003  2.0202009505038373e-003
2.7000000000000010e-002 -3.9000000000000000e-002 4.0000000000000001e-003  1.8441683985904597e-003
2.7000000000000010e-002 -3.5999999999999997e-002 4.0000000000000001e-003  1.6985163269861167e-003
2.7000000000000010e-002 -3.3000000000000002e-002 4.0000000000000001e-003  1.6092977902315577e-003
2.7000000000000010e-002 -2.9999999999999999e-002 4.0000000000000001e-003  1.5725858939018567e-003
2.7000000000000010e-002 -2.6999999999999996e-002 4.0000000000000001e-003  1.5347528607942676e-003
2.7000000000000010e-002 -2.3999999999999997e-002 4.0000000000000001e-003  1.5056528988596693e-003
2.7000000000000010e-002 -2.0999999999999998e-002 4.0000000000000001e-003  1.4781228631258470e-003
2.7000000000000010e-002 -1.7999999999999999e-002 4.0000000000000001e-003  1.4596082162107991e-003
2.7000000000000010e-002 -1.4999999999999999e-002 4.0000000000000001e-003  1.4360212880678680e-003
2.7000000000000010e-002 -1.1999999999999997e-002 4.0000000000000001e-003  1.4210507455284767e-003
2.7000000000000010e-002 -8.9999999999999941e-003 4.0000000000000001e-003  1.4127981780761279e-003
2.7000000000000010e-002 -5.9999999999999984e-003 4.0000000000000001e-003  1.4081189505306241e-003
2.7000000000000010e-002 -2.9999999999999957e-003 4.0000000000000001e-003  1.4081983576955121e-003
2.7000000000000010e-002 0.0000000000000000e+000 4.0000000000000001e-003  1.4094685773344401e-003
2.7000000000000010e-002 3.0000000000000027e-003 4.0000000000000001e-003  1.4119167827634127e-003
2.7000000000000010e-002 6.0000000000000053e-003 4.0000000000000001e-003  1.4218576124109697e-003
2.7000000000000010e-002 9.0000000000000011e-003 4.0000000000000001e-003  1.4242432422888495e-003
2.7000000000000010e-002 1.2000000000000004e-002 4.0000000000000001e-003  1.4431796541317220e-003
2.7000000000000010e-002 1.4999999999999999e-002 4.0000000000000001e-003  1.4618592972252412e-003
2.7000000000000010e-002 1.8000000000000002e-002 4.0000000000000001e-003  1.4758809498808486e-003
2.7000000000000010e-002 2.1000000000000005e-002 4.0000000000000001e-003  1.4868974241149658e-003
2.7000000000000010e-002 2.4000000000000007e-002 4.0000000000000001e-003  1.5027008623221146e-003
2.7000000000000010e-002 2.7000000000000010e-002 4.0000000000000001e-003  1.5305650141420101e-003
2.7000000000000010e-002 2.9999999999999999e-002 4.0000000000000001e-003  1.5737221556544403e-003
2.7000000000000010e-002 3.3000000000000002e-002 4.0000000000000001e-003  1.6196683943433677e-003
2.7000000000000010e-002 3.6000000000000004e-002 4.0000000000000001e-003  1.6612135889780954e-003
2.7000000000000010e-002 3.9000000000000007e-002 4.0000000000000001e-003  1.7065456179593942e-003
2.7000000000000010e-002 4.2000000000000010e-002 4.0000000000000001e-003  1.7854364282789725e-003
2.7000000000000010e-002 4.4999999999999998e-002 4.0000000000000001e-003  1.9134245524609272e-003
2.9999999999999999e-002 -4.4999999999999998e-002 4.0000000000000001e-003  2.1509802725240309e-003
2.9999999999999999e-002 -4.1999999999999996e-002 4.0000000000000001e-003  2.0070535996382427e-003
2.9999999999999999e-002 -3.9000000000000000e-002 4.0000000000000001e-003  1.8820281578729617e-003
2.9999999999999999e-002 -3.5999999999999997e-002 4.0000000000000001e-003  1.7484272899151712e-003
2.9999999999999999e-002 -3.3000000000000002e-002 4.0000000000000001e-003  1.6722515197101465e-003
2.9999999999999999e-002 -2.9999999999999999e-002 4.0000000000000001e-003  1.6227312052220048e-003
2.9999999999999999e-002 -2.6999999999999996e-002 4.0000000000000001e-003  1.5768709723628096e-003
2.9999999999999999e-002 -2.3999999999999997e-002 4.0000000000000001e-003  1.5512967104903159e-003
2.9999999999999999e-002 -2.0999999999999998e-002 4.0000000000000001e-003  1.5272907322786383e-003
2.9999999999999999e-002 -1.7999999999999999e-002 4.0000000000000001e-003  1.5179141995548058e-003
2.9999999999999999e-002 -1.4999999999999999e-002 4.0000000000000001e-003  1.4906264878297951e-003
2.9999999999999999e-002 -1.1999999999999997e-002 4.0000000000000001e-003  1.4682952840380289e-003
2.9999999999999999e-002 -8.9999999999999941e-003 4.0000000000000001e-003  1.4637006916386976e-003
2.9999999999999999e-002 -5.9999999999999984e-003 4.0000000000000001e-003  1.4611092519529762e-003
2.9999999999999999e-002 -2.9999999999999957e-003 4.0000000000000001e-003  1.4562789976959936e-003
2.9999999999999999e-002 0.0000000000000000e+000 4.0000000000000001e-003  1.4526962495938641e-003
2.9999999999999999e-002 3.0000000000000027e-003 4.0000000000000001e-003  1.4503498518570364e-003
2.9999999999999999e-002 6.0000000000000053e-003 4.0000000000000001e-003  1.4658151743616704e-003
2.9999999999999999e-002 9.0000000000000011e-003 4.0000000000000001e-003  1.4684022622907242e-003
2.9999999999999999e-002 1.2000000000000004e-002 4.0000000000000001e-003  1.4854086884560293e-003
2.9999999999999999e-002 1.4999999999999999e-002 4.0000000000000001e-003  1.5054054724285869e-003
2.9999999999999999e-002 1.8000000000000002e-002 4.0000000000000001e-003  1.5208312504304117e-003
2.9999999999999999e-002 2.1000000000000005e-002 4.0000000000000001e-003  1.5316321113797485e-003
2.9999999999999999e-002 2.4000000000000007e-002 4.0000000000000001e-003  1.5435798374045409e-003
2.9999999999999999e-002 2.7000000000000010e-002 4.0000000000000001e-003  1.5804409279288037e-003
2.9999999999999999e-002 2.9999999999999999e-002 4.0000000000000001e-003  1.6199758571273871e-003
2.9999999999999999e-002 3.3000000000000002e-002 4.0000000000000001e-003  1.6842956390841000e-003
2.9999999999999999e-002 3.6000000000000004e-002 4.0000000000000001e-003  1.7208526087259533e-003
2.9999999999999999e-002 3.9000000000000007e-002 4.0000000000000001e-003  1.7627991326940697e-003
2.9999999999999999e-002 4.2000000000000010e-002 4.0000000000000001e-003  1.8370085422649825e-003
2.9999999999999999e-002 4.4999999999999998e-002 4.0000000000000001e-003  1.9390401117388215e-003
3.3000000000000002e-002 -4.4999999999999998e-002 4.0000000000000001e-003  2.0811487479052283e-003
3.3000000000000002e-002 -4.1999999999999996e-002 4.0000000000000001e-003  1.9738166848752396e-003
3.3000000000000002e-002 -3.9000000000000000e-002 4.0000000000000001e-003  1.8869935259014110e-003
3.3000000000000002e-002 -3.5999999999999997e-002 4.0000000000000001e-003  1.8069447332051227e-003
3.3000000000000002e-002 -3.3000000000000002e-002 4.0000000000000001e-003  1.7385963816939696e-003
3.3000000000000002e-002 -2.9999999999999999e-002 4.0000000000000001e-003  1.6894462830361514e-003
3.3000000000000002e-002 -2.6999999999999996e-002 4.0000000000000001e-003  1.6422682857460159e-003
3.3000000000000002e-002 -2.3999999999999997e-002 4.0000000000000001e-003  1.6179442140155811e-003
3.3000000000000002e-002 -2.0999999999999998e-002 4.0000000000000001e-003  1.5989472618375246e-003
3.3000000000000002e-002 -1.7999999999999999e-002 4.0000000000000001e-003  1.5942404202025176e-003
3.3000000000000002e-002 -1.4999999999999999e-002 4.0000000000000001e-003  1.5631766201694261e-003
3.3000000000000002e-002 -1.1999999999999997e-002 4.0000000000000001e-003  1.5402571640279385e-003
3.3000000000000002e-002 -8.9999999999999941e-003 4.0000000000000001e-003  1.5293833959727061e-003
3.3000000000000002e-002 -5.9999999999999984e-003 4.0000000000000001e-003  1.5306601636771795e-003
3.3000000000000002e-002 -2.9999999999999957e-003 4.0000000000000001e-003  1.5244241335473719e-003
3.3000000000000002e-002 0.0000000000000000e+000 4.0000000000000001e-003  1.5157418315043165e-003
3.3000000000000002e-002 3.0000000000000027e-003 4.0000000000000001e-003  1.5141485424120615e-003
3.3000000000000002e-002 6.0000000000000053e-003 4.0000000000000001e-003  1.5338655979792305e-003
3.3000000000000002e-002 9.0000000000000011e-003 4.0000000000000001e-003  1.5277882370931452e-003
3.3000000000000002e-002 1.2000000000000004e-002 4.0000000000000001e-003  1.5443363779245216e-003
3.3000000000000002e-002 1.4999999999999999e-002 4.0000000000000001e-003  1.5655059157312790e-003
3.3000000000000002e-002 1.8000000000000002e-002 4.0000000000000001e-003  1.5822047715301365e-003
3.3000000000000002e-002 2.1000000000000005e-002 4.0000000000000001e-003  1.5943576912317568e-003
3.3000000000000002e-002 2.4000000000000007e-002 4.0000000000000001e-003  1.5923504639491425e-003
3.3000000000000002e-002 2.7000000000000010e-002 4.0000000000000001e-003  1.6248369609355153e-003
3.3000000000000002e-002 2.9999999999999999e-002 4.0000000000000001e-003  1.6844574054442000e-003
3.3000000000000002e-002 3.3000000000000002e-002 4.0000000000000001e-003  1.7632587351214674e-003
3.3000000000000002e-002 3.6000000000000004e-002 4.0000000000000001e-003  1.7966164886904460e-003
3.3000000000000002e-002 3.9000000000000007e-002 4.0000000000000001e-003  1.8333738774133010e-003
3.3000000000000002e-002 4.2000000000000010e-002 4.0000000000000001e-003  1.9022565933469416e-003
3.3000000000000002e-002 4.4999999999999998e-002 4.0000000000000001e-003  1.9945396890850022e-003
3.6000000000000004e-002 -4.4999999999999998e-002 4.0000000000000001e-003  2.1338384816227394e-003
3.6000000000000004e-002 -4.1999999999999996e-002 4.0000000000000001e-003  1.9838242188815018e-003
3.6000000000000004e-002 -3.9000000000000000e-002 4.0000000000000001e-003  1.9104612585323429e-003
3.6000000000000004e-002 -3.5999999999999997e-002 4.0000000000000001e-003  1.8540220587827537e-003
3.6000000000000004e-002 -3.3000000000000002e-002 4.0000000000000001e-003  1.8134824266179343e-003
3.6000000000000004e-002 -2.9999999999999999e-002 4.0000000000000001e-003  1.7727899693036867e-003
3.6000000000000004e-002 -2.6999999999999996e-002 4.0000000000000001e-003  1.7341069210156442e-003
3.6000000000000004e-002 -2.3999999999999997e-002 4.0000000000000001e-003  1.7057682465947727e-003
3.6000000000000004e-002 -2.0999999999999998e-002 4.0000000000000001e-003  1.7029279655544573e-003
3.6000000000000004e-002 -1.7999999999999999e-002 4.0000000000000001e-003  1.6892126070554190e-003
3.6000000000000004e-002 -1.4999999999999999e-002 4.0000000000000001e-003  1.6545171423541314e-003
3.6000000000000004e-002 -1.1999999999999997e-002 4.0000000000000001e-003  1.6319530115499231e-003
3.6000000000000004e-002 -8.9999999999999941e-003 4.0000000000000001e-003  1.6135615197897808e-003
3.6000000000000004e-002 -5.9999999999999984e-003 4.0000000000000001e-003  1.6157319785034664e-003
3.6000000000000004e-002 -2.9999999999999957e-003 4.0000000000000001e-003  1.6136373704395491e-003
3.6000000000000004e-002 0.0000000000000000e+000 4.0000000000000001e-003  1.5996271111844978e-003
3.6000000000000004e-002 3.0000000000000027e-003 4.0000000000000001e-003  1.6083538663274070e-003
3.6000000000000004e-002 6.0000000000000053e-003 4.0000000000000001e-003  1.6271832470044090e-003
3.6000000000000004e-002 9.0000000000000011e-003 4.0000000000000001e-003  1.6079135804076689e-003
3.6000000000000004e-002 1.2000000000000004e-002 4.0000000000000001e-003  1.6206976949892996e-003
3.6000000000000004e-002 1.4999999999999999e-002 4.0000000000000001e-003  1.6429181195149237e-003
3.6000000000000004e-002 1.8000000000000002e-002 4.0000000000000001e-003  1.6607815254911459e-003
3.6000000000000004e-002 2.1000000000000005e-002 4.0000000000000001e-003  1.6364597804686752e-003
3.6000000000000004e-002 2.4000000000000007e-002 4.0000000000000001e-003  1.6355471534632861e-003
3.6000000000000004e-002 2.7000000000000010e-002 4.0000000000000001e-003  1.6900138119204701e-003
3.6000000000000004e-002 2.9999999999999999e-002 4.0000000000000001e-003  1.7767512029719513e-003
3.6000000000000004e-002 3.3000000000000002e-002 4.0000000000000001e-003  1.8537240015243934e-003
3.6000000000000004e-002 3.6000000000000004e-002 4.0000000000000001e-003  1.8896719547065234e-003
3.6000000000000004e-002 3.9000000000000007e-002 4.0000000000000001e-003  1.9192652667262763e-003
3.6000000000000004e-002 4.2000000000000010e-002 4.0000000000000001e-003  1.9820979794346058e-003
3.6000000000000004e-002 4.4999999999999998e-002 4.0000000000000001e-003  2.0637979269401232e-003
3.9000000000000007e-002 -4.4999999999999998e-002 4.0000000000000001e-003  2.2843579486049289e-003
3.9000000000000007e-002 -4.1999999999999996e-002 4.0000000000000001e-003  2.0652302161457197e-003
3.9000000000000007e-002 -3.9000000000000000e-002 4.0000000000000001e-003  1.9697548501828124e-003
3.9000000000000007e-002 -3.5999999999999997e-002 4.0000000000000001e-003  1.9414382062565728e-003
3.9000000000000007e-002 -3.3000000000000002e-002 4.0000000000000001e-003  1.9183570184632015e-003
3.9000000000000007e-002 -2.9999999999999999e-002 4.0000000000000001e-003  1.8961984456032570e-003
3.9000000000000007e-002 -2.6999999999999996e-002 4.0000000000000001e-003  1.8516245906230867e-003
3.9000000000000007e-002 -2.3999999999999997e-002 4.0000000000000001e-003  1.8149743986734142e-003
3.9000000000000007e-002 -2.0999999999999998e-002 4.0000000000000001e-003  1.8249992668908333e-003
3.9000000000000007e-002 -1.7999999999999999e-002 4.0000000000000001e-003  1.8034523656055342e-003
3.9000000000000007e-002 -1.4999999999999999e-002 4.0000000000000001e-003  1.7655054082949513e-003
3.9000000000000007e-002 -1.1999999999999997e-002 4.0000000000000001e-003  1.7433062125090785e-003
3.9000000000000007e-002 -8.9999999999999941e-003 4.0000000000000001e-003  1.7253413528090127e-003
3.9000000000000007e-002 -5.9999999999999984e-003 4.0000000000000001e-003  1.7170998673100681e-003
3.9000000000000007e-002 -2.9999999999999957e-003 4.0000000000000001e-003  1.7249137320917477e-003
3.9000000000000007e-002 0.0000000000000000e+000 4.0000000000000001e-003  1.7053652952824284e-003
3.9000000000000007e-002 3.0000000000000027e-003 4.0000000000000001e-003  1.7291609588013050e-003
3.9000000000000007e-002 6.0000000000000053e-003 4.0000000000000001e-003  1.7468478169905129e-003
3.9000000000000007e-002 9.0000000000000011e-003 4.0000000000000001e-003  1.7258186175367310e-003
3.9000000000000007e-002 1.2000000000000004e-002 4.0000000000000001e-003  1.7151892877878396e-003
3.9000000000000007e-002 1.4999999999999999e-002 4.0000000000000001e-003  1.7383050278796859e-003
3.9000000000000007e-002 1.8000000000000002e-002 4.0000000000000001e-003  1.7535987702520372e-003
3.9000000000000007e-002 2.1000000000000005e-002 4.0000000000000001e-003  1.6744029195261449e-003
3.9000000000000007e-002 2.4000000000000007e-002 4.0000000000000001e-003  1.7012372440809716e-003
3.9000000000000007e-002 2.7000000000000010e-002 4.0000000000000001e-003  1.7837206829350737e-003
3.9000000000000007e-002 2.9999999999999999e-002 4.0000000000000001e-003  1.8969395527142485e-003
3.9000000000000007e-002 3.3000000000000002e-002 4.0000000000000001e-003  1.9624483790977982e-003
3.9000000000000007e-002 3.6000000000000004e-002 4.0000000000000001e-003  2.0011563986021713e-003
3.9000000000000007e-002 3.9000000000000007e-002 4.0000000000000001e-003  2.0235636693137684e-003
3.9000000000000007e-002 4.2000000000000010e-002 4.0000000000000001e-003  2.0774654401604291e-003
3.9000000000000007e-002 4.4999999999999998e-002 4.0000000000000001e-003  2.1476525936876775e-003
4.2000000000000010e-002 -4.4999999999999998e-002 4.0000000000000001e-003  2.3247234206064935e-003
4.2000000000000010e-002 -4.1999999999999996e-002 4.0000000000000001e-003  2.2102679129461671e-003
4.2000000000000010e-002 -3.9000000000000000e-002 4.0000000000000001e-003  2.1450572112880965e-003
4.2000000000000010e-002 -3.5999999999999997e-002 4.0000000000000001e-003  2.0516721939604788e-003
4.2000000000000010e-002 -3.3000000000000002e-002 4.0000000000000001e-003  2.0279448943437469e-003
4.2000000000000010e-002 -2.9999999999999999e-002 4.0000000000000001e-003  2.0354190566711614e-003
4.2000000000000010e-002 -2.6999999999999996e-002 4.0000000000000001e-003  2.0376400424884380e-003
4.2000000000000010e-002 -2.3999999999999997e-002 4.0000000000000001e-003  2.0101598046111811e-003
4.2000000000000010e-002 -2.0999999999999998e-002 4.0000000000000001e-003  1.9657048318655894e-003
4.2000000000000010e-002 -1.7999999999999999e-002 4.0000000000000001e-003  1.9375771779354331e-003
4.2000000000000010e-002 -1.4999999999999999e-002 4.0000000000000001e-003  1.8970106685465985e-003
4.2000000000000010e-002 -1.1999999999999997e-002 4.0000000000000001e-003  1.8751842100896928e-003
4.2000000000000010e-002 -8.9999999999999941e-003 4.0000000000000001e-003  1.8576476364760368e-003
4.2000000000000010e-002 -5.9999999999999984e-003 4.0000000000000001e-003  1.8444339861293576e-003
4.2000000000000010e-002 -2.9999999999999957e-003 4.0000000000000001e-003  1.8509697884286178e-003
4.2000000000000010e-002 0.0000000000000000e+000 4.0000000000000001e-003  1.8339610089754480e-003
4.2000000000000010e-002 3.0000000000000027e-003 4.0000000000000001e-003  1.8775927783308752e-003
4.2000000000000010e-002 6.0000000000000053e-003 4.0000000000000001e-003  1.8938443353033805e-003
4.2000000000000010e-002 9.0000000000000011e-003 4.0000000000000001e-003  1.8708373177941510e-003
4.2000000000000010e-002 1.2000000000000004e-002 4.0000000000000001e-003  1.8281074144620233e-003
4.2000000000000010e-002 1.4999999999999999e-002 4.0000000000000001e-003  1.8522350366442645e-003
4.2000000000000010e-002 1.8000000000000002e-002 4.0000000000000001e-003  1.7857166552242912e-003
4.2000000000000010e-002 2.1000000000000005e-002 4.0000000000000001e-003  1.7895861792636949e-003
4.2000000000000010e-002 2.4000000000000007e-002 4.0000000000000001e-003  1.8192794361990873e-003
4.2000000000000010e-002 2.7000000000000010e-002 4.0000000000000001e-003  1.9058436412732543e-003
4.2000000000000010e-002 2.9999999999999999e-002 4.0000000000000001e-003  2.0304305096658019e-003
4.2000000000000010e-002 3.3000000000000002e-002 4.0000000000000001e-003  2.0905043726698047e-003
4.2000000000000010e-002 3.6000000000000004e-002 4.0000000000000001e-003  2.1321778781983975e-003
4.2000000000000010e-002 3.9000000000000007e-002 4.0000000000000001e-003  2.1558117728081977e-003
4.2000000000000010e-002 4.2000000000000010e-002 4.0000000000000001e-003  2.1880674149138885e-003
4.2000000000000010e-002 4.4999999999999998e-002 4.0000000000000001e-003  2.2267508432635653e-003
4.4999999999999998e-002 -4.4999999999999998e-002 4.0000000000000001e-003  2.4515053877108154e-003
4.4999999999999998e-002 -4.1999999999999996e-002 4.0000000000000001e-003  2.4230317666706475e-003
4.4999999999999998e-002 -3.9000000000000000e-002 4.0000000000000001e-003  2.3883601003239102e-003
4.4999999999999998e-002 -3.5999999999999997e-002 4.0000000000000001e-003  2.3013683206648829e-003
4.4999999999999998e-002 -3.3000000000000002e-002 4.0000000000000001e-003  2.1645547788989349e-003
4.4999999999999998e-002 -2.9999999999999999e-002 4.0000000000000001e-003  2.1654925638862018e-003
4.4999999999999998e-002 -2.6999999999999996e-002 4.0000000000000001e-003  2.1832913614437195e-003
4.4999999999999998e-002 -2.3999999999999997e-002 4.0000000000000001e-003  2.1680250569868597e-003
4.4999999999999998e-002 -2.0999999999999998e-002 4.0000000000000001e-003  2.1375879273510157e-003
4.4999999999999998e-002 -1.7999999999999999e-002 4.0000000000000001e-003  2.0925195112217370e-003
4.4999999999999998e-002 -1.4999999999999999e-002 4.0000000000000001e-003  2.0499140703074490e-003
4.4999999999999998e-002 -1.1999999999999997e-002 4.0000000000000001e-003  2.0284663441197249e-003
4.4999999999999998e-002 -8.9999999999999941e-003 4.0000000000000001e-003  2.0113579032483781e-003
4.4999999999999998e-002 -5.9999999999999984e-003 4.0000000000000001e-003  1.9986200599936580e-003
4.4999999999999998e-002 -2.9999999999999957e-003 4.0000000000000001e-003  1.9913389876634571e-003
4.4999999999999998e-002 0.0000000000000000e+000 4.0000000000000001e-003  2.0003557338236027e-003
4.4999999999999998e-002 3.0000000000000027e-003 4.0000000000000001e-003  2.0545776152257771e-003
4.4999999999999998e-002 6.0000000000000053e-003 4.0000000000000001e-003  2.0690631611213835e-003
4.4999999999999998e-002 9.0000000000000011e-003 4.0000000000000001e-003  2.0438221092270296e-003
4.4999999999999998e-002 1.2000000000000004e-002 4.0000000000000001e-003  1.9790020941640373e-003
4.4999999999999998e-002 1.4999999999999999e-002 4.0000000000000001e-003  1.9679190437315104e-003
4.4999999999999998e-002 1.8000000000000002e-002 4.0000000000000001e-003  1.9320578597268531e-003
4.4999999999999998e-002 2.1000000000000005e-002 4.0000000000000001e-003  1.9764710033086459e-003
4.4999999999999998e-002 2.4000000000000007e-002 4.0000000000000001e-003  1.9968388604133251e-003
4.4999999999999998e-002 2.7000000000000010e-002 4.0000000000000001e-003  2.0563155422884346e-003
4.4999999999999998e-002 2.9999999999999999e-002 4.0000000000000001e-003  2.1608900608430614e-003
4.4999999999999998e-002 3.3000000000000002e-002 4.0000000000000001e-003  2.2237547537313292e-003
4.4999999999999998e-002 3.6000000000000004e-002 4.0000000000000001e-003  2.2665334978102954e-003
4.4999999999999998e-002 3.9000000000000007e-002 4.0000000000000001e-003  2.2895565856446932e-003
4.4999999999999998e-002 4.2000000000000010e-002 4.0000000000000001e-003  2.2876655754509802e-003
4.4999999999999998e-002 4.4999999999999998e-002 4.0000000000000001e-003  2.3238504121239566e-003
