Grid Output Min: [-45mm -45mm 4mm] Max: [45mm 45mm 4mm] Grid Size: [3mm 3mm 0mm]
X, Y, Z, Scalar data "Mag_B"
-4.4999999999999998e-02 -4.4999999999999998e-02 4.0000000000000001e-03  2.2673221177172049e-03
-4.4999999999999998e-02 -4.1999999999999996e-02 4.0000000000000001e-03  2.1199884501201505e-03
-4.4999999999999998e-02 -3.9000000000000000e-02 4.0000000000000001e-03  2.0603459594305427e-03
-4.4999999999999998e-02 -3.5999999999999997e-02 4.0000000000000001e-03  1.9986447000380448e-03
-4.4999999999999998e-02 -3.3000000000000002e-02 4.0000000000000001e-03  1.9445871013824244e-03
-4.4999999999999998e-02 -2.9999999999999999e-02 4.0000000000000001e-03  1.8980386958674345e-03
-4.4999999999999998e-02 -2.6999999999999996e-02 4.0000000000000001e-03  1.8588958425366636e-03
-4.4999999999999998e-02 -2.3999999999999997e-02 4.0000000000000001e-03  1.8270857270735342e-03
-4.4999999999999998e-02 -2.0999999999999998e-02 4.0000000000000001e-03  1.8026893957881040e-03
-4.4999999999999998e-02 -1.7999999999999999e-02 4.0000000000000001e-03  1.8213747468535041e-03
-4.4999999999999998e-02 -1.4999999999999999e-02 4.0000000000000001e-03  1.8880388335761860e-03
-4.4999999999999998e-02 -1.1999999999999997e-02 4.0000000000000001e-03  1.8877976594698402e-03
-4.4999999999999998e-02 -8.9999999999999941e-03 4.0000000000000001e-03  1.8201223113450023e-03
-4.4999999999999998e-02 -5.9999999999999984e-03 4.0000000000000001e-03  1.8191775011298975e-03
-4.4999999999999998e-02 -2.9999999999999957e-03 4.0000000000000001e-03  1.8032794778025845e-03
-4.4999999999999998e-02 0.0000000000000000e+00 4.0000000000000001e-03  1.8562079981388456e-03
-4.4999999999999998e-02 3.0000000000000027e-03 4.0000000000000001e-03  1.8779800765751132e-03
-4.4999999999999998e-02 6.0000000000000053e-03 4.0000000000000001e-03  1.8687715382326498e-03
-4.4999999999999998e-02 9.0000000000000011e-03 4.0000000000000001e-03  1.8292476200811062e-03
-4.4999999999999998e-02 1.2000000000000004e-02 4.0000000000000001e-03  1.7605629709385006e-03
-4.4999999999999998e-02 1.4999999999999999e-02 4.0000000000000001e-03  1.7413383534398497e-03
-4.4999999999999998e-02 1.8000000000000002e-02 4.0000000000000001e-03  1.8506520819160238e-03
-4.4999999999999998e-02 2.1000000000000005e-02 4.0000000000000001e-03  1.8140014919623788e-03
-4.4999999999999998e-02 2.4000000000000007e-02 4.0000000000000001e-03  1.8395213510567919e-03
-4.4999999999999998e-02 2.7000000000000010e-02 4.0000000000000001e-03  1.8741493577980456e-03
-4.4999999999999998e-02 2.9999999999999999e-02 4.0000000000000001e-03  1.9179179474209539e-03
-4.4999999999999998e-02 3.3000000000000002e-02 4.0000000000000001e-03  1.9684914901512696e-03
-4.4999999999999998e-02 3.6000000000000004e-02 4.0000000000000001e-03  2.0152286162019922e-03
-4.4999999999999998e-02 3.9000000000000007e-02 4.0000000000000001e-03  2.0649925129655640e-03
-4.4999999999999998e-02 4.2000000000000010e-02 4.0000000000000001e-03  2.0789238829173975e-03
-4.4999999999999998e-02 4.4999999999999998e-02 4.0000000000000001e-03  2.1299003553242580e-03
-4.1999999999999996e-02 -4.4999999999999998e-02 4.0000000000000001e-03  2.1835058740632160e-03
-4.1999999999999996e-02 -4.1999999999999996e-02 4.0000000000000001e-03  1.9743553707342741e-03
-4.1999999999999996e-02 -3.9000000000000000e-02 4.0000000000000001e-03  1.9316104328145471e-03
-4.1999999999999996e-02 -3.5999999999999997e-02 4.0000000000000001e-03  1.8713092353049390e-03
-4.1999999999999996e-02 -3.3000000000000002e-02 4.0000000000000001e-03  1.8215399459492446e-03
-4.1999999999999996e-02 -2.9999999999999999e-02 4.0000000000000001e-03  1.7792176325721846e-03
-4.1999999999999996e-02 -2.6999999999999996e-02 4.0000000000000001e-03  1.7442286395650606e-03
-4.1999999999999996e-02 -2.3999999999999997e-02 4.0000000000000001e-03  1.7164901379590127e-03
-4.1999999999999996e-02 -2.0999999999999998e-02 4.0000000000000001e-03  1.7025497637799020e-03
-4.1999999999999996e-02 -1.7999999999999999e-02 4.0000000000000001e-03  1.7392445264709038e-03
-4.1999999999999996e-02 -1.4999999999999999e-02 4.0000000000000001e-03  1.7305675273311713e-03
-4.1999999999999996e-02 -1.1999999999999997e-02 4.0000000000000001e-03  1.6713682699668318e-03
-4.1999999999999996e-02 -8.9999999999999941e-03 4.0000000000000001e-03  1.6936179849841194e-03
-4.1999999999999996e-02 -5.9999999999999984e-03 4.0000000000000001e-03  1.7229161402084214e-03
-4.1999999999999996e-02 -2.9999999999999957e-03 4.0000000000000001e-03  1.7168627014400115e-03
-4.1999999999999996e-02 0.0000000000000000e+00 4.0000000000000001e-03  1.6728780393834659e-03
-4.1999999999999996e-02 3.0000000000000027e-03 4.0000000000000001e-03  1.7193214070475879e-03
-4.1999999999999996e-02 6.0000000000000053e-03 4.0000000000000001e-03  1.7343485203381718e-03
-4.1999999999999996e-02 9.0000000000000011e-03 4.0000000000000001e-03  1.7183455971959635e-03
-4.1999999999999996e-02 1.2000000000000004e-02 4.0000000000000001e-03  1.6721882674100761e-03
-4.1999999999999996e-02 1.4999999999999999e-02 4.0000000000000001e-03  1.6752615708353455e-03
-4.1999999999999996e-02 1.8000000000000002e-02 4.0000000000000001e-03  1.7344409522803844e-03
-4.1999999999999996e-02 2.1000000000000005e-02 4.0000000000000001e-03  1.7150444126507673e-03
-4.1999999999999996e-02 2.4000000000000007e-02 4.0000000000000001e-03  1.7421357789555089e-03
-4.1999999999999996e-02 2.7000000000000010e-02 4.0000000000000001e-03  1.7782480276256113e-03
-4.1999999999999996e-02 2.9999999999999999e-02 4.0000000000000001e-03  1.8234129205067595e-03
-4.1999999999999996e-02 3.3000000000000002e-02 4.0000000000000001e-03  1.8652381887321210e-03
-4.1999999999999996e-02 3.6000000000000004e-02 4.0000000000000001e-03  1.9096773025310133e-03
-4.1999999999999996e-02 3.9000000000000007e-02 4.0000000000000001e-03  1.9401684031715967e-03
-4.1999999999999996e-02 4.2000000000000010e-02 4.0000000000000001e-03  1.9612067451565329e-03
-4.1999999999999996e-02 4.4999999999999998e-02 4.0000000000000001e-03  2.0539278979069490e-03
-3.9000000000000000e-02 -4.4999999999999998e-02 4.0000000000000001e-03  2.1089138722426037e-03
-3.9000000000000000e-02 -4.1999999999999996e-02 4.0000000000000001e-03  1.9684869904343597e-03
-3.9000000000000000e-02 -3.9000000000000000e-02 4.0000000000000001e-03  1.8163661235837158e-03
-3.9000000000000000e-02 -3.5999999999999997e-02 4.0000000000000001e-03  1.7705045134423652e-03
-3.9000000000000000e-02 -3.3000000000000002e-02 4.0000000000000001e-03  1.7246912988040561e-03
-3.9000000000000000e-02 -2.9999999999999999e-02 4.0000000000000001e-03  1.6862666936142340e-03
-3.9000000000000000e-02 -2.6999999999999996e-02 4.0000000000000001e-03  1.6551070276119165e-03
-3.9000000000000000e-02 -2.3999999999999997e-02 4.0000000000000001e-03  1.6366707010319183e-03
-3.9000000000000000e-02 -2.0999999999999998e-02 4.0000000000000001e-03  1.6350790612099004e-03
-3.9000000000000000e-02 -1.7999999999999999e-02 4.0000000000000001e-03  1.6178412317606904e-03
-3.9000000000000000e-02 -1.4999999999999999e-02 4.0000000000000001e-03  1.5886939990387536e-03
-3.9000000000000000e-02 -1.1999999999999997e-02 4.0000000000000001e-03  1.5981716155953067e-03
-3.9000000000000000e-02 -8.9999999999999941e-03 4.0000000000000001e-03  1.6144608084619084e-03
-3.9000000000000000e-02 -5.9999999999999984e-03 4.0000000000000001e-03  1.6376528196401573e-03
-3.9000000000000000e-02 -2.9999999999999957e-03 4.0000000000000001e-03  1.6462993342478659e-03
-3.9000000000000000e-02 0.0000000000000000e+00 4.0000000000000001e-03  1.5994091576696347e-03
-3.9000000000000000e-02 3.0000000000000027e-03 4.0000000000000001e-03  1.5654517077201319e-03
-3.9000000000000000e-02 6.0000000000000053e-03 4.0000000000000001e-03  1.6050671937763829e-03
-3.9000000000000000e-02 9.0000000000000011e-03 4.0000000000000001e-03  1.6131552114559725e-03
-3.9000000000000000e-02 1.2000000000000004e-02 4.0000000000000001e-03  1.5903123715191186e-03
-3.9000000000000000e-02 1.4999999999999999e-02 4.0000000000000001e-03  1.6220227528615384e-03
-3.9000000000000000e-02 1.8000000000000002e-02 4.0000000000000001e-03  1.6011017008896796e-03
-3.9000000000000000e-02 2.1000000000000005e-02 4.0000000000000001e-03  1.6285233040073057e-03
-3.9000000000000000e-02 2.4000000000000007e-02 4.0000000000000001e-03  1.6571930857425042e-03
-3.9000000000000000e-02 2.7000000000000010e-02 4.0000000000000001e-03  1.6948147836612518e-03
-3.9000000000000000e-02 2.9999999999999999e-02 4.0000000000000001e-03  1.7332089495310367e-03
-3.9000000000000000e-02 3.3000000000000002e-02 4.0000000000000001e-03  1.7722625079016649e-03
-3.9000000000000000e-02 3.6000000000000004e-02 4.0000000000000001e-03  1.8142450472861059e-03
-3.9000000000000000e-02 3.9000000000000007e-02 4.0000000000000001e-03  1.8314922202398206e-03
-3.9000000000000000e-02 4.2000000000000010e-02 4.0000000000000001e-03  1.9198040908285868e-03
-3.9000000000000000e-02 4.4999999999999998e-02 4.0000000000000001e-03  2.0412644379016903e-03
-3.5999999999999997e-02 -4.4999999999999998e-02 4.0000000000000001e-03  2.0331138184314407e-03
-3.5999999999999997e-02 -4.1999999999999996e-02 4.0000000000000001e-03  1.9021872177356948e-03
-3.5999999999999997e-02 -3.9000000000000000e-02 4.0000000000000001e-03  1.7928798494789198e-03
-3.5999999999999997e-02 -3.5999999999999997e-02 4.0000000000000001e-03  1.6968733247223209e-03
-3.5999999999999997e-02 -3.3000000000000002e-02 4.0000000000000001e-03  1.6512566441913329e-03
-3.5999999999999997e-02 -2.9999999999999999e-02 4.0000000000000001e-03  1.6164508676420374e-03
-3.5999999999999997e-02 -2.6999999999999996e-02 4.0000000000000001e-03  1.5934215440809958e-03
-3.5999999999999997e-02 -2.3999999999999997e-02 4.0000000000000001e-03  1.5767910323096356e-03
-3.5999999999999997e-02 -2.0999999999999998e-02 4.0000000000000001e-03  1.5478658179350383e-03
-3.5999999999999997e-02 -1.7999999999999999e-02 4.0000000000000001e-03  1.5343620501843244e-03
-3.5999999999999997e-02 -1.4999999999999999e-02 4.0000000000000001e-03  1.5315002124346589e-03
-3.5999999999999997e-02 -1.1999999999999997e-02 4.0000000000000001e-03  1.5352934675774868e-03
-3.5999999999999997e-02 -8.9999999999999941e-03 4.0000000000000001e-03  1.5457948898212396e-03
-3.5999999999999997e-02 -5.9999999999999984e-03 4.0000000000000001e-03  1.5630758982270569e-03
-3.5999999999999997e-02 -2.9999999999999957e-03 4.0000000000000001e-03  1.5823213669309392e-03
-3.5999999999999997e-02 0.0000000000000000e+00 4.0000000000000001e-03  1.5402785125044826e-03
-3.5999999999999997e-02 3.0000000000000027e-03 4.0000000000000001e-03  1.5044730299317254e-03
-3.5999999999999997e-02 6.0000000000000053e-03 4.0000000000000001e-03  1.4801491323751935e-03
-3.5999999999999997e-02 9.0000000000000011e-03 4.0000000000000001e-03  1.5127470552608947e-03
-3.5999999999999997e-02 1.2000000000000004e-02 4.0000000000000001e-03  1.5138548942372229e-03
-3.5999999999999997e-02 1.4999999999999999e-02 4.0000000000000001e-03  1.5459190882673355e-03
-3.5999999999999997e-02 1.8000000000000002e-02 4.0000000000000001e-03  1.5256978116385557e-03
-3.5999999999999997e-02 2.1000000000000005e-02 4.0000000000000001e-03  1.5542948222896633e-03
-3.5999999999999997e-02 2.4000000000000007e-02 4.0000000000000001e-03  1.5845439802516625e-03
-3.5999999999999997e-02 2.7000000000000010e-02 4.0000000000000001e-03  1.6188056659252130e-03
-3.5999999999999997e-02 2.9999999999999999e-02 4.0000000000000001e-03  1.6524005228393376e-03
-3.5999999999999997e-02 3.3000000000000002e-02 4.0000000000000001e-03  1.6888621889888844e-03
-3.5999999999999997e-02 3.6000000000000004e-02 4.0000000000000001e-03  1.7144494534862562e-03
-3.5999999999999997e-02 3.9000000000000007e-02 4.0000000000000001e-03  1.7984166602354839e-03
-3.5999999999999997e-02 4.2000000000000010e-02 4.0000000000000001e-03  1.8796093234010570e-03
-3.5999999999999997e-02 4.4999999999999998e-02 4.0000000000000001e-03  1.9783673170830902e-03
-3.3000000000000002e-02 -4.4999999999999998e-02 4.0000000000000001e-03  1.9724305062224228e-03
-3.3000000000000002e-02 -4.1999999999999996e-02 4.0000000000000001e-03  1.8507563524716465e-03
-3.3000000000000002e-02 -3.9000000000000000e-02 4.0000000000000001e-03  1.7502121156788978e-03
-3.3000000000000002e-02 -3.5999999999999997e-02 4.0000000000000001e-03  1.6678364269098378e-03
-3.3000000000000002e-02 -3.3000000000000002e-02 4.0000000000000001e-03  1.6012695935489563e-03
-3.3000000000000002e-02 -2.9999999999999999e-02 4.0000000000000001e-03  1.5707180220667009e-03
-3.3000000000000002e-02 -2.6999999999999996e-02 4.0000000000000001e-03  1.5516309142264667e-03
-3.3000000000000002e-02 -2.3999999999999997e-02 4.0000000000000001e-03  1.5290989051980571e-03
-3.3000000000000002e-02 -2.0999999999999998e-02 4.0000000000000001e-03  1.5075765417298895e-03
-3.3000000000000002e-02 -1.7999999999999999e-02 4.0000000000000001e-03  1.4926366066535287e-03
-3.3000000000000002e-02 -1.4999999999999999e-02 4.0000000000000001e-03  1.4842756615315222e-03
-3.3000000000000002e-02 -1.1999999999999997e-02 4.0000000000000001e-03  1.4825086127791317e-03
-3.3000000000000002e-02 -8.9999999999999941e-03 4.0000000000000001e-03  1.4873687116643336e-03
-3.3000000000000002e-02 -5.9999999999999984e-03 4.0000000000000001e-03  1.4989075543078152e-03
-3.3000000000000002e-02 -2.9999999999999957e-03 4.0000000000000001e-03  1.5171950816829764e-03
-3.3000000000000002e-02 0.0000000000000000e+00 4.0000000000000001e-03  1.4875141712563332e-03
-3.3000000000000002e-02 3.0000000000000027e-03 4.0000000000000001e-03  1.4563626171670123e-03
-3.3000000000000002e-02 6.0000000000000053e-03 4.0000000000000001e-03  1.4312731297802387e-03
-3.3000000000000002e-02 9.0000000000000011e-03 4.0000000000000001e-03  1.4162762418455305e-03
-3.3000000000000002e-02 1.2000000000000004e-02 4.0000000000000001e-03  1.4418199673710353e-03
-3.3000000000000002e-02 1.4999999999999999e-02 4.0000000000000001e-03  1.4741175583801579e-03
-3.3000000000000002e-02 1.8000000000000002e-02 4.0000000000000001e-03  1.4885886466403577e-03
-3.3000000000000002e-02 2.1000000000000005e-02 4.0000000000000001e-03  1.4922442879131031e-03
-3.3000000000000002e-02 2.4000000000000007e-02 4.0000000000000001e-03  1.5218137554199700e-03
-3.3000000000000002e-02 2.7000000000000010e-02 4.0000000000000001e-03  1.5498643912846923e-03
-3.3000000000000002e-02 2.9999999999999999e-02 4.0000000000000001e-03  1.5807356869901523e-03
-3.3000000000000002e-02 3.3000000000000002e-02 4.0000000000000001e-03  1.6099843076329947e-03
-3.3000000000000002e-02 3.6000000000000004e-02 4.0000000000000001e-03  1.6687530154247802e-03
-3.3000000000000002e-02 3.9000000000000007e-02 4.0000000000000001e-03  1.7340121268524494e-03
-3.3000000000000002e-02 4.2000000000000010e-02 4.0000000000000001e-03  1.8186766904277633e-03
-3.3000000000000002e-02 4.4999999999999998e-02 4.0000000000000001e-03  1.9229460917733316e-03
-2.9999999999999999e-02 -4.4999999999999998e-02 4.0000000000000001e-03  1.9337428160297824e-03
-2.9999999999999999e-02 -4.1999999999999996e-02 4.0000000000000001e-03  1.8232519376436447e-03
-2.9999999999999999e-02 -3.9000000000000000e-02 4.0000000000000001e-03  1.7331266368577547e-03
-2.9999999999999999e-02 -3.5999999999999997e-02 4.0000000000000001e-03  1.6604656141689580e-03
-2.9999999999999999e-02 -3.3000000000000002e-02 4.0000000000000001e-03  1.6016462379837898e-03
-2.9999999999999999e-02 -2.9999999999999999e-02 4.0000000000000001e-03  1.5443635578569084e-03
-2.9999999999999999e-02 -2.6999999999999996e-02 4.0000000000000001e-03  1.5283506344366481e-03
-2.9999999999999999e-02 -2.3999999999999997e-02 4.0000000000000001e-03  1.5062646737235355e-03
-2.9999999999999999e-02 -2.0999999999999998e-02 4.0000000000000001e-03  1.4809846410834247e-03
-2.9999999999999999e-02 -1.7999999999999999e-02 4.0000000000000001e-03  1.4606399459805323e-03
-2.9999999999999999e-02 -1.4999999999999999e-02 4.0000000000000001e-03  1.4468552569953663e-03
-2.9999999999999999e-02 -1.1999999999999997e-02 4.0000000000000001e-03  1.4396256576027296e-03
-2.9999999999999999e-02 -8.9999999999999941e-03 4.0000000000000001e-03  1.4389645761301488e-03
-2.9999999999999999e-02 -5.9999999999999984e-03 4.0000000000000001e-03  1.4449037857578572e-03
-2.9999999999999999e-02 -2.9999999999999957e-03 4.0000000000000001e-03  1.4574934045188028e-03
-2.9999999999999999e-02 0.0000000000000000e+00 4.0000000000000001e-03  1.4410177634182162e-03
-2.9999999999999999e-02 3.0000000000000027e-03 4.0000000000000001e-03  1.4144358199274464e-03
-2.9999999999999999e-02 6.0000000000000053e-03 4.0000000000000001e-03  1.3938455486619174e-03
-2.9999999999999999e-02 9.0000000000000011e-03 4.0000000000000001e-03  1.3791855911242541e-03
-2.9999999999999999e-02 1.2000000000000004e-02 4.0000000000000001e-03  1.3732962435622500e-03
-2.9999999999999999e-02 1.4999999999999999e-02 4.0000000000000001e-03  1.4119586599702324e-03
-2.9999999999999999e-02 1.8000000000000002e-02 4.0000000000000001e-03  1.4540618089270846e-03
-2.9999999999999999e-02 2.1000000000000005e-02 4.0000000000000001e-03  1.4475449243580149e-03
-2.9999999999999999e-02 2.4000000000000007e-02 4.0000000000000001e-03  1.4645478073572471e-03
-2.9999999999999999e-02 2.7000000000000010e-02 4.0000000000000001e-03  1.4897468618447695e-03
-2.9999999999999999e-02 2.9999999999999999e-02 4.0000000000000001e-03  1.5180541277236498e-03
-2.9999999999999999e-02 3.3000000000000002e-02 4.0000000000000001e-03  1.5525458306648353e-03
-2.9999999999999999e-02 3.6000000000000004e-02 4.0000000000000001e-03  1.6042764429128826e-03
-2.9999999999999999e-02 3.9000000000000007e-02 4.0000000000000001e-03  1.6751325359946113e-03
-2.9999999999999999e-02 4.2000000000000010e-02 4.0000000000000001e-03  1.7652822934554051e-03
-2.9999999999999999e-02 4.4999999999999998e-02 4.0000000000000001e-03  1.8749284590668068e-03
-2.6999999999999996e-02 -4.4999999999999998e-02 4.0000000000000001e-03  1.9183159738018730e-03
-2.6999999999999996e-02 -4.1999999999999996e-02 4.0000000000000001e-03  1.8141584838662519e-03
-2.6999999999999996e-02 -3.9000000000000000e-02 4.0000000000000001e-03  1.7301189099529673e-03
-2.6999999999999996e-02 -3.5999999999999997e-02 4.0000000000000001e-03  1.6644275449784023e-03
-2.6999999999999996e-02 -3.3000000000000002e-02 4.0000000000000001e-03  1.6132822951527316e-03
-2.6999999999999996e-02 -2.9999999999999999e-02 4.0000000000000001e-03  1.5751686263200963e-03
-2.6999999999999996e-02 -2.6999999999999996e-02 4.0000000000000001e-03  1.5165432433321732e-03
-2.6999999999999996e-02 -2.3999999999999997e-02 4.0000000000000001e-03  1.4839946213280916e-03
-2.6999999999999996e-02 -2.0999999999999998e-02 4.0000000000000001e-03  1.4613278507412545e-03
-2.6999999999999996e-02 -1.7999999999999999e-02 4.0000000000000001e-03  1.4383349325543281e-03
-2.6999999999999996e-02 -1.4999999999999999e-02 4.0000000000000001e-03  1.4191077290289524e-03
-2.6999999999999996e-02 -1.1999999999999997e-02 4.0000000000000001e-03  1.4064870279875182e-03
-2.6999999999999996e-02 -8.9999999999999941e-03 4.0000000000000001e-03  1.4003986048943915e-03
-2.6999999999999996e-02 -5.9999999999999984e-03 4.0000000000000001e-03  1.4008544099893586e-03
-2.6999999999999996e-02 -2.9999999999999957e-03 4.0000000000000001e-03  1.4078847383649123e-03
-2.6999999999999996e-02 0.0000000000000000e+00 4.0000000000000001e-03  1.4006999377334339e-03
-2.6999999999999996e-02 3.0000000000000027e-03 4.0000000000000001e-03  1.3786121676132013e-03
-2.6999999999999996e-02 6.0000000000000053e-03 4.0000000000000001e-03  1.3624553022432587e-03
-2.6999999999999996e-02 9.0000000000000011e-03 4.0000000000000001e-03  1.3521785297707953e-03
-2.6999999999999996e-02 1.2000000000000004e-02 4.0000000000000001e-03  1.3477438702279943e-03
-2.6999999999999996e-02 1.4999999999999999e-02 4.0000000000000001e-03  1.3585186573031819e-03
-2.6999999999999996e-02 1.8000000000000002e-02 4.0000000000000001e-03  1.4218403864149605e-03
-2.6999999999999996e-02 2.1000000000000005e-02 4.0000000000000001e-03  1.4244556599933996e-03
-2.6999999999999996e-02 2.4000000000000007e-02 4.0000000000000001e-03  1.4292729310437515e-03
-2.6999999999999996e-02 2.7000000000000010e-02 4.0000000000000001e-03  1.4478280412212666e-03
-2.6999999999999996e-02 2.9999999999999999e-02 4.0000000000000001e-03  1.4690111645918617e-03
-2.6999999999999996e-02 3.3000000000000002e-02 4.0000000000000001e-03  1.4807715961245073e-03
-2.6999999999999996e-02 3.6000000000000004e-02 4.0000000000000001e-03  1.5429022637608659e-03
-2.6999999999999996e-02 3.9000000000000007e-02 4.0000000000000001e-03  1.6224353801535529e-03
-2.6999999999999996e-02 4.2000000000000010e-02 4.0000000000000001e-03  1.7195077754604627e-03
-2.6999999999999996e-02 4.4999999999999998e-02 4.0000000000000001e-03  1.8343626117057598e-03
-2.3999999999999997e-02 -4.4999999999999998e-02 4.0000000000000001e-03  1.9006790317778503e-03
-2.3999999999999997e-02 -4.1999999999999996e-02 4.0000000000000001e-03  1.8028253020517175e-03
-2.3999999999999997e-02 -3.9000000000000000e-02 4.0000000000000001e-03  1.7249567571105812e-03
-2.3999999999999997e-02 -3.5999999999999997e-02 4.0000000000000001e-03  1.6777724817706899e-03
-2.3999999999999997e-02 -3.3000000000000002e-02 4.0000000000000001e-03  1.6362518017753796e-03
-2.3999999999999997e-02 -2.9999999999999999e-02 4.0000000000000001e-03  1.5659902392701625e-03
-2.3999999999999997e-02 -2.6999999999999996e-02 4.0000000000000001e-03  1.4974989156562410e-03
-2.3999999999999997e-02 -2.3999999999999997e-02 4.0000000000000001e-03  1.4491151550271809e-03
-2.3999999999999997e-02 -2.0999999999999998e-02 4.0000000000000001e-03  1.4391539874760771e-03
-2.3999999999999997e-02 -1.7999999999999999e-02 4.0000000000000001e-03  1.4215679871701753e-03
-2.3999999999999997e-02 -1.4999999999999999e-02 4.0000000000000001e-03  1.4011660379740852e-03
-2.3999999999999997e-02 -1.1999999999999997e-02 4.0000000000000001e-03  1.3829689694094616e-03
-2.3999999999999997e-02 -8.9999999999999941e-03 4.0000000000000001e-03  1.3715207391694986e-03
-2.3999999999999997e-02 -5.9999999999999984e-03 4.0000000000000001e-03  1.3665830639512245e-03
-2.3999999999999997e-02 -2.9999999999999957e-03 4.0000000000000001e-03  1.3681664159066824e-03
-2.3999999999999997e-02 0.0000000000000000e+00 4.0000000000000001e-03  1.3664803621955600e-03
-2.3999999999999997e-02 3.0000000000000027e-03 4.0000000000000001e-03  1.3488202088747004e-03
-2.3999999999999997e-02 6.0000000000000053e-03 4.0000000000000001e-03  1.3370398198315580e-03
-2.3999999999999997e-02 9.0000000000000011e-03 4.0000000000000001e-03  1.3310989298578706e-03
-2.3999999999999997e-02 1.2000000000000004e-02 4.0000000000000001e-03  1.3341114422093111e-03
-2.3999999999999997e-02 1.4999999999999999e-02 4.0000000000000001e-03  1.3517180142606428e-03
-2.3999999999999997e-02 1.8000000000000002e-02 4.0000000000000001e-03  1.3784008484404502e-03
-2.3999999999999997e-02 2.1000000000000005e-02 4.0000000000000001e-03  1.4018470949079716e-03
-2.3999999999999997e-02 2.4000000000000007e-02 4.0000000000000001e-03  1.4022719906320365e-03
-2.3999999999999997e-02 2.7000000000000010e-02 4.0000000000000001e-03  1.4364667160330781e-03
-2.3999999999999997e-02 2.9999999999999999e-02 4.0000000000000001e-03  1.4899233768328392e-03
-2.3999999999999997e-02 3.3000000000000002e-02 4.0000000000000001e-03  1.4944121269421327e-03
-2.3999999999999997e-02 3.6000000000000004e-02 4.0000000000000001e-03  1.5173894664924905e-03
-2.3999999999999997e-02 3.9000000000000007e-02 4.0000000000000001e-03  1.5982364396602362e-03
-2.3999999999999997e-02 4.2000000000000010e-02 4.0000000000000001e-03  1.7125826939652527e-03
-2.3999999999999997e-02 4.4999999999999998e-02 4.0000000000000001e-03  1.8405307657537527e-03
-2.0999999999999998e-02 -4.4999999999999998e-02 4.0000000000000001e-03  1.8807976652454987e-03
-2.0999999999999998e-02 -4.1999999999999996e-02 4.0000000000000001e-03  1.7892270250979762e-03
-2.0999999999999998e-02 -3.9000000000000000e-02 4.0000000000000001e-03  1.7393314589308855e-03
-2.0999999999999998e-02 -3.5999999999999997e-02 4.0000000000000001e-03  1.6848026436023737e-03
-2.0999999999999998e-02 -3.3000000000000002e-02 4.0000000000000001e-03  1.6137532702693834e-03
-2.0999999999999998e-02 -2.9999999999999999e-02 4.0000000000000001e-03  1.5459837687803429e-03
-2.0999999999999998e-02 -2.6999999999999996e-02 4.0000000000000001e-03  1.4809774399046338e-03
-2.0999999999999998e-02 -2.3999999999999997e-02 4.0000000000000001e-03  1.4183064151194280e-03
-2.0999999999999998e-02 -2.0999999999999998e-02 4.0000000000000001e-03  1.4084713807545918e-03
-2.0999999999999998e-02 -1.7999999999999999e-02 4.0000000000000001e-03  1.3995296061954004e-03
-2.0999999999999998e-02 -1.4999999999999999e-02 4.0000000000000001e-03  1.3869751643281302e-03
-2.0999999999999998e-02 -1.1999999999999997e-02 4.0000000000000001e-03  1.3691662517341528e-03
-2.0999999999999998e-02 -8.9999999999999941e-03 4.0000000000000001e-03  1.3522147397046489e-03
-2.0999999999999998e-02 -5.9999999999999984e-03 4.0000000000000001e-03  1.3419472041291043e-03
-2.0999999999999998e-02 -2.9999999999999957e-03 4.0000000000000001e-03  1.3381695893662298e-03
-2.0999999999999998e-02 0.0000000000000000e+00 4.0000000000000001e-03  1.3382877240484363e-03
-2.0999999999999998e-02 3.0000000000000027e-03 4.0000000000000001e-03  1.3249975116126592e-03
-2.0999999999999998e-02 6.0000000000000053e-03 4.0000000000000001e-03  1.3175455499843847e-03
-2.0999999999999998e-02 9.0000000000000011e-03 4.0000000000000001e-03  1.3169569700752382e-03
-2.0999999999999998e-02 1.2000000000000004e-02 4.0000000000000001e-03  1.3305546986696378e-03
-2.0999999999999998e-02 1.4999999999999999e-02 4.0000000000000001e-03  1.3489920045683800e-03
-2.0999999999999998e-02 1.8000000000000002e-02 4.0000000000000001e-03  1.3695023760865197e-03
-2.0999999999999998e-02 2.1000000000000005e-02 4.0000000000000001e-03  1.3822415464549427e-03
-2.0999999999999998e-02 2.4000000000000007e-02 4.0000000000000001e-03  1.3987615621797944e-03
-2.0999999999999998e-02 2.7000000000000010e-02 4.0000000000000001e-03  1.4246576043169055e-03
-2.0999999999999998e-02 2.9999999999999999e-02 4.0000000000000001e-03  1.4768700564147506e-03
-2.0999999999999998e-02 3.3000000000000002e-02 4.0000000000000001e-03  1.5212017472357106e-03
-2.0999999999999998e-02 3.6000000000000004e-02 4.0000000000000001e-03  1.5224415979982339e-03
-2.0999999999999998e-02 3.9000000000000007e-02 4.0000000000000001e-03  1.5736996921883540e-03
-2.0999999999999998e-02 4.2000000000000010e-02 4.0000000000000001e-03  1.6842681046133692e-03
-2.0999999999999998e-02 4.4999999999999998e-02 4.0000000000000001e-03  1.8553108484331315e-03
-1.7999999999999999e-02 -4.4999999999999998e-02 4.0000000000000001e-03  1.8586484867624336e-03
-1.7999999999999999e-02 -4.1999999999999996e-02 4.0000000000000001e-03  1.7999975958499399e-03
-1.7999999999999999e-02 -3.9000000000000000e-02 4.0000000000000001e-03  1.7329142438542874e-03
-1.7999999999999999e-02 -3.5999999999999997e-02 4.0000000000000001e-03  1.6609431142169139e-03
-1.7999999999999999e-02 -3.3000000000000002e-02 4.0000000000000001e-03  1.5930155828069918e-03
-1.7999999999999999e-02 -2.9999999999999999e-02 4.0000000000000001e-03  1.5285433940999318e-03
-1.7999999999999999e-02 -2.6999999999999996e-02 4.0000000000000001e-03  1.4669772057863126e-03
-1.7999999999999999e-02 -2.3999999999999997e-02 4.0000000000000001e-03  1.4078065887718841e-03
-1.7999999999999999e-02 -2.0999999999999998e-02 4.0000000000000001e-03  1.3826418333938841e-03
-1.7999999999999999e-02 -1.7999999999999999e-02 4.0000000000000001e-03  1.3738315795392782e-03
-1.7999999999999999e-02 -1.4999999999999999e-02 4.0000000000000001e-03  1.3659092535066232e-03
-1.7999999999999999e-02 -1.1999999999999997e-02 4.0000000000000001e-03  1.3575386945635607e-03
-1.7999999999999999e-02 -8.9999999999999941e-03 4.0000000000000001e-03  1.3423265898676331e-03
-1.7999999999999999e-02 -5.9999999999999984e-03 4.0000000000000001e-03  1.3268381065453837e-03
-1.7999999999999999e-02 -2.9999999999999957e-03 4.0000000000000001e-03  1.3177592305024096e-03
-1.7999999999999999e-02 0.0000000000000000e+00 4.0000000000000001e-03  1.3151507297806898e-03
-1.7999999999999999e-02 3.0000000000000027e-03 4.0000000000000001e-03  1.3070906629780495e-03
-1.7999999999999999e-02 6.0000000000000053e-03 4.0000000000000001e-03  1.3039279605095793e-03
-1.7999999999999999e-02 9.0000000000000011e-03 4.0000000000000001e-03  1.3132349084285675e-03
-1.7999999999999999e-02 1.2000000000000004e-02 4.0000000000000001e-03  1.3276142460632407e-03
-1.7999999999999999e-02 1.4999999999999999e-02 4.0000000000000001e-03  1.3460584314962066e-03
-1.7999999999999999e-02 1.8000000000000002e-02 4.0000000000000001e-03  1.3565075243561168e-03
-1.7999999999999999e-02 2.1000000000000005e-02 4.0000000000000001e-03  1.3728474416109593e-03
-1.7999999999999999e-02 2.4000000000000007e-02 4.0000000000000001e-03  1.3968198269315138e-03
-1.7999999999999999e-02 2.7000000000000010e-02 4.0000000000000001e-03  1.4214308712492713e-03
-1.7999999999999999e-02 2.9999999999999999e-02 4.0000000000000001e-03  1.4653385055231080e-03
-1.7999999999999999e-02 3.3000000000000002e-02 4.0000000000000001e-03  1.4997780204729927e-03
-1.7999999999999999e-02 3.6000000000000004e-02 4.0000000000000001e-03  1.5320056693868247e-03
-1.7999999999999999e-02 3.9000000000000007e-02 4.0000000000000001e-03  1.5788505609550180e-03
-1.7999999999999999e-02 4.2000000000000010e-02 4.0000000000000001e-03  1.6777411269691695e-03
-1.7999999999999999e-02 4.4999999999999998e-02 4.0000000000000001e-03  1.8298349553072209e-03
-1.4999999999999999e-02 -4.4999999999999998e-02 4.0000000000000001e-03  1.8623502897410185e-03
-1.4999999999999999e-02 -4.1999999999999996e-02 4.0000000000000001e-03  1.7831033390862052e-03
-1.4999999999999999e-02 -3.9000000000000000e-02 4.0000000000000001e-03  1.7090028168516020e-03
-1.4999999999999999e-02 -3.5999999999999997e-02 4.0000000000000001e-03  1.6398330534757094e-03
-1.4999999999999999e-02 -3.3000000000000002e-02 4.0000000000000001e-03  1.5749342371399668e-03
-1.4999999999999999e-02 -2.9999999999999999e-02 4.0000000000000001e-03  1.5136854692409797e-03
-1.4999999999999999e-02 -2.6999999999999996e-02 4.0000000000000001e-03  1.4555047643905197e-03
-1.4999999999999999e-02 -2.3999999999999997e-02 4.0000000000000001e-03  1.3998490504155304e-03
-1.4999999999999999e-02 -2.0999999999999998e-02 4.0000000000000001e-03  1.3616473001690636e-03
-1.4999999999999999e-02 -1.7999999999999999e-02 4.0000000000000001e-03  1.3529721776555227e-03
-1.4999999999999999e-02 -1.4999999999999999e-02 4.0000000000000001e-03  1.3451861000029037e-03
-1.4999999999999999e-02 -1.1999999999999997e-02 4.0000000000000001e-03  1.3382829063770096e-03
-1.4999999999999999e-02 -8.9999999999999941e-03 4.0000000000000001e-03  1.3322570907147915e-03
-1.4999999999999999e-02 -5.9999999999999984e-03 4.0000000000000001e-03  1.3206372994382328e-03
-1.4999999999999999e-02 -2.9999999999999957e-03 4.0000000000000001e-03  1.3076709301238286e-03
-1.4999999999999999e-02 0.0000000000000000e+00 4.0000000000000001e-03  1.2989516199737689e-03
-1.4999999999999999e-02 3.0000000000000027e-03 4.0000000000000001e-03  1.2950552693721175e-03
-1.4999999999999999e-02 6.0000000000000053e-03 4.0000000000000001e-03  1.2997518537323442e-03
-1.4999999999999999e-02 9.0000000000000011e-03 4.0000000000000001e-03  1.3101022692347288e-03
-1.4999999999999999e-02 1.2000000000000004e-02 4.0000000000000001e-03  1.3252503079559327e-03
-1.4999999999999999e-02 1.4999999999999999e-02 4.0000000000000001e-03  1.3342271502843287e-03
-1.4999999999999999e-02 1.8000000000000002e-02 4.0000000000000001e-03  1.3465646359448501e-03
-1.4999999999999999e-02 2.1000000000000005e-02 4.0000000000000001e-03  1.3672991033687996e-03
-1.4999999999999999e-02 2.4000000000000007e-02 4.0000000000000001e-03  1.3899450804016531e-03
-1.4999999999999999e-02 2.7000000000000010e-02 4.0000000000000001e-03  1.4133086623836996e-03
-1.4999999999999999e-02 2.9999999999999999e-02 4.0000000000000001e-03  1.4318953103256739e-03
-1.4999999999999999e-02 3.3000000000000002e-02 4.0000000000000001e-03  1.4741522220809177e-03
-1.4999999999999999e-02 3.6000000000000004e-02 4.0000000000000001e-03  1.5189271962253725e-03
-1.4999999999999999e-02 3.9000000000000007e-02 4.0000000000000001e-03  1.5780340842085664e-03
-1.4999999999999999e-02 4.2000000000000010e-02 4.0000000000000001e-03  1.6909139857970862e-03
-1.4999999999999999e-02 4.4999999999999998e-02 4.0000000000000001e-03  1.8573699885768788e-03
-1.1999999999999997e-02 -4.4999999999999998e-02 4.0000000000000001e-03  1.8373495928880803e-03
-1.1999999999999997e-02 -4.1999999999999996e-02 4.0000000000000001e-03  1.7597076917640721e-03
-1.1999999999999997e-02 -3.9000000000000000e-02 4.0000000000000001e-03  1.6880071443777969e-03
-1.1999999999999997e-02 -3.5999999999999997e-02 4.0000000000000001e-03  1.6215165826167126e-03
-1.1999999999999997e-02 -3.3000000000000002e-02 4.0000000000000001e-03  1.5595435515834545e-03
-1.1999999999999997e-02 -2.9999999999999999e-02 4.0000000000000001e-03  1.5014345095958202e-03
-1.1999999999999997e-02 -2.6999999999999996e-02 4.0000000000000001e-03  1.4465748281867791e-03
-1.1999999999999997e-02 -2.3999999999999997e-02 4.0000000000000001e-03  1.3943887921044726e-03
-1.1999999999999997e-02 -2.0999999999999998e-02 4.0000000000000001e-03  1.3454733326241166e-03
-1.1999999999999997e-02 -1.7999999999999999e-02 4.0000000000000001e-03  1.3369371250346669e-03
-1.1999999999999997e-02 -1.4999999999999999e-02 4.0000000000000001e-03  1.3292906463463934e-03
-1.1999999999999997e-02 -1.1999999999999997e-02 4.0000000000000001e-03  1.3225277689331229e-03
-1.1999999999999997e-02 -8.9999999999999941e-03 4.0000000000000001e-03  1.3166430199398290e-03
-1.1999999999999997e-02 -5.9999999999999984e-03 4.0000000000000001e-03  1.3116315812826452e-03
-1.1999999999999997e-02 -2.9999999999999957e-03 4.0000000000000001e-03  1.3040878585402658e-03
-1.1999999999999997e-02 0.0000000000000000e+00 4.0000000000000001e-03  1.2937257947085387e-03
-1.1999999999999997e-02 3.0000000000000027e-03 4.0000000000000001e-03  1.2901064289826800e-03
-1.1999999999999997e-02 6.0000000000000053e-03 4.0000000000000001e-03  1.2964403936985714e-03
-1.1999999999999997e-02 9.0000000000000011e-03 4.0000000000000001e-03  1.3075244206250931e-03
-1.1999999999999997e-02 1.2000000000000004e-02 4.0000000000000001e-03  1.3153829852142829e-03
-1.1999999999999997e-02 1.4999999999999999e-02 4.0000000000000001e-03  1.3240002920869283e-03
-1.1999999999999997e-02 1.8000000000000002e-02 4.0000000000000001e-03  1.3415083376955616e-03
-1.1999999999999997e-02 2.1000000000000005e-02 4.0000000000000001e-03  1.3609163634685990e-03
-1.1999999999999997e-02 2.4000000000000007e-02 4.0000000000000001e-03  1.3822508380513577e-03
-1.1999999999999997e-02 2.7000000000000010e-02 4.0000000000000001e-03  1.3981174659912744e-03
-1.1999999999999997e-02 2.9999999999999999e-02 4.0000000000000001e-03  1.4212530079602628e-03
-1.1999999999999997e-02 3.3000000000000002e-02 4.0000000000000001e-03  1.4522470969901636e-03
-1.1999999999999997e-02 3.6000000000000004e-02 4.0000000000000001e-03  1.5050395530417885e-03
-1.1999999999999997e-02 3.9000000000000007e-02 4.0000000000000001e-03  1.5620706765708727e-03
-1.1999999999999997e-02 4.2000000000000010e-02 4.0000000000000001e-03  1.6745529012267950e-03
-1.1999999999999997e-02 4.4999999999999998e-02 4.0000000000000001e-03  1.8552124060530789e-03
-8.9999999999999941e-03 -4.4999999999999998e-02 4.0000000000000001e-03  1.8075795513422040e-03
-8.9999999999999941e-03 -4.1999999999999996e-02 4.0000000000000001e-03  1.7394410869563182e-03
-8.9999999999999941e-03 -3.9000000000000000e-02 4.0000000000000001e-03  1.6699893119739159e-03
-8.9999999999999941e-03 -3.5999999999999997e-02 4.0000000000000001e-03  1.6060459842581595e-03
-8.9999999999999941e-03 -3.3000000000000002e-02 4.0000000000000001e-03  1.5468860058328829e-03
-8.9999999999999941e-03 -2.9999999999999999e-02 4.0000000000000001e-03  1.4918231919370784e-03
-8.9999999999999941e-03 -2.6999999999999996e-02 4.0000000000000001e-03  1.4402102710249097e-03
-8.9999999999999941e-03 -2.3999999999999997e-02 4.0000000000000001e-03  1.3914388847657139e-03
-8.9999999999999941e-03 -2.0999999999999998e-02 4.0000000000000001e-03  1.3449395880439897e-03
-8.9999999999999941e-03 -1.7999999999999999e-02 4.0000000000000001e-03  1.3257157429361237e-03
-8.9999999999999941e-03 -1.4999999999999999e-02 4.0000000000000001e-03  1.3182123867430614e-03
-8.9999999999999941e-03 -1.1999999999999997e-02 4.0000000000000001e-03  1.3115929160745533e-03
-8.9999999999999941e-03 -8.9999999999999941e-03 4.0000000000000001e-03  1.3058518912835969e-03
-8.9999999999999941e-03 -5.9999999999999984e-03 4.0000000000000001e-03  1.3009845274943525e-03
-8.9999999999999941e-03 -2.9999999999999957e-03 4.0000000000000001e-03  1.2969866946021267e-03
-8.9999999999999941e-03 0.0000000000000000e+00 4.0000000000000001e-03  1.2926669762986639e-03
-8.9999999999999941e-03 3.0000000000000027e-03 4.0000000000000001e-03  1.2866206232772849e-03
-8.9999999999999941e-03 6.0000000000000053e-03 4.0000000000000001e-03  1.2936666238214059e-03
-8.9999999999999941e-03 9.0000000000000011e-03 4.0000000000000001e-03  1.2999592524143453e-03
-8.9999999999999941e-03 1.2000000000000004e-02 4.0000000000000001e-03  1.3052307071394413e-03
-8.9999999999999941e-03 1.4999999999999999e-02 4.0000000000000001e-03  1.3194332178225892e-03
-8.9999999999999941e-03 1.8000000000000002e-02 4.0000000000000001e-03  1.3356143023591802e-03
-8.9999999999999941e-03 2.1000000000000005e-02 4.0000000000000001e-03  1.3537111771436791e-03
-8.9999999999999941e-03 2.4000000000000007e-02 4.0000000000000001e-03  1.3679213409820228e-03
-8.9999999999999941e-03 2.7000000000000010e-02 4.0000000000000001e-03  1.3879219774164313e-03
-8.9999999999999941e-03 2.9999999999999999e-02 4.0000000000000001e-03  1.4157067849124170e-03
-8.9999999999999941e-03 3.3000000000000002e-02 4.0000000000000001e-03  1.4515114368029854e-03
-8.9999999999999941e-03 3.6000000000000004e-02 4.0000000000000001e-03  1.4955864352768958e-03
-8.9999999999999941e-03 3.9000000000000007e-02 4.0000000000000001e-03  1.5600964400879506e-03
-8.9999999999999941e-03 4.2000000000000010e-02 4.0000000000000001e-03  1.6307012749328187e-03
-8.9999999999999941e-03 4.4999999999999998e-02 4.0000000000000001e-03  1.8233300937764887e-03
-5.9999999999999984e-03 -4.4999999999999998e-02 4.0000000000000001e-03  1.8200593076046104e-03
-5.9999999999999984e-03 -4.1999999999999996e-02 4.0000000000000001e-03  1.7115499391627529e-03
-5.9999999999999984e-03 -3.9000000000000000e-02 4.0000000000000001e-03  1.6533768254834952e-03
-5.9999999999999984e-03 -3.5999999999999997e-02 4.0000000000000001e-03  1.5934817023985724e-03
-5.9999999999999984e-03 -3.3000000000000002e-02 4.0000000000000001e-03  1.5370122409639642e-03
-5.9999999999999984e-03 -2.9999999999999999e-02 4.0000000000000001e-03  1.4848923544176580e-03
-5.9999999999999984e-03 -2.6999999999999996e-02 4.0000000000000001e-03  1.4364421281350113e-03
-5.9999999999999984e-03 -2.3999999999999997e-02 4.0000000000000001e-03  1.3910205607065495e-03
-5.9999999999999984e-03 -2.0999999999999998e-02 4.0000000000000001e-03  1.3480255639379659e-03
-5.9999999999999984e-03 -1.7999999999999999e-02 4.0000000000000001e-03  1.3193009493881777e-03
-5.9999999999999984e-03 -1.4999999999999999e-02 4.0000000000000001e-03  1.3119444121677448e-03
-5.9999999999999984e-03 -1.1999999999999997e-02 4.0000000000000001e-03  1.3054716117226963e-03
-5.9999999999999984e-03 -8.9999999999999941e-03 4.0000000000000001e-03  1.2998771416140541e-03
-5.9999999999999984e-03 -5.9999999999999984e-03 4.0000000000000001e-03  1.2951562501740011e-03
-5.9999999999999984e-03 -2.9999999999999957e-03 4.0000000000000001e-03  1.2913048405058607e-03
-5.9999999999999984e-03 0.0000000000000000e+00 4.0000000000000001e-03  1.2883194704841297e-03
-5.9999999999999984e-03 3.0000000000000027e-03 4.0000000000000001e-03  1.2861973527544498e-03
-5.9999999999999984e-03 6.0000000000000053e-03 4.0000000000000001e-03  1.2879418374465662e-03
-5.9999999999999984e-03 9.0000000000000011e-03 4.0000000000000001e-03  1.2909714534998040e-03
-5.9999999999999984e-03 1.2000000000000004e-02 4.0000000000000001e-03  1.3010606504332096e-03
-5.9999999999999984e-03 1.4999999999999999e-02 4.0000000000000001e-03  1.3140262089846079e-03
-5.9999999999999984e-03 1.8000000000000002e-02 4.0000000000000001e-03  1.3288960079363044e-03
-5.9999999999999984e-03 2.1000000000000005e-02 4.0000000000000001e-03  1.3412918205211700e-03
-5.9999999999999984e-03 2.4000000000000007e-02 4.0000000000000001e-03  1.3581791189518529e-03
-5.9999999999999984e-03 2.7000000000000010e-02 4.0000000000000001e-03  1.3827809499584276e-03
-5.9999999999999984e-03 2.9999999999999999e-02 4.0000000000000001e-03  1.4153289462791119e-03
-5.9999999999999984e-03 3.3000000000000002e-02 4.0000000000000001e-03  1.4560695695078781e-03
-5.9999999999999984e-03 3.6000000000000004e-02 4.0000000000000001e-03  1.5052641100944419e-03
-5.9999999999999984e-03 3.9000000000000007e-02 4.0000000000000001e-03  1.5631886873442690e-03
-5.9999999999999984e-03 4.2000000000000010e-02 4.0000000000000001e-03  1.6407631372779875e-03
-5.9999999999999984e-03 4.4999999999999998e-02 4.0000000000000001e-03  1.7617207522515022e-03
-2.9999999999999957e-03 -4.4999999999999998e-02 4.0000000000000001e-03  1.8482474783299673e-03
-2.9999999999999957e-03 -4.1999999999999996e-02 4.0000000000000001e-03  1.7255130926476861e-03
-2.9999999999999957e-03 -3.9000000000000000e-02 4.0000000000000001e-03  1.6294625631409255e-03
-2.9999999999999957e-03 -3.5999999999999997e-02 4.0000000000000001e-03  1.5775749036870334e-03
-2.9999999999999957e-03 -3.3000000000000002e-02 4.0000000000000001e-03  1.5299810594327041e-03
-2.9999999999999957e-03 -2.9999999999999999e-02 4.0000000000000001e-03  1.4806909965707532e-03
-2.9999999999999957e-03 -2.6999999999999996e-02 4.0000000000000001e-03  1.4353095961274587e-03
-2.9999999999999957e-03 -2.3999999999999997e-02 4.0000000000000001e-03  1.3931632136145484e-03
-2.9999999999999957e-03 -2.0999999999999998e-02 4.0000000000000001e-03  1.3536171177589039e-03
-2.9999999999999957e-03 -1.7999999999999999e-02 4.0000000000000001e-03  1.3176892591879792e-03
-2.9999999999999957e-03 -1.4999999999999999e-02 4.0000000000000001e-03  1.3104834103641579e-03
-2.9999999999999957e-03 -1.1999999999999997e-02 4.0000000000000001e-03  1.3041607165678233e-03
-2.9999999999999957e-03 -8.9999999999999941e-03 4.0000000000000001e-03  1.2987158045680231e-03
-2.9999999999999957e-03 -5.9999999999999984e-03 4.0000000000000001e-03  1.2941439559049600e-03
-2.9999999999999957e-03 -2.9999999999999957e-03 4.0000000000000001e-03  1.2904411068899925e-03
-2.9999999999999957e-03 0.0000000000000000e+00 4.0000000000000001e-03  1.2876038486056348e-03
-2.9999999999999957e-03 3.0000000000000027e-03 4.0000000000000001e-03  1.2854791963943161e-03
-2.9999999999999957e-03 6.0000000000000053e-03 4.0000000000000001e-03  1.2816646973576589e-03
-2.9999999999999957e-03 9.0000000000000011e-03 4.0000000000000001e-03  1.2863787609832858e-03
-2.9999999999999957e-03 1.2000000000000004e-02 4.0000000000000001e-03  1.2961406140286392e-03
-2.9999999999999957e-03 1.4999999999999999e-02 4.0000000000000001e-03  1.3077942663408670e-03
-2.9999999999999957e-03 1.8000000000000002e-02 4.0000000000000001e-03  1.3182165510317748e-03
-2.9999999999999957e-03 2.1000000000000005e-02 4.0000000000000001e-03  1.3320087111749720e-03
-2.9999999999999957e-03 2.4000000000000007e-02 4.0000000000000001e-03  1.3534505029220217e-03
-2.9999999999999957e-03 2.7000000000000010e-02 4.0000000000000001e-03  1.3827695184163596e-03
-2.9999999999999957e-03 2.9999999999999999e-02 4.0000000000000001e-03  1.4202081786571688e-03
-2.9999999999999957e-03 3.3000000000000002e-02 4.0000000000000001e-03  1.4660237334993774e-03
-2.9999999999999957e-03 3.6000000000000004e-02 4.0000000000000001e-03  1.5204882616536648e-03
-2.9999999999999957e-03 3.9000000000000007e-02 4.0000000000000001e-03  1.5838886706864557e-03
-2.9999999999999957e-03 4.2000000000000010e-02 4.0000000000000001e-03  1.6565266970199285e-03
-2.9999999999999957e-03 4.4999999999999998e-02 4.0000000000000001e-03  1.7486503123208357e-03
0.0000000000000000e+00 -4.4999999999999998e-02 4.0000000000000001e-03  1.8736008351489613e-03
0.0000000000000000e+00 -4.1999999999999996e-02 4.0000000000000001e-03  1.7527819044080809e-03
0.0000000000000000e+00 -3.9000000000000000e-02 4.0000000000000001e-03  1.6448620841284917e-03
0.0000000000000000e+00 -3.5999999999999997e-02 4.0000000000000001e-03  1.5609617453974632e-03
0.0000000000000000e+00 -3.3000000000000002e-02 4.0000000000000001e-03  1.5153540140370222e-03
0.0000000000000000e+00 -2.9999999999999999e-02 4.0000000000000001e-03  1.4780604722429917e-03
0.0000000000000000e+00 -2.6999999999999996e-02 4.0000000000000001e-03  1.4368600329929320e-03
0.0000000000000000e+00 -2.3999999999999997e-02 4.0000000000000001e-03  1.3979043985575736e-03
0.0000000000000000e+00 -2.0999999999999998e-02 4.0000000000000001e-03  1.3617420016518514e-03
0.0000000000000000e+00 -1.7999999999999999e-02 4.0000000000000001e-03  1.3277443811390169e-03
0.0000000000000000e+00 -1.4999999999999999e-02 4.0000000000000001e-03  1.3138296658448850e-03
0.0000000000000000e+00 -1.1999999999999997e-02 4.0000000000000001e-03  1.3076606880690739e-03
0.0000000000000000e+00 -8.9999999999999941e-03 4.0000000000000001e-03  1.3023685105512037e-03
0.0000000000000000e+00 -5.9999999999999984e-03 4.0000000000000001e-03  1.2979484480394952e-03
0.0000000000000000e+00 -2.9999999999999957e-03 4.0000000000000001e-03  1.2943964700533367e-03
0.0000000000000000e+00 0.0000000000000000e+00 4.0000000000000001e-03  1.2904133086025003e-03
0.0000000000000000e+00 3.0000000000000027e-03 4.0000000000000001e-03  1.2869495208571741e-03
0.0000000000000000e+00 6.0000000000000053e-03 4.0000000000000001e-03  1.2847974628565420e-03
0.0000000000000000e+00 9.0000000000000011e-03 4.0000000000000001e-03  1.2873232208970100e-03
0.0000000000000000e+00 1.2000000000000004e-02 4.0000000000000001e-03  1.2966380023204584e-03
0.0000000000000000e+00 1.4999999999999999e-02 4.0000000000000001e-03  1.3097198154376829e-03
0.0000000000000000e+00 1.8000000000000002e-02 4.0000000000000001e-03  1.3170284690514143e-03
0.0000000000000000e+00 2.1000000000000005e-02 4.0000000000000001e-03  1.3290593855780843e-03
0.0000000000000000e+00 2.4000000000000007e-02 4.0000000000000001e-03  1.3538134573937478e-03
0.0000000000000000e+00 2.7000000000000010e-02 4.0000000000000001e-03  1.3879791990891674e-03
0.0000000000000000e+00 2.9999999999999999e-02 4.0000000000000001e-03  1.4304495501432425e-03
0.0000000000000000e+00 3.3000000000000002e-02 4.0000000000000001e-03  1.4814925486718617e-03
0.0000000000000000e+00 3.6000000000000004e-02 4.0000000000000001e-03  1.5413910616466657e-03
0.0000000000000000e+00 3.9000000000000007e-02 4.0000000000000001e-03  1.6104427848950371e-03
0.0000000000000000e+00 4.2000000000000010e-02 4.0000000000000001e-03  1.6889602431001132e-03
0.0000000000000000e+00 4.4999999999999998e-02 4.0000000000000001e-03  1.7772707898007711e-03
3.0000000000000027e-03 -4.4999999999999998e-02 4.0000000000000001e-03  1.8961220224318785e-03
3.0000000000000027e-03 -4.1999999999999996e-02 4.0000000000000001e-03  1.7772366863906173e-03
3.0000000000000027e-03 -3.9000000000000000e-02 4.0000000000000001e-03  1.6713063470398240e-03
3.0000000000000027e-03 -3.5999999999999997e-02 4.0000000000000001e-03  1.5777470794016708e-03
3.0000000000000027e-03 -3.3000000000000002e-02 4.0000000000000001e-03  1.5056768548402700e-03
3.0000000000000027e-03 -2.9999999999999999e-02 4.0000000000000001e-03  1.4662901616372041e-03
3.0000000000000027e-03 -2.6999999999999996e-02 4.0000000000000001e-03  1.4355995291885902e-03
3.0000000000000027e-03 -2.3999999999999997e-02 4.0000000000000001e-03  1.4052898319837726e-03
3.0000000000000027e-03 -2.0999999999999998e-02 4.0000000000000001e-03  1.3724361291421441e-03
3.0000000000000027e-03 -1.7999999999999999e-02 4.0000000000000001e-03  1.3419267453619467e-03
3.0000000000000027e-03 -1.4999999999999999e-02 4.0000000000000001e-03  1.3219870598913843e-03
3.0000000000000027e-03 -1.1999999999999997e-02 4.0000000000000001e-03  1.3159755804544641e-03
3.0000000000000027e-03 -8.9999999999999941e-03 4.0000000000000001e-03  1.3108394867381609e-03
3.0000000000000027e-03 -5.9999999999999984e-03 4.0000000000000001e-03  1.3065741266987316e-03
3.0000000000000027e-03 -2.9999999999999957e-03 4.0000000000000001e-03  1.3003654427476111e-03
3.0000000000000027e-03 0.0000000000000000e+00 4.0000000000000001e-03  1.2944842479688313e-03
3.0000000000000027e-03 3.0000000000000027e-03 4.0000000000000001e-03  1.2899129606456568e-03
3.0000000000000027e-03 6.0000000000000053e-03 4.0000000000000001e-03  1.2871416018786783e-03
3.0000000000000027e-03 9.0000000000000011e-03 4.0000000000000001e-03  1.2958569722786996e-03
3.0000000000000027e-03 1.2000000000000004e-02 4.0000000000000001e-03  1.3078351307055443e-03
3.0000000000000027e-03 1.4999999999999999e-02 4.0000000000000001e-03  1.3208333903473274e-03
3.0000000000000027e-03 1.8000000000000002e-02 4.0000000000000001e-03  1.3348737734833473e-03
3.0000000000000027e-03 2.1000000000000005e-02 4.0000000000000001e-03  1.3443632434614939e-03
3.0000000000000027e-03 2.4000000000000007e-02 4.0000000000000001e-03  1.3627237311625736e-03
3.0000000000000027e-03 2.7000000000000010e-02 4.0000000000000001e-03  1.3932652562260556e-03
3.0000000000000027e-03 2.9999999999999999e-02 4.0000000000000001e-03  1.4365850440279395e-03
3.0000000000000027e-03 3.3000000000000002e-02 4.0000000000000001e-03  1.4933289066765330e-03
3.0000000000000027e-03 3.6000000000000004e-02 4.0000000000000001e-03  1.5641912430124358e-03
3.0000000000000027e-03 3.9000000000000007e-02 4.0000000000000001e-03  1.6430131349596643e-03
3.0000000000000027e-03 4.2000000000000010e-02 4.0000000000000001e-03  1.7276105444465071e-03
3.0000000000000027e-03 4.4999999999999998e-02 4.0000000000000001e-03  1.8222514335257383e-03
6.0000000000000053e-03 -4.4999999999999998e-02 4.0000000000000001e-03  1.9158155765850848e-03
6.0000000000000053e-03 -4.1999999999999996e-02 4.0000000000000001e-03  1.7988820951832895e-03
6.0000000000000053e-03 -3.9000000000000000e-02 4.0000000000000001e-03  1.6949628817760590e-03
6.0000000000000053e-03 -3.5999999999999997e-02 4.0000000000000001e-03  1.6034561796384416e-03
6.0000000000000053e-03 -3.3000000000000002e-02 4.0000000000000001e-03  1.5237939565431620e-03
6.0000000000000053e-03 -2.9999999999999999e-02 4.0000000000000001e-03  1.4632223071643963e-03
6.0000000000000053e-03 -2.6999999999999996e-02 4.0000000000000001e-03  1.4299423491007778e-03
6.0000000000000053e-03 -2.3999999999999997e-02 4.0000000000000001e-03  1.4055274568338294e-03
6.0000000000000053e-03 -2.0999999999999998e-02 4.0000000000000001e-03  1.3847369279482518e-03
6.0000000000000053e-03 -1.7999999999999999e-02 4.0000000000000001e-03  1.3586568551541937e-03
6.0000000000000053e-03 -1.4999999999999999e-02 4.0000000000000001e-03  1.3349630705539830e-03
6.0000000000000053e-03 -1.1999999999999997e-02 4.0000000000000001e-03  1.3291130447208798e-03
6.0000000000000053e-03 -8.9999999999999941e-03 4.0000000000000001e-03  1.3241365570723475e-03
6.0000000000000053e-03 -5.9999999999999984e-03 4.0000000000000001e-03  1.3153346526804854e-03
6.0000000000000053e-03 -2.9999999999999957e-03 4.0000000000000001e-03  1.3070358203427206e-03
6.0000000000000053e-03 0.0000000000000000e+00 4.0000000000000001e-03  1.3000454139976015e-03
6.0000000000000053e-03 3.0000000000000027e-03 4.0000000000000001e-03  1.2960025424121834e-03
6.0000000000000053e-03 6.0000000000000053e-03 4.0000000000000001e-03  1.3021225919427613e-03
6.0000000000000053e-03 9.0000000000000011e-03 4.0000000000000001e-03  1.3091360145691213e-03
6.0000000000000053e-03 1.2000000000000004e-02 4.0000000000000001e-03  1.3182540625513238e-03
6.0000000000000053e-03 1.4999999999999999e-02 4.0000000000000001e-03  1.3311384785642090e-03
6.0000000000000053e-03 1.8000000000000002e-02 4.0000000000000001e-03  1.3450850615639356e-03
6.0000000000000053e-03 2.1000000000000005e-02 4.0000000000000001e-03  1.3601149421444867e-03
6.0000000000000053e-03 2.4000000000000007e-02 4.0000000000000001e-03  1.3733877786959866e-03
6.0000000000000053e-03 2.7000000000000010e-02 4.0000000000000001e-03  1.3981218155604779e-03
6.0000000000000053e-03 2.9999999999999999e-02 4.0000000000000001e-03  1.4351892773614172e-03
6.0000000000000053e-03 3.3000000000000002e-02 4.0000000000000001e-03  1.4851994599254942e-03
6.0000000000000053e-03 3.6000000000000004e-02 4.0000000000000001e-03  1.5488102458117033e-03
6.0000000000000053e-03 3.9000000000000007e-02 4.0000000000000001e-03  1.6267281043113400e-03
6.0000000000000053e-03 4.2000000000000010e-02 4.0000000000000001e-03  1.7197080914480168e-03
6.0000000000000053e-03 4.4999999999999998e-02 4.0000000000000001e-03  1.8285538499776325e-03
9.0000000000000011e-03 -4.4999999999999998e-02 4.0000000000000001e-03  1.9326879260510108e-03
9.0000000000000011e-03 -4.1999999999999996e-02 4.0000000000000001e-03  1.8177246794101652e-03
9.0000000000000011e-03 -3.9000000000000000e-02 4.0000000000000001e-03  1.7158383571429054e-03
9.0000000000000011e-03 -3.5999999999999997e-02 4.0000000000000001e-03  1.6264093707771437e-03
9.0000000000000011e-03 -3.3000000000000002e-02 4.0000000000000001e-03  1.5488518563384868e-03
9.0000000000000011e-03 -2.9999999999999999e-02 4.0000000000000001e-03  1.4826136743502230e-03
9.0000000000000011e-03 -2.6999999999999996e-02 4.0000000000000001e-03  1.4331975648520688e-03
9.0000000000000011e-03 -2.3999999999999997e-02 4.0000000000000001e-03  1.4067221868551600e-03
9.0000000000000011e-03 -2.0999999999999998e-02 4.0000000000000001e-03  1.3873789502881848e-03
9.0000000000000011e-03 -1.7999999999999999e-02 4.0000000000000001e-03  1.3722942811470137e-03
9.0000000000000011e-03 -1.4999999999999999e-02 4.0000000000000001e-03  1.3563113437056028e-03
9.0000000000000011e-03 -1.1999999999999997e-02 4.0000000000000001e-03  1.3470843286340762e-03
9.0000000000000011e-03 -8.9999999999999941e-03 4.0000000000000001e-03  1.3353202121195280e-03
9.0000000000000011e-03 -5.9999999999999984e-03 4.0000000000000001e-03  1.3246030226342679e-03
9.0000000000000011e-03 -2.9999999999999957e-03 4.0000000000000001e-03  1.3151931185048261e-03
9.0000000000000011e-03 0.0000000000000000e+00 4.0000000000000001e-03  1.3099136614427567e-03
9.0000000000000011e-03 3.0000000000000027e-03 4.0000000000000001e-03  1.3137488439961605e-03
9.0000000000000011e-03 6.0000000000000053e-03 4.0000000000000001e-03  1.3184667085994189e-03
9.0000000000000011e-03 9.0000000000000011e-03 4.0000000000000001e-03  1.3240739945260707e-03
9.0000000000000011e-03 1.2000000000000004e-02 4.0000000000000001e-03  1.3305805498768392e-03
9.0000000000000011e-03 1.4999999999999999e-02 4.0000000000000001e-03  1.3406154164495316e-03
9.0000000000000011e-03 1.8000000000000002e-02 4.0000000000000001e-03  1.3544447199257011e-03
9.0000000000000011e-03 2.1000000000000005e-02 4.0000000000000001e-03  1.3693785023909727e-03
9.0000000000000011e-03 2.4000000000000007e-02 4.0000000000000001e-03  1.3848598378882145e-03
9.0000000000000011e-03 2.7000000000000010e-02 4.0000000000000001e-03  1.4040911782556894e-03
9.0000000000000011e-03 2.9999999999999999e-02 4.0000000000000001e-03  1.4352458440340576e-03
9.0000000000000011e-03 3.3000000000000002e-02 4.0000000000000001e-03  1.4788966147684000e-03
9.0000000000000011e-03 3.6000000000000004e-02 4.0000000000000001e-03  1.5356648567360959e-03
9.0000000000000011e-03 3.9000000000000007e-02 4.0000000000000001e-03  1.6062205229468319e-03
9.0000000000000011e-03 4.2000000000000010e-02 4.0000000000000001e-03  1.6912821531425996e-03
9.0000000000000011e-03 4.4999999999999998e-02 4.0000000000000001e-03  1.7916168737976946e-03
1.2000000000000004e-02 -4.4999999999999998e-02 4.0000000000000001e-03  1.9467473913081653e-03
1.2000000000000004e-02 -4.1999999999999996e-02 4.0000000000000001e-03  1.8337728797313884e-03
1.2000000000000004e-02 -3.9000000000000000e-02 4.0000000000000001e-03  1.7339413339821305e-03
1.2000000000000004e-02 -3.5999999999999997e-02 4.0000000000000001e-03  1.6466153338411810e-03
1.2000000000000004e-02 -3.3000000000000002e-02 4.0000000000000001e-03  1.5711911835870199e-03
1.2000000000000004e-02 -2.9999999999999999e-02 4.0000000000000001e-03  1.5070989119958182e-03
1.2000000000000004e-02 -2.6999999999999996e-02 4.0000000000000001e-03  1.4538022723414206e-03
1.2000000000000004e-02 -2.3999999999999997e-02 4.0000000000000001e-03  1.4151871371726730e-03
1.2000000000000004e-02 -2.0999999999999998e-02 4.0000000000000001e-03  1.3951383825094340e-03
1.2000000000000004e-02 -1.7999999999999999e-02 4.0000000000000001e-03  1.3806717021706144e-03
1.2000000000000004e-02 -1.4999999999999999e-02 4.0000000000000001e-03  1.3709487719331186e-03
1.2000000000000004e-02 -1.1999999999999997e-02 4.0000000000000001e-03  1.3603216146507251e-03
1.2000000000000004e-02 -8.9999999999999941e-03 4.0000000000000001e-03  1.3471848593664803e-03
1.2000000000000004e-02 -5.9999999999999984e-03 4.0000000000000001e-03  1.3353545896273547e-03
1.2000000000000004e-02 -2.9999999999999957e-03 4.0000000000000001e-03  1.3288734599056359e-03
1.2000000000000004e-02 0.0000000000000000e+00 4.0000000000000001e-03  1.3304284904329241e-03
1.2000000000000004e-02 3.0000000000000027e-03 4.0000000000000001e-03  1.3328612703557520e-03
1.2000000000000004e-02 6.0000000000000053e-03 4.0000000000000001e-03  1.3361734063268274e-03
1.2000000000000004e-02 9.0000000000000011e-03 4.0000000000000001e-03  1.3403696138260363e-03
1.2000000000000004e-02 1.2000000000000004e-02 4.0000000000000001e-03  1.3454577171604280e-03
1.2000000000000004e-02 1.4999999999999999e-02 4.0000000000000001e-03  1.3514486494642318e-03
1.2000000000000004e-02 1.8000000000000002e-02 4.0000000000000001e-03  1.3629421714678035e-03
1.2000000000000004e-02 2.1000000000000005e-02 4.0000000000000001e-03  1.3777631871967348e-03
1.2000000000000004e-02 2.4000000000000007e-02 4.0000000000000001e-03  1.3937312401473840e-03
1.2000000000000004e-02 2.7000000000000010e-02 4.0000000000000001e-03  1.4109477723298167e-03
1.2000000000000004e-02 2.9999999999999999e-02 4.0000000000000001e-03  1.4364890211087734e-03
1.2000000000000004e-02 3.3000000000000002e-02 4.0000000000000001e-03  1.4741144973129409e-03
1.2000000000000004e-02 3.6000000000000004e-02 4.0000000000000001e-03  1.5244090509380893e-03
1.2000000000000004e-02 3.9000000000000007e-02 4.0000000000000001e-03  1.5880061187122875e-03
1.2000000000000004e-02 4.2000000000000010e-02 4.0000000000000001e-03  1.6655877240959187e-03
1.2000000000000004e-02 4.4999999999999998e-02 4.0000000000000001e-03  1.7676142776318622e-03
1.4999999999999999e-02 -4.4999999999999998e-02 4.0000000000000001e-03  1.9580041848711225e-03
1.4999999999999999e-02 -4.1999999999999996e-02 4.0000000000000001e-03  1.8470370288431702e-03
1.4999999999999999e-02 -3.9000000000000000e-02 4.0000000000000001e-03  1.7492822651715796e-03
1.4999999999999999e-02 -3.5999999999999997e-02 4.0000000000000001e-03  1.6640846418900330e-03
1.4999999999999999e-02 -3.3000000000000002e-02 4.0000000000000001e-03  1.5908226315298794e-03
1.4999999999999999e-02 -2.9999999999999999e-02 4.0000000000000001e-03  1.5289084311201618e-03
1.4999999999999999e-02 -2.6999999999999996e-02 4.0000000000000001e-03  1.4777879621876064e-03
1.4999999999999999e-02 -2.3999999999999997e-02 4.0000000000000001e-03  1.4369408707566316e-03
1.4999999999999999e-02 -2.0999999999999998e-02 4.0000000000000001e-03  1.4087605801827519e-03
1.4999999999999999e-02 -1.7999999999999999e-02 4.0000000000000001e-03  1.3947265755720455e-03
1.4999999999999999e-02 -1.4999999999999999e-02 4.0000000000000001e-03  1.3829275463748290e-03
1.4999999999999999e-02 -1.1999999999999997e-02 4.0000000000000001e-03  1.3732234619117777e-03
1.4999999999999999e-02 -8.9999999999999941e-03 4.0000000000000001e-03  1.3605285626927838e-03
1.4999999999999999e-02 -5.9999999999999984e-03 4.0000000000000001e-03  1.3528805415032367e-03
1.4999999999999999e-02 -2.9999999999999957e-03 4.0000000000000001e-03  1.3521602921955202e-03
1.4999999999999999e-02 0.0000000000000000e+00 4.0000000000000001e-03  1.3523186180206522e-03
1.4999999999999999e-02 3.0000000000000027e-03 4.0000000000000001e-03  1.3533519930105048e-03
1.4999999999999999e-02 6.0000000000000053e-03 4.0000000000000001e-03  1.3552600000241229e-03
1.4999999999999999e-02 9.0000000000000011e-03 4.0000000000000001e-03  1.3580453307477252e-03
1.4999999999999999e-02 1.2000000000000004e-02 4.0000000000000001e-03  1.3617137856947012e-03
1.4999999999999999e-02 1.4999999999999999e-02 4.0000000000000001e-03  1.3662742742056100e-03
1.4999999999999999e-02 1.8000000000000002e-02 4.0000000000000001e-03  1.3717388144481853e-03
1.4999999999999999e-02 2.1000000000000005e-02 4.0000000000000001e-03  1.3852675059988658e-03
1.4999999999999999e-02 2.4000000000000007e-02 4.0000000000000001e-03  1.4011352536822564e-03
1.4999999999999999e-02 2.7000000000000010e-02 4.0000000000000001e-03  1.4181928430503392e-03
1.4999999999999999e-02 2.9999999999999999e-02 4.0000000000000001e-03  1.4387292136724397e-03
1.4999999999999999e-02 3.3000000000000002e-02 4.0000000000000001e-03  1.4706233616907731e-03
1.4999999999999999e-02 3.6000000000000004e-02 4.0000000000000001e-03  1.5147729315941173e-03
1.4999999999999999e-02 3.9000000000000007e-02 4.0000000000000001e-03  1.5755333264588537e-03
1.4999999999999999e-02 4.2000000000000010e-02 4.0000000000000001e-03  1.6535808054810750e-03
1.4999999999999999e-02 4.4999999999999998e-02 4.0000000000000001e-03  1.7616820832781549e-03
1.8000000000000002e-02 -4.4999999999999998e-02 4.0000000000000001e-03  1.9664704112905391e-03
1.8000000000000002e-02 -4.1999999999999996e-02 4.0000000000000001e-03  1.8575293514777893e-03
1.8000000000000002e-02 -3.9000000000000000e-02 4.0000000000000001e-03  1.7618734956251771e-03
1.8000000000000002e-02 -3.5999999999999997e-02 4.0000000000000001e-03  1.6788297600192515e-03
1.8000000000000002e-02 -3.3000000000000002e-02 4.0000000000000001e-03  1.6077587854442467e-03
1.8000000000000002e-02 -2.9999999999999999e-02 4.0000000000000001e-03  1.5480549371820764e-03
1.8000000000000002e-02 -2.6999999999999996e-02 4.0000000000000001e-03  1.4991463050123435e-03
1.8000000000000002e-02 -2.3999999999999997e-02 4.0000000000000001e-03  1.4604947032123418e-03
1.8000000000000002e-02 -2.0999999999999998e-02 4.0000000000000001e-03  1.4315956705570432e-03
1.8000000000000002e-02 -1.7999999999999999e-02 4.0000000000000001e-03  1.4114340640373260e-03
1.8000000000000002e-02 -1.4999999999999999e-02 4.0000000000000001e-03  1.3974486592660414e-03
1.8000000000000002e-02 -1.1999999999999997e-02 4.0000000000000001e-03  1.3862038694310592e-03
1.8000000000000002e-02 -8.9999999999999941e-03 4.0000000000000001e-03  1.3823528969352304e-03
1.8000000000000002e-02 -5.9999999999999984e-03 4.0000000000000001e-03  1.3790031683715018e-03
1.8000000000000002e-02 -2.9999999999999957e-03 4.0000000000000001e-03  1.3768377725438292e-03
1.8000000000000002e-02 0.0000000000000000e+00 4.0000000000000001e-03  1.3756089327668691e-03
1.8000000000000002e-02 3.0000000000000027e-03 4.0000000000000001e-03  1.3752510439009316e-03
1.8000000000000002e-02 6.0000000000000053e-03 4.0000000000000001e-03  1.3757616650113911e-03
1.8000000000000002e-02 9.0000000000000011e-03 4.0000000000000001e-03  1.3771414639908058e-03
1.8000000000000002e-02 1.2000000000000004e-02 4.0000000000000001e-03  1.3793942175588983e-03
1.8000000000000002e-02 1.4999999999999999e-02 4.0000000000000001e-03  1.3825268112625684e-03
1.8000000000000002e-02 1.8000000000000002e-02 4.0000000000000001e-03  1.3865492394758846e-03
1.8000000000000002e-02 2.1000000000000005e-02 4.0000000000000001e-03  1.3918950130019079e-03
1.8000000000000002e-02 2.4000000000000007e-02 4.0000000000000001e-03  1.4076566393336862e-03
1.8000000000000002e-02 2.7000000000000010e-02 4.0000000000000001e-03  1.4246343335854517e-03
1.8000000000000002e-02 2.9999999999999999e-02 4.0000000000000001e-03  1.4428449202152477e-03
1.8000000000000002e-02 3.3000000000000002e-02 4.0000000000000001e-03  1.4697248540797860e-03
1.8000000000000002e-02 3.6000000000000004e-02 4.0000000000000001e-03  1.5131255138691394e-03
1.8000000000000002e-02 3.9000000000000007e-02 4.0000000000000001e-03  1.5751821634561076e-03
1.8000000000000002e-02 4.2000000000000010e-02 4.0000000000000001e-03  1.6543224791249680e-03
1.8000000000000002e-02 4.4999999999999998e-02 4.0000000000000001e-03  1.7788797622480083e-03
2.1000000000000005e-02 -4.4999999999999998e-02 4.0000000000000001e-03  1.9721600671531313e-03
2.1000000000000005e-02 -4.1999999999999996e-02 4.0000000000000001e-03  1.8652639644036030e-03
2.1000000000000005e-02 -3.9000000000000000e-02 4.0000000000000001e-03  1.7717292622929069e-03
2.1000000000000005e-02 -3.5999999999999997e-02 4.0000000000000001e-03  1.6908650453604642e-03
2.1000000000000005e-02 -3.3000000000000002e-02 4.0000000000000001e-03  1.6220141226433787e-03
2.1000000000000005e-02 -2.9999999999999999e-02 4.0000000000000001e-03  1.5645530276764499e-03
2.1000000000000005e-02 -2.6999999999999996e-02 4.0000000000000001e-03  1.5264748844805876e-03
2.1000000000000005e-02 -2.3999999999999997e-02 4.0000000000000001e-03  1.4940687626120103e-03
2.1000000000000005e-02 -2.0999999999999998e-02 4.0000000000000001e-03  1.4653185383608246e-03
2.1000000000000005e-02 -1.7999999999999999e-02 4.0000000000000001e-03  1.4411805456508004e-03
2.1000000000000005e-02 -1.4999999999999999e-02 4.0000000000000001e-03  1.4222595847401790e-03
2.1000000000000005e-02 -1.1999999999999997e-02 4.0000000000000001e-03  1.4162132521469445e-03
2.1000000000000005e-02 -8.9999999999999941e-03 4.0000000000000001e-03  1.4160422419343375e-03
2.1000000000000005e-02 -5.9999999999999984e-03 4.0000000000000001e-03  1.4118254344772426e-03
2.1000000000000005e-02 -2.9999999999999957e-03 4.0000000000000001e-03  1.4077049680136938e-03
2.1000000000000005e-02 0.0000000000000000e+00 4.0000000000000001e-03  1.4043115352830758e-03
2.1000000000000005e-02 3.0000000000000027e-03 4.0000000000000001e-03  1.4016384611377772e-03
2.1000000000000005e-02 6.0000000000000053e-03 4.0000000000000001e-03  1.3996798727851150e-03
2.1000000000000005e-02 9.0000000000000011e-03 4.0000000000000001e-03  1.3984306997873281e-03
2.1000000000000005e-02 1.2000000000000004e-02 4.0000000000000001e-03  1.3985623352532239e-03
2.1000000000000005e-02 1.4999999999999999e-02 4.0000000000000001e-03  1.4002747265148881e-03
2.1000000000000005e-02 1.8000000000000002e-02 4.0000000000000001e-03  1.4028613370412897e-03
2.1000000000000005e-02 2.1000000000000005e-02 4.0000000000000001e-03  1.4063332462400133e-03
2.1000000000000005e-02 2.4000000000000007e-02 4.0000000000000001e-03  1.4133080378441515e-03
2.1000000000000005e-02 2.7000000000000010e-02 4.0000000000000001e-03  1.4302068316614548e-03
2.1000000000000005e-02 2.9999999999999999e-02 4.0000000000000001e-03  1.4548215473246810e-03
2.1000000000000005e-02 3.3000000000000002e-02 4.0000000000000001e-03  1.4907785340550917e-03
2.1000000000000005e-02 3.6000000000000004e-02 4.0000000000000001e-03  1.5300465689721755e-03
2.1000000000000005e-02 3.9000000000000007e-02 4.0000000000000001e-03  1.5786347198682681e-03
2.1000000000000005e-02 4.2000000000000010e-02 4.0000000000000001e-03  1.6598605124291345e-03
2.1000000000000005e-02 4.4999999999999998e-02 4.0000000000000001e-03  1.7857149176641394e-03
2.4000000000000007e-02 -4.4999999999999998e-02 4.0000000000000001e-03  1.9750890410816947e-03
2.4000000000000007e-02 -4.1999999999999996e-02 4.0000000000000001e-03  1.8702568764250435e-03
2.4000000000000007e-02 -3.9000000000000000e-02 4.0000000000000001e-03  1.7788656941608322e-03
2.4000000000000007e-02 -3.5999999999999997e-02 4.0000000000000001e-03  1.7206645447933621e-03
2.4000000000000007e-02 -3.3000000000000002e-02 4.0000000000000001e-03  1.6676617519229685e-03
2.4000000000000007e-02 -2.9999999999999999e-02 4.0000000000000001e-03  1.6178853558209859e-03
2.4000000000000007e-02 -2.6999999999999996e-02 4.0000000000000001e-03  1.5749056032719215e-03
2.4000000000000007e-02 -2.3999999999999997e-02 4.0000000000000001e-03  1.5382964695400229e-03
2.4000000000000007e-02 -2.0999999999999998e-02 4.0000000000000001e-03  1.5076727012585524e-03
2.4000000000000007e-02 -1.7999999999999999e-02 4.0000000000000001e-03  1.4826898164297729e-03
2.4000000000000007e-02 -1.4999999999999999e-02 4.0000000000000001e-03  1.4630441044249751e-03
2.4000000000000007e-02 -1.1999999999999997e-02 4.0000000000000001e-03  1.4519197705782272e-03
2.4000000000000007e-02 -8.9999999999999941e-03 4.0000000000000001e-03  1.4541695382333619e-03
2.4000000000000007e-02 -5.9999999999999984e-03 4.0000000000000001e-03  1.4521136435574609e-03
2.4000000000000007e-02 -2.9999999999999957e-03 4.0000000000000001e-03  1.4464014948973158e-03
2.4000000000000007e-02 0.0000000000000000e+00 4.0000000000000001e-03  1.4414315085234438e-03
2.4000000000000007e-02 3.0000000000000027e-03 4.0000000000000001e-03  1.4371973773514408e-03
2.4000000000000007e-02 6.0000000000000053e-03 4.0000000000000001e-03  1.4336935966518280e-03
2.4000000000000007e-02 9.0000000000000011e-03 4.0000000000000001e-03  1.4309154640500541e-03
2.4000000000000007e-02 1.2000000000000004e-02 4.0000000000000001e-03  1.4288590795264928e-03
2.4000000000000007e-02 1.4999999999999999e-02 4.0000000000000001e-03  1.4275213454164467e-03
2.4000000000000007e-02 1.8000000000000002e-02 4.0000000000000001e-03  1.4268999664101467e-03
2.4000000000000007e-02 2.1000000000000005e-02 4.0000000000000001e-03  1.4269934495527382e-03
2.4000000000000007e-02 2.4000000000000007e-02 4.0000000000000001e-03  1.4278011042443116e-03
2.4000000000000007e-02 2.7000000000000010e-02 4.0000000000000001e-03  1.4473587689723645e-03
2.4000000000000007e-02 2.9999999999999999e-02 4.0000000000000001e-03  1.4847737063312357e-03
2.4000000000000007e-02 3.3000000000000002e-02 4.0000000000000001e-03  1.5209068984442054e-03
2.4000000000000007e-02 3.6000000000000004e-02 4.0000000000000001e-03  1.5543722610435896e-03
2.4000000000000007e-02 3.9000000000000007e-02 4.0000000000000001e-03  1.5835170790332908e-03
2.4000000000000007e-02 4.2000000000000010e-02 4.0000000000000001e-03  1.6576664417873299e-03
2.4000000000000007e-02 4.4999999999999998e-02 4.0000000000000001e-03  1.7799055702451192e-03
2.7000000000000010e-02 -4.4999999999999998e-02 4.0000000000000001e-03  2.0053316755531507e-03
2.7000000000000010e-02 -4.1999999999999996e-02 4.0000000000000001e-03  1.9215426633601262e-03
2.7000000000000010e-02 -3.9000000000000000e-02 4.0000000000000001e-03  1.8467823788798658e-03
2.7000000000000010e-02 -3.5999999999999997e-02 4.0000000000000001e-03  1.7804615493466323e-03
2.7000000000000010e-02 -3.3000000000000002e-02 4.0000000000000001e-03  1.7220316733637113e-03
2.7000000000000010e-02 -2.9999999999999999e-02 4.0000000000000001e-03  1.6709850209033835e-03
2.7000000000000010e-02 -2.6999999999999996e-02 4.0000000000000001e-03  1.6268546333069484e-03
2.7000000000000010e-02 -2.3999999999999997e-02 4.0000000000000001e-03  1.5892143232847107e-03
2.7000000000000010e-02 -2.0999999999999998e-02 4.0000000000000001e-03  1.5576786749159921e-03
2.7000000000000010e-02 -1.7999999999999999e-02 4.0000000000000001e-03  1.5319030436491208e-03
2.7000000000000010e-02 -1.4999999999999999e-02 4.0000000000000001e-03  1.5115835563014341e-03
2.7000000000000010e-02 -1.1999999999999997e-02 4.0000000000000001e-03  1.4964571110592810e-03
2.7000000000000010e-02 -8.9999999999999941e-03 4.0000000000000001e-03  1.4976618043274969e-03
2.7000000000000010e-02 -5.9999999999999984e-03 4.0000000000000001e-03  1.5004558596587066e-03
2.7000000000000010e-02 -2.9999999999999957e-03 4.0000000000000001e-03  1.4930647360248952e-03
2.7000000000000010e-02 0.0000000000000000e+00 4.0000000000000001e-03  1.4864308686424004e-03
2.7000000000000010e-02 3.0000000000000027e-03 4.0000000000000001e-03  1.4805483184900220e-03
2.7000000000000010e-02 6.0000000000000053e-03 4.0000000000000001e-03  1.4754119489014919e-03
2.7000000000000010e-02 9.0000000000000011e-03 4.0000000000000001e-03  1.4710174255654603e-03
2.7000000000000010e-02 1.2000000000000004e-02 4.0000000000000001e-03  1.4673612165255116e-03
2.7000000000000010e-02 1.4999999999999999e-02 4.0000000000000001e-03  1.4644405921801495e-03
2.7000000000000010e-02 1.8000000000000002e-02 4.0000000000000001e-03  1.4622536252828099e-03
2.7000000000000010e-02 2.1000000000000005e-02 4.0000000000000001e-03  1.4607991909418548e-03
2.7000000000000010e-02 2.4000000000000007e-02 4.0000000000000001e-03  1.4710788927739513e-03
2.7000000000000010e-02 2.7000000000000010e-02 4.0000000000000001e-03  1.4878033323871597e-03
2.7000000000000010e-02 2.9999999999999999e-02 4.0000000000000001e-03  1.5191985575085866e-03
2.7000000000000010e-02 3.3000000000000002e-02 4.0000000000000001e-03  1.5542591272826049e-03
2.7000000000000010e-02 3.6000000000000004e-02 4.0000000000000001e-03  1.5964296933446195e-03
2.7000000000000010e-02 3.9000000000000007e-02 4.0000000000000001e-03  1.6464453178643254e-03
2.7000000000000010e-02 4.2000000000000010e-02 4.0000000000000001e-03  1.6974647847493509e-03
2.7000000000000010e-02 4.4999999999999998e-02 4.0000000000000001e-03  1.7940664210458460e-03
2.9999999999999999e-02 -4.4999999999999998e-02 4.0000000000000001e-03  2.0689322536908898e-03
2.9999999999999999e-02 -4.1999999999999996e-02 4.0000000000000001e-03  1.9879700351516207e-03
2.9999999999999999e-02 -3.9000000000000000e-02 4.0000000000000001e-03  1.9116525450340149e-03
2.9999999999999999e-02 -3.5999999999999997e-02 4.0000000000000001e-03  1.8438934489068692e-03
2.9999999999999999e-02 -3.3000000000000002e-02 4.0000000000000001e-03  1.7841440828195137e-03
2.9999999999999999e-02 -2.9999999999999999e-02 4.0000000000000001e-03  1.7318965541903064e-03
2.9999999999999999e-02 -2.6999999999999996e-02 4.0000000000000001e-03  1.6866837418065912e-03
2.9999999999999999e-02 -2.3999999999999997e-02 4.0000000000000001e-03  1.6480792958247423e-03
2.9999999999999999e-02 -2.0999999999999998e-02 4.0000000000000001e-03  1.6156976377701376e-03
2.9999999999999999e-02 -1.7999999999999999e-02 4.0000000000000001e-03  1.5891939605371592e-03
2.9999999999999999e-02 -1.4999999999999999e-02 4.0000000000000001e-03  1.5682642283892092e-03
2.9999999999999999e-02 -1.1999999999999997e-02 4.0000000000000001e-03  1.5526451769586919e-03
2.9999999999999999e-02 -8.9999999999999941e-03 4.0000000000000001e-03  1.5469491844295857e-03
2.9999999999999999e-02 -5.9999999999999984e-03 4.0000000000000001e-03  1.5574175099537886e-03
2.9999999999999999e-02 -2.9999999999999957e-03 4.0000000000000001e-03  1.5483387197758422e-03
2.9999999999999999e-02 0.0000000000000000e+00 4.0000000000000001e-03  1.5399675793820310e-03
2.9999999999999999e-02 3.0000000000000027e-03 4.0000000000000001e-03  1.5323631836582905e-03
2.9999999999999999e-02 6.0000000000000053e-03 4.0000000000000001e-03  1.5255207640015494e-03
2.9999999999999999e-02 9.0000000000000011e-03 4.0000000000000001e-03  1.5194363541636727e-03
2.9999999999999999e-02 1.2000000000000004e-02 4.0000000000000001e-03  1.5141067902514427e-03
2.9999999999999999e-02 1.4999999999999999e-02 4.0000000000000001e-03  1.5095297107265723e-03
2.9999999999999999e-02 1.8000000000000002e-02 4.0000000000000001e-03  1.5057035564057092e-03
2.9999999999999999e-02 2.1000000000000005e-02 4.0000000000000001e-03  1.5130299257641270e-03
2.9999999999999999e-02 2.4000000000000007e-02 4.0000000000000001e-03  1.5240090796589780e-03
2.9999999999999999e-02 2.7000000000000010e-02 4.0000000000000001e-03  1.5368584195129126e-03
2.9999999999999999e-02 2.9999999999999999e-02 4.0000000000000001e-03  1.5522398830587340e-03
2.9999999999999999e-02 3.3000000000000002e-02 4.0000000000000001e-03  1.5863541491011133e-03
2.9999999999999999e-02 3.6000000000000004e-02 4.0000000000000001e-03  1.6410702340709134e-03
2.9999999999999999e-02 3.9000000000000007e-02 4.0000000000000001e-03  1.6893013337530300e-03
2.9999999999999999e-02 4.2000000000000010e-02 4.0000000000000001e-03  1.7795395468889863e-03
2.9999999999999999e-02 4.4999999999999998e-02 4.0000000000000001e-03  1.8572072386715134e-03
3.3000000000000002e-02 -4.4999999999999998e-02 4.0000000000000001e-03  2.1287713060116060e-03
3.3000000000000002e-02 -4.1999999999999996e-02 4.0000000000000001e-03  2.0562243428809074e-03
3.3000000000000002e-02 -3.9000000000000000e-02 4.0000000000000001e-03  1.9854713709005394e-03
3.3000000000000002e-02 -3.5999999999999997e-02 4.0000000000000001e-03  1.9163632482982690e-03
3.3000000000000002e-02 -3.3000000000000002e-02 4.0000000000000001e-03  1.8543783397704237e-03
3.3000000000000002e-02 -2.9999999999999999e-02 4.0000000000000001e-03  1.8010118699531223e-03
3.3000000000000002e-02 -2.6999999999999996e-02 4.0000000000000001e-03  1.7547973978335601e-03
3.3000000000000002e-02 -2.3999999999999997e-02 4.0000000000000001e-03  1.7153084110141574e-03
3.3000000000000002e-02 -2.0999999999999998e-02 4.0000000000000001e-03  1.6821591684663489e-03
3.3000000000000002e-02 -1.7999999999999999e-02 4.0000000000000001e-03  1.6550047005305856e-03
3.3000000000000002e-02 -1.4999999999999999e-02 4.0000000000000001e-03  1.6335408089163215e-03
3.3000000000000002e-02 -1.1999999999999997e-02 4.0000000000000001e-03  1.6175040667020266e-03
3.3000000000000002e-02 -8.9999999999999941e-03 4.0000000000000001e-03  1.6066718183351722e-03
3.3000000000000002e-02 -5.9999999999999984e-03 4.0000000000000001e-03  1.6157569854422453e-03
3.3000000000000002e-02 -2.9999999999999957e-03 4.0000000000000001e-03  1.6129095034997489e-03
3.3000000000000002e-02 0.0000000000000000e+00 4.0000000000000001e-03  1.6027416334546132e-03
3.3000000000000002e-02 3.0000000000000027e-03 4.0000000000000001e-03  1.5933559009311913e-03
3.3000000000000002e-02 6.0000000000000053e-03 4.0000000000000001e-03  1.5847479053896284e-03
3.3000000000000002e-02 9.0000000000000011e-03 4.0000000000000001e-03  1.5769140486449882e-03
3.3000000000000002e-02 1.2000000000000004e-02 4.0000000000000001e-03  1.5698515348672667e-03
3.3000000000000002e-02 1.4999999999999999e-02 4.0000000000000001e-03  1.5635583705813810e-03
3.3000000000000002e-02 1.8000000000000002e-02 4.0000000000000001e-03  1.5669820849036208e-03
3.3000000000000002e-02 2.1000000000000005e-02 4.0000000000000001e-03  1.5722356633959171e-03
3.3000000000000002e-02 2.4000000000000007e-02 4.0000000000000001e-03  1.5792478412227421e-03
3.3000000000000002e-02 2.7000000000000010e-02 4.0000000000000001e-03  1.5880113287694223e-03
3.3000000000000002e-02 2.9999999999999999e-02 4.0000000000000001e-03  1.5985302249939427e-03
3.3000000000000002e-02 3.3000000000000002e-02 4.0000000000000001e-03  1.6174572433951568e-03
3.3000000000000002e-02 3.6000000000000004e-02 4.0000000000000001e-03  1.6913644863667510e-03
3.3000000000000002e-02 3.9000000000000007e-02 4.0000000000000001e-03  1.7691293638733567e-03
3.3000000000000002e-02 4.2000000000000010e-02 4.0000000000000001e-03  1.8161805949982121e-03
3.3000000000000002e-02 4.4999999999999998e-02 4.0000000000000001e-03  1.9336672988249086e-03
3.6000000000000004e-02 -4.4999999999999998e-02 4.0000000000000001e-03  2.1911936446635232e-03
3.6000000000000004e-02 -4.1999999999999996e-02 4.0000000000000001e-03  2.1270787570224292e-03
3.6000000000000004e-02 -3.9000000000000000e-02 4.0000000000000001e-03  2.0645296647859115e-03
3.6000000000000004e-02 -3.5999999999999997e-02 4.0000000000000001e-03  2.0033717808539604e-03
3.6000000000000004e-02 -3.3000000000000002e-02 4.0000000000000001e-03  1.9434574179842191e-03
3.6000000000000004e-02 -2.9999999999999999e-02 4.0000000000000001e-03  1.8846657887919775e-03
3.6000000000000004e-02 -2.6999999999999996e-02 4.0000000000000001e-03  1.8316684706589227e-03
3.6000000000000004e-02 -2.3999999999999997e-02 4.0000000000000001e-03  1.7913870929153507e-03
3.6000000000000004e-02 -2.0999999999999998e-02 4.0000000000000001e-03  1.7575612458583646e-03
3.6000000000000004e-02 -1.7999999999999999e-02 4.0000000000000001e-03  1.7298457972744661e-03
3.6000000000000004e-02 -1.4999999999999999e-02 4.0000000000000001e-03  1.7079363863191704e-03
3.6000000000000004e-02 -1.1999999999999997e-02 4.0000000000000001e-03  1.6915694235170096e-03
3.6000000000000004e-02 -8.9999999999999941e-03 4.0000000000000001e-03  1.6805220907615132e-03
3.6000000000000004e-02 -5.9999999999999984e-03 4.0000000000000001e-03  1.6809951786650511e-03
3.6000000000000004e-02 -2.9999999999999957e-03 4.0000000000000001e-03  1.6875051735164002e-03
3.6000000000000004e-02 0.0000000000000000e+00 4.0000000000000001e-03  1.6754950525425965e-03
3.6000000000000004e-02 3.0000000000000027e-03 4.0000000000000001e-03  1.6642824273538606e-03
3.6000000000000004e-02 6.0000000000000053e-03 4.0000000000000001e-03  1.6538632654735362e-03
3.6000000000000004e-02 9.0000000000000011e-03 4.0000000000000001e-03  1.6442343367798981e-03
3.6000000000000004e-02 1.2000000000000004e-02 4.0000000000000001e-03  1.6361487247735307e-03
3.6000000000000004e-02 1.4999999999999999e-02 4.0000000000000001e-03  1.6340424997400766e-03
3.6000000000000004e-02 1.8000000000000002e-02 4.0000000000000001e-03  1.6336098749118370e-03
3.6000000000000004e-02 2.1000000000000005e-02 4.0000000000000001e-03  1.6348245630175926e-03
3.6000000000000004e-02 2.4000000000000007e-02 4.0000000000000001e-03  1.6376716653587827e-03
3.6000000000000004e-02 2.7000000000000010e-02 4.0000000000000001e-03  1.6421476718095178e-03
3.6000000000000004e-02 2.9999999999999999e-02 4.0000000000000001e-03  1.6482604608165934e-03
3.6000000000000004e-02 3.3000000000000002e-02 4.0000000000000001e-03  1.6696740011564078e-03
3.6000000000000004e-02 3.6000000000000004e-02 4.0000000000000001e-03  1.7486891731815211e-03
3.6000000000000004e-02 3.9000000000000007e-02 4.0000000000000001e-03  1.8534990518284775e-03
3.6000000000000004e-02 4.2000000000000010e-02 4.0000000000000001e-03  1.9091318207500665e-03
3.6000000000000004e-02 4.4999999999999998e-02 4.0000000000000001e-03  1.9854993588746791e-03
3.9000000000000007e-02 -4.4999999999999998e-02 4.0000000000000001e-03  2.2565336088704721e-03
3.9000000000000007e-02 -4.1999999999999996e-02 4.0000000000000001e-03  2.2011082297460831e-03
3.9000000000000007e-02 -3.9000000000000000e-02 4.0000000000000001e-03  2.1470621342875029e-03
3.9000000000000007e-02 -3.5999999999999997e-02 4.0000000000000001e-03  2.0941952900669510e-03
3.9000000000000007e-02 -3.3000000000000002e-02 4.0000000000000001e-03  2.0423345645142858e-03
3.9000000000000007e-02 -2.9999999999999999e-02 4.0000000000000001e-03  1.9913337249170340e-03
3.9000000000000007e-02 -2.6999999999999996e-02 4.0000000000000001e-03  1.9410734384203445e-03
3.9000000000000007e-02 -2.3999999999999997e-02 4.0000000000000001e-03  1.8914612720270366e-03
3.9000000000000007e-02 -2.0999999999999998e-02 4.0000000000000001e-03  1.8424702490082859e-03
3.9000000000000007e-02 -1.7999999999999999e-02 4.0000000000000001e-03  1.8142961846222333e-03
3.9000000000000007e-02 -1.4999999999999999e-02 4.0000000000000001e-03  1.7920424492425225e-03
3.9000000000000007e-02 -1.1999999999999997e-02 4.0000000000000001e-03  1.7754452908397354e-03
3.9000000000000007e-02 -8.9999999999999941e-03 4.0000000000000001e-03  1.7642817287534703e-03
3.9000000000000007e-02 -5.9999999999999984e-03 4.0000000000000001e-03  1.7583695536923316e-03
3.9000000000000007e-02 -2.9999999999999957e-03 4.0000000000000001e-03  1.7728958451157565e-03
3.9000000000000007e-02 0.0000000000000000e+00 4.0000000000000001e-03  1.7590118872986263e-03
3.9000000000000007e-02 3.0000000000000027e-03 4.0000000000000001e-03  1.7459407489416134e-03
3.9000000000000007e-02 6.0000000000000053e-03 4.0000000000000001e-03  1.7336787656312721e-03
3.9000000000000007e-02 9.0000000000000011e-03 4.0000000000000001e-03  1.7229366941698492e-03
3.9000000000000007e-02 1.2000000000000004e-02 4.0000000000000001e-03  1.7153066767567609e-03
3.9000000000000007e-02 1.4999999999999999e-02 4.0000000000000001e-03  1.7092468824562331e-03
3.9000000000000007e-02 1.8000000000000002e-02 4.0000000000000001e-03  1.7047234149131685e-03
3.9000000000000007e-02 2.1000000000000005e-02 4.0000000000000001e-03  1.7017137663451281e-03
3.9000000000000007e-02 2.4000000000000007e-02 4.0000000000000001e-03  1.7113103017227008e-03
3.9000000000000007e-02 2.7000000000000010e-02 4.0000000000000001e-03  1.7349183132375195e-03
3.9000000000000007e-02 2.9999999999999999e-02 4.0000000000000001e-03  1.7569730658545590e-03
3.9000000000000007e-02 3.3000000000000002e-02 4.0000000000000001e-03  1.7774804068501091e-03
3.9000000000000007e-02 3.6000000000000004e-02 4.0000000000000001e-03  1.8145779972825197e-03
3.9000000000000007e-02 3.9000000000000007e-02 4.0000000000000001e-03  1.9450713287565769e-03
3.9000000000000007e-02 4.2000000000000010e-02 4.0000000000000001e-03  2.0219360794294012e-03
3.9000000000000007e-02 4.4999999999999998e-02 4.0000000000000001e-03  2.0623178865809065e-03
4.2000000000000010e-02 -4.4999999999999998e-02 4.0000000000000001e-03  2.3254734518567324e-03
4.2000000000000010e-02 -4.1999999999999996e-02 4.0000000000000001e-03  2.2790150199905311e-03
4.2000000000000010e-02 -3.9000000000000000e-02 4.0000000000000001e-03  2.2337910440583557e-03
4.2000000000000010e-02 -3.5999999999999997e-02 4.0000000000000001e-03  2.1895760463046558e-03
4.2000000000000010e-02 -3.3000000000000002e-02 4.0000000000000001e-03  2.1461714488315163e-03
4.2000000000000010e-02 -2.9999999999999999e-02 4.0000000000000001e-03  2.1034055735986790e-03
4.2000000000000010e-02 -2.6999999999999996e-02 4.0000000000000001e-03  2.0611336424235308e-03
4.2000000000000010e-02 -2.3999999999999997e-02 4.0000000000000001e-03  2.0192377769811059e-03
4.2000000000000010e-02 -2.0999999999999998e-02 4.0000000000000001e-03  1.9776269988040929e-03
4.2000000000000010e-02 -1.7999999999999999e-02 4.0000000000000001e-03  1.9362372292828136e-03
4.2000000000000010e-02 -1.4999999999999999e-02 4.0000000000000001e-03  1.8950312896652468e-03
4.2000000000000010e-02 -1.1999999999999997e-02 4.0000000000000001e-03  1.8698041123146785e-03
4.2000000000000010e-02 -8.9999999999999941e-03 4.0000000000000001e-03  1.8586357307468564e-03
4.2000000000000010e-02 -5.9999999999999984e-03 4.0000000000000001e-03  1.8528313699906979e-03
4.2000000000000010e-02 -2.9999999999999957e-03 4.0000000000000001e-03  1.8604381089078049e-03
4.2000000000000010e-02 0.0000000000000000e+00 4.0000000000000001e-03  1.8541182173455266e-03
4.2000000000000010e-02 3.0000000000000027e-03 4.0000000000000001e-03  1.8391708806799582e-03
4.2000000000000010e-02 6.0000000000000053e-03 4.0000000000000001e-03  1.8249339137748107e-03
4.2000000000000010e-02 9.0000000000000011e-03 4.0000000000000001e-03  1.8118584993725433e-03
4.2000000000000010e-02 1.2000000000000004e-02 4.0000000000000001e-03  1.8002502312142001e-03
4.2000000000000010e-02 1.4999999999999999e-02 4.0000000000000001e-03  1.7900676038607912e-03
4.2000000000000010e-02 1.8000000000000002e-02 4.0000000000000001e-03  1.8143530204370645e-03
4.2000000000000010e-02 2.1000000000000005e-02 4.0000000000000001e-03  1.8387751542009746e-03
4.2000000000000010e-02 2.4000000000000007e-02 4.0000000000000001e-03  1.8615774929540180e-03
4.2000000000000010e-02 2.7000000000000010e-02 4.0000000000000001e-03  1.8827642296155552e-03
4.2000000000000010e-02 2.9999999999999999e-02 4.0000000000000001e-03  1.9023422142252296e-03
4.2000000000000010e-02 3.3000000000000002e-02 4.0000000000000001e-03  1.9203209539429529e-03
4.2000000000000010e-02 3.6000000000000004e-02 4.0000000000000001e-03  1.9367126130489254e-03
4.2000000000000010e-02 3.9000000000000007e-02 4.0000000000000001e-03  2.0386664899594907e-03
4.2000000000000010e-02 4.2000000000000010e-02 4.0000000000000001e-03  2.1117277665743130e-03
4.2000000000000010e-02 4.4999999999999998e-02 4.0000000000000001e-03  2.1342148430644244e-03
4.4999999999999998e-02 -4.4999999999999998e-02 4.0000000000000001e-03  2.3990433408470025e-03
4.4999999999999998e-02 -4.1999999999999996e-02 4.0000000000000001e-03  2.3618493006948571e-03
4.4999999999999998e-02 -3.9000000000000000e-02 4.0000000000000001e-03  2.3257865727519442e-03
4.4999999999999998e-02 -3.5999999999999997e-02 4.0000000000000001e-03  2.2906042339349364e-03
4.4999999999999998e-02 -3.3000000000000002e-02 4.0000000000000001e-03  2.2560782610181454e-03
4.4999999999999998e-02 -2.9999999999999999e-02 4.0000000000000001e-03  2.2220115306335404e-03
4.4999999999999998e-02 -2.6999999999999996e-02 4.0000000000000001e-03  2.1882338192707350e-03
4.4999999999999998e-02 -2.3999999999999997e-02 4.0000000000000001e-03  2.1546018032769865e-03
4.4999999999999998e-02 -2.0999999999999998e-02 4.0000000000000001e-03  2.1209990588572027e-03
4.4999999999999998e-02 -1.7999999999999999e-02 4.0000000000000001e-03  2.0873360620739419e-03
4.4999999999999998e-02 -1.4999999999999999e-02 4.0000000000000001e-03  2.0535501888474059e-03
4.4999999999999998e-02 -1.1999999999999997e-02 4.0000000000000001e-03  2.0196057149554462e-03
4.4999999999999998e-02 -8.9999999999999941e-03 4.0000000000000001e-03  1.9854938160335611e-03
4.4999999999999998e-02 -5.9999999999999984e-03 4.0000000000000001e-03  1.9587637436458243e-03
4.4999999999999998e-02 -2.9999999999999957e-03 4.0000000000000001e-03  1.9585237135444043e-03
4.4999999999999998e-02 0.0000000000000000e+00 4.0000000000000001e-03  1.9616821512763059e-03
4.4999999999999998e-02 3.0000000000000027e-03 4.0000000000000001e-03  1.9431929821766857e-03
4.4999999999999998e-02 6.0000000000000053e-03 4.0000000000000001e-03  1.9247702279419259e-03
4.4999999999999998e-02 9.0000000000000011e-03 4.0000000000000001e-03  1.9289682634072128e-03
4.4999999999999998e-02 1.2000000000000004e-02 4.0000000000000001e-03  1.9559975185068903e-03
4.4999999999999998e-02 1.4999999999999999e-02 4.0000000000000001e-03  1.9813470599142837e-03
4.4999999999999998e-02 1.8000000000000002e-02 4.0000000000000001e-03  2.0050167690715622e-03
4.4999999999999998e-02 2.1000000000000005e-02 4.0000000000000001e-03  2.0270091845411634e-03
4.4999999999999998e-02 2.4000000000000007e-02 4.0000000000000001e-03  2.0473295020058012e-03
4.4999999999999998e-02 2.7000000000000010e-02 4.0000000000000001e-03  2.0659855742684754e-03
4.4999999999999998e-02 2.9999999999999999e-02 4.0000000000000001e-03  2.0829879112524629e-03
4.4999999999999998e-02 3.3000000000000002e-02 4.0000000000000001e-03  2.0983496800013103e-03
4.4999999999999998e-02 3.6000000000000004e-02 4.0000000000000001e-03  2.1120867046788418e-03
4.4999999999999998e-02 3.9000000000000007e-02 4.0000000000000001e-03  2.1403494470886536e-03
4.4999999999999998e-02 4.2000000000000010e-02 4.0000000000000001e-03  2.1939986170697728e-03
4.4999999999999998e-02 4.4999999999999998e-02 4.0000000000000001e-03  2.2061512431949832e-03
