Grid Output Min: [-45mm -45mm 4mm] Max: [45mm 45mm 4mm] Grid Size: [3mm 3mm 0mm]
X, Y, Z, Scalar data "Mag_B"
-4.4999999999999998e-02 -4.4999999999999998e-02 4.0000000000000001e-03  2.3785089931943702e-03
-4.4999999999999998e-02 -4.1999999999999996e-02 4.0000000000000001e-03  2.2549552106221524e-03
-4.4999999999999998e-02 -3.9000000000000000e-02 4.0000000000000001e-03  2.1468089530866045e-03
-4.4999999999999998e-02 -3.5999999999999997e-02 4.0000000000000001e-03  2.0525879332835492e-03
-4.4999999999999998e-02 -3.3000000000000002e-02 4.0000000000000001e-03  1.9709497645835823e-03
-4.4999999999999998e-02 -2.9999999999999999e-02 4.0000000000000001e-03  1.9006919610320963e-03
-4.4999999999999998e-02 -2.6999999999999996e-02 4.0000000000000001e-03  1.8407519373492727e-03
-4.4999999999999998e-02 -2.3999999999999997e-02 4.0000000000000001e-03  1.8683516621323987e-03
-4.4999999999999998e-02 -2.0999999999999998e-02 4.0000000000000001e-03  1.8996731749583097e-03
-4.4999999999999998e-02 -1.7999999999999999e-02 4.0000000000000001e-03  1.8897058007911367e-03
-4.4999999999999998e-02 -1.4999999999999999e-02 4.0000000000000001e-03  1.8386020031408809e-03
-4.4999999999999998e-02 -1.1999999999999997e-02 4.0000000000000001e-03  1.8156383347199653e-03
-4.4999999999999998e-02 -8.9999999999999941e-03 4.0000000000000001e-03  1.8179935900928675e-03
-4.4999999999999998e-02 -5.9999999999999984e-03 4.0000000000000001e-03  1.8197532295029036e-03
-4.4999999999999998e-02 -2.9999999999999957e-03 4.0000000000000001e-03  1.8224885214135273e-03
-4.4999999999999998e-02 0.0000000000000000e+00 4.0000000000000001e-03  1.8690298236439099e-03
-4.4999999999999998e-02 3.0000000000000027e-03 4.0000000000000001e-03  1.7747379345520015e-03
-4.4999999999999998e-02 6.0000000000000053e-03 4.0000000000000001e-03  1.7803649117810617e-03
-4.4999999999999998e-02 9.0000000000000011e-03 4.0000000000000001e-03  1.8069241271833020e-03
-4.4999999999999998e-02 1.2000000000000004e-02 4.0000000000000001e-03  1.8142892306886804e-03
-4.4999999999999998e-02 1.4999999999999999e-02 4.0000000000000001e-03  1.8050557379514268e-03
-4.4999999999999998e-02 1.8000000000000002e-02 4.0000000000000001e-03  1.8229291919143011e-03
-4.4999999999999998e-02 2.1000000000000005e-02 4.0000000000000001e-03  1.8156244824947894e-03
-4.4999999999999998e-02 2.4000000000000007e-02 4.0000000000000001e-03  1.8485775542820249e-03
-4.4999999999999998e-02 2.7000000000000010e-02 4.0000000000000001e-03  1.8788688580778346e-03
-4.4999999999999998e-02 2.9999999999999999e-02 4.0000000000000001e-03  1.9127218064074402e-03
-4.4999999999999998e-02 3.3000000000000002e-02 4.0000000000000001e-03  1.9502609580884021e-03
-4.4999999999999998e-02 3.6000000000000004e-02 4.0000000000000001e-03  1.9916593636176384e-03
-4.4999999999999998e-02 3.9000000000000007e-02 4.0000000000000001e-03  2.0371385651714118e-03
-4.4999999999999998e-02 4.2000000000000010e-02 4.0000000000000001e-03  2.0916185296577221e-03
-4.4999999999999998e-02 4.4999999999999998e-02 4.0000000000000001e-03  2.1638586706785659e-03
-4.1999999999999996e-02 -4.4999999999999998e-02 4.0000000000000001e-03  2.3114437632759575e-03
-4.1999999999999996e-02 -4.1999999999999996e-02 4.0000000000000001e-03  2.1509924955928658e-03
-4.1999999999999996e-02 -3.9000000000000000e-02 4.0000000000000001e-03  2.0168822208950746e-03
-4.1999999999999996e-02 -3.5999999999999997e-02 4.0000000000000001e-03  1.9246781864173097e-03
-4.1999999999999996e-02 -3.3000000000000002e-02 4.0000000000000001e-03  1.8455392627110647e-03
-4.1999999999999996e-02 -2.9999999999999999e-02 4.0000000000000001e-03  1.7781193848827462e-03
-4.1999999999999996e-02 -2.6999999999999996e-02 4.0000000000000001e-03  1.7198480075966316e-03
-4.1999999999999996e-02 -2.3999999999999997e-02 4.0000000000000001e-03  1.7289895478236775e-03
-4.1999999999999996e-02 -2.0999999999999998e-02 4.0000000000000001e-03  1.7185455558946679e-03
-4.1999999999999996e-02 -1.7999999999999999e-02 4.0000000000000001e-03  1.7068129420246701e-03
-4.1999999999999996e-02 -1.4999999999999999e-02 4.0000000000000001e-03  1.7085155349604445e-03
-4.1999999999999996e-02 -1.1999999999999997e-02 4.0000000000000001e-03  1.7094888784668781e-03
-4.1999999999999996e-02 -8.9999999999999941e-03 4.0000000000000001e-03  1.7095962620552524e-03
-4.1999999999999996e-02 -5.9999999999999984e-03 4.0000000000000001e-03  1.7089501083254383e-03
-4.1999999999999996e-02 -2.9999999999999957e-03 4.0000000000000001e-03  1.7098335976149434e-03
-4.1999999999999996e-02 0.0000000000000000e+00 4.0000000000000001e-03  1.7350479069972770e-03
-4.1999999999999996e-02 3.0000000000000027e-03 4.0000000000000001e-03  1.6657581500705242e-03
-4.1999999999999996e-02 6.0000000000000053e-03 4.0000000000000001e-03  1.6453713202444935e-03
-4.1999999999999996e-02 9.0000000000000011e-03 4.0000000000000001e-03  1.6565720336144038e-03
-4.1999999999999996e-02 1.2000000000000004e-02 4.0000000000000001e-03  1.6795837061510395e-03
-4.1999999999999996e-02 1.4999999999999999e-02 4.0000000000000001e-03  1.6969986727690739e-03
-4.1999999999999996e-02 1.8000000000000002e-02 4.0000000000000001e-03  1.7195010519371829e-03
-4.1999999999999996e-02 2.1000000000000005e-02 4.0000000000000001e-03  1.6962521052645350e-03
-4.1999999999999996e-02 2.4000000000000007e-02 4.0000000000000001e-03  1.7359425300248804e-03
-4.1999999999999996e-02 2.7000000000000010e-02 4.0000000000000001e-03  1.7599314339635508e-03
-4.1999999999999996e-02 2.9999999999999999e-02 4.0000000000000001e-03  1.7873869652880240e-03
-4.1999999999999996e-02 3.3000000000000002e-02 4.0000000000000001e-03  1.8184295000215681e-03
-4.1999999999999996e-02 3.6000000000000004e-02 4.0000000000000001e-03  1.8532279058667950e-03
-4.1999999999999996e-02 3.9000000000000007e-02 4.0000000000000001e-03  1.8990564732918320e-03
-4.1999999999999996e-02 4.2000000000000010e-02 4.0000000000000001e-03  1.9595592660552916e-03
-4.1999999999999996e-02 4.4999999999999998e-02 4.0000000000000001e-03  2.0471361402173149e-03
-3.9000000000000000e-02 -4.4999999999999998e-02 4.0000000000000001e-03  2.2575779092046857e-03
-3.9000000000000000e-02 -4.1999999999999996e-02 4.0000000000000001e-03  2.0974072433008030e-03
-3.9000000000000000e-02 -3.9000000000000000e-02 4.0000000000000001e-03  1.9620902499288473e-03
-3.9000000000000000e-02 -3.5999999999999997e-02 4.0000000000000001e-03  1.8506690791548577e-03
-3.9000000000000000e-02 -3.3000000000000002e-02 4.0000000000000001e-03  1.7597601101232959e-03
-3.9000000000000000e-02 -2.9999999999999999e-02 4.0000000000000001e-03  1.6858197802648138e-03
-3.9000000000000000e-02 -2.6999999999999996e-02 4.0000000000000001e-03  1.6269130433893913e-03
-3.9000000000000000e-02 -2.3999999999999997e-02 4.0000000000000001e-03  1.6075840755123611e-03
-3.9000000000000000e-02 -2.0999999999999998e-02 4.0000000000000001e-03  1.6183165787126048e-03
-3.9000000000000000e-02 -1.7999999999999999e-02 4.0000000000000001e-03  1.6196466467961227e-03
-3.9000000000000000e-02 -1.4999999999999999e-02 4.0000000000000001e-03  1.6198051077608018e-03
-3.9000000000000000e-02 -1.1999999999999997e-02 4.0000000000000001e-03  1.6188627532595190e-03
-3.9000000000000000e-02 -8.9999999999999941e-03 4.0000000000000001e-03  1.6169096332910181e-03
-3.9000000000000000e-02 -5.9999999999999984e-03 4.0000000000000001e-03  1.6141902227807582e-03
-3.9000000000000000e-02 -2.9999999999999957e-03 4.0000000000000001e-03  1.6129570859450190e-03
-3.9000000000000000e-02 0.0000000000000000e+00 4.0000000000000001e-03  1.6160211142556128e-03
-3.9000000000000000e-02 3.0000000000000027e-03 4.0000000000000001e-03  1.5739774206947037e-03
-3.9000000000000000e-02 6.0000000000000053e-03 4.0000000000000001e-03  1.5627277565247852e-03
-3.9000000000000000e-02 9.0000000000000011e-03 4.0000000000000001e-03  1.5623902433746721e-03
-3.9000000000000000e-02 1.2000000000000004e-02 4.0000000000000001e-03  1.5778423120612151e-03
-3.9000000000000000e-02 1.4999999999999999e-02 4.0000000000000001e-03  1.6035907413436835e-03
-3.9000000000000000e-02 1.8000000000000002e-02 4.0000000000000001e-03  1.6316925361067600e-03
-3.9000000000000000e-02 2.1000000000000005e-02 4.0000000000000001e-03  1.6189062374879900e-03
-3.9000000000000000e-02 2.4000000000000007e-02 4.0000000000000001e-03  1.6459369144116158e-03
-3.9000000000000000e-02 2.7000000000000010e-02 4.0000000000000001e-03  1.6638018898035435e-03
-3.9000000000000000e-02 2.9999999999999999e-02 4.0000000000000001e-03  1.6850363685769710e-03
-3.9000000000000000e-02 3.3000000000000002e-02 4.0000000000000001e-03  1.7097565439608644e-03
-3.9000000000000000e-02 3.6000000000000004e-02 4.0000000000000001e-03  1.7424081246056541e-03
-3.9000000000000000e-02 3.9000000000000007e-02 4.0000000000000001e-03  1.7969844207854828e-03
-3.9000000000000000e-02 4.2000000000000010e-02 4.0000000000000001e-03  1.8779762496729164e-03
-3.9000000000000000e-02 4.4999999999999998e-02 4.0000000000000001e-03  1.9961727212673649e-03
-3.5999999999999997e-02 -4.4999999999999998e-02 4.0000000000000001e-03  2.1984980874419388e-03
-3.5999999999999997e-02 -4.1999999999999996e-02 4.0000000000000001e-03  2.0387283938902746e-03
-3.5999999999999997e-02 -3.9000000000000000e-02 4.0000000000000001e-03  1.9031436980272765e-03
-3.5999999999999997e-02 -3.5999999999999997e-02 4.0000000000000001e-03  1.7912353570285432e-03
-3.5999999999999997e-02 -3.3000000000000002e-02 4.0000000000000001e-03  1.7004639596623812e-03
-3.5999999999999997e-02 -2.9999999999999999e-02 4.0000000000000001e-03  1.6171382188246920e-03
-3.5999999999999997e-02 -2.6999999999999996e-02 4.0000000000000001e-03  1.5767815994167009e-03
-3.5999999999999997e-02 -2.3999999999999997e-02 4.0000000000000001e-03  1.5473015447921051e-03
-3.5999999999999997e-02 -2.0999999999999998e-02 4.0000000000000001e-03  1.5472881007540518e-03
-3.5999999999999997e-02 -1.7999999999999999e-02 4.0000000000000001e-03  1.5471481384557386e-03
-3.5999999999999997e-02 -1.4999999999999999e-02 4.0000000000000001e-03  1.5457079935508459e-03
-3.5999999999999997e-02 -1.1999999999999997e-02 4.0000000000000001e-03  1.5430353434369856e-03
-3.5999999999999997e-02 -8.9999999999999941e-03 4.0000000000000001e-03  1.5392171238576427e-03
-3.5999999999999997e-02 -5.9999999999999984e-03 4.0000000000000001e-03  1.5347513454658374e-03
-3.5999999999999997e-02 -2.9999999999999957e-03 4.0000000000000001e-03  1.5309136075220607e-03
-3.5999999999999997e-02 0.0000000000000000e+00 4.0000000000000001e-03  1.5123270989748257e-03
-3.5999999999999997e-02 3.0000000000000027e-03 4.0000000000000001e-03  1.4992705157758789e-03
-3.5999999999999997e-02 6.0000000000000053e-03 4.0000000000000001e-03  1.4970826541739724e-03
-3.5999999999999997e-02 9.0000000000000011e-03 4.0000000000000001e-03  1.5018117672959213e-03
-3.5999999999999997e-02 1.2000000000000004e-02 4.0000000000000001e-03  1.5063267684196440e-03
-3.5999999999999997e-02 1.4999999999999999e-02 4.0000000000000001e-03  1.5233658722680669e-03
-3.5999999999999997e-02 1.8000000000000002e-02 4.0000000000000001e-03  1.5578939672139126e-03
-3.5999999999999997e-02 2.1000000000000005e-02 4.0000000000000001e-03  1.5557606337086830e-03
-3.5999999999999997e-02 2.4000000000000007e-02 4.0000000000000001e-03  1.5632620554410055e-03
-3.5999999999999997e-02 2.7000000000000010e-02 4.0000000000000001e-03  1.5889135309789463e-03
-3.5999999999999997e-02 2.9999999999999999e-02 4.0000000000000001e-03  1.6041004345727383e-03
-3.5999999999999997e-02 3.3000000000000002e-02 4.0000000000000001e-03  1.6226696211220789e-03
-3.5999999999999997e-02 3.6000000000000004e-02 4.0000000000000001e-03  1.6688506193963668e-03
-3.5999999999999997e-02 3.9000000000000007e-02 4.0000000000000001e-03  1.7385730668208527e-03
-3.5999999999999997e-02 4.2000000000000010e-02 4.0000000000000001e-03  1.8365334407870878e-03
-3.5999999999999997e-02 4.4999999999999998e-02 4.0000000000000001e-03  1.9495447569529074e-03
-3.3000000000000002e-02 -4.4999999999999998e-02 4.0000000000000001e-03  2.1342283911159163e-03
-3.3000000000000002e-02 -4.1999999999999996e-02 4.0000000000000001e-03  1.9750133205488278e-03
-3.3000000000000002e-02 -3.9000000000000000e-02 4.0000000000000001e-03  1.8394556268400133e-03
-3.3000000000000002e-02 -3.5999999999999997e-02 4.0000000000000001e-03  1.7274670027926137e-03
-3.3000000000000002e-02 -3.3000000000000002e-02 4.0000000000000001e-03  1.6255116821530446e-03
-3.3000000000000002e-02 -2.9999999999999999e-02 4.0000000000000001e-03  1.5574473342671806e-03
-3.3000000000000002e-02 -2.6999999999999996e-02 4.0000000000000001e-03  1.5179302774262010e-03
-3.3000000000000002e-02 -2.3999999999999997e-02 4.0000000000000001e-03  1.5188053351325650e-03
-3.3000000000000002e-02 -2.0999999999999998e-02 4.0000000000000001e-03  1.4928894759971177e-03
-3.3000000000000002e-02 -1.7999999999999999e-02 4.0000000000000001e-03  1.4883812674809705e-03
-3.3000000000000002e-02 -1.4999999999999999e-02 4.0000000000000001e-03  1.4855259532691309e-03
-3.3000000000000002e-02 -1.1999999999999997e-02 4.0000000000000001e-03  1.4813164456562149e-03
-3.3000000000000002e-02 -8.9999999999999941e-03 4.0000000000000001e-03  1.4758365661304426e-03
-3.3000000000000002e-02 -5.9999999999999984e-03 4.0000000000000001e-03  1.4693656538607670e-03
-3.3000000000000002e-02 -2.9999999999999957e-03 4.0000000000000001e-03  1.4628142847327374e-03
-3.3000000000000002e-02 0.0000000000000000e+00 4.0000000000000001e-03  1.4455765565365968e-03
-3.3000000000000002e-02 3.0000000000000027e-03 4.0000000000000001e-03  1.4415329968170225e-03
-3.3000000000000002e-02 6.0000000000000053e-03 4.0000000000000001e-03  1.4455168590459138e-03
-3.3000000000000002e-02 9.0000000000000011e-03 4.0000000000000001e-03  1.4511018897424347e-03
-3.3000000000000002e-02 1.2000000000000004e-02 4.0000000000000001e-03  1.4600944502148297e-03
-3.3000000000000002e-02 1.4999999999999999e-02 4.0000000000000001e-03  1.4724871560656096e-03
-3.3000000000000002e-02 1.8000000000000002e-02 4.0000000000000001e-03  1.4966489406740189e-03
-3.3000000000000002e-02 2.1000000000000005e-02 4.0000000000000001e-03  1.5053999868447653e-03
-3.3000000000000002e-02 2.4000000000000007e-02 4.0000000000000001e-03  1.5015758040264626e-03
-3.3000000000000002e-02 2.7000000000000010e-02 4.0000000000000001e-03  1.5338090950035763e-03
-3.3000000000000002e-02 2.9999999999999999e-02 4.0000000000000001e-03  1.5431190137064673e-03
-3.3000000000000002e-02 3.3000000000000002e-02 4.0000000000000001e-03  1.5738953809857747e-03
-3.3000000000000002e-02 3.6000000000000004e-02 4.0000000000000001e-03  1.6279430313828438e-03
-3.3000000000000002e-02 3.9000000000000007e-02 4.0000000000000001e-03  1.7046375806377692e-03
-3.3000000000000002e-02 4.2000000000000010e-02 4.0000000000000001e-03  1.7990135947101001e-03
-3.3000000000000002e-02 4.4999999999999998e-02 4.0000000000000001e-03  1.9069569756419524e-03
-2.9999999999999999e-02 -4.4999999999999998e-02 4.0000000000000001e-03  2.0648009287075808e-03
-2.9999999999999999e-02 -4.1999999999999996e-02 4.0000000000000001e-03  1.9063274118167927e-03
-2.9999999999999999e-02 -3.9000000000000000e-02 4.0000000000000001e-03  1.7711247049667599e-03
-2.9999999999999999e-02 -3.5999999999999997e-02 4.0000000000000001e-03  1.6484558172338184e-03
-2.9999999999999999e-02 -3.3000000000000002e-02 4.0000000000000001e-03  1.5459170276441419e-03
-2.9999999999999999e-02 -2.9999999999999999e-02 4.0000000000000001e-03  1.5220119965284856e-03
-2.9999999999999999e-02 -2.6999999999999996e-02 4.0000000000000001e-03  1.4960066358195923e-03
-2.9999999999999999e-02 -2.3999999999999997e-02 4.0000000000000001e-03  1.4757905581073076e-03
-2.9999999999999999e-02 -2.0999999999999998e-02 4.0000000000000001e-03  1.4662856181006973e-03
-2.9999999999999999e-02 -1.7999999999999999e-02 4.0000000000000001e-03  1.4446687965287473e-03
-2.9999999999999999e-02 -1.4999999999999999e-02 4.0000000000000001e-03  1.4385951601720492e-03
-2.9999999999999999e-02 -1.1999999999999997e-02 4.0000000000000001e-03  1.4330502688919761e-03
-2.9999999999999999e-02 -8.9999999999999941e-03 4.0000000000000001e-03  1.4261202048025732e-03
-2.9999999999999999e-02 -5.9999999999999984e-03 4.0000000000000001e-03  1.4171699481555307e-03
-2.9999999999999999e-02 -2.9999999999999957e-03 4.0000000000000001e-03  1.4078267412320593e-03
-2.9999999999999999e-02 0.0000000000000000e+00 4.0000000000000001e-03  1.3957642167127587e-03
-2.9999999999999999e-02 3.0000000000000027e-03 4.0000000000000001e-03  1.3990662342401911e-03
-2.9999999999999999e-02 6.0000000000000053e-03 4.0000000000000001e-03  1.4057335650405820e-03
-2.9999999999999999e-02 9.0000000000000011e-03 4.0000000000000001e-03  1.4158062331974745e-03
-2.9999999999999999e-02 1.2000000000000004e-02 4.0000000000000001e-03  1.4292867821751459e-03
-2.9999999999999999e-02 1.4999999999999999e-02 4.0000000000000001e-03  1.4461823508083052e-03
-2.9999999999999999e-02 1.8000000000000002e-02 4.0000000000000001e-03  1.4613014663842484e-03
-2.9999999999999999e-02 2.1000000000000005e-02 4.0000000000000001e-03  1.4684263357207590e-03
-2.9999999999999999e-02 2.4000000000000007e-02 4.0000000000000001e-03  1.4649394371244577e-03
-2.9999999999999999e-02 2.7000000000000010e-02 4.0000000000000001e-03  1.4908399567455104e-03
-2.9999999999999999e-02 2.9999999999999999e-02 4.0000000000000001e-03  1.5097514624327101e-03
-2.9999999999999999e-02 3.3000000000000002e-02 4.0000000000000001e-03  1.5444115477889671e-03
-2.9999999999999999e-02 3.6000000000000004e-02 4.0000000000000001e-03  1.5994977224912511e-03
-2.9999999999999999e-02 3.9000000000000007e-02 4.0000000000000001e-03  1.6756348585366357e-03
-2.9999999999999999e-02 4.2000000000000010e-02 4.0000000000000001e-03  1.7651429881818204e-03
-2.9999999999999999e-02 4.4999999999999998e-02 4.0000000000000001e-03  1.8681349359765658e-03
-2.6999999999999996e-02 -4.4999999999999998e-02 4.0000000000000001e-03  1.9902558240506773e-03
-2.6999999999999996e-02 -4.1999999999999996e-02 4.0000000000000001e-03  1.8350463741789356e-03
-2.6999999999999996e-02 -3.9000000000000000e-02 4.0000000000000001e-03  1.6811035028232305e-03
-2.6999999999999996e-02 -3.5999999999999997e-02 4.0000000000000001e-03  1.6083022511396521e-03
-2.6999999999999996e-02 -3.3000000000000002e-02 4.0000000000000001e-03  1.5508293624184452e-03
-2.6999999999999996e-02 -2.9999999999999999e-02 4.0000000000000001e-03  1.5091865726667079e-03
-2.6999999999999996e-02 -2.6999999999999996e-02 4.0000000000000001e-03  1.4782560599505704e-03
-2.6999999999999996e-02 -2.3999999999999997e-02 4.0000000000000001e-03  1.4532377783605761e-03
-2.6999999999999996e-02 -2.0999999999999998e-02 4.0000000000000001e-03  1.4341237849582677e-03
-2.6999999999999996e-02 -1.7999999999999999e-02 4.0000000000000001e-03  1.4159207775338075e-03
-2.6999999999999996e-02 -1.4999999999999999e-02 4.0000000000000001e-03  1.4022967716963441e-03
-2.6999999999999996e-02 -1.1999999999999997e-02 4.0000000000000001e-03  1.3975358658061370e-03
-2.6999999999999996e-02 -8.9999999999999941e-03 4.0000000000000001e-03  1.3894546968850228e-03
-2.6999999999999996e-02 -5.9999999999999984e-03 4.0000000000000001e-03  1.3773575298084641e-03
-2.6999999999999996e-02 -2.9999999999999957e-03 4.0000000000000001e-03  1.3651751019434055e-03
-2.6999999999999996e-02 0.0000000000000000e+00 4.0000000000000001e-03  1.3624801906524850e-03
-2.6999999999999996e-02 3.0000000000000027e-03 4.0000000000000001e-03  1.3698845372461790e-03
-2.6999999999999996e-02 6.0000000000000053e-03 4.0000000000000001e-03  1.3785276738415330e-03
-2.6999999999999996e-02 9.0000000000000011e-03 4.0000000000000001e-03  1.3881269273983703e-03
-2.6999999999999996e-02 1.2000000000000004e-02 4.0000000000000001e-03  1.3986739853047063e-03
-2.6999999999999996e-02 1.4999999999999999e-02 4.0000000000000001e-03  1.4101613703108831e-03
-2.6999999999999996e-02 1.8000000000000002e-02 4.0000000000000001e-03  1.4225824405295693e-03
-2.6999999999999996e-02 2.1000000000000005e-02 4.0000000000000001e-03  1.4359313894357489e-03
-2.6999999999999996e-02 2.4000000000000007e-02 4.0000000000000001e-03  1.4433008992052348e-03
-2.6999999999999996e-02 2.7000000000000010e-02 4.0000000000000001e-03  1.4620976331877599e-03
-2.6999999999999996e-02 2.9999999999999999e-02 4.0000000000000001e-03  1.4869093393634447e-03
-2.6999999999999996e-02 3.3000000000000002e-02 4.0000000000000001e-03  1.5201450088968267e-03
-2.6999999999999996e-02 3.6000000000000004e-02 4.0000000000000001e-03  1.5784363711997705e-03
-2.6999999999999996e-02 3.9000000000000007e-02 4.0000000000000001e-03  1.6499098533825308e-03
-2.6999999999999996e-02 4.2000000000000010e-02 4.0000000000000001e-03  1.7346687282161627e-03
-2.6999999999999996e-02 4.4999999999999998e-02 4.0000000000000001e-03  1.8328250268728782e-03
-2.3999999999999997e-02 -4.4999999999999998e-02 4.0000000000000001e-03  1.9306703872853442e-03
-2.3999999999999997e-02 -4.1999999999999996e-02 4.0000000000000001e-03  1.7902618187520284e-03
-2.3999999999999997e-02 -3.9000000000000000e-02 4.0000000000000001e-03  1.6983940384356466e-03
-2.3999999999999997e-02 -3.5999999999999997e-02 4.0000000000000001e-03  1.6063073207800399e-03
-2.3999999999999997e-02 -3.3000000000000002e-02 4.0000000000000001e-03  1.5425863729485205e-03
-2.3999999999999997e-02 -2.9999999999999999e-02 4.0000000000000001e-03  1.5006523988849263e-03
-2.3999999999999997e-02 -2.6999999999999996e-02 4.0000000000000001e-03  1.4647506711945376e-03
-2.3999999999999997e-02 -2.3999999999999997e-02 4.0000000000000001e-03  1.4348238066869156e-03
-2.3999999999999997e-02 -2.0999999999999998e-02 4.0000000000000001e-03  1.4108306406017898e-03
-2.3999999999999997e-02 -1.7999999999999999e-02 4.0000000000000001e-03  1.3927462266090677e-03
-2.3999999999999997e-02 -1.4999999999999999e-02 4.0000000000000001e-03  1.3687137042625284e-03
-2.3999999999999997e-02 -1.1999999999999997e-02 4.0000000000000001e-03  1.3655454090088759e-03
-2.3999999999999997e-02 -8.9999999999999941e-03 4.0000000000000001e-03  1.3620133160541195e-03
-2.3999999999999997e-02 -5.9999999999999984e-03 4.0000000000000001e-03  1.3465006916854065e-03
-2.3999999999999997e-02 -2.9999999999999957e-03 4.0000000000000001e-03  1.3365344246698962e-03
-2.3999999999999997e-02 0.0000000000000000e+00 4.0000000000000001e-03  1.3422229187415044e-03
-2.3999999999999997e-02 3.0000000000000027e-03 4.0000000000000001e-03  1.3475934084583052e-03
-2.3999999999999997e-02 6.0000000000000053e-03 4.0000000000000001e-03  1.3539065766549300e-03
-2.3999999999999997e-02 9.0000000000000011e-03 4.0000000000000001e-03  1.3611551827665581e-03
-2.3999999999999997e-02 1.2000000000000004e-02 4.0000000000000001e-03  1.3693328215906831e-03
-2.3999999999999997e-02 1.4999999999999999e-02 4.0000000000000001e-03  1.3784339232871296e-03
-2.3999999999999997e-02 1.8000000000000002e-02 4.0000000000000001e-03  1.3891872842072450e-03
-2.3999999999999997e-02 2.1000000000000005e-02 4.0000000000000001e-03  1.4039582742466543e-03
-2.3999999999999997e-02 2.4000000000000007e-02 4.0000000000000001e-03  1.4179447999503349e-03
-2.3999999999999997e-02 2.7000000000000010e-02 4.0000000000000001e-03  1.4329344262692608e-03
-2.3999999999999997e-02 2.9999999999999999e-02 4.0000000000000001e-03  1.4655611675084650e-03
-2.3999999999999997e-02 3.3000000000000002e-02 4.0000000000000001e-03  1.5064645163442021e-03
-2.3999999999999997e-02 3.6000000000000004e-02 4.0000000000000001e-03  1.5603006351067471e-03
-2.3999999999999997e-02 3.9000000000000007e-02 4.0000000000000001e-03  1.6272312205612071e-03
-2.3999999999999997e-02 4.2000000000000010e-02 4.0000000000000001e-03  1.7073587521010932e-03
-2.3999999999999997e-02 4.4999999999999998e-02 4.0000000000000001e-03  1.8007944675210393e-03
-2.0999999999999998e-02 -4.4999999999999998e-02 4.0000000000000001e-03  1.9458348979029892e-03
-2.0999999999999998e-02 -4.1999999999999996e-02 4.0000000000000001e-03  1.8171572111873153e-03
-2.0999999999999998e-02 -3.9000000000000000e-02 4.0000000000000001e-03  1.6895424039034721e-03
-2.0999999999999998e-02 -3.5999999999999997e-02 4.0000000000000001e-03  1.5970809360867117e-03
-2.0999999999999998e-02 -3.3000000000000002e-02 4.0000000000000001e-03  1.5436784997090397e-03
-2.0999999999999998e-02 -2.9999999999999999e-02 4.0000000000000001e-03  1.4965365634855769e-03
-2.0999999999999998e-02 -2.6999999999999996e-02 4.0000000000000001e-03  1.4555483039738991e-03
-2.0999999999999998e-02 -2.3999999999999997e-02 4.0000000000000001e-03  1.4206231161617497e-03
-2.0999999999999998e-02 -2.0999999999999998e-02 4.0000000000000001e-03  1.3916866134670474e-03
-2.0999999999999998e-02 -1.7999999999999999e-02 4.0000000000000001e-03  1.3686806277378874e-03
-2.0999999999999998e-02 -1.4999999999999999e-02 4.0000000000000001e-03  1.3515632092525346e-03
-2.0999999999999998e-02 -1.1999999999999997e-02 4.0000000000000001e-03  1.3355496744721898e-03
-2.0999999999999998e-02 -8.9999999999999941e-03 4.0000000000000001e-03  1.3321987176064106e-03
-2.0999999999999998e-02 -5.9999999999999984e-03 4.0000000000000001e-03  1.3185534441799329e-03
-2.0999999999999998e-02 -2.9999999999999957e-03 4.0000000000000001e-03  1.3250049922410502e-03
-2.0999999999999998e-02 0.0000000000000000e+00 4.0000000000000001e-03  1.3270465301363028e-03
-2.0999999999999998e-02 3.0000000000000027e-03 4.0000000000000001e-03  1.3300206178427356e-03
-2.0999999999999998e-02 6.0000000000000053e-03 4.0000000000000001e-03  1.3338117148412041e-03
-2.0999999999999998e-02 9.0000000000000011e-03 4.0000000000000001e-03  1.3397608871537393e-03
-2.0999999999999998e-02 1.2000000000000004e-02 4.0000000000000001e-03  1.3479951483969547e-03
-2.0999999999999998e-02 1.4999999999999999e-02 4.0000000000000001e-03  1.3585110937458743e-03
-2.0999999999999998e-02 1.8000000000000002e-02 4.0000000000000001e-03  1.3713064839290016e-03
-2.0999999999999998e-02 2.1000000000000005e-02 4.0000000000000001e-03  1.3865429048336366e-03
-2.0999999999999998e-02 2.4000000000000007e-02 4.0000000000000001e-03  1.4048487070309036e-03
-2.0999999999999998e-02 2.7000000000000010e-02 4.0000000000000001e-03  1.4233946629549762e-03
-2.0999999999999998e-02 2.9999999999999999e-02 4.0000000000000001e-03  1.4544512075093780e-03
-2.0999999999999998e-02 3.3000000000000002e-02 4.0000000000000001e-03  1.4945509142874898e-03
-2.0999999999999998e-02 3.6000000000000004e-02 4.0000000000000001e-03  1.5447765641966819e-03
-2.0999999999999998e-02 3.9000000000000007e-02 4.0000000000000001e-03  1.6059686969458768e-03
-2.0999999999999998e-02 4.2000000000000010e-02 4.0000000000000001e-03  1.6938466679240816e-03
-2.0999999999999998e-02 4.4999999999999998e-02 4.0000000000000001e-03  1.8093848069141258e-03
-1.7999999999999999e-02 -4.4999999999999998e-02 4.0000000000000001e-03  1.9656337542426272e-03
-1.7999999999999999e-02 -4.1999999999999996e-02 4.0000000000000001e-03  1.8017083072717178e-03
-1.7999999999999999e-02 -3.9000000000000000e-02 4.0000000000000001e-03  1.6737668844161624e-03
-1.7999999999999999e-02 -3.5999999999999997e-02 4.0000000000000001e-03  1.6082550101347731e-03
-1.7999999999999999e-02 -3.3000000000000002e-02 4.0000000000000001e-03  1.5493401283225433e-03
-1.7999999999999999e-02 -2.9999999999999999e-02 4.0000000000000001e-03  1.4968659752850517e-03
-1.7999999999999999e-02 -2.6999999999999996e-02 4.0000000000000001e-03  1.4506925057580641e-03
-1.7999999999999999e-02 -2.3999999999999997e-02 4.0000000000000001e-03  1.4106958929075062e-03
-1.7999999999999999e-02 -2.0999999999999998e-02 4.0000000000000001e-03  1.3767685283294856e-03
-1.7999999999999999e-02 -1.7999999999999999e-02 4.0000000000000001e-03  1.3488190220502824e-03
-1.7999999999999999e-02 -1.4999999999999999e-02 4.0000000000000001e-03  1.3267722025263565e-03
-1.7999999999999999e-02 -1.1999999999999997e-02 4.0000000000000001e-03  1.3148677045453150e-03
-1.7999999999999999e-02 -8.9999999999999941e-03 4.0000000000000001e-03  1.3077989042256479e-03
-1.7999999999999999e-02 -5.9999999999999984e-03 4.0000000000000001e-03  1.3051091960147719e-03
-1.7999999999999999e-02 -2.9999999999999957e-03 4.0000000000000001e-03  1.3105120172360047e-03
-1.7999999999999999e-02 0.0000000000000000e+00 4.0000000000000001e-03  1.3098821445855697e-03
-1.7999999999999999e-02 3.0000000000000027e-03 4.0000000000000001e-03  1.3115510886658464e-03
-1.7999999999999999e-02 6.0000000000000053e-03 4.0000000000000001e-03  1.3160607468913888e-03
-1.7999999999999999e-02 9.0000000000000011e-03 4.0000000000000001e-03  1.3235365975105696e-03
-1.7999999999999999e-02 1.2000000000000004e-02 4.0000000000000001e-03  1.3327653424105321e-03
-1.7999999999999999e-02 1.4999999999999999e-02 4.0000000000000001e-03  1.3437442785492440e-03
-1.7999999999999999e-02 1.8000000000000002e-02 4.0000000000000001e-03  1.3564714122000748e-03
-1.7999999999999999e-02 2.1000000000000005e-02 4.0000000000000001e-03  1.3709454589517904e-03
-1.7999999999999999e-02 2.4000000000000007e-02 4.0000000000000001e-03  1.3896382905928064e-03
-1.7999999999999999e-02 2.7000000000000010e-02 4.0000000000000001e-03  1.4100249496984609e-03
-1.7999999999999999e-02 2.9999999999999999e-02 4.0000000000000001e-03  1.4410329519922058e-03
-1.7999999999999999e-02 3.3000000000000002e-02 4.0000000000000001e-03  1.4822272460996515e-03
-1.7999999999999999e-02 3.6000000000000004e-02 4.0000000000000001e-03  1.5344014980762303e-03
-1.7999999999999999e-02 3.9000000000000007e-02 4.0000000000000001e-03  1.5984632528746061e-03
-1.7999999999999999e-02 4.2000000000000010e-02 4.0000000000000001e-03  1.6754339343446835e-03
-1.7999999999999999e-02 4.4999999999999998e-02 4.0000000000000001e-03  1.7664488452336100e-03
-1.4999999999999999e-02 -4.4999999999999998e-02 4.0000000000000001e-03  1.9440558895605373e-03
-1.4999999999999999e-02 -4.1999999999999996e-02 4.0000000000000001e-03  1.7739625631849609e-03
-1.4999999999999999e-02 -3.9000000000000000e-02 4.0000000000000001e-03  1.6955243007872056e-03
-1.4999999999999999e-02 -3.5999999999999997e-02 4.0000000000000001e-03  1.6241277617074928e-03
-1.4999999999999999e-02 -3.3000000000000002e-02 4.0000000000000001e-03  1.5595672419994168e-03
-1.4999999999999999e-02 -2.9999999999999999e-02 4.0000000000000001e-03  1.5006522342081398e-03
-1.4999999999999999e-02 -2.6999999999999996e-02 4.0000000000000001e-03  1.4466757548460064e-03
-1.4999999999999999e-02 -2.3999999999999997e-02 4.0000000000000001e-03  1.4019315346890072e-03
-1.4999999999999999e-02 -2.0999999999999998e-02 4.0000000000000001e-03  1.3661930287138760e-03
-1.4999999999999999e-02 -1.7999999999999999e-02 4.0000000000000001e-03  1.3392812200013688e-03
-1.4999999999999999e-02 -1.4999999999999999e-02 4.0000000000000001e-03  1.3210646197362444e-03
-1.4999999999999999e-02 -1.1999999999999997e-02 4.0000000000000001e-03  1.3114592672072874e-03
-1.4999999999999999e-02 -8.9999999999999941e-03 4.0000000000000001e-03  1.3000909134080359e-03
-1.4999999999999999e-02 -5.9999999999999984e-03 4.0000000000000001e-03  1.2961792599732545e-03
-1.4999999999999999e-02 -2.9999999999999957e-03 4.0000000000000001e-03  1.2967626808863513e-03
-1.4999999999999999e-02 0.0000000000000000e+00 4.0000000000000001e-03  1.2980800775086092e-03
-1.4999999999999999e-02 3.0000000000000027e-03 4.0000000000000001e-03  1.3011590875612316e-03
-1.4999999999999999e-02 6.0000000000000053e-03 4.0000000000000001e-03  1.3059972535956889e-03
-1.4999999999999999e-02 9.0000000000000011e-03 4.0000000000000001e-03  1.3125909294319810e-03
-1.4999999999999999e-02 1.2000000000000004e-02 4.0000000000000001e-03  1.3209371782055149e-03
-1.4999999999999999e-02 1.4999999999999999e-02 4.0000000000000001e-03  1.3310337723670884e-03
-1.4999999999999999e-02 1.8000000000000002e-02 4.0000000000000001e-03  1.3428791936828945e-03
-1.4999999999999999e-02 2.1000000000000005e-02 4.0000000000000001e-03  1.3564726332345256e-03
-1.4999999999999999e-02 2.4000000000000007e-02 4.0000000000000001e-03  1.3759749504362237e-03
-1.4999999999999999e-02 2.7000000000000010e-02 4.0000000000000001e-03  1.3970312198260419e-03
-1.4999999999999999e-02 2.9999999999999999e-02 4.0000000000000001e-03  1.4275572521198594e-03
-1.4999999999999999e-02 3.3000000000000002e-02 4.0000000000000001e-03  1.4684321102974979e-03
-1.4999999999999999e-02 3.6000000000000004e-02 4.0000000000000001e-03  1.5205015073152381e-03
-1.4999999999999999e-02 3.9000000000000007e-02 4.0000000000000001e-03  1.5847250350266016e-03
-1.4999999999999999e-02 4.2000000000000010e-02 4.0000000000000001e-03  1.6621761641823435e-03
-1.4999999999999999e-02 4.4999999999999998e-02 4.0000000000000001e-03  1.7540422444304684e-03
-1.1999999999999997e-02 -4.4999999999999998e-02 4.0000000000000001e-03  1.8959147284300420e-03
-1.1999999999999997e-02 -4.1999999999999996e-02 4.0000000000000001e-03  1.7899108751892644e-03
-1.1999999999999997e-02 -3.9000000000000000e-02 4.0000000000000001e-03  1.6982611660675277e-03
-1.1999999999999997e-02 -3.5999999999999997e-02 4.0000000000000001e-03  1.6171820341672105e-03
-1.1999999999999997e-02 -3.3000000000000002e-02 4.0000000000000001e-03  1.5462583069529863e-03
-1.1999999999999997e-02 -2.9999999999999999e-02 4.0000000000000001e-03  1.4851223399935452e-03
-1.1999999999999997e-02 -2.6999999999999996e-02 4.0000000000000001e-03  1.4334540169615873e-03
-1.1999999999999997e-02 -2.3999999999999997e-02 4.0000000000000001e-03  1.3909807496338344e-03
-1.1999999999999997e-02 -2.0999999999999998e-02 4.0000000000000001e-03  1.3574774778910171e-03
-1.1999999999999997e-02 -1.7999999999999999e-02 4.0000000000000001e-03  1.3327666697178816e-03
-1.1999999999999997e-02 -1.4999999999999999e-02 4.0000000000000001e-03  1.3167183212031883e-03
-1.1999999999999997e-02 -1.1999999999999997e-02 4.0000000000000001e-03  1.3082663420357795e-03
-1.1999999999999997e-02 -8.9999999999999941e-03 4.0000000000000001e-03  1.2970804711232465e-03
-1.1999999999999997e-02 -5.9999999999999984e-03 4.0000000000000001e-03  1.2893610640951391e-03
-1.1999999999999997e-02 -2.9999999999999957e-03 4.0000000000000001e-03  1.2901437353119833e-03
-1.1999999999999997e-02 0.0000000000000000e+00 4.0000000000000001e-03  1.2909011045401497e-03
-1.1999999999999997e-02 3.0000000000000027e-03 4.0000000000000001e-03  1.2930992756194511e-03
-1.1999999999999997e-02 6.0000000000000053e-03 4.0000000000000001e-03  1.2970556096899620e-03
-1.1999999999999997e-02 9.0000000000000011e-03 4.0000000000000001e-03  1.3027669360645094e-03
-1.1999999999999997e-02 1.2000000000000004e-02 4.0000000000000001e-03  1.3102307933713225e-03
-1.1999999999999997e-02 1.4999999999999999e-02 4.0000000000000001e-03  1.3194454295540304e-03
-1.1999999999999997e-02 1.8000000000000002e-02 4.0000000000000001e-03  1.3304098018716492e-03
-1.1999999999999997e-02 2.1000000000000005e-02 4.0000000000000001e-03  1.3443787270745458e-03
-1.1999999999999997e-02 2.4000000000000007e-02 4.0000000000000001e-03  1.3638597601156759e-03
-1.1999999999999997e-02 2.7000000000000010e-02 4.0000000000000001e-03  1.3848355203891914e-03
-1.1999999999999997e-02 2.9999999999999999e-02 4.0000000000000001e-03  1.4149071248968183e-03
-1.1999999999999997e-02 3.3000000000000002e-02 4.0000000000000001e-03  1.4555112429755093e-03
-1.1999999999999997e-02 3.6000000000000004e-02 4.0000000000000001e-03  1.5075456344823953e-03
-1.1999999999999997e-02 3.9000000000000007e-02 4.0000000000000001e-03  1.5720219381718486e-03
-1.1999999999999997e-02 4.2000000000000010e-02 4.0000000000000001e-03  1.6500656716954925e-03
-1.1999999999999997e-02 4.4999999999999998e-02 4.0000000000000001e-03  1.7429162316021660e-03
-8.9999999999999941e-03 -4.4999999999999998e-02 4.0000000000000001e-03  1.9409780296639205e-03
-8.9999999999999941e-03 -4.1999999999999996e-02 4.0000000000000001e-03  1.7859495258034318e-03
-8.9999999999999941e-03 -3.9000000000000000e-02 4.0000000000000001e-03  1.6768481966299407e-03
-8.9999999999999941e-03 -3.5999999999999997e-02 4.0000000000000001e-03  1.5981874232078805e-03
-8.9999999999999941e-03 -3.3000000000000002e-02 4.0000000000000001e-03  1.5296406319426751e-03
-8.9999999999999941e-03 -2.9999999999999999e-02 4.0000000000000001e-03  1.4708416633070144e-03
-8.9999999999999941e-03 -2.6999999999999996e-02 4.0000000000000001e-03  1.4214718858775986e-03
-8.9999999999999941e-03 -2.3999999999999997e-02 4.0000000000000001e-03  1.3812601963351398e-03
-8.9999999999999941e-03 -2.0999999999999998e-02 4.0000000000000001e-03  1.3499830194643617e-03
-8.9999999999999941e-03 -1.7999999999999999e-02 4.0000000000000001e-03  1.3274643081540147e-03
-8.9999999999999941e-03 -1.4999999999999999e-02 4.0000000000000001e-03  1.3135755433968462e-03
-8.9999999999999941e-03 -1.1999999999999997e-02 4.0000000000000001e-03  1.3058345358549200e-03
-8.9999999999999941e-03 -8.9999999999999941e-03 4.0000000000000001e-03  1.2950245287360789e-03
-8.9999999999999941e-03 -5.9999999999999984e-03 4.0000000000000001e-03  1.2893744909285576e-03
-8.9999999999999941e-03 -2.9999999999999957e-03 4.0000000000000001e-03  1.2843436775798211e-03
-8.9999999999999941e-03 0.0000000000000000e+00 4.0000000000000001e-03  1.2852489891514028e-03
-8.9999999999999941e-03 3.0000000000000027e-03 4.0000000000000001e-03  1.2861614055553006e-03
-8.9999999999999941e-03 6.0000000000000053e-03 4.0000000000000001e-03  1.2892353760635342e-03
-8.9999999999999941e-03 9.0000000000000011e-03 4.0000000000000001e-03  1.2940641007165728e-03
-8.9999999999999941e-03 1.2000000000000004e-02 4.0000000000000001e-03  1.3006455936354707e-03
-8.9999999999999941e-03 1.4999999999999999e-02 4.0000000000000001e-03  1.3089785782566781e-03
-8.9999999999999941e-03 1.8000000000000002e-02 4.0000000000000001e-03  1.3190624873320436e-03
-8.9999999999999941e-03 2.1000000000000005e-02 4.0000000000000001e-03  1.3341393733716906e-03
-8.9999999999999941e-03 2.4000000000000007e-02 4.0000000000000001e-03  1.3532940038632113e-03
-8.9999999999999941e-03 2.7000000000000010e-02 4.0000000000000001e-03  1.3734386630042214e-03
-8.9999999999999941e-03 2.9999999999999999e-02 4.0000000000000001e-03  1.4030912851580278e-03
-8.9999999999999941e-03 3.3000000000000002e-02 4.0000000000000001e-03  1.4434812621872605e-03
-8.9999999999999941e-03 3.6000000000000004e-02 4.0000000000000001e-03  1.4955584008499085e-03
-8.9999999999999941e-03 3.9000000000000007e-02 4.0000000000000001e-03  1.5603863868011946e-03
-8.9999999999999941e-03 4.2000000000000010e-02 4.0000000000000001e-03  1.6489739494157066e-03
-8.9999999999999941e-03 4.4999999999999998e-02 4.0000000000000001e-03  1.7822775917134099e-03
-5.9999999999999984e-03 -4.4999999999999998e-02 4.0000000000000001e-03  1.9693443902070850e-03
-5.9999999999999984e-03 -4.1999999999999996e-02 4.0000000000000001e-03  1.8219019365548830e-03
-5.9999999999999984e-03 -3.9000000000000000e-02 4.0000000000000001e-03  1.6879514735074865e-03
-5.9999999999999984e-03 -3.5999999999999997e-02 4.0000000000000001e-03  1.5804533837861536e-03
-5.9999999999999984e-03 -3.3000000000000002e-02 4.0000000000000001e-03  1.5142741399192276e-03
-5.9999999999999984e-03 -2.9999999999999999e-02 4.0000000000000001e-03  1.4578030167402914e-03
-5.9999999999999984e-03 -2.6999999999999996e-02 4.0000000000000001e-03  1.4107228677300383e-03
-5.9999999999999984e-03 -2.3999999999999997e-02 4.0000000000000001e-03  1.3727640744731809e-03
-5.9999999999999984e-03 -2.0999999999999998e-02 4.0000000000000001e-03  1.3437045466584351e-03
-5.9999999999999984e-03 -1.7999999999999999e-02 4.0000000000000001e-03  1.3233697220785454e-03
-5.9999999999999984e-03 -1.4999999999999999e-02 4.0000000000000001e-03  1.3116325666302647e-03
-5.9999999999999984e-03 -1.1999999999999997e-02 4.0000000000000001e-03  1.3043541538228598e-03
-5.9999999999999984e-03 -8.9999999999999941e-03 4.0000000000000001e-03  1.2945862735972771e-03
-5.9999999999999984e-03 -5.9999999999999984e-03 4.0000000000000001e-03  1.2903182432758165e-03
-5.9999999999999984e-03 -2.9999999999999957e-03 4.0000000000000001e-03  1.2854699284773525e-03
-5.9999999999999984e-03 0.0000000000000000e+00 4.0000000000000001e-03  1.2804168992732749e-03
-5.9999999999999984e-03 3.0000000000000027e-03 4.0000000000000001e-03  1.2814403960777750e-03
-5.9999999999999984e-03 6.0000000000000053e-03 4.0000000000000001e-03  1.2825361373737763e-03
-5.9999999999999984e-03 9.0000000000000011e-03 4.0000000000000001e-03  1.2864819304646362e-03
-5.9999999999999984e-03 1.2000000000000004e-02 4.0000000000000001e-03  1.2921810084935144e-03
-5.9999999999999984e-03 1.4999999999999999e-02 4.0000000000000001e-03  1.2996325703896884e-03
-5.9999999999999984e-03 1.8000000000000002e-02 4.0000000000000001e-03  1.3088365243978334e-03
-5.9999999999999984e-03 2.1000000000000005e-02 4.0000000000000001e-03  1.3254465853803070e-03
-5.9999999999999984e-03 2.4000000000000007e-02 4.0000000000000001e-03  1.3436428061186110e-03
-5.9999999999999984e-03 2.7000000000000010e-02 4.0000000000000001e-03  1.3628444195342936e-03
-5.9999999999999984e-03 2.9999999999999999e-02 4.0000000000000001e-03  1.3921214079852823e-03
-5.9999999999999984e-03 3.3000000000000002e-02 4.0000000000000001e-03  1.4323617462331812e-03
-5.9999999999999984e-03 3.6000000000000004e-02 4.0000000000000001e-03  1.4845672879368304e-03
-5.9999999999999984e-03 3.9000000000000007e-02 4.0000000000000001e-03  1.5675842336150471e-03
-5.9999999999999984e-03 4.2000000000000010e-02 4.0000000000000001e-03  1.6797657896875770e-03
-5.9999999999999984e-03 4.4999999999999998e-02 4.0000000000000001e-03  1.8093250948705568e-03
-2.9999999999999957e-03 -4.4999999999999998e-02 4.0000000000000001e-03  1.9805358146158720e-03
-2.9999999999999957e-03 -4.1999999999999996e-02 4.0000000000000001e-03  1.8402174087384835e-03
-2.9999999999999957e-03 -3.9000000000000000e-02 4.0000000000000001e-03  1.7138628660825820e-03
-2.9999999999999957e-03 -3.5999999999999997e-02 4.0000000000000001e-03  1.6008457965913912e-03
-2.9999999999999957e-03 -3.3000000000000002e-02 4.0000000000000001e-03  1.5005390743410643e-03
-2.9999999999999957e-03 -2.9999999999999999e-02 4.0000000000000001e-03  1.4460002249953852e-03
-2.9999999999999957e-03 -2.6999999999999996e-02 4.0000000000000001e-03  1.4012014807651826e-03
-2.9999999999999957e-03 -2.3999999999999997e-02 4.0000000000000001e-03  1.3654875958384932e-03
-2.9999999999999957e-03 -2.0999999999999998e-02 4.0000000000000001e-03  1.3386379648080335e-03
-2.9999999999999957e-03 -1.7999999999999999e-02 4.0000000000000001e-03  1.3204795103705415e-03
-2.9999999999999957e-03 -1.4999999999999999e-02 4.0000000000000001e-03  1.3108866833267639e-03
-2.9999999999999957e-03 -1.1999999999999997e-02 4.0000000000000001e-03  1.3038199338368660e-03
-2.9999999999999957e-03 -8.9999999999999941e-03 4.0000000000000001e-03  1.2959908710194776e-03
-2.9999999999999957e-03 -5.9999999999999984e-03 4.0000000000000001e-03  1.2921203205702191e-03
-2.9999999999999957e-03 -2.9999999999999957e-03 4.0000000000000001e-03  1.2876695481433519e-03
-2.9999999999999957e-03 0.0000000000000000e+00 4.0000000000000001e-03  1.2826376763632340e-03
-2.9999999999999957e-03 3.0000000000000027e-03 4.0000000000000001e-03  1.2775739738990020e-03
-2.9999999999999957e-03 6.0000000000000053e-03 4.0000000000000001e-03  1.2787118265227227e-03
-2.9999999999999957e-03 9.0000000000000011e-03 4.0000000000000001e-03  1.2800199561532122e-03
-2.9999999999999957e-03 1.2000000000000004e-02 4.0000000000000001e-03  1.2848364912090675e-03
-2.9999999999999957e-03 1.4999999999999999e-02 4.0000000000000001e-03  1.2914067816357682e-03
-2.9999999999999957e-03 1.8000000000000002e-02 4.0000000000000001e-03  1.2997312111708171e-03
-2.9999999999999957e-03 2.1000000000000005e-02 4.0000000000000001e-03  1.3183020666443018e-03
-2.9999999999999957e-03 2.4000000000000007e-02 4.0000000000000001e-03  1.3343773921446907e-03
-2.9999999999999957e-03 2.7000000000000010e-02 4.0000000000000001e-03  1.3530595220894279e-03
-2.9999999999999957e-03 2.9999999999999999e-02 4.0000000000000001e-03  1.3820121287072204e-03
-2.9999999999999957e-03 3.3000000000000002e-02 4.0000000000000001e-03  1.4221752336605385e-03
-2.9999999999999957e-03 3.6000000000000004e-02 4.0000000000000001e-03  1.4953139269263905e-03
-2.9999999999999957e-03 3.9000000000000007e-02 4.0000000000000001e-03  1.5869616562503822e-03
-2.9999999999999957e-03 4.2000000000000010e-02 4.0000000000000001e-03  1.6954514496060624e-03
-2.9999999999999957e-03 4.4999999999999998e-02 4.0000000000000001e-03  1.8212012394579263e-03
0.0000000000000000e+00 -4.4999999999999998e-02 4.0000000000000001e-03  1.9750212814451237e-03
0.0000000000000000e+00 -4.1999999999999996e-02 4.0000000000000001e-03  1.8409890113740672e-03
0.0000000000000000e+00 -3.9000000000000000e-02 4.0000000000000001e-03  1.7215527129981567e-03
0.0000000000000000e+00 -3.5999999999999997e-02 4.0000000000000001e-03  1.6160348416677432e-03
0.0000000000000000e+00 -3.3000000000000002e-02 4.0000000000000001e-03  1.5237571168661061e-03
0.0000000000000000e+00 -2.9999999999999999e-02 4.0000000000000001e-03  1.4440405222094529e-03
0.0000000000000000e+00 -2.6999999999999996e-02 4.0000000000000001e-03  1.3929032553395785e-03
0.0000000000000000e+00 -2.3999999999999997e-02 4.0000000000000001e-03  1.3594269843318926e-03
0.0000000000000000e+00 -2.0999999999999998e-02 4.0000000000000001e-03  1.3347801913582333e-03
0.0000000000000000e+00 -1.7999999999999999e-02 4.0000000000000001e-03  1.3187912840193371e-03
0.0000000000000000e+00 -1.4999999999999999e-02 4.0000000000000001e-03  1.3112883797736447e-03
0.0000000000000000e+00 -1.1999999999999997e-02 4.0000000000000001e-03  1.3042266524843757e-03
0.0000000000000000e+00 -8.9999999999999941e-03 4.0000000000000001e-03  1.2982528089202519e-03
0.0000000000000000e+00 -5.9999999999999984e-03 4.0000000000000001e-03  1.2947793230810890e-03
0.0000000000000000e+00 -2.9999999999999957e-03 4.0000000000000001e-03  1.2907257437159399e-03
0.0000000000000000e+00 0.0000000000000000e+00 4.0000000000000001e-03  1.2860906877599197e-03
0.0000000000000000e+00 3.0000000000000027e-03 4.0000000000000001e-03  1.2808741526892089e-03
0.0000000000000000e+00 6.0000000000000053e-03 4.0000000000000001e-03  1.2758119516053622e-03
0.0000000000000000e+00 9.0000000000000011e-03 4.0000000000000001e-03  1.2770609563427246e-03
0.0000000000000000e+00 1.2000000000000004e-02 4.0000000000000001e-03  1.2786115188137780e-03
0.0000000000000000e+00 1.4999999999999999e-02 4.0000000000000001e-03  1.2843006114456629e-03
0.0000000000000000e+00 1.8000000000000002e-02 4.0000000000000001e-03  1.2940067388948937e-03
0.0000000000000000e+00 2.1000000000000005e-02 4.0000000000000001e-03  1.3127077313851174e-03
0.0000000000000000e+00 2.4000000000000007e-02 4.0000000000000001e-03  1.3258930150815544e-03
0.0000000000000000e+00 2.7000000000000010e-02 4.0000000000000001e-03  1.3440936630264770e-03
0.0000000000000000e+00 2.9999999999999999e-02 4.0000000000000001e-03  1.3757655788978263e-03
0.0000000000000000e+00 3.3000000000000002e-02 4.0000000000000001e-03  1.4316276810937343e-03
0.0000000000000000e+00 3.6000000000000004e-02 4.0000000000000001e-03  1.5033211360301853e-03
0.0000000000000000e+00 3.9000000000000007e-02 4.0000000000000001e-03  1.5913052883723333e-03
0.0000000000000000e+00 4.2000000000000010e-02 4.0000000000000001e-03  1.6960233847168385e-03
0.0000000000000000e+00 4.4999999999999998e-02 4.0000000000000001e-03  1.8179025735918688e-03
3.0000000000000027e-03 -4.4999999999999998e-02 4.0000000000000001e-03  1.9542167432481674e-03
3.0000000000000027e-03 -4.1999999999999996e-02 4.0000000000000001e-03  1.8252567874799761e-03
3.0000000000000027e-03 -3.9000000000000000e-02 4.0000000000000001e-03  1.7116851477375545e-03
3.0000000000000027e-03 -3.5999999999999997e-02 4.0000000000000001e-03  1.6127731247783821e-03
3.0000000000000027e-03 -3.3000000000000002e-02 4.0000000000000001e-03  1.5277912834928695e-03
3.0000000000000027e-03 -2.9999999999999999e-02 4.0000000000000001e-03  1.4560094529043491e-03
3.0000000000000027e-03 -2.6999999999999996e-02 4.0000000000000001e-03  1.3966967261690960e-03
3.0000000000000027e-03 -2.3999999999999997e-02 4.0000000000000001e-03  1.3545794759644602e-03
3.0000000000000027e-03 -2.0999999999999998e-02 4.0000000000000001e-03  1.3321291558643842e-03
3.0000000000000027e-03 -1.7999999999999999e-02 4.0000000000000001e-03  1.3183036661245434e-03
3.0000000000000027e-03 -1.4999999999999999e-02 4.0000000000000001e-03  1.3122848484893820e-03
3.0000000000000027e-03 -1.1999999999999997e-02 4.0000000000000001e-03  1.3055691250430095e-03
3.0000000000000027e-03 -8.9999999999999941e-03 4.0000000000000001e-03  1.3013710620017088e-03
3.0000000000000027e-03 -5.9999999999999984e-03 4.0000000000000001e-03  1.2982949636897957e-03
3.0000000000000027e-03 -2.9999999999999957e-03 4.0000000000000001e-03  1.2946389662557333e-03
3.0000000000000027e-03 0.0000000000000000e+00 4.0000000000000001e-03  1.2904011809454035e-03
3.0000000000000027e-03 3.0000000000000027e-03 4.0000000000000001e-03  1.2855810995457493e-03
3.0000000000000027e-03 6.0000000000000053e-03 4.0000000000000001e-03  1.2801795943847795e-03
3.0000000000000027e-03 9.0000000000000011e-03 4.0000000000000001e-03  1.2751316879655694e-03
3.0000000000000027e-03 1.2000000000000004e-02 4.0000000000000001e-03  1.2764892668191161e-03
3.0000000000000027e-03 1.4999999999999999e-02 4.0000000000000001e-03  1.2783134830381677e-03
3.0000000000000027e-03 1.8000000000000002e-02 4.0000000000000001e-03  1.2902803206942773e-03
3.0000000000000027e-03 2.1000000000000005e-02 4.0000000000000001e-03  1.3086657045017244e-03
3.0000000000000027e-03 2.4000000000000007e-02 4.0000000000000001e-03  1.3181944243142738e-03
3.0000000000000027e-03 2.7000000000000010e-02 4.0000000000000001e-03  1.3389708032338513e-03
3.0000000000000027e-03 2.9999999999999999e-02 4.0000000000000001e-03  1.3760418385929960e-03
3.0000000000000027e-03 3.3000000000000002e-02 4.0000000000000001e-03  1.4283518643872918e-03
3.0000000000000027e-03 3.6000000000000004e-02 4.0000000000000001e-03  1.4963855394140517e-03
3.0000000000000027e-03 3.9000000000000007e-02 4.0000000000000001e-03  1.5806114244021100e-03
3.0000000000000027e-03 4.2000000000000010e-02 4.0000000000000001e-03  1.6814819820117925e-03
3.0000000000000027e-03 4.4999999999999998e-02 4.0000000000000001e-03  1.7994335768349448e-03
6.0000000000000053e-03 -4.4999999999999998e-02 4.0000000000000001e-03  1.9267014291778051e-03
6.0000000000000053e-03 -4.1999999999999996e-02 4.0000000000000001e-03  1.7986577613131800e-03
6.0000000000000053e-03 -3.9000000000000000e-02 4.0000000000000001e-03  1.6863426291390314e-03
6.0000000000000053e-03 -3.5999999999999997e-02 4.0000000000000001e-03  1.5922958438701546e-03
6.0000000000000053e-03 -3.3000000000000002e-02 4.0000000000000001e-03  1.5135008626332019e-03
6.0000000000000053e-03 -2.9999999999999999e-02 4.0000000000000001e-03  1.4487050085022213e-03
6.0000000000000053e-03 -2.6999999999999996e-02 4.0000000000000001e-03  1.3971262200406149e-03
6.0000000000000053e-03 -2.3999999999999997e-02 4.0000000000000001e-03  1.3579816999447004e-03
6.0000000000000053e-03 -2.0999999999999998e-02 4.0000000000000001e-03  1.3306837999921091e-03
6.0000000000000053e-03 -1.7999999999999999e-02 4.0000000000000001e-03  1.3190162918960480e-03
6.0000000000000053e-03 -1.4999999999999999e-02 4.0000000000000001e-03  1.3142172210608015e-03
6.0000000000000053e-03 -1.1999999999999997e-02 4.0000000000000001e-03  1.3078422054805629e-03
6.0000000000000053e-03 -8.9999999999999941e-03 4.0000000000000001e-03  1.3053457175780110e-03
6.0000000000000053e-03 -5.9999999999999984e-03 4.0000000000000001e-03  1.3026680678897456e-03
6.0000000000000053e-03 -2.9999999999999957e-03 4.0000000000000001e-03  1.2994107794353988e-03
6.0000000000000053e-03 0.0000000000000000e+00 4.0000000000000001e-03  1.2955714577716081e-03
6.0000000000000053e-03 3.0000000000000027e-03 4.0000000000000001e-03  1.2911490889960793e-03
6.0000000000000053e-03 6.0000000000000053e-03 4.0000000000000001e-03  1.2861440397475832e-03
6.0000000000000053e-03 9.0000000000000011e-03 4.0000000000000001e-03  1.2805580572059572e-03
6.0000000000000053e-03 1.2000000000000004e-02 4.0000000000000001e-03  1.2755378439776870e-03
6.0000000000000053e-03 1.4999999999999999e-02 4.0000000000000001e-03  1.2770020446580795e-03
6.0000000000000053e-03 1.8000000000000002e-02 4.0000000000000001e-03  1.2890351269789890e-03
6.0000000000000053e-03 2.1000000000000005e-02 4.0000000000000001e-03  1.3039064480628363e-03
6.0000000000000053e-03 2.4000000000000007e-02 4.0000000000000001e-03  1.3092666444326703e-03
6.0000000000000053e-03 2.7000000000000010e-02 4.0000000000000001e-03  1.3281244326320443e-03
6.0000000000000053e-03 2.9999999999999999e-02 4.0000000000000001e-03  1.3616131674139425e-03
6.0000000000000053e-03 3.3000000000000002e-02 4.0000000000000001e-03  1.4102428217078443e-03
6.0000000000000053e-03 3.6000000000000004e-02 4.0000000000000001e-03  1.4745072703747381e-03
6.0000000000000053e-03 3.9000000000000007e-02 4.0000000000000001e-03  1.5548842902071236e-03
6.0000000000000053e-03 4.2000000000000010e-02 4.0000000000000001e-03  1.6518355599290109e-03
6.0000000000000053e-03 4.4999999999999998e-02 4.0000000000000001e-03  1.7658066601959172e-03
9.0000000000000011e-03 -4.4999999999999998e-02 4.0000000000000001e-03  1.9207746792068792e-03
9.0000000000000011e-03 -4.1999999999999996e-02 4.0000000000000001e-03  1.7938407440057840e-03
9.0000000000000011e-03 -3.9000000000000000e-02 4.0000000000000001e-03  1.6819796536174966e-03
9.0000000000000011e-03 -3.5999999999999997e-02 4.0000000000000001e-03  1.5856203165191107e-03
9.0000000000000011e-03 -3.3000000000000002e-02 4.0000000000000001e-03  1.5073583872641735e-03
9.0000000000000011e-03 -2.9999999999999999e-02 4.0000000000000001e-03  1.4433947605689685e-03
9.0000000000000011e-03 -2.6999999999999996e-02 4.0000000000000001e-03  1.3932139883581262e-03
9.0000000000000011e-03 -2.3999999999999997e-02 4.0000000000000001e-03  1.3562996969555868e-03
9.0000000000000011e-03 -2.0999999999999998e-02 4.0000000000000001e-03  1.3321345870845834e-03
9.0000000000000011e-03 -1.7999999999999999e-02 4.0000000000000001e-03  1.3202004338676589e-03
9.0000000000000011e-03 -1.4999999999999999e-02 4.0000000000000001e-03  1.3170810418943158e-03
9.0000000000000011e-03 -1.1999999999999997e-02 4.0000000000000001e-03  1.3118803455801774e-03
9.0000000000000011e-03 -8.9999999999999941e-03 4.0000000000000001e-03  1.3101779755753517e-03
9.0000000000000011e-03 -5.9999999999999984e-03 4.0000000000000001e-03  1.3079005737863954e-03
9.0000000000000011e-03 -2.9999999999999957e-03 4.0000000000000001e-03  1.3050438595396390e-03
9.0000000000000011e-03 0.0000000000000000e+00 4.0000000000000001e-03  1.3016049327024886e-03
9.0000000000000011e-03 3.0000000000000027e-03 4.0000000000000001e-03  1.2975822736834110e-03
9.0000000000000011e-03 6.0000000000000053e-03 4.0000000000000001e-03  1.2929757434319369e-03
9.0000000000000011e-03 9.0000000000000011e-03 4.0000000000000001e-03  1.2877865834386632e-03
9.0000000000000011e-03 1.2000000000000004e-02 4.0000000000000001e-03  1.2820174157352506e-03
9.0000000000000011e-03 1.4999999999999999e-02 4.0000000000000001e-03  1.2793986988013603e-03
9.0000000000000011e-03 1.8000000000000002e-02 4.0000000000000001e-03  1.2984331725283888e-03
9.0000000000000011e-03 2.1000000000000005e-02 4.0000000000000001e-03  1.3193943019674859e-03
9.0000000000000011e-03 2.4000000000000007e-02 4.0000000000000001e-03  1.3304772118156232e-03
9.0000000000000011e-03 2.7000000000000010e-02 4.0000000000000001e-03  1.3457477947457564e-03
9.0000000000000011e-03 2.9999999999999999e-02 4.0000000000000001e-03  1.3753502854457421e-03
9.0000000000000011e-03 3.3000000000000002e-02 4.0000000000000001e-03  1.4197834734507575e-03
9.0000000000000011e-03 3.6000000000000004e-02 4.0000000000000001e-03  1.4795293111872240e-03
9.0000000000000011e-03 3.9000000000000007e-02 4.0000000000000001e-03  1.5550529139728175e-03
9.0000000000000011e-03 4.2000000000000010e-02 4.0000000000000001e-03  1.6468025600164654e-03
9.0000000000000011e-03 4.4999999999999998e-02 4.0000000000000001e-03  1.7552096904183399e-03
1.2000000000000004e-02 -4.4999999999999998e-02 4.0000000000000001e-03  1.9186530236945554e-03
1.2000000000000004e-02 -4.1999999999999996e-02 4.0000000000000001e-03  1.7964996986201834e-03
1.2000000000000004e-02 -3.9000000000000000e-02 4.0000000000000001e-03  1.6892203583504586e-03
1.2000000000000004e-02 -3.5999999999999997e-02 4.0000000000000001e-03  1.5966450672805982e-03
1.2000000000000004e-02 -3.3000000000000002e-02 4.0000000000000001e-03  1.5185767306809517e-03
1.2000000000000004e-02 -2.9999999999999999e-02 4.0000000000000001e-03  1.4547910946969913e-03
1.2000000000000004e-02 -2.6999999999999996e-02 4.0000000000000001e-03  1.4050367463493327e-03
1.2000000000000004e-02 -2.3999999999999997e-02 4.0000000000000001e-03  1.3721345572628256e-03
1.2000000000000004e-02 -2.0999999999999998e-02 4.0000000000000001e-03  1.3520361095966098e-03
1.2000000000000004e-02 -1.7999999999999999e-02 4.0000000000000001e-03  1.3411485899134025e-03
1.2000000000000004e-02 -1.4999999999999999e-02 4.0000000000000001e-03  1.3208718940865107e-03
1.2000000000000004e-02 -1.1999999999999997e-02 4.0000000000000001e-03  1.3171706311323288e-03
1.2000000000000004e-02 -8.9999999999999941e-03 4.0000000000000001e-03  1.3158701485319751e-03
1.2000000000000004e-02 -5.9999999999999984e-03 4.0000000000000001e-03  1.3139955320972303e-03
1.2000000000000004e-02 -2.9999999999999957e-03 4.0000000000000001e-03  1.3115419954652038e-03
1.2000000000000004e-02 0.0000000000000000e+00 4.0000000000000001e-03  1.3085061328140500e-03
1.2000000000000004e-02 3.0000000000000027e-03 4.0000000000000001e-03  1.3074257424220998e-03
1.2000000000000004e-02 6.0000000000000053e-03 4.0000000000000001e-03  1.3070106016184729e-03
1.2000000000000004e-02 9.0000000000000011e-03 4.0000000000000001e-03  1.3060954529652436e-03
1.2000000000000004e-02 1.2000000000000004e-02 4.0000000000000001e-03  1.3046922196806863e-03
1.2000000000000004e-02 1.4999999999999999e-02 4.0000000000000001e-03  1.3028153636552955e-03
1.2000000000000004e-02 1.8000000000000002e-02 4.0000000000000001e-03  1.3145659265204669e-03
1.2000000000000004e-02 2.1000000000000005e-02 4.0000000000000001e-03  1.3370389394640285e-03
1.2000000000000004e-02 2.4000000000000007e-02 4.0000000000000001e-03  1.3602834614507985e-03
1.2000000000000004e-02 2.7000000000000010e-02 4.0000000000000001e-03  1.3742030431516995e-03
1.2000000000000004e-02 2.9999999999999999e-02 4.0000000000000001e-03  1.3991416426525970e-03
1.2000000000000004e-02 3.3000000000000002e-02 4.0000000000000001e-03  1.4385997884708180e-03
1.2000000000000004e-02 3.6000000000000004e-02 4.0000000000000001e-03  1.4930551403275767e-03
1.2000000000000004e-02 3.9000000000000007e-02 4.0000000000000001e-03  1.5629685208353326e-03
1.2000000000000004e-02 4.2000000000000010e-02 4.0000000000000001e-03  1.6487839154977926e-03
1.2000000000000004e-02 4.4999999999999998e-02 4.0000000000000001e-03  1.7509284727099238e-03
1.4999999999999999e-02 -4.4999999999999998e-02 4.0000000000000001e-03  1.9188469154975676e-03
1.4999999999999999e-02 -4.1999999999999996e-02 4.0000000000000001e-03  1.8015546277086820e-03
1.4999999999999999e-02 -3.9000000000000000e-02 4.0000000000000001e-03  1.6986935390169216e-03
1.4999999999999999e-02 -3.5999999999999997e-02 4.0000000000000001e-03  1.6103388165846692e-03
1.4999999999999999e-02 -3.3000000000000002e-02 4.0000000000000001e-03  1.5362887819997733e-03
1.4999999999999999e-02 -2.9999999999999999e-02 4.0000000000000001e-03  1.4763145977252140e-03
1.4999999999999999e-02 -2.6999999999999996e-02 4.0000000000000001e-03  1.4301602670991069e-03
1.4999999999999999e-02 -2.3999999999999997e-02 4.0000000000000001e-03  1.3975426343346929e-03
1.4999999999999999e-02 -2.0999999999999998e-02 4.0000000000000001e-03  1.3781513845203398e-03
1.4999999999999999e-02 -1.7999999999999999e-02 4.0000000000000001e-03  1.3566223538190368e-03
1.4999999999999999e-02 -1.4999999999999999e-02 4.0000000000000001e-03  1.3331984145458012e-03
1.4999999999999999e-02 -1.1999999999999997e-02 4.0000000000000001e-03  1.3243535341375310e-03
1.4999999999999999e-02 -8.9999999999999941e-03 4.0000000000000001e-03  1.3270478853480881e-03
1.4999999999999999e-02 -5.9999999999999984e-03 4.0000000000000001e-03  1.3292303173038020e-03
1.4999999999999999e-02 -2.9999999999999957e-03 4.0000000000000001e-03  1.3309007443293662e-03
1.4999999999999999e-02 0.0000000000000000e+00 4.0000000000000001e-03  1.3320616194216915e-03
1.4999999999999999e-02 3.0000000000000027e-03 4.0000000000000001e-03  1.3327179342499146e-03
1.4999999999999999e-02 6.0000000000000053e-03 4.0000000000000001e-03  1.3328772191554070e-03
1.4999999999999999e-02 9.0000000000000011e-03 4.0000000000000001e-03  1.3325495431517581e-03
1.4999999999999999e-02 1.2000000000000004e-02 4.0000000000000001e-03  1.3317475139247869e-03
1.4999999999999999e-02 1.4999999999999999e-02 4.0000000000000001e-03  1.3299764750810991e-03
1.4999999999999999e-02 1.8000000000000002e-02 4.0000000000000001e-03  1.3325456104122503e-03
1.4999999999999999e-02 2.1000000000000005e-02 4.0000000000000001e-03  1.3553917762203394e-03
1.4999999999999999e-02 2.4000000000000007e-02 4.0000000000000001e-03  1.3787647459272147e-03
1.4999999999999999e-02 2.7000000000000010e-02 4.0000000000000001e-03  1.4021484069121329e-03
1.4999999999999999e-02 2.9999999999999999e-02 4.0000000000000001e-03  1.4226054624467458e-03
1.4999999999999999e-02 3.3000000000000002e-02 4.0000000000000001e-03  1.4572816437575307e-03
1.4999999999999999e-02 3.6000000000000004e-02 4.0000000000000001e-03  1.5066503178604879e-03
1.4999999999999999e-02 3.9000000000000007e-02 4.0000000000000001e-03  1.5711680146628618e-03
1.4999999999999999e-02 4.2000000000000010e-02 4.0000000000000001e-03  1.6512744269631524e-03
1.4999999999999999e-02 4.4999999999999998e-02 4.0000000000000001e-03  1.7494281536435438e-03
1.8000000000000002e-02 -4.4999999999999998e-02 4.0000000000000001e-03  1.9638872609915184e-03
1.8000000000000002e-02 -4.1999999999999996e-02 4.0000000000000001e-03  1.8088917847180576e-03
1.8000000000000002e-02 -3.9000000000000000e-02 4.0000000000000001e-03  1.7102972940040591e-03
1.8000000000000002e-02 -3.5999999999999997e-02 4.0000000000000001e-03  1.6260172473594981e-03
1.8000000000000002e-02 -3.3000000000000002e-02 4.0000000000000001e-03  1.5558453826897303e-03
1.8000000000000002e-02 -2.9999999999999999e-02 4.0000000000000001e-03  1.4995482787752462e-03
1.8000000000000002e-02 -2.6999999999999996e-02 4.0000000000000001e-03  1.4568653552716573e-03
1.8000000000000002e-02 -2.3999999999999997e-02 4.0000000000000001e-03  1.4275088727097093e-03
1.8000000000000002e-02 -2.0999999999999998e-02 4.0000000000000001e-03  1.3997726052114162e-03
1.8000000000000002e-02 -1.7999999999999999e-02 4.0000000000000001e-03  1.3714781647486251e-03
1.8000000000000002e-02 -1.4999999999999999e-02 4.0000000000000001e-03  1.3586033699459104e-03
1.8000000000000002e-02 -1.1999999999999997e-02 4.0000000000000001e-03  1.3537101444670804e-03
1.8000000000000002e-02 -8.9999999999999941e-03 4.0000000000000001e-03  1.3530312297361971e-03
1.8000000000000002e-02 -5.9999999999999984e-03 4.0000000000000001e-03  1.3535894473782964e-03
1.8000000000000002e-02 -2.9999999999999957e-03 4.0000000000000001e-03  1.3558017266522334e-03
1.8000000000000002e-02 0.0000000000000000e+00 4.0000000000000001e-03  1.3575134180795166e-03
1.8000000000000002e-02 3.0000000000000027e-03 4.0000000000000001e-03  1.3567114475520131e-03
1.8000000000000002e-02 6.0000000000000053e-03 4.0000000000000001e-03  1.3549789064344884e-03
1.8000000000000002e-02 9.0000000000000011e-03 4.0000000000000001e-03  1.3529257367488104e-03
1.8000000000000002e-02 1.2000000000000004e-02 4.0000000000000001e-03  1.3505585315552924e-03
1.8000000000000002e-02 1.4999999999999999e-02 4.0000000000000001e-03  1.3478858249635431e-03
1.8000000000000002e-02 1.8000000000000002e-02 4.0000000000000001e-03  1.3552681553786732e-03
1.8000000000000002e-02 2.1000000000000005e-02 4.0000000000000001e-03  1.3744460603341202e-03
1.8000000000000002e-02 2.4000000000000007e-02 4.0000000000000001e-03  1.3979241376000534e-03
1.8000000000000002e-02 2.7000000000000010e-02 4.0000000000000001e-03  1.4219490425441197e-03
1.8000000000000002e-02 2.9999999999999999e-02 4.0000000000000001e-03  1.4456105557405306e-03
1.8000000000000002e-02 3.3000000000000002e-02 4.0000000000000001e-03  1.4756886456571017e-03
1.8000000000000002e-02 3.6000000000000004e-02 4.0000000000000001e-03  1.5201652455660271e-03
1.8000000000000002e-02 3.9000000000000007e-02 4.0000000000000001e-03  1.5794925926693455e-03
1.8000000000000002e-02 4.2000000000000010e-02 4.0000000000000001e-03  1.6574825146841035e-03
1.8000000000000002e-02 4.4999999999999998e-02 4.0000000000000001e-03  1.7518428562816684e-03
2.1000000000000005e-02 -4.4999999999999998e-02 4.0000000000000001e-03  2.0094934731682132e-03
2.1000000000000005e-02 -4.1999999999999996e-02 4.0000000000000001e-03  1.8184181227958362e-03
2.1000000000000005e-02 -3.9000000000000000e-02 4.0000000000000001e-03  1.7239504213997798e-03
2.1000000000000005e-02 -3.5999999999999997e-02 4.0000000000000001e-03  1.6436110026333891e-03
2.1000000000000005e-02 -3.3000000000000002e-02 4.0000000000000001e-03  1.5771890207195228e-03
2.1000000000000005e-02 -2.9999999999999999e-02 4.0000000000000001e-03  1.5244464707561726e-03
2.1000000000000005e-02 -2.6999999999999996e-02 4.0000000000000001e-03  1.4851181887164601e-03
2.1000000000000005e-02 -2.3999999999999997e-02 4.0000000000000001e-03  1.4517652613261678e-03
2.1000000000000005e-02 -2.0999999999999998e-02 4.0000000000000001e-03  1.4189200850030330e-03
2.1000000000000005e-02 -1.7999999999999999e-02 4.0000000000000001e-03  1.3866265522155215e-03
2.1000000000000005e-02 -1.4999999999999999e-02 4.0000000000000001e-03  1.3774941958797546e-03
2.1000000000000005e-02 -1.1999999999999997e-02 4.0000000000000001e-03  1.3784523905246914e-03
2.1000000000000005e-02 -8.9999999999999941e-03 4.0000000000000001e-03  1.3762873352586287e-03
2.1000000000000005e-02 -5.9999999999999984e-03 4.0000000000000001e-03  1.3749938125000305e-03
2.1000000000000005e-02 -2.9999999999999957e-03 4.0000000000000001e-03  1.3746143190255457e-03
2.1000000000000005e-02 0.0000000000000000e+00 4.0000000000000001e-03  1.3752596258223243e-03
2.1000000000000005e-02 3.0000000000000027e-03 4.0000000000000001e-03  1.3755929718878572e-03
2.1000000000000005e-02 6.0000000000000053e-03 4.0000000000000001e-03  1.3756188174545950e-03
2.1000000000000005e-02 9.0000000000000011e-03 4.0000000000000001e-03  1.3753435638042722e-03
2.1000000000000005e-02 1.2000000000000004e-02 4.0000000000000001e-03  1.3747755532679486e-03
2.1000000000000005e-02 1.4999999999999999e-02 4.0000000000000001e-03  1.3739250692259722e-03
2.1000000000000005e-02 1.8000000000000002e-02 4.0000000000000001e-03  1.3839153460144824e-03
2.1000000000000005e-02 2.1000000000000005e-02 4.0000000000000001e-03  1.3984294063004554e-03
2.1000000000000005e-02 2.4000000000000007e-02 4.0000000000000001e-03  1.4177605941919963e-03
2.1000000000000005e-02 2.7000000000000010e-02 4.0000000000000001e-03  1.4418917200758876e-03
2.1000000000000005e-02 2.9999999999999999e-02 4.0000000000000001e-03  1.4665889575952822e-03
2.1000000000000005e-02 3.3000000000000002e-02 4.0000000000000001e-03  1.4936936374992590e-03
2.1000000000000005e-02 3.6000000000000004e-02 4.0000000000000001e-03  1.5334635622077917e-03
2.1000000000000005e-02 3.9000000000000007e-02 4.0000000000000001e-03  1.5929289767903480e-03
2.1000000000000005e-02 4.2000000000000010e-02 4.0000000000000001e-03  1.6688725559260321e-03
2.1000000000000005e-02 4.4999999999999998e-02 4.0000000000000001e-03  1.7690720741145288e-03
2.4000000000000007e-02 -4.4999999999999998e-02 4.0000000000000001e-03  2.0512146311818347e-03
2.4000000000000007e-02 -4.1999999999999996e-02 4.0000000000000001e-03  1.8521805819509455e-03
2.4000000000000007e-02 -3.9000000000000000e-02 4.0000000000000001e-03  1.7395924189927384e-03
2.4000000000000007e-02 -3.5999999999999997e-02 4.0000000000000001e-03  1.6630714251353860e-03
2.4000000000000007e-02 -3.3000000000000002e-02 4.0000000000000001e-03  1.6002828837585869e-03
2.4000000000000007e-02 -2.9999999999999999e-02 4.0000000000000001e-03  1.5509842062778297e-03
2.4000000000000007e-02 -2.6999999999999996e-02 4.0000000000000001e-03  1.5116362212194568e-03
2.4000000000000007e-02 -2.3999999999999997e-02 4.0000000000000001e-03  1.4766776537403080e-03
2.4000000000000007e-02 -2.0999999999999998e-02 4.0000000000000001e-03  1.4441394695874864e-03
2.4000000000000007e-02 -1.7999999999999999e-02 4.0000000000000001e-03  1.4125699884038501e-03
2.4000000000000007e-02 -1.4999999999999999e-02 4.0000000000000001e-03  1.4001304946348154e-03
2.4000000000000007e-02 -1.1999999999999997e-02 4.0000000000000001e-03  1.3980625056634062e-03
2.4000000000000007e-02 -8.9999999999999941e-03 4.0000000000000001e-03  1.3981260068192448e-03
2.4000000000000007e-02 -5.9999999999999984e-03 4.0000000000000001e-03  1.3979471219108372e-03
2.4000000000000007e-02 -2.9999999999999957e-03 4.0000000000000001e-03  1.3986376506587891e-03
2.4000000000000007e-02 0.0000000000000000e+00 4.0000000000000001e-03  1.4005282242080738e-03
2.4000000000000007e-02 3.0000000000000027e-03 4.0000000000000001e-03  1.4026883723838649e-03
2.4000000000000007e-02 6.0000000000000053e-03 4.0000000000000001e-03  1.4045629713744505e-03
2.4000000000000007e-02 9.0000000000000011e-03 4.0000000000000001e-03  1.4061601717323146e-03
2.4000000000000007e-02 1.2000000000000004e-02 4.0000000000000001e-03  1.4074900650592474e-03
2.4000000000000007e-02 1.4999999999999999e-02 4.0000000000000001e-03  1.4085646840063463e-03
2.4000000000000007e-02 1.8000000000000002e-02 4.0000000000000001e-03  1.4185392848694428e-03
2.4000000000000007e-02 2.1000000000000005e-02 4.0000000000000001e-03  1.4297141473729269e-03
2.4000000000000007e-02 2.4000000000000007e-02 4.0000000000000001e-03  1.4416627241212190e-03
2.4000000000000007e-02 2.7000000000000010e-02 4.0000000000000001e-03  1.4624950780116515e-03
2.4000000000000007e-02 2.9999999999999999e-02 4.0000000000000001e-03  1.4873010534677646e-03
2.4000000000000007e-02 3.3000000000000002e-02 4.0000000000000001e-03  1.5126916846947844e-03
2.4000000000000007e-02 3.6000000000000004e-02 4.0000000000000001e-03  1.5536371262391913e-03
2.4000000000000007e-02 3.9000000000000007e-02 4.0000000000000001e-03  1.6133262262135462e-03
2.4000000000000007e-02 4.2000000000000010e-02 4.0000000000000001e-03  1.6829349961574708e-03
2.4000000000000007e-02 4.4999999999999998e-02 4.0000000000000001e-03  1.7997640026713114e-03
2.7000000000000010e-02 -4.4999999999999998e-02 4.0000000000000001e-03  2.0889732747258892e-03
2.7000000000000010e-02 -4.1999999999999996e-02 4.0000000000000001e-03  1.8997732101138783e-03
2.7000000000000010e-02 -3.9000000000000000e-02 4.0000000000000001e-03  1.7573167455692820e-03
2.7000000000000010e-02 -3.5999999999999997e-02 4.0000000000000001e-03  1.6843705572952795e-03
2.7000000000000010e-02 -3.3000000000000002e-02 4.0000000000000001e-03  1.6251108591770953e-03
2.7000000000000010e-02 -2.9999999999999999e-02 4.0000000000000001e-03  1.5794291937102128e-03
2.7000000000000010e-02 -2.6999999999999996e-02 4.0000000000000001e-03  1.5456859502003129e-03
2.7000000000000010e-02 -2.3999999999999997e-02 4.0000000000000001e-03  1.5129810559201924e-03
2.7000000000000010e-02 -2.0999999999999998e-02 4.0000000000000001e-03  1.4813381734711077e-03
2.7000000000000010e-02 -1.7999999999999999e-02 4.0000000000000001e-03  1.4508040955864274e-03
2.7000000000000010e-02 -1.4999999999999999e-02 4.0000000000000001e-03  1.4344627128724449e-03
2.7000000000000010e-02 -1.1999999999999997e-02 4.0000000000000001e-03  1.4299538498769196e-03
2.7000000000000010e-02 -8.9999999999999941e-03 4.0000000000000001e-03  1.4289458606370033e-03
2.7000000000000010e-02 -5.9999999999999984e-03 4.0000000000000001e-03  1.4299390393896099e-03
2.7000000000000010e-02 -2.9999999999999957e-03 4.0000000000000001e-03  1.4317535388497001e-03
2.7000000000000010e-02 0.0000000000000000e+00 4.0000000000000001e-03  1.4344522858986768e-03
2.7000000000000010e-02 3.0000000000000027e-03 4.0000000000000001e-03  1.4385226683152640e-03
2.7000000000000010e-02 6.0000000000000053e-03 4.0000000000000001e-03  1.4423336240934721e-03
2.7000000000000010e-02 9.0000000000000011e-03 4.0000000000000001e-03  1.4458950530565309e-03
2.7000000000000010e-02 1.2000000000000004e-02 4.0000000000000001e-03  1.4492187960769697e-03
2.7000000000000010e-02 1.4999999999999999e-02 4.0000000000000001e-03  1.4528643757413576e-03
2.7000000000000010e-02 1.8000000000000002e-02 4.0000000000000001e-03  1.4593756183997929e-03
2.7000000000000010e-02 2.1000000000000005e-02 4.0000000000000001e-03  1.4669895061488094e-03
2.7000000000000010e-02 2.4000000000000007e-02 4.0000000000000001e-03  1.4755674411994434e-03
2.7000000000000010e-02 2.7000000000000010e-02 4.0000000000000001e-03  1.4849606245666174e-03
2.7000000000000010e-02 2.9999999999999999e-02 4.0000000000000001e-03  1.5086654431523971e-03
2.7000000000000010e-02 3.3000000000000002e-02 4.0000000000000001e-03  1.5435461672795307e-03
2.7000000000000010e-02 3.6000000000000004e-02 4.0000000000000001e-03  1.5830384032199120e-03
2.7000000000000010e-02 3.9000000000000007e-02 4.0000000000000001e-03  1.6364700711666061e-03
2.7000000000000010e-02 4.2000000000000010e-02 4.0000000000000001e-03  1.7049390938437686e-03
2.7000000000000010e-02 4.4999999999999998e-02 4.0000000000000001e-03  1.8244624988978443e-03
2.9999999999999999e-02 -4.4999999999999998e-02 4.0000000000000001e-03  2.1211735424899792e-03
2.9999999999999999e-02 -4.1999999999999996e-02 4.0000000000000001e-03  1.9439415382505730e-03
2.9999999999999999e-02 -3.9000000000000000e-02 4.0000000000000001e-03  1.7739631507766970e-03
2.9999999999999999e-02 -3.5999999999999997e-02 4.0000000000000001e-03  1.7075011412435869e-03
2.9999999999999999e-02 -3.3000000000000002e-02 4.0000000000000001e-03  1.6599344927898205e-03
2.9999999999999999e-02 -2.9999999999999999e-02 4.0000000000000001e-03  1.6260163641470108e-03
2.9999999999999999e-02 -2.6999999999999996e-02 4.0000000000000001e-03  1.5932203900867244e-03
2.9999999999999999e-02 -2.3999999999999997e-02 4.0000000000000001e-03  1.5615763814490961e-03
2.9999999999999999e-02 -2.0999999999999998e-02 4.0000000000000001e-03  1.5311372792063778e-03
2.9999999999999999e-02 -1.7999999999999999e-02 4.0000000000000001e-03  1.5019791544629577e-03
2.9999999999999999e-02 -1.4999999999999999e-02 4.0000000000000001e-03  1.4810974950489359e-03
2.9999999999999999e-02 -1.1999999999999997e-02 4.0000000000000001e-03  1.4755851349608834e-03
2.9999999999999999e-02 -8.9999999999999941e-03 4.0000000000000001e-03  1.4726317078531542e-03
2.9999999999999999e-02 -5.9999999999999984e-03 4.0000000000000001e-03  1.4721349667692367e-03
2.9999999999999999e-02 -2.9999999999999957e-03 4.0000000000000001e-03  1.4746011275331577e-03
2.9999999999999999e-02 0.0000000000000000e+00 4.0000000000000001e-03  1.4784264315657986e-03
2.9999999999999999e-02 3.0000000000000027e-03 4.0000000000000001e-03  1.4836643685912972e-03
2.9999999999999999e-02 6.0000000000000053e-03 4.0000000000000001e-03  1.4894965211450829e-03
2.9999999999999999e-02 9.0000000000000011e-03 4.0000000000000001e-03  1.4951111899345264e-03
2.9999999999999999e-02 1.2000000000000004e-02 4.0000000000000001e-03  1.5005219651028968e-03
2.9999999999999999e-02 1.4999999999999999e-02 4.0000000000000001e-03  1.5041814185367546e-03
2.9999999999999999e-02 1.8000000000000002e-02 4.0000000000000001e-03  1.5066771064805792e-03
2.9999999999999999e-02 2.1000000000000005e-02 4.0000000000000001e-03  1.5104817387829996e-03
2.9999999999999999e-02 2.4000000000000007e-02 4.0000000000000001e-03  1.5154602488297831e-03
2.9999999999999999e-02 2.7000000000000010e-02 4.0000000000000001e-03  1.5214673688105770e-03
2.9999999999999999e-02 2.9999999999999999e-02 4.0000000000000001e-03  1.5422923429369009e-03
2.9999999999999999e-02 3.3000000000000002e-02 4.0000000000000001e-03  1.5796054886938475e-03
2.9999999999999999e-02 3.6000000000000004e-02 4.0000000000000001e-03  1.6177163445315389e-03
2.9999999999999999e-02 3.9000000000000007e-02 4.0000000000000001e-03  1.6623722282077863e-03
2.9999999999999999e-02 4.2000000000000010e-02 4.0000000000000001e-03  1.7246982838036869e-03
2.9999999999999999e-02 4.4999999999999998e-02 4.0000000000000001e-03  1.8434136612319758e-03
3.3000000000000002e-02 -4.4999999999999998e-02 4.0000000000000001e-03  2.1524686164395876e-03
3.3000000000000002e-02 -4.1999999999999996e-02 4.0000000000000001e-03  1.9722588182920510e-03
3.3000000000000002e-02 -3.9000000000000000e-02 4.0000000000000001e-03  1.8146815518139644e-03
3.3000000000000002e-02 -3.5999999999999997e-02 4.0000000000000001e-03  1.7407294616967293e-03
3.3000000000000002e-02 -3.3000000000000002e-02 4.0000000000000001e-03  1.7177322961609667e-03
3.3000000000000002e-02 -2.9999999999999999e-02 4.0000000000000001e-03  1.6849185617767608e-03
3.3000000000000002e-02 -2.6999999999999996e-02 4.0000000000000001e-03  1.6533433911366071e-03
3.3000000000000002e-02 -2.3999999999999997e-02 4.0000000000000001e-03  1.6230658734516519e-03
3.3000000000000002e-02 -2.0999999999999998e-02 4.0000000000000001e-03  1.5941682280651594e-03
3.3000000000000002e-02 -1.7999999999999999e-02 4.0000000000000001e-03  1.5667558044525232e-03
3.3000000000000002e-02 -1.4999999999999999e-02 4.0000000000000001e-03  1.5430252205913596e-03
3.3000000000000002e-02 -1.1999999999999997e-02 4.0000000000000001e-03  1.5356748832429674e-03
3.3000000000000002e-02 -8.9999999999999941e-03 4.0000000000000001e-03  1.5307874931468238e-03
3.3000000000000002e-02 -5.9999999999999984e-03 4.0000000000000001e-03  1.5283573766155367e-03
3.3000000000000002e-02 -2.9999999999999957e-03 4.0000000000000001e-03  1.5283867218149482e-03
3.3000000000000002e-02 0.0000000000000000e+00 4.0000000000000001e-03  1.5328882473060620e-03
3.3000000000000002e-02 3.0000000000000027e-03 4.0000000000000001e-03  1.5387519823085163e-03
3.3000000000000002e-02 6.0000000000000053e-03 4.0000000000000001e-03  1.5466608976967089e-03
3.3000000000000002e-02 9.0000000000000011e-03 4.0000000000000001e-03  1.5544150541579088e-03
3.3000000000000002e-02 1.2000000000000004e-02 4.0000000000000001e-03  1.5620032805528218e-03
3.3000000000000002e-02 1.4999999999999999e-02 4.0000000000000001e-03  1.5625277709746394e-03
3.3000000000000002e-02 1.8000000000000002e-02 4.0000000000000001e-03  1.5607136224056418e-03
3.3000000000000002e-02 2.1000000000000005e-02 4.0000000000000001e-03  1.5604342148491954e-03
3.3000000000000002e-02 2.4000000000000007e-02 4.0000000000000001e-03  1.5621379594050935e-03
3.3000000000000002e-02 2.7000000000000010e-02 4.0000000000000001e-03  1.5827658257197917e-03
3.3000000000000002e-02 2.9999999999999999e-02 4.0000000000000001e-03  1.6010632929972777e-03
3.3000000000000002e-02 3.3000000000000002e-02 4.0000000000000001e-03  1.6296391951761923e-03
3.3000000000000002e-02 3.6000000000000004e-02 4.0000000000000001e-03  1.6647126499470565e-03
3.3000000000000002e-02 3.9000000000000007e-02 4.0000000000000001e-03  1.7093395005588110e-03
3.3000000000000002e-02 4.2000000000000010e-02 4.0000000000000001e-03  1.7693630674262808e-03
3.3000000000000002e-02 4.4999999999999998e-02 4.0000000000000001e-03  1.8732201562816182e-03
3.6000000000000004e-02 -4.4999999999999998e-02 4.0000000000000001e-03  2.1956277551089553e-03
3.6000000000000004e-02 -4.1999999999999996e-02 4.0000000000000001e-03  2.0058980667773318e-03
3.6000000000000004e-02 -3.9000000000000000e-02 4.0000000000000001e-03  1.8745629947940850e-03
3.6000000000000004e-02 -3.5999999999999997e-02 4.0000000000000001e-03  1.8285135221073829e-03
3.6000000000000004e-02 -3.3000000000000002e-02 4.0000000000000001e-03  1.7868172655980995e-03
3.6000000000000004e-02 -2.9999999999999999e-02 4.0000000000000001e-03  1.7566899921490258e-03
3.6000000000000004e-02 -2.6999999999999996e-02 4.0000000000000001e-03  1.7266383570467469e-03
3.6000000000000004e-02 -2.3999999999999997e-02 4.0000000000000001e-03  1.6980621337718774e-03
3.6000000000000004e-02 -2.0999999999999998e-02 4.0000000000000001e-03  1.6710728200386934e-03
3.6000000000000004e-02 -1.7999999999999999e-02 4.0000000000000001e-03  1.6458050436935932e-03
3.6000000000000004e-02 -1.4999999999999999e-02 4.0000000000000001e-03  1.6202085948642674e-03
3.6000000000000004e-02 -1.1999999999999997e-02 4.0000000000000001e-03  1.6109542311852037e-03
3.6000000000000004e-02 -8.9999999999999941e-03 4.0000000000000001e-03  1.6041610558307088e-03
3.6000000000000004e-02 -5.9999999999999984e-03 4.0000000000000001e-03  1.5998229432182033e-03
3.6000000000000004e-02 -2.9999999999999957e-03 4.0000000000000001e-03  1.5979416296183471e-03
3.6000000000000004e-02 0.0000000000000000e+00 4.0000000000000001e-03  1.5985529791702603e-03
3.6000000000000004e-02 3.0000000000000027e-03 4.0000000000000001e-03  1.6056427115232915e-03
3.6000000000000004e-02 6.0000000000000053e-03 4.0000000000000001e-03  1.6144794785497745e-03
3.6000000000000004e-02 9.0000000000000011e-03 4.0000000000000001e-03  1.6244566071522907e-03
3.6000000000000004e-02 1.2000000000000004e-02 4.0000000000000001e-03  1.6343099404765320e-03
3.6000000000000004e-02 1.4999999999999999e-02 4.0000000000000001e-03  1.6282169234877954e-03
3.6000000000000004e-02 1.8000000000000002e-02 4.0000000000000001e-03  1.6217721528876241e-03
3.6000000000000004e-02 2.1000000000000005e-02 4.0000000000000001e-03  1.6191796355829488e-03
3.6000000000000004e-02 2.4000000000000007e-02 4.0000000000000001e-03  1.6449348398649281e-03
3.6000000000000004e-02 2.7000000000000010e-02 4.0000000000000001e-03  1.6681721278977465e-03
3.6000000000000004e-02 2.9999999999999999e-02 4.0000000000000001e-03  1.6887830970755339e-03
3.6000000000000004e-02 3.3000000000000002e-02 4.0000000000000001e-03  1.7074458070681620e-03
3.6000000000000004e-02 3.6000000000000004e-02 4.0000000000000001e-03  1.7398348703755308e-03
3.6000000000000004e-02 3.9000000000000007e-02 4.0000000000000001e-03  1.7787418785393577e-03
3.6000000000000004e-02 4.2000000000000010e-02 4.0000000000000001e-03  1.8373821687706420e-03
3.6000000000000004e-02 4.4999999999999998e-02 4.0000000000000001e-03  1.9240079211785086e-03
3.9000000000000007e-02 -4.4999999999999998e-02 4.0000000000000001e-03  2.2522556717287342e-03
3.9000000000000007e-02 -4.1999999999999996e-02 4.0000000000000001e-03  2.0882242531022970e-03
3.9000000000000007e-02 -3.9000000000000000e-02 4.0000000000000001e-03  2.0330302422142013e-03
3.9000000000000007e-02 -3.5999999999999997e-02 4.0000000000000001e-03  1.9781428170673044e-03
3.9000000000000007e-02 -3.3000000000000002e-02 4.0000000000000001e-03  1.9184787310347917e-03
3.9000000000000007e-02 -2.9999999999999999e-02 4.0000000000000001e-03  1.8539499804331623e-03
3.9000000000000007e-02 -2.6999999999999996e-02 4.0000000000000001e-03  1.8136990502333153e-03
3.9000000000000007e-02 -2.3999999999999997e-02 4.0000000000000001e-03  1.7871881229731704e-03
3.9000000000000007e-02 -2.0999999999999998e-02 4.0000000000000001e-03  1.7625032138375968e-03
3.9000000000000007e-02 -1.7999999999999999e-02 4.0000000000000001e-03  1.7398082290440064e-03
3.9000000000000007e-02 -1.4999999999999999e-02 4.0000000000000001e-03  1.7132776404490810e-03
3.9000000000000007e-02 -1.1999999999999997e-02 4.0000000000000001e-03  1.7021669293839816e-03
3.9000000000000007e-02 -8.9999999999999941e-03 4.0000000000000001e-03  1.6935128493518650e-03
3.9000000000000007e-02 -5.9999999999999984e-03 4.0000000000000001e-03  1.6873088228749661e-03
3.9000000000000007e-02 -2.9999999999999957e-03 4.0000000000000001e-03  1.6835561343287533e-03
3.9000000000000007e-02 0.0000000000000000e+00 4.0000000000000001e-03  1.6822639299419505e-03
3.9000000000000007e-02 3.0000000000000027e-03 4.0000000000000001e-03  1.6845532162709364e-03
3.9000000000000007e-02 6.0000000000000053e-03 4.0000000000000001e-03  1.6937731697586229e-03
3.9000000000000007e-02 9.0000000000000011e-03 4.0000000000000001e-03  1.7059292999772860e-03
3.9000000000000007e-02 1.2000000000000004e-02 4.0000000000000001e-03  1.7151612601698596e-03
3.9000000000000007e-02 1.4999999999999999e-02 4.0000000000000001e-03  1.7015794799278157e-03
3.9000000000000007e-02 1.8000000000000002e-02 4.0000000000000001e-03  1.6946807365290060e-03
3.9000000000000007e-02 2.1000000000000005e-02 4.0000000000000001e-03  1.7258003994674673e-03
3.9000000000000007e-02 2.4000000000000007e-02 4.0000000000000001e-03  1.7542013152858325e-03
3.9000000000000007e-02 2.7000000000000010e-02 4.0000000000000001e-03  1.7797803245692503e-03
3.9000000000000007e-02 2.9999999999999999e-02 4.0000000000000001e-03  1.8024807201368553e-03
3.9000000000000007e-02 3.3000000000000002e-02 4.0000000000000001e-03  1.8222922470417671e-03
3.9000000000000007e-02 3.6000000000000004e-02 4.0000000000000001e-03  1.8449700859915206e-03
3.9000000000000007e-02 3.9000000000000007e-02 4.0000000000000001e-03  1.8736921533002724e-03
3.9000000000000007e-02 4.2000000000000010e-02 4.0000000000000001e-03  1.9341064624949203e-03
3.9000000000000007e-02 4.4999999999999998e-02 4.0000000000000001e-03  1.9957109098949896e-03
4.2000000000000010e-02 -4.4999999999999998e-02 4.0000000000000001e-03  2.3916967537825997e-03
4.2000000000000010e-02 -4.1999999999999996e-02 4.0000000000000001e-03  2.3121888774480744e-03
4.2000000000000010e-02 -3.9000000000000000e-02 4.0000000000000001e-03  2.2490148372360835e-03
4.2000000000000010e-02 -3.5999999999999997e-02 4.0000000000000001e-03  2.1811020085375013e-03
4.2000000000000010e-02 -3.3000000000000002e-02 4.0000000000000001e-03  2.1083139560463403e-03
4.2000000000000010e-02 -2.9999999999999999e-02 4.0000000000000001e-03  2.0305380112025507e-03
4.2000000000000010e-02 -2.6999999999999996e-02 4.0000000000000001e-03  1.9476852721920302e-03
4.2000000000000010e-02 -2.3999999999999997e-02 4.0000000000000001e-03  1.8910771603382959e-03
4.2000000000000010e-02 -2.0999999999999998e-02 4.0000000000000001e-03  1.8691219268918663e-03
4.2000000000000010e-02 -1.7999999999999999e-02 4.0000000000000001e-03  1.8494570760809869e-03
4.2000000000000010e-02 -1.4999999999999999e-02 4.0000000000000001e-03  1.8229720192258698e-03
4.2000000000000010e-02 -1.1999999999999997e-02 4.0000000000000001e-03  1.8100693425700449e-03
4.2000000000000010e-02 -8.9999999999999941e-03 4.0000000000000001e-03  1.7996159412917059e-03
4.2000000000000010e-02 -5.9999999999999984e-03 4.0000000000000001e-03  1.7916047860178988e-03
4.2000000000000010e-02 -2.9999999999999957e-03 4.0000000000000001e-03  1.7860367092289125e-03
4.2000000000000010e-02 0.0000000000000000e+00 4.0000000000000001e-03  1.7829204052582754e-03
4.2000000000000010e-02 3.0000000000000027e-03 4.0000000000000001e-03  1.7822724302927620e-03
4.2000000000000010e-02 6.0000000000000053e-03 4.0000000000000001e-03  1.7868453808003223e-03
4.2000000000000010e-02 9.0000000000000011e-03 4.0000000000000001e-03  1.7995700733265197e-03
4.2000000000000010e-02 1.2000000000000004e-02 4.0000000000000001e-03  1.8021773996724972e-03
4.2000000000000010e-02 1.4999999999999999e-02 4.0000000000000001e-03  1.7910391017849779e-03
4.2000000000000010e-02 1.8000000000000002e-02 4.0000000000000001e-03  1.8276943353729596e-03
4.2000000000000010e-02 2.1000000000000005e-02 4.0000000000000001e-03  1.8614166773109526e-03
4.2000000000000010e-02 2.4000000000000007e-02 4.0000000000000001e-03  1.8921082113750975e-03
4.2000000000000010e-02 2.7000000000000010e-02 4.0000000000000001e-03  1.9197174735755393e-03
4.2000000000000010e-02 2.9999999999999999e-02 4.0000000000000001e-03  1.9442394521564166e-03
4.2000000000000010e-02 3.3000000000000002e-02 4.0000000000000001e-03  1.9657155875958672e-03
4.2000000000000010e-02 3.6000000000000004e-02 4.0000000000000001e-03  1.9842337726060245e-03
4.2000000000000010e-02 3.9000000000000007e-02 4.0000000000000001e-03  2.0075132370303821e-03
4.2000000000000010e-02 4.2000000000000010e-02 4.0000000000000001e-03  2.0854453816785933e-03
4.2000000000000010e-02 4.4999999999999998e-02 4.0000000000000001e-03  2.0845725576370193e-03
4.4999999999999998e-02 -4.4999999999999998e-02 4.0000000000000001e-03  2.6650566934939579e-03
4.4999999999999998e-02 -4.1999999999999996e-02 4.0000000000000001e-03  2.6035409272551794e-03
4.4999999999999998e-02 -3.9000000000000000e-02 4.0000000000000001e-03  2.5279000812808393e-03
4.4999999999999998e-02 -3.5999999999999997e-02 4.0000000000000001e-03  2.4474722938607227e-03
4.4999999999999998e-02 -3.3000000000000002e-02 4.0000000000000001e-03  2.3620972922659429e-03
4.4999999999999998e-02 -2.9999999999999999e-02 4.0000000000000001e-03  2.2716385705135313e-03
4.4999999999999998e-02 -2.6999999999999996e-02 4.0000000000000001e-03  2.1759833893664773e-03
4.4999999999999998e-02 -2.3999999999999997e-02 4.0000000000000001e-03  2.0750427763336961e-03
4.4999999999999998e-02 -2.0999999999999998e-02 4.0000000000000001e-03  1.9907326010266783e-03
4.4999999999999998e-02 -1.7999999999999999e-02 4.0000000000000001e-03  1.9754536591011342e-03
4.4999999999999998e-02 -1.4999999999999999e-02 4.0000000000000001e-03  1.9500440072090716e-03
4.4999999999999998e-02 -1.1999999999999997e-02 4.0000000000000001e-03  1.9354304496084942e-03
4.4999999999999998e-02 -8.9999999999999941e-03 4.0000000000000001e-03  1.9232560133659979e-03
4.4999999999999998e-02 -5.9999999999999984e-03 4.0000000000000001e-03  1.9135132172134425e-03
4.4999999999999998e-02 -2.9999999999999957e-03 4.0000000000000001e-03  1.9062024417359248e-03
4.4999999999999998e-02 0.0000000000000000e+00 4.0000000000000001e-03  1.9013319293717927e-03
4.4999999999999998e-02 3.0000000000000027e-03 4.0000000000000001e-03  1.8989177844126292e-03
4.4999999999999998e-02 6.0000000000000053e-03 4.0000000000000001e-03  1.8989839730032603e-03
4.4999999999999998e-02 9.0000000000000011e-03 4.0000000000000001e-03  1.9064605896565686e-03
4.4999999999999998e-02 1.2000000000000004e-02 4.0000000000000001e-03  1.9108682155748156e-03
4.4999999999999998e-02 1.4999999999999999e-02 4.0000000000000001e-03  1.9531641231092215e-03
4.4999999999999998e-02 1.8000000000000002e-02 4.0000000000000001e-03  1.9922996808047571e-03
4.4999999999999998e-02 2.1000000000000005e-02 4.0000000000000001e-03  2.0281822156285770e-03
4.4999999999999998e-02 2.4000000000000007e-02 4.0000000000000001e-03  2.0607655067818266e-03
4.4999999999999998e-02 2.7000000000000010e-02 4.0000000000000001e-03  2.0900497856996599e-03
4.4999999999999998e-02 2.9999999999999999e-02 4.0000000000000001e-03  2.1160817360512253e-03
4.4999999999999998e-02 3.3000000000000002e-02 4.0000000000000001e-03  2.1389544937396548e-03
4.4999999999999998e-02 3.6000000000000004e-02 4.0000000000000001e-03  2.1588076469020905e-03
4.4999999999999998e-02 3.9000000000000007e-02 4.0000000000000001e-03  2.1766330129917733e-03
4.4999999999999998e-02 4.2000000000000010e-02 4.0000000000000001e-03  2.2520350914474411e-03
4.4999999999999998e-02 4.4999999999999998e-02 4.0000000000000001e-03  2.1894426053995436e-03
