Grid Output Min: [-45mm -45mm 4mm] Max: [45mm 45mm 4mm] Grid Size: [3mm 3mm 0mm]
X, Y, Z, Scalar data "Mag_B"
-4.4999999999999998e-02 -4.4999999999999998e-02 4.0000000000000001e-03  2.3677287640615557e-03
-4.4999999999999998e-02 -4.1999999999999996e-02 4.0000000000000001e-03  2.1791434412131911e-03
-4.4999999999999998e-02 -3.9000000000000000e-02 4.0000000000000001e-03  2.0471671487507781e-03
-4.4999999999999998e-02 -3.5999999999999997e-02 4.0000000000000001e-03  1.9885947781916875e-03
-4.4999999999999998e-02 -3.3000000000000002e-02 4.0000000000000001e-03  1.9426876963059487e-03
-4.4999999999999998e-02 -2.9999999999999999e-02 4.0000000000000001e-03  1.9142837515523329e-03
-4.4999999999999998e-02 -2.6999999999999996e-02 4.0000000000000001e-03  1.8714866070053547e-03
-4.4999999999999998e-02 -2.3999999999999997e-02 4.0000000000000001e-03  1.8185573436448371e-03
-4.4999999999999998e-02 -2.0999999999999998e-02 4.0000000000000001e-03  1.8014086395951136e-03
-4.4999999999999998e-02 -1.7999999999999999e-02 4.0000000000000001e-03  1.7858973734279991e-03
-4.4999999999999998e-02 -1.4999999999999999e-02 4.0000000000000001e-03  1.8155166546297908e-03
-4.4999999999999998e-02 -1.1999999999999997e-02 4.0000000000000001e-03  1.7993059691927692e-03
-4.4999999999999998e-02 -8.9999999999999941e-03 4.0000000000000001e-03  1.7744590500982939e-03
-4.4999999999999998e-02 -5.9999999999999984e-03 4.0000000000000001e-03  1.7394859146746277e-03
-4.4999999999999998e-02 -2.9999999999999957e-03 4.0000000000000001e-03  1.7098315914093633e-03
-4.4999999999999998e-02 0.0000000000000000e+00 4.0000000000000001e-03  1.7159317022878405e-03
-4.4999999999999998e-02 3.0000000000000027e-03 4.0000000000000001e-03  1.7227477186271690e-03
-4.4999999999999998e-02 6.0000000000000053e-03 4.0000000000000001e-03  1.7302741295301930e-03
-4.4999999999999998e-02 9.0000000000000011e-03 4.0000000000000001e-03  1.7385061842291197e-03
-4.4999999999999998e-02 1.2000000000000004e-02 4.0000000000000001e-03  1.7474398920854905e-03
-4.4999999999999998e-02 1.4999999999999999e-02 4.0000000000000001e-03  1.7570720225902037e-03
-4.4999999999999998e-02 1.8000000000000002e-02 4.0000000000000001e-03  1.7674001053635049e-03
-4.4999999999999998e-02 2.1000000000000005e-02 4.0000000000000001e-03  1.7860120963190025e-03
-4.4999999999999998e-02 2.4000000000000007e-02 4.0000000000000001e-03  1.8026893845742734e-03
-4.4999999999999998e-02 2.7000000000000010e-02 4.0000000000000001e-03  1.8489669074853517e-03
-4.4999999999999998e-02 2.9999999999999999e-02 4.0000000000000001e-03  1.8991538386478690e-03
-4.4999999999999998e-02 3.3000000000000002e-02 4.0000000000000001e-03  1.9406708703909072e-03
-4.4999999999999998e-02 3.6000000000000004e-02 4.0000000000000001e-03  1.9736001193948107e-03
-4.4999999999999998e-02 3.9000000000000007e-02 4.0000000000000001e-03  1.9980463768841084e-03
-4.4999999999999998e-02 4.2000000000000010e-02 4.0000000000000001e-03  2.0739792094243772e-03
-4.4999999999999998e-02 4.4999999999999998e-02 4.0000000000000001e-03  2.1266627275601732e-03
-4.1999999999999996e-02 -4.4999999999999998e-02 4.0000000000000001e-03  2.3158578348460926e-03
-4.1999999999999996e-02 -4.1999999999999996e-02 4.0000000000000001e-03  2.0723334945392654e-03
-4.1999999999999996e-02 -3.9000000000000000e-02 4.0000000000000001e-03  1.9326095874340071e-03
-4.1999999999999996e-02 -3.5999999999999997e-02 4.0000000000000001e-03  1.8571515713952940e-03
-4.1999999999999996e-02 -3.3000000000000002e-02 4.0000000000000001e-03  1.8155571453952843e-03
-4.1999999999999996e-02 -2.9999999999999999e-02 4.0000000000000001e-03  1.7746621188310294e-03
-4.1999999999999996e-02 -2.6999999999999996e-02 4.0000000000000001e-03  1.7516516111575735e-03
-4.1999999999999996e-02 -2.3999999999999997e-02 4.0000000000000001e-03  1.7303026429982787e-03
-4.1999999999999996e-02 -2.0999999999999998e-02 4.0000000000000001e-03  1.7160116718773362e-03
-4.1999999999999996e-02 -1.7999999999999999e-02 4.0000000000000001e-03  1.7444015016992518e-03
-4.1999999999999996e-02 -1.4999999999999999e-02 4.0000000000000001e-03  1.7269098514541203e-03
-4.1999999999999996e-02 -1.1999999999999997e-02 4.0000000000000001e-03  1.7101219482160120e-03
-4.1999999999999996e-02 -8.9999999999999941e-03 4.0000000000000001e-03  1.6849236853736197e-03
-4.1999999999999996e-02 -5.9999999999999984e-03 4.0000000000000001e-03  1.6606656831367763e-03
-4.1999999999999996e-02 -2.9999999999999957e-03 4.0000000000000001e-03  1.6265685806830100e-03
-4.1999999999999996e-02 0.0000000000000000e+00 4.0000000000000001e-03  1.6061475851677262e-03
-4.1999999999999996e-02 3.0000000000000027e-03 4.0000000000000001e-03  1.6137218635983404e-03
-4.1999999999999996e-02 6.0000000000000053e-03 4.0000000000000001e-03  1.6222853795230939e-03
-4.1999999999999996e-02 9.0000000000000011e-03 4.0000000000000001e-03  1.6315788530210892e-03
-4.1999999999999996e-02 1.2000000000000004e-02 4.0000000000000001e-03  1.6415979126903131e-03
-4.1999999999999996e-02 1.4999999999999999e-02 4.0000000000000001e-03  1.6523389472581200e-03
-4.1999999999999996e-02 1.8000000000000002e-02 4.0000000000000001e-03  1.6673857073657469e-03
-4.1999999999999996e-02 2.1000000000000005e-02 4.0000000000000001e-03  1.6862715944981077e-03
-4.1999999999999996e-02 2.4000000000000007e-02 4.0000000000000001e-03  1.7046279547863659e-03
-4.1999999999999996e-02 2.7000000000000010e-02 4.0000000000000001e-03  1.7226653759018779e-03
-4.1999999999999996e-02 2.9999999999999999e-02 4.0000000000000001e-03  1.7699757622060542e-03
-4.1999999999999996e-02 3.3000000000000002e-02 4.0000000000000001e-03  1.8088001063513378e-03
-4.1999999999999996e-02 3.6000000000000004e-02 4.0000000000000001e-03  1.8392106686804829e-03
-4.1999999999999996e-02 3.9000000000000007e-02 4.0000000000000001e-03  1.8613023840804242e-03
-4.1999999999999996e-02 4.2000000000000010e-02 4.0000000000000001e-03  1.9349765477811537e-03
-4.1999999999999996e-02 4.4999999999999998e-02 4.0000000000000001e-03  2.0423869694715011e-03
-3.9000000000000000e-02 -4.4999999999999998e-02 4.0000000000000001e-03  2.2202413772796493e-03
-3.9000000000000000e-02 -4.1999999999999996e-02 4.0000000000000001e-03  1.9853188693998726e-03
-3.9000000000000000e-02 -3.9000000000000000e-02 4.0000000000000001e-03  1.8515406813143260e-03
-3.9000000000000000e-02 -3.5999999999999997e-02 4.0000000000000001e-03  1.7643105285480023e-03
-3.9000000000000000e-02 -3.3000000000000002e-02 4.0000000000000001e-03  1.7240840165316459e-03
-3.9000000000000000e-02 -2.9999999999999999e-02 4.0000000000000001e-03  1.6972987336907074e-03
-3.9000000000000000e-02 -2.6999999999999996e-02 4.0000000000000001e-03  1.6722688059717481e-03
-3.9000000000000000e-02 -2.3999999999999997e-02 4.0000000000000001e-03  1.6649649163293623e-03
-3.9000000000000000e-02 -2.0999999999999998e-02 4.0000000000000001e-03  1.6857353591734404e-03
-3.9000000000000000e-02 -1.7999999999999999e-02 4.0000000000000001e-03  1.6679759656956672e-03
-3.9000000000000000e-02 -1.4999999999999999e-02 4.0000000000000001e-03  1.6473871673778834e-03
-3.9000000000000000e-02 -1.1999999999999997e-02 4.0000000000000001e-03  1.6310954695488674e-03
-3.9000000000000000e-02 -8.9999999999999941e-03 4.0000000000000001e-03  1.6063159071170803e-03
-3.9000000000000000e-02 -5.9999999999999984e-03 4.0000000000000001e-03  1.5849479922316093e-03
-3.9000000000000000e-02 -2.9999999999999957e-03 4.0000000000000001e-03  1.5680446773801337e-03
-3.9000000000000000e-02 0.0000000000000000e+00 4.0000000000000001e-03  1.5377423437191577e-03
-3.9000000000000000e-02 3.0000000000000027e-03 4.0000000000000001e-03  1.5286337673309576e-03
-3.9000000000000000e-02 6.0000000000000053e-03 4.0000000000000001e-03  1.5360830125310404e-03
-3.9000000000000000e-02 9.0000000000000011e-03 4.0000000000000001e-03  1.5464426571863727e-03
-3.9000000000000000e-02 1.2000000000000004e-02 4.0000000000000001e-03  1.5575484463494823e-03
-3.9000000000000000e-02 1.4999999999999999e-02 4.0000000000000001e-03  1.5693963879841657e-03
-3.9000000000000000e-02 1.8000000000000002e-02 4.0000000000000001e-03  1.5886387007054345e-03
-3.9000000000000000e-02 2.1000000000000005e-02 4.0000000000000001e-03  1.6075408697072621e-03
-3.9000000000000000e-02 2.4000000000000007e-02 4.0000000000000001e-03  1.6260948413653383e-03
-3.9000000000000000e-02 2.7000000000000010e-02 4.0000000000000001e-03  1.6424625157981741e-03
-3.9000000000000000e-02 2.9999999999999999e-02 4.0000000000000001e-03  1.6692296264860685e-03
-3.9000000000000000e-02 3.3000000000000002e-02 4.0000000000000001e-03  1.7050665703388437e-03
-3.9000000000000000e-02 3.6000000000000004e-02 4.0000000000000001e-03  1.7326865364958536e-03
-3.9000000000000000e-02 3.9000000000000007e-02 4.0000000000000001e-03  1.7757540264461335e-03
-3.9000000000000000e-02 4.2000000000000010e-02 4.0000000000000001e-03  1.8643224420283632e-03
-3.9000000000000000e-02 4.4999999999999998e-02 4.0000000000000001e-03  1.9430918910995215e-03
-3.5999999999999997e-02 -4.4999999999999998e-02 4.0000000000000001e-03  2.0544550160601989e-03
-3.5999999999999997e-02 -4.1999999999999996e-02 4.0000000000000001e-03  1.8860840805773153e-03
-3.5999999999999997e-02 -3.9000000000000000e-02 4.0000000000000001e-03  1.7961065362854223e-03
-3.5999999999999997e-02 -3.5999999999999997e-02 4.0000000000000001e-03  1.7258890089991061e-03
-3.5999999999999997e-02 -3.3000000000000002e-02 4.0000000000000001e-03  1.6612781370094684e-03
-3.5999999999999997e-02 -2.9999999999999999e-02 4.0000000000000001e-03  1.6247444530341855e-03
-3.5999999999999997e-02 -2.6999999999999996e-02 4.0000000000000001e-03  1.6226899502897693e-03
-3.5999999999999997e-02 -2.3999999999999997e-02 4.0000000000000001e-03  1.6369120585680871e-03
-3.5999999999999997e-02 -2.0999999999999998e-02 4.0000000000000001e-03  1.6195375135343100e-03
-3.5999999999999997e-02 -1.7999999999999999e-02 4.0000000000000001e-03  1.5966679820563509e-03
-3.5999999999999997e-02 -1.4999999999999999e-02 4.0000000000000001e-03  1.5772921739272789e-03
-3.5999999999999997e-02 -1.1999999999999997e-02 4.0000000000000001e-03  1.5610983653977686e-03
-3.5999999999999997e-02 -8.9999999999999941e-03 4.0000000000000001e-03  1.5379425662362558e-03
-3.5999999999999997e-02 -5.9999999999999984e-03 4.0000000000000001e-03  1.5191788957559932e-03
-3.5999999999999997e-02 -2.9999999999999957e-03 4.0000000000000001e-03  1.5047343196513501e-03
-3.5999999999999997e-02 0.0000000000000000e+00 4.0000000000000001e-03  1.4892599199900294e-03
-3.5999999999999997e-02 3.0000000000000027e-03 4.0000000000000001e-03  1.4703637903932690e-03
-3.5999999999999997e-02 6.0000000000000053e-03 4.0000000000000001e-03  1.4714991032569356e-03
-3.5999999999999997e-02 9.0000000000000011e-03 4.0000000000000001e-03  1.4810248147331139e-03
-3.5999999999999997e-02 1.2000000000000004e-02 4.0000000000000001e-03  1.4932181978294286e-03
-3.5999999999999997e-02 1.4999999999999999e-02 4.0000000000000001e-03  1.5095345874140775e-03
-3.5999999999999997e-02 1.8000000000000002e-02 4.0000000000000001e-03  1.5288891913010471e-03
-3.5999999999999997e-02 2.1000000000000005e-02 4.0000000000000001e-03  1.5478370196818918e-03
-3.5999999999999997e-02 2.4000000000000007e-02 4.0000000000000001e-03  1.5663765299411001e-03
-3.5999999999999997e-02 2.7000000000000010e-02 4.0000000000000001e-03  1.5838590057790849e-03
-3.5999999999999997e-02 2.9999999999999999e-02 4.0000000000000001e-03  1.5996668787022726e-03
-3.5999999999999997e-02 3.3000000000000002e-02 4.0000000000000001e-03  1.6278235708374258e-03
-3.5999999999999997e-02 3.6000000000000004e-02 4.0000000000000001e-03  1.6487641427422404e-03
-3.5999999999999997e-02 3.9000000000000007e-02 4.0000000000000001e-03  1.7275638606111387e-03
-3.5999999999999997e-02 4.2000000000000010e-02 4.0000000000000001e-03  1.8370219716957520e-03
-3.5999999999999997e-02 4.4999999999999998e-02 4.0000000000000001e-03  1.9838061757250945e-03
-3.3000000000000002e-02 -4.4999999999999998e-02 4.0000000000000001e-03  1.9679793407071725e-03
-3.3000000000000002e-02 -4.1999999999999996e-02 4.0000000000000001e-03  1.8662583196350430e-03
-3.3000000000000002e-02 -3.9000000000000000e-02 4.0000000000000001e-03  1.7751689023043937e-03
-3.3000000000000002e-02 -3.5999999999999997e-02 4.0000000000000001e-03  1.6924207061405816e-03
-3.3000000000000002e-02 -3.3000000000000002e-02 4.0000000000000001e-03  1.6195445673112851e-03
-3.3000000000000002e-02 -2.9999999999999999e-02 4.0000000000000001e-03  1.5875117745964519e-03
-3.3000000000000002e-02 -2.6999999999999996e-02 4.0000000000000001e-03  1.5958862155225203e-03
-3.3000000000000002e-02 -2.3999999999999997e-02 4.0000000000000001e-03  1.5791875654138968e-03
-3.3000000000000002e-02 -2.0999999999999998e-02 4.0000000000000001e-03  1.5551909721088092e-03
-3.3000000000000002e-02 -1.7999999999999999e-02 4.0000000000000001e-03  1.5341230610924688e-03
-3.3000000000000002e-02 -1.4999999999999999e-02 4.0000000000000001e-03  1.5162441480030060e-03
-3.3000000000000002e-02 -1.1999999999999997e-02 4.0000000000000001e-03  1.4998230384155504e-03
-3.3000000000000002e-02 -8.9999999999999941e-03 4.0000000000000001e-03  1.4791336696981571e-03
-3.3000000000000002e-02 -5.9999999999999984e-03 4.0000000000000001e-03  1.4626951566463298e-03
-3.3000000000000002e-02 -2.9999999999999957e-03 4.0000000000000001e-03  1.4504387424394342e-03
-3.3000000000000002e-02 0.0000000000000000e+00 4.0000000000000001e-03  1.4422989628751820e-03
-3.3000000000000002e-02 3.0000000000000027e-03 4.0000000000000001e-03  1.4284684682054122e-03
-3.3000000000000002e-02 6.0000000000000053e-03 4.0000000000000001e-03  1.4216680172901414e-03
-3.3000000000000002e-02 9.0000000000000011e-03 4.0000000000000001e-03  1.4328628325969606e-03
-3.3000000000000002e-02 1.2000000000000004e-02 4.0000000000000001e-03  1.4467751436986118e-03
-3.3000000000000002e-02 1.4999999999999999e-02 4.0000000000000001e-03  1.4666809442759846e-03
-3.3000000000000002e-02 1.8000000000000002e-02 4.0000000000000001e-03  1.4861478415378337e-03
-3.3000000000000002e-02 2.1000000000000005e-02 4.0000000000000001e-03  1.5051677951523764e-03
-3.3000000000000002e-02 2.4000000000000007e-02 4.0000000000000001e-03  1.5237371039050877e-03
-3.3000000000000002e-02 2.7000000000000010e-02 4.0000000000000001e-03  1.5418564056986991e-03
-3.3000000000000002e-02 2.9999999999999999e-02 4.0000000000000001e-03  1.5581628055832794e-03
-3.3000000000000002e-02 3.3000000000000002e-02 4.0000000000000001e-03  1.5753604874072197e-03
-3.3000000000000002e-02 3.6000000000000004e-02 4.0000000000000001e-03  1.6216710499489314e-03
-3.3000000000000002e-02 3.9000000000000007e-02 4.0000000000000001e-03  1.7213996132599922e-03
-3.3000000000000002e-02 4.2000000000000010e-02 4.0000000000000001e-03  1.8373165158314679e-03
-3.3000000000000002e-02 4.4999999999999998e-02 4.0000000000000001e-03  1.9922311185196083e-03
-2.9999999999999999e-02 -4.4999999999999998e-02 4.0000000000000001e-03  1.9917925308571100e-03
-2.9999999999999999e-02 -4.1999999999999996e-02 4.0000000000000001e-03  1.8849949401558693e-03
-2.9999999999999999e-02 -3.9000000000000000e-02 4.0000000000000001e-03  1.7890798248596507e-03
-2.9999999999999999e-02 -3.5999999999999997e-02 4.0000000000000001e-03  1.7020130570195822e-03
-2.9999999999999999e-02 -3.3000000000000002e-02 4.0000000000000001e-03  1.6219222307897498e-03
-2.9999999999999999e-02 -2.9999999999999999e-02 4.0000000000000001e-03  1.5611732297996705e-03
-2.9999999999999999e-02 -2.6999999999999996e-02 4.0000000000000001e-03  1.5450790606051838e-03
-2.9999999999999999e-02 -2.3999999999999997e-02 4.0000000000000001e-03  1.5207425862195812e-03
-2.9999999999999999e-02 -2.0999999999999998e-02 4.0000000000000001e-03  1.4990080891423251e-03
-2.9999999999999999e-02 -1.7999999999999999e-02 4.0000000000000001e-03  1.4799814488294742e-03
-2.9999999999999999e-02 -1.4999999999999999e-02 4.0000000000000001e-03  1.4638718486936976e-03
-2.9999999999999999e-02 -1.1999999999999997e-02 4.0000000000000001e-03  1.4477461599376070e-03
-2.9999999999999999e-02 -8.9999999999999941e-03 4.0000000000000001e-03  1.4292423805292325e-03
-2.9999999999999999e-02 -5.9999999999999984e-03 4.0000000000000001e-03  1.4148566938984315e-03
-2.9999999999999999e-02 -2.9999999999999957e-03 4.0000000000000001e-03  1.4045246207095969e-03
-2.9999999999999999e-02 0.0000000000000000e+00 4.0000000000000001e-03  1.3981849742454493e-03
-2.9999999999999999e-02 3.0000000000000027e-03 4.0000000000000001e-03  1.3957798604070130e-03
-2.9999999999999999e-02 6.0000000000000053e-03 4.0000000000000001e-03  1.3846056191479457e-03
-2.9999999999999999e-02 9.0000000000000011e-03 4.0000000000000001e-03  1.3898374343573341e-03
-2.9999999999999999e-02 1.2000000000000004e-02 4.0000000000000001e-03  1.4080550930506057e-03
-2.9999999999999999e-02 1.4999999999999999e-02 4.0000000000000001e-03  1.4278793604662991e-03
-2.9999999999999999e-02 1.8000000000000002e-02 4.0000000000000001e-03  1.4472733725759709e-03
-2.9999999999999999e-02 2.1000000000000005e-02 4.0000000000000001e-03  1.4662234270163435e-03
-2.9999999999999999e-02 2.4000000000000007e-02 4.0000000000000001e-03  1.4847204808271829e-03
-2.9999999999999999e-02 2.7000000000000010e-02 4.0000000000000001e-03  1.5027601504513050e-03
-2.9999999999999999e-02 2.9999999999999999e-02 4.0000000000000001e-03  1.5196526243846592e-03
-2.9999999999999999e-02 3.3000000000000002e-02 4.0000000000000001e-03  1.5452985337763040e-03
-2.9999999999999999e-02 3.6000000000000004e-02 4.0000000000000001e-03  1.6060749198479785e-03
-2.9999999999999999e-02 3.9000000000000007e-02 4.0000000000000001e-03  1.6922855130763468e-03
-2.9999999999999999e-02 4.2000000000000010e-02 4.0000000000000001e-03  1.8170763253230430e-03
-2.9999999999999999e-02 4.4999999999999998e-02 4.0000000000000001e-03  1.9809590881255299e-03
-2.6999999999999996e-02 -4.4999999999999998e-02 4.0000000000000001e-03  1.9537680219237096e-03
-2.6999999999999996e-02 -4.1999999999999996e-02 4.0000000000000001e-03  1.8510961000645320e-03
-2.6999999999999996e-02 -3.9000000000000000e-02 4.0000000000000001e-03  1.7583112093148335e-03
-2.6999999999999996e-02 -3.5999999999999997e-02 4.0000000000000001e-03  1.6734785125880722e-03
-2.6999999999999996e-02 -3.3000000000000002e-02 4.0000000000000001e-03  1.5948187586843153e-03
-2.6999999999999996e-02 -2.9999999999999999e-02 4.0000000000000001e-03  1.5247875237358955e-03
-2.6999999999999996e-02 -2.6999999999999996e-02 4.0000000000000001e-03  1.4916691418999286e-03
-2.6999999999999996e-02 -2.3999999999999997e-02 4.0000000000000001e-03  1.4699270850016626e-03
-2.6999999999999996e-02 -2.0999999999999998e-02 4.0000000000000001e-03  1.4506500797850667e-03
-2.6999999999999996e-02 -1.7999999999999999e-02 4.0000000000000001e-03  1.4338928734807434e-03
-2.6999999999999996e-02 -1.4999999999999999e-02 4.0000000000000001e-03  1.4198135172759092e-03
-2.6999999999999996e-02 -1.1999999999999997e-02 4.0000000000000001e-03  1.4042372930804261e-03
-2.6999999999999996e-02 -8.9999999999999941e-03 4.0000000000000001e-03  1.3876450178153465e-03
-2.6999999999999996e-02 -5.9999999999999984e-03 4.0000000000000001e-03  1.3750465825675569e-03
-2.6999999999999996e-02 -2.9999999999999957e-03 4.0000000000000001e-03  1.3663817854864700e-03
-2.6999999999999996e-02 0.0000000000000000e+00 4.0000000000000001e-03  1.3615937173398183e-03
-2.6999999999999996e-02 3.0000000000000027e-03 4.0000000000000001e-03  1.3606287615136449e-03
-2.6999999999999996e-02 6.0000000000000053e-03 4.0000000000000001e-03  1.3616863718570007e-03
-2.6999999999999996e-02 9.0000000000000011e-03 4.0000000000000001e-03  1.3634017051227666e-03
-2.6999999999999996e-02 1.2000000000000004e-02 4.0000000000000001e-03  1.3698253759313744e-03
-2.6999999999999996e-02 1.4999999999999999e-02 4.0000000000000001e-03  1.3892390154909358e-03
-2.6999999999999996e-02 1.8000000000000002e-02 4.0000000000000001e-03  1.4081608006889224e-03
-2.6999999999999996e-02 2.1000000000000005e-02 4.0000000000000001e-03  1.4265711191994428e-03
-2.6999999999999996e-02 2.4000000000000007e-02 4.0000000000000001e-03  1.4444545874457682e-03
-2.6999999999999996e-02 2.7000000000000010e-02 4.0000000000000001e-03  1.4618000506003478e-03
-2.6999999999999996e-02 2.9999999999999999e-02 4.0000000000000001e-03  1.4786005825847875e-03
-2.6999999999999996e-02 3.3000000000000002e-02 4.0000000000000001e-03  1.4905271608945223e-03
-2.6999999999999996e-02 3.6000000000000004e-02 4.0000000000000001e-03  1.5474982359441724e-03
-2.6999999999999996e-02 3.9000000000000007e-02 4.0000000000000001e-03  1.6424976518119919e-03
-2.6999999999999996e-02 4.2000000000000010e-02 4.0000000000000001e-03  1.7761972658967161e-03
-2.6999999999999996e-02 4.4999999999999998e-02 4.0000000000000001e-03  1.9491960631464317e-03
-2.3999999999999997e-02 -4.4999999999999998e-02 4.0000000000000001e-03  1.9136187018636845e-03
-2.3999999999999997e-02 -4.1999999999999996e-02 4.0000000000000001e-03  1.8076571842258536e-03
-2.3999999999999997e-02 -3.9000000000000000e-02 4.0000000000000001e-03  1.7145394084468804e-03
-2.3999999999999997e-02 -3.5999999999999997e-02 4.0000000000000001e-03  1.6293214207269309e-03
-2.3999999999999997e-02 -3.3000000000000002e-02 4.0000000000000001e-03  1.5501817730564193e-03
-2.3999999999999997e-02 -2.9999999999999999e-02 4.0000000000000001e-03  1.4875618616243130e-03
-2.3999999999999997e-02 -2.6999999999999996e-02 4.0000000000000001e-03  1.4537150346659630e-03
-2.3999999999999997e-02 -2.3999999999999997e-02 4.0000000000000001e-03  1.4264232460350888e-03
-2.3999999999999997e-02 -2.0999999999999998e-02 4.0000000000000001e-03  1.4097876413751581e-03
-2.3999999999999997e-02 -1.7999999999999999e-02 4.0000000000000001e-03  1.3955165454475795e-03
-2.3999999999999997e-02 -1.4999999999999999e-02 4.0000000000000001e-03  1.3837168772141163e-03
-2.3999999999999997e-02 -1.1999999999999997e-02 4.0000000000000001e-03  1.3686891570199222e-03
-2.3999999999999997e-02 -8.9999999999999941e-03 4.0000000000000001e-03  1.3537410567017970e-03
-2.3999999999999997e-02 -5.9999999999999984e-03 4.0000000000000001e-03  1.3426710537683875e-03
-2.3999999999999997e-02 -2.9999999999999957e-03 4.0000000000000001e-03  1.3354232238541202e-03
-2.3999999999999997e-02 0.0000000000000000e+00 4.0000000000000001e-03  1.3319449352117406e-03
-2.3999999999999997e-02 3.0000000000000027e-03 4.0000000000000001e-03  1.3346604022376177e-03
-2.3999999999999997e-02 6.0000000000000053e-03 4.0000000000000001e-03  1.3396383947020527e-03
-2.3999999999999997e-02 9.0000000000000011e-03 4.0000000000000001e-03  1.3488295775798949e-03
-2.3999999999999997e-02 1.2000000000000004e-02 4.0000000000000001e-03  1.3520166070833189e-03
-2.3999999999999997e-02 1.4999999999999999e-02 4.0000000000000001e-03  1.3691415575092360e-03
-2.3999999999999997e-02 1.8000000000000002e-02 4.0000000000000001e-03  1.3897076555735503e-03
-2.3999999999999997e-02 2.1000000000000005e-02 4.0000000000000001e-03  1.4097694833385074e-03
-2.3999999999999997e-02 2.4000000000000007e-02 4.0000000000000001e-03  1.4293117341201880e-03
-2.3999999999999997e-02 2.7000000000000010e-02 4.0000000000000001e-03  1.4483233299838411e-03
-2.3999999999999997e-02 2.9999999999999999e-02 4.0000000000000001e-03  1.4723680768611487e-03
-2.3999999999999997e-02 3.3000000000000002e-02 4.0000000000000001e-03  1.4727683072014498e-03
-2.3999999999999997e-02 3.6000000000000004e-02 4.0000000000000001e-03  1.4862301600912934e-03
-2.3999999999999997e-02 3.9000000000000007e-02 4.0000000000000001e-03  1.5712915210868367e-03
-2.3999999999999997e-02 4.2000000000000010e-02 4.0000000000000001e-03  1.7140870815820922e-03
-2.3999999999999997e-02 4.4999999999999998e-02 4.0000000000000001e-03  1.8965020400216125e-03
-2.0999999999999998e-02 -4.4999999999999998e-02 4.0000000000000001e-03  1.9264993469133604e-03
-2.0999999999999998e-02 -4.1999999999999996e-02 4.0000000000000001e-03  1.7695418283844029e-03
-2.0999999999999998e-02 -3.9000000000000000e-02 4.0000000000000001e-03  1.6757236777511083e-03
-2.0999999999999998e-02 -3.5999999999999997e-02 4.0000000000000001e-03  1.5901162392010747e-03
-2.0999999999999998e-02 -3.3000000000000002e-02 4.0000000000000001e-03  1.5105048157589358e-03
-2.0999999999999998e-02 -2.9999999999999999e-02 4.0000000000000001e-03  1.4565880842161319e-03
-2.0999999999999998e-02 -2.6999999999999996e-02 4.0000000000000001e-03  1.4252724020521702e-03
-2.0999999999999998e-02 -2.3999999999999997e-02 4.0000000000000001e-03  1.3975877632661532e-03
-2.0999999999999998e-02 -2.0999999999999998e-02 4.0000000000000001e-03  1.3761009534386517e-03
-2.0999999999999998e-02 -1.7999999999999999e-02 4.0000000000000001e-03  1.3645211573192089e-03
-2.0999999999999998e-02 -1.4999999999999999e-02 4.0000000000000001e-03  1.3552391341607238e-03
-2.0999999999999998e-02 -1.1999999999999997e-02 4.0000000000000001e-03  1.3405176269914456e-03
-2.0999999999999998e-02 -8.9999999999999941e-03 4.0000000000000001e-03  1.3269531283933188e-03
-2.0999999999999998e-02 -5.9999999999999984e-03 4.0000000000000001e-03  1.3171594946750349e-03
-2.0999999999999998e-02 -2.9999999999999957e-03 4.0000000000000001e-03  1.3132352231396446e-03
-2.0999999999999998e-02 0.0000000000000000e+00 4.0000000000000001e-03  1.3139143756172921e-03
-2.0999999999999998e-02 3.0000000000000027e-03 4.0000000000000001e-03  1.3175132831753885e-03
-2.0999999999999998e-02 6.0000000000000053e-03 4.0000000000000001e-03  1.3241543658947500e-03
-2.0999999999999998e-02 9.0000000000000011e-03 4.0000000000000001e-03  1.3326863034091429e-03
-2.0999999999999998e-02 1.2000000000000004e-02 4.0000000000000001e-03  1.3387676316917784e-03
-2.0999999999999998e-02 1.4999999999999999e-02 4.0000000000000001e-03  1.3486615325838957e-03
-2.0999999999999998e-02 1.8000000000000002e-02 4.0000000000000001e-03  1.3708812340946027e-03
-2.0999999999999998e-02 2.1000000000000005e-02 4.0000000000000001e-03  1.3926022859954371e-03
-2.0999999999999998e-02 2.4000000000000007e-02 4.0000000000000001e-03  1.4138094584952865e-03
-2.0999999999999998e-02 2.7000000000000010e-02 4.0000000000000001e-03  1.4351357655876741e-03
-2.0999999999999998e-02 2.9999999999999999e-02 4.0000000000000001e-03  1.4628303906383464e-03
-2.0999999999999998e-02 3.3000000000000002e-02 4.0000000000000001e-03  1.4783933536642291e-03
-2.0999999999999998e-02 3.6000000000000004e-02 4.0000000000000001e-03  1.4794027478650148e-03
-2.0999999999999998e-02 3.9000000000000007e-02 4.0000000000000001e-03  1.5346528534367267e-03
-2.0999999999999998e-02 4.2000000000000010e-02 4.0000000000000001e-03  1.6456709952746727e-03
-2.0999999999999998e-02 4.4999999999999998e-02 4.0000000000000001e-03  1.8227910330260865e-03
-1.7999999999999999e-02 -4.4999999999999998e-02 4.0000000000000001e-03  1.9350999751666222e-03
-1.7999999999999999e-02 -4.1999999999999996e-02 4.0000000000000001e-03  1.7750375566505114e-03
-1.7999999999999999e-02 -3.9000000000000000e-02 4.0000000000000001e-03  1.6418586076637129e-03
-1.7999999999999999e-02 -3.5999999999999997e-02 4.0000000000000001e-03  1.5558518849638813e-03
-1.7999999999999999e-02 -3.3000000000000002e-02 4.0000000000000001e-03  1.4757711302624105e-03
-1.7999999999999999e-02 -2.9999999999999999e-02 4.0000000000000001e-03  1.4318056203852202e-03
-1.7999999999999999e-02 -2.6999999999999996e-02 4.0000000000000001e-03  1.4029855365725644e-03
-1.7999999999999999e-02 -2.3999999999999997e-02 4.0000000000000001e-03  1.3778039900410727e-03
-1.7999999999999999e-02 -2.0999999999999998e-02 4.0000000000000001e-03  1.3562678195321776e-03
-1.7999999999999999e-02 -1.7999999999999999e-02 4.0000000000000001e-03  1.3405848838727835e-03
-1.7999999999999999e-02 -1.4999999999999999e-02 4.0000000000000001e-03  1.3340469759560536e-03
-1.7999999999999999e-02 -1.1999999999999997e-02 4.0000000000000001e-03  1.3191617342897717e-03
-1.7999999999999999e-02 -8.9999999999999941e-03 4.0000000000000001e-03  1.3074279651014095e-03
-1.7999999999999999e-02 -5.9999999999999984e-03 4.0000000000000001e-03  1.3037465623267029e-03
-1.7999999999999999e-02 -2.9999999999999957e-03 4.0000000000000001e-03  1.3018967587052138e-03
-1.7999999999999999e-02 0.0000000000000000e+00 4.0000000000000001e-03  1.3031157392550414e-03
-1.7999999999999999e-02 3.0000000000000027e-03 4.0000000000000001e-03  1.3062195000753099e-03
-1.7999999999999999e-02 6.0000000000000053e-03 4.0000000000000001e-03  1.3112087043703176e-03
-1.7999999999999999e-02 9.0000000000000011e-03 4.0000000000000001e-03  1.3180844412651774e-03
-1.7999999999999999e-02 1.2000000000000004e-02 4.0000000000000001e-03  1.3259701841214183e-03
-1.7999999999999999e-02 1.4999999999999999e-02 4.0000000000000001e-03  1.3301865766699446e-03
-1.7999999999999999e-02 1.8000000000000002e-02 4.0000000000000001e-03  1.3516580977625974e-03
-1.7999999999999999e-02 2.1000000000000005e-02 4.0000000000000001e-03  1.3750456786084631e-03
-1.7999999999999999e-02 2.4000000000000007e-02 4.0000000000000001e-03  1.3979235019370068e-03
-1.7999999999999999e-02 2.7000000000000010e-02 4.0000000000000001e-03  1.4241894574872945e-03
-1.7999999999999999e-02 2.9999999999999999e-02 4.0000000000000001e-03  1.4493014231931134e-03
-1.7999999999999999e-02 3.3000000000000002e-02 4.0000000000000001e-03  1.4702114454958944e-03
-1.7999999999999999e-02 3.6000000000000004e-02 4.0000000000000001e-03  1.4685160780544711e-03
-1.7999999999999999e-02 3.9000000000000007e-02 4.0000000000000001e-03  1.5111515055661949e-03
-1.7999999999999999e-02 4.2000000000000010e-02 4.0000000000000001e-03  1.6091819801895035e-03
-1.7999999999999999e-02 4.4999999999999998e-02 4.0000000000000001e-03  1.7904967660440560e-03
-1.4999999999999999e-02 -4.4999999999999998e-02 4.0000000000000001e-03  1.9357334486740417e-03
-1.4999999999999999e-02 -4.1999999999999996e-02 4.0000000000000001e-03  1.7782822864496289e-03
-1.4999999999999999e-02 -3.9000000000000000e-02 4.0000000000000001e-03  1.6379938377471899e-03
-1.4999999999999999e-02 -3.5999999999999997e-02 4.0000000000000001e-03  1.5265189914066060e-03
-1.4999999999999999e-02 -3.3000000000000002e-02 4.0000000000000001e-03  1.4459656764752831e-03
-1.4999999999999999e-02 -2.9999999999999999e-02 4.0000000000000001e-03  1.4131702581367089e-03
-1.4999999999999999e-02 -2.6999999999999996e-02 4.0000000000000001e-03  1.3868175804798398e-03
-1.4999999999999999e-02 -2.3999999999999997e-02 4.0000000000000001e-03  1.3641141465491606e-03
-1.4999999999999999e-02 -2.0999999999999998e-02 4.0000000000000001e-03  1.3450652506339273e-03
-1.4999999999999999e-02 -1.7999999999999999e-02 4.0000000000000001e-03  1.3296770294002286e-03
-1.4999999999999999e-02 -1.4999999999999999e-02 4.0000000000000001e-03  1.3192639720126323e-03
-1.4999999999999999e-02 -1.1999999999999997e-02 4.0000000000000001e-03  1.3092549981184299e-03
-1.4999999999999999e-02 -8.9999999999999941e-03 4.0000000000000001e-03  1.3026864639463923e-03
-1.4999999999999999e-02 -5.9999999999999984e-03 4.0000000000000001e-03  1.2983711061936107e-03
-1.4999999999999999e-02 -2.9999999999999957e-03 4.0000000000000001e-03  1.2960490012046951e-03
-1.4999999999999999e-02 0.0000000000000000e+00 4.0000000000000001e-03  1.2956126659663450e-03
-1.4999999999999999e-02 3.0000000000000027e-03 4.0000000000000001e-03  1.2970612002932238e-03
-1.4999999999999999e-02 6.0000000000000053e-03 4.0000000000000001e-03  1.3003941299208385e-03
-1.4999999999999999e-02 9.0000000000000011e-03 4.0000000000000001e-03  1.3056114065055080e-03
-1.4999999999999999e-02 1.2000000000000004e-02 4.0000000000000001e-03  1.3127134076243851e-03
-1.4999999999999999e-02 1.4999999999999999e-02 4.0000000000000001e-03  1.3185120081229984e-03
-1.4999999999999999e-02 1.8000000000000002e-02 4.0000000000000001e-03  1.3320216308547531e-03
-1.4999999999999999e-02 2.1000000000000005e-02 4.0000000000000001e-03  1.3570826353825147e-03
-1.4999999999999999e-02 2.4000000000000007e-02 4.0000000000000001e-03  1.3825116921029760e-03
-1.4999999999999999e-02 2.7000000000000010e-02 4.0000000000000001e-03  1.4092306637114667e-03
-1.4999999999999999e-02 2.9999999999999999e-02 4.0000000000000001e-03  1.4317407808184866e-03
-1.4999999999999999e-02 3.3000000000000002e-02 4.0000000000000001e-03  1.4500425891758920e-03
-1.4999999999999999e-02 3.6000000000000004e-02 4.0000000000000001e-03  1.4535427224992980e-03
-1.4999999999999999e-02 3.9000000000000007e-02 4.0000000000000001e-03  1.5093518562317330e-03
-1.4999999999999999e-02 4.2000000000000010e-02 4.0000000000000001e-03  1.6424307787635149e-03
-1.4999999999999999e-02 4.4999999999999998e-02 4.0000000000000001e-03  1.8164138349193472e-03
-1.1999999999999997e-02 -4.4999999999999998e-02 4.0000000000000001e-03  1.9348233286522005e-03
-1.1999999999999997e-02 -4.1999999999999996e-02 4.0000000000000001e-03  1.7791263795284740e-03
-1.1999999999999997e-02 -3.9000000000000000e-02 4.0000000000000001e-03  1.6326798613163077e-03
-1.1999999999999997e-02 -3.5999999999999997e-02 4.0000000000000001e-03  1.5134380208414778e-03
-1.1999999999999997e-02 -3.3000000000000002e-02 4.0000000000000001e-03  1.4282205093088609e-03
-1.1999999999999997e-02 -2.9999999999999999e-02 4.0000000000000001e-03  1.4006541446070215e-03
-1.1999999999999997e-02 -2.6999999999999996e-02 4.0000000000000001e-03  1.3767480351579773e-03
-1.1999999999999997e-02 -2.3999999999999997e-02 4.0000000000000001e-03  1.3565050884219621e-03
-1.1999999999999997e-02 -2.0999999999999998e-02 4.0000000000000001e-03  1.3399290542360470e-03
-1.1999999999999997e-02 -1.7999999999999999e-02 4.0000000000000001e-03  1.3266658460430064e-03
-1.1999999999999997e-02 -1.4999999999999999e-02 4.0000000000000001e-03  1.3151728468879167e-03
-1.1999999999999997e-02 -1.1999999999999997e-02 4.0000000000000001e-03  1.3077101805931870e-03
-1.1999999999999997e-02 -8.9999999999999941e-03 4.0000000000000001e-03  1.3013212477803464e-03
-1.1999999999999997e-02 -5.9999999999999984e-03 4.0000000000000001e-03  1.2962905231184031e-03
-1.1999999999999997e-02 -2.9999999999999957e-03 4.0000000000000001e-03  1.2923614895109922e-03
-1.1999999999999997e-02 0.0000000000000000e+00 4.0000000000000001e-03  1.2902606381836840e-03
-1.1999999999999997e-02 3.0000000000000027e-03 4.0000000000000001e-03  1.2900468822687856e-03
-1.1999999999999997e-02 6.0000000000000053e-03 4.0000000000000001e-03  1.2917186100329977e-03
-1.1999999999999997e-02 9.0000000000000011e-03 4.0000000000000001e-03  1.2952746356638544e-03
-1.1999999999999997e-02 1.2000000000000004e-02 4.0000000000000001e-03  1.3007141992697011e-03
-1.1999999999999997e-02 1.4999999999999999e-02 4.0000000000000001e-03  1.3073307130149448e-03
-1.1999999999999997e-02 1.8000000000000002e-02 4.0000000000000001e-03  1.3125237172576802e-03
-1.1999999999999997e-02 2.1000000000000005e-02 4.0000000000000001e-03  1.3387029532892334e-03
-1.1999999999999997e-02 2.4000000000000007e-02 4.0000000000000001e-03  1.3661171916494637e-03
-1.1999999999999997e-02 2.7000000000000010e-02 4.0000000000000001e-03  1.3902285110123573e-03
-1.1999999999999997e-02 2.9999999999999999e-02 4.0000000000000001e-03  1.4101276711573547e-03
-1.1999999999999997e-02 3.3000000000000002e-02 4.0000000000000001e-03  1.4325853764128244e-03
-1.1999999999999997e-02 3.6000000000000004e-02 4.0000000000000001e-03  1.4577169381978165e-03
-1.1999999999999997e-02 3.9000000000000007e-02 4.0000000000000001e-03  1.5474011011585513e-03
-1.1999999999999997e-02 4.2000000000000010e-02 4.0000000000000001e-03  1.6462755902906905e-03
-1.1999999999999997e-02 4.4999999999999998e-02 4.0000000000000001e-03  1.7767221394394260e-03
-8.9999999999999941e-03 -4.4999999999999998e-02 4.0000000000000001e-03  1.9323794124317081e-03
-8.9999999999999941e-03 -4.1999999999999996e-02 4.0000000000000001e-03  1.7774413218076346e-03
-8.9999999999999941e-03 -3.9000000000000000e-02 4.0000000000000001e-03  1.6246775437308465e-03
-8.9999999999999941e-03 -3.5999999999999997e-02 4.0000000000000001e-03  1.4988849315805820e-03
-8.9999999999999941e-03 -3.3000000000000002e-02 4.0000000000000001e-03  1.4321931807967404e-03
-8.9999999999999941e-03 -2.9999999999999999e-02 4.0000000000000001e-03  1.3942457860638569e-03
-8.9999999999999941e-03 -2.6999999999999996e-02 4.0000000000000001e-03  1.3727727611222294e-03
-8.9999999999999941e-03 -2.3999999999999997e-02 4.0000000000000001e-03  1.3549800304222899e-03
-8.9999999999999941e-03 -2.0999999999999998e-02 4.0000000000000001e-03  1.3386338669509016e-03
-8.9999999999999941e-03 -1.7999999999999999e-02 4.0000000000000001e-03  1.3237095219610633e-03
-8.9999999999999941e-03 -1.4999999999999999e-02 4.0000000000000001e-03  1.3127861982334382e-03
-8.9999999999999941e-03 -1.1999999999999997e-02 4.0000000000000001e-03  1.3056218872603660e-03
-8.9999999999999941e-03 -8.9999999999999941e-03 4.0000000000000001e-03  1.2990846649967376e-03
-8.9999999999999941e-03 -5.9999999999999984e-03 4.0000000000000001e-03  1.2935366144690773e-03
-8.9999999999999941e-03 -2.9999999999999957e-03 4.0000000000000001e-03  1.2893683235950914e-03
-8.9999999999999941e-03 0.0000000000000000e+00 4.0000000000000001e-03  1.2865804966875256e-03
-8.9999999999999941e-03 3.0000000000000027e-03 4.0000000000000001e-03  1.2851740746895304e-03
-8.9999999999999941e-03 6.0000000000000053e-03 4.0000000000000001e-03  1.2851931999416698e-03
-8.9999999999999941e-03 9.0000000000000011e-03 4.0000000000000001e-03  1.2870846530221047e-03
-8.9999999999999941e-03 1.2000000000000004e-02 4.0000000000000001e-03  1.2908605940707106e-03
-8.9999999999999941e-03 1.4999999999999999e-02 4.0000000000000001e-03  1.2965195516478653e-03
-8.9999999999999941e-03 1.8000000000000002e-02 4.0000000000000001e-03  1.3024540198391956e-03
-8.9999999999999941e-03 2.1000000000000005e-02 4.0000000000000001e-03  1.3199583872856764e-03
-8.9999999999999941e-03 2.4000000000000007e-02 4.0000000000000001e-03  1.3492740379943192e-03
-8.9999999999999941e-03 2.7000000000000010e-02 4.0000000000000001e-03  1.3774212617017065e-03
-8.9999999999999941e-03 2.9999999999999999e-02 4.0000000000000001e-03  1.4035848554553769e-03
-8.9999999999999941e-03 3.3000000000000002e-02 4.0000000000000001e-03  1.4277707494499438e-03
-8.9999999999999941e-03 3.6000000000000004e-02 4.0000000000000001e-03  1.4499102397410896e-03
-8.9999999999999941e-03 3.9000000000000007e-02 4.0000000000000001e-03  1.5160559041304310e-03
-8.9999999999999941e-03 4.2000000000000010e-02 4.0000000000000001e-03  1.6111246529622232e-03
-8.9999999999999941e-03 4.4999999999999998e-02 4.0000000000000001e-03  1.7198785542065745e-03
-5.9999999999999984e-03 -4.4999999999999998e-02 4.0000000000000001e-03  1.9284251059558837e-03
-5.9999999999999984e-03 -4.1999999999999996e-02 4.0000000000000001e-03  1.7708810481779573e-03
-5.9999999999999984e-03 -3.9000000000000000e-02 4.0000000000000001e-03  1.6138971156481800e-03
-5.9999999999999984e-03 -3.5999999999999997e-02 4.0000000000000001e-03  1.4965926022255868e-03
-5.9999999999999984e-03 -3.3000000000000002e-02 4.0000000000000001e-03  1.4451032393925580e-03
-5.9999999999999984e-03 -2.9999999999999999e-02 4.0000000000000001e-03  1.4042566041447603e-03
-5.9999999999999984e-03 -2.6999999999999996e-02 4.0000000000000001e-03  1.3749039780191394e-03
-5.9999999999999984e-03 -2.3999999999999997e-02 4.0000000000000001e-03  1.3539239473958885e-03
-5.9999999999999984e-03 -2.0999999999999998e-02 4.0000000000000001e-03  1.3355371156606839e-03
-5.9999999999999984e-03 -1.7999999999999999e-02 4.0000000000000001e-03  1.3211963697033063e-03
-5.9999999999999984e-03 -1.4999999999999999e-02 4.0000000000000001e-03  1.3108488007351449e-03
-5.9999999999999984e-03 -1.1999999999999997e-02 4.0000000000000001e-03  1.3040180327711347e-03
-5.9999999999999984e-03 -8.9999999999999941e-03 4.0000000000000001e-03  1.2974584690182422e-03
-5.9999999999999984e-03 -5.9999999999999984e-03 4.0000000000000001e-03  1.2913938231066029e-03
-5.9999999999999984e-03 -2.9999999999999957e-03 4.0000000000000001e-03  1.2867074377420902e-03
-5.9999999999999984e-03 0.0000000000000000e+00 4.0000000000000001e-03  1.2833996837079270e-03
-5.9999999999999984e-03 3.0000000000000027e-03 4.0000000000000001e-03  1.2814711684177554e-03
-5.9999999999999984e-03 6.0000000000000053e-03 4.0000000000000001e-03  1.2809227359156046e-03
-5.9999999999999984e-03 9.0000000000000011e-03 4.0000000000000001e-03  1.2817554668759208e-03
-5.9999999999999984e-03 1.2000000000000004e-02 4.0000000000000001e-03  1.2839706786035466e-03
-5.9999999999999984e-03 1.4999999999999999e-02 4.0000000000000001e-03  1.2875699250337368e-03
-5.9999999999999984e-03 1.8000000000000002e-02 4.0000000000000001e-03  1.2949827860442029e-03
-5.9999999999999984e-03 2.1000000000000005e-02 4.0000000000000001e-03  1.3090220792957262e-03
-5.9999999999999984e-03 2.4000000000000007e-02 4.0000000000000001e-03  1.3403357091252065e-03
-5.9999999999999984e-03 2.7000000000000010e-02 4.0000000000000001e-03  1.3696686868449963e-03
-5.9999999999999984e-03 2.9999999999999999e-02 4.0000000000000001e-03  1.3974856400855711e-03
-5.9999999999999984e-03 3.3000000000000002e-02 4.0000000000000001e-03  1.4220959916718065e-03
-5.9999999999999984e-03 3.6000000000000004e-02 4.0000000000000001e-03  1.4433921079188628e-03
-5.9999999999999984e-03 3.9000000000000007e-02 4.0000000000000001e-03  1.5165963493727296e-03
-5.9999999999999984e-03 4.2000000000000010e-02 4.0000000000000001e-03  1.6079781569663504e-03
-5.9999999999999984e-03 4.4999999999999998e-02 4.0000000000000001e-03  1.7114549482072062e-03
-2.9999999999999957e-03 -4.4999999999999998e-02 4.0000000000000001e-03  1.9229974237807755e-03
-2.9999999999999957e-03 -4.1999999999999996e-02 4.0000000000000001e-03  1.7622071396027588e-03
-2.9999999999999957e-03 -3.9000000000000000e-02 4.0000000000000001e-03  1.6002699318995129e-03
-2.9999999999999957e-03 -3.5999999999999997e-02 4.0000000000000001e-03  1.5183830478588524e-03
-2.9999999999999957e-03 -3.3000000000000002e-02 4.0000000000000001e-03  1.4641990699263108e-03
-2.9999999999999957e-03 -2.9999999999999999e-02 4.0000000000000001e-03  1.4120537731395584e-03
-2.9999999999999957e-03 -2.6999999999999996e-02 4.0000000000000001e-03  1.3732805828666084e-03
-2.9999999999999957e-03 -2.3999999999999997e-02 4.0000000000000001e-03  1.3506789270201565e-03
-2.9999999999999957e-03 -2.0999999999999998e-02 4.0000000000000001e-03  1.3328847961289021e-03
-2.9999999999999957e-03 -1.7999999999999999e-02 4.0000000000000001e-03  1.3191266895263654e-03
-2.9999999999999957e-03 -1.4999999999999999e-02 4.0000000000000001e-03  1.3093538443760238e-03
-2.9999999999999957e-03 -1.1999999999999997e-02 4.0000000000000001e-03  1.3028983803790974e-03
-2.9999999999999957e-03 -8.9999999999999941e-03 4.0000000000000001e-03  1.2964424249888998e-03
-2.9999999999999957e-03 -5.9999999999999984e-03 4.0000000000000001e-03  1.2898618223329337e-03
-2.9999999999999957e-03 -2.9999999999999957e-03 4.0000000000000001e-03  1.2846585218371969e-03
-2.9999999999999957e-03 0.0000000000000000e+00 4.0000000000000001e-03  1.2808325607554035e-03
-2.9999999999999957e-03 3.0000000000000027e-03 4.0000000000000001e-03  1.2783842129716666e-03
-2.9999999999999957e-03 6.0000000000000053e-03 4.0000000000000001e-03  1.2773139890005067e-03
-2.9999999999999957e-03 9.0000000000000011e-03 4.0000000000000001e-03  1.2776226359868499e-03
-2.9999999999999957e-03 1.2000000000000004e-02 4.0000000000000001e-03  1.2793111377060286e-03
-2.9999999999999957e-03 1.4999999999999999e-02 4.0000000000000001e-03  1.2864546507353231e-03
-2.9999999999999957e-03 1.8000000000000002e-02 4.0000000000000001e-03  1.2966440997231328e-03
-2.9999999999999957e-03 2.1000000000000005e-02 4.0000000000000001e-03  1.3084052828834605e-03
-2.9999999999999957e-03 2.4000000000000007e-02 4.0000000000000001e-03  1.3350725997644608e-03
-2.9999999999999957e-03 2.7000000000000010e-02 4.0000000000000001e-03  1.3661782861541566e-03
-2.9999999999999957e-03 2.9999999999999999e-02 4.0000000000000001e-03  1.3939677441331113e-03
-2.9999999999999957e-03 3.3000000000000002e-02 4.0000000000000001e-03  1.4184414577084246e-03
-2.9999999999999957e-03 3.6000000000000004e-02 4.0000000000000001e-03  1.4405616243787166e-03
-2.9999999999999957e-03 3.9000000000000007e-02 4.0000000000000001e-03  1.5183325635512376e-03
-2.9999999999999957e-03 4.2000000000000010e-02 4.0000000000000001e-03  1.6060305444814797e-03
-2.9999999999999957e-03 4.4999999999999998e-02 4.0000000000000001e-03  1.7060670615208018e-03
0.0000000000000000e+00 -4.4999999999999998e-02 4.0000000000000001e-03  1.9161469890751545e-03
0.0000000000000000e+00 -4.1999999999999996e-02 4.0000000000000001e-03  1.7524490606938994e-03
0.0000000000000000e+00 -3.9000000000000000e-02 4.0000000000000001e-03  1.6045532326761005e-03
0.0000000000000000e+00 -3.5999999999999997e-02 4.0000000000000001e-03  1.5258571674510830e-03
0.0000000000000000e+00 -3.3000000000000002e-02 4.0000000000000001e-03  1.4606454829991411e-03
0.0000000000000000e+00 -2.9999999999999999e-02 4.0000000000000001e-03  1.4088528427852304e-03
0.0000000000000000e+00 -2.6999999999999996e-02 4.0000000000000001e-03  1.3704237890721420e-03
0.0000000000000000e+00 -2.3999999999999997e-02 4.0000000000000001e-03  1.3478797101163695e-03
0.0000000000000000e+00 -2.0999999999999998e-02 4.0000000000000001e-03  1.3306773156611361e-03
0.0000000000000000e+00 -1.7999999999999999e-02 4.0000000000000001e-03  1.3175008127414810e-03
0.0000000000000000e+00 -1.4999999999999999e-02 4.0000000000000001e-03  1.3083015844729672e-03
0.0000000000000000e+00 -1.1999999999999997e-02 4.0000000000000001e-03  1.3022627893662703e-03
0.0000000000000000e+00 -8.9999999999999941e-03 4.0000000000000001e-03  1.2960363187205773e-03
0.0000000000000000e+00 -5.9999999999999984e-03 4.0000000000000001e-03  1.2889403061178502e-03
0.0000000000000000e+00 -2.9999999999999957e-03 4.0000000000000001e-03  1.2832211780081097e-03
0.0000000000000000e+00 0.0000000000000000e+00 4.0000000000000001e-03  1.2788786381155500e-03
0.0000000000000000e+00 3.0000000000000027e-03 4.0000000000000001e-03  1.2759126267947727e-03
0.0000000000000000e+00 6.0000000000000053e-03 4.0000000000000001e-03  1.2743233210307829e-03
0.0000000000000000e+00 9.0000000000000011e-03 4.0000000000000001e-03  1.2744011496731052e-03
0.0000000000000000e+00 1.2000000000000004e-02 4.0000000000000001e-03  1.2817007153483942e-03
0.0000000000000000e+00 1.4999999999999999e-02 4.0000000000000001e-03  1.2899560168424589e-03
0.0000000000000000e+00 1.8000000000000002e-02 4.0000000000000001e-03  1.3010657772407953e-03
0.0000000000000000e+00 2.1000000000000005e-02 4.0000000000000001e-03  1.3144510317966982e-03
0.0000000000000000e+00 2.4000000000000007e-02 4.0000000000000001e-03  1.3345405598951209e-03
0.0000000000000000e+00 2.7000000000000010e-02 4.0000000000000001e-03  1.3655096611067917e-03
0.0000000000000000e+00 2.9999999999999999e-02 4.0000000000000001e-03  1.3931620697204806e-03
0.0000000000000000e+00 3.3000000000000002e-02 4.0000000000000001e-03  1.4174981285921574e-03
0.0000000000000000e+00 3.6000000000000004e-02 4.0000000000000001e-03  1.4473728194961506e-03
0.0000000000000000e+00 3.9000000000000007e-02 4.0000000000000001e-03  1.5212459869689654e-03
0.0000000000000000e+00 4.2000000000000010e-02 4.0000000000000001e-03  1.6059396177182041e-03
0.0000000000000000e+00 4.4999999999999998e-02 4.0000000000000001e-03  1.7320719897488263e-03
3.0000000000000027e-03 -4.4999999999999998e-02 4.0000000000000001e-03  1.9079380336205144e-03
3.0000000000000027e-03 -4.1999999999999996e-02 4.0000000000000001e-03  1.7502554747645524e-03
3.0000000000000027e-03 -3.9000000000000000e-02 4.0000000000000001e-03  1.6335413838176119e-03
3.0000000000000027e-03 -3.5999999999999997e-02 4.0000000000000001e-03  1.5357123234581856e-03
3.0000000000000027e-03 -3.3000000000000002e-02 4.0000000000000001e-03  1.4575297404511021e-03
3.0000000000000027e-03 -2.9999999999999999e-02 4.0000000000000001e-03  1.4060900132365690e-03
3.0000000000000027e-03 -2.6999999999999996e-02 4.0000000000000001e-03  1.3680053557207454e-03
3.0000000000000027e-03 -2.3999999999999997e-02 4.0000000000000001e-03  1.3455268110390455e-03
3.0000000000000027e-03 -2.0999999999999998e-02 4.0000000000000001e-03  1.3289151126175580e-03
3.0000000000000027e-03 -1.7999999999999999e-02 4.0000000000000001e-03  1.3163191017144860e-03
3.0000000000000027e-03 -1.4999999999999999e-02 4.0000000000000001e-03  1.3076923073974721e-03
3.0000000000000027e-03 -1.1999999999999997e-02 4.0000000000000001e-03  1.3021112150430577e-03
3.0000000000000027e-03 -8.9999999999999941e-03 4.0000000000000001e-03  1.2962399566929764e-03
3.0000000000000027e-03 -5.9999999999999984e-03 4.0000000000000001e-03  1.2886289890989577e-03
3.0000000000000027e-03 -2.9999999999999957e-03 4.0000000000000001e-03  1.2823950290503378e-03
3.0000000000000027e-03 0.0000000000000000e+00 4.0000000000000001e-03  1.2775374467417959e-03
3.0000000000000027e-03 3.0000000000000027e-03 4.0000000000000001e-03  1.2740558489984150e-03
3.0000000000000027e-03 6.0000000000000053e-03 4.0000000000000001e-03  1.2746637969891588e-03
3.0000000000000027e-03 9.0000000000000011e-03 4.0000000000000001e-03  1.2800647802419538e-03
3.0000000000000027e-03 1.2000000000000004e-02 4.0000000000000001e-03  1.2864005310041593e-03
3.0000000000000027e-03 1.4999999999999999e-02 4.0000000000000001e-03  1.2973842493346627e-03
3.0000000000000027e-03 1.8000000000000002e-02 4.0000000000000001e-03  1.3095136516716702e-03
3.0000000000000027e-03 2.1000000000000005e-02 4.0000000000000001e-03  1.3227446039885101e-03
3.0000000000000027e-03 2.4000000000000007e-02 4.0000000000000001e-03  1.3370852831388553e-03
3.0000000000000027e-03 2.7000000000000010e-02 4.0000000000000001e-03  1.3675419184717012e-03
3.0000000000000027e-03 2.9999999999999999e-02 4.0000000000000001e-03  1.3950559958433415e-03
3.0000000000000027e-03 3.3000000000000002e-02 4.0000000000000001e-03  1.4192534735770607e-03
3.0000000000000027e-03 3.6000000000000004e-02 4.0000000000000001e-03  1.4553440652296697e-03
3.0000000000000027e-03 3.9000000000000007e-02 4.0000000000000001e-03  1.5283045729321462e-03
3.0000000000000027e-03 4.2000000000000010e-02 4.0000000000000001e-03  1.6305936434850791e-03
3.0000000000000027e-03 4.4999999999999998e-02 4.0000000000000001e-03  1.7654215845957747e-03
6.0000000000000053e-03 -4.4999999999999998e-02 4.0000000000000001e-03  1.9004268384979883e-03
6.0000000000000053e-03 -4.1999999999999996e-02 4.0000000000000001e-03  1.7616380384053670e-03
6.0000000000000053e-03 -3.9000000000000000e-02 4.0000000000000001e-03  1.6436978957951997e-03
6.0000000000000053e-03 -3.5999999999999997e-02 4.0000000000000001e-03  1.5458519892803957e-03
6.0000000000000053e-03 -3.3000000000000002e-02 4.0000000000000001e-03  1.4673609064397477e-03
6.0000000000000053e-03 -2.9999999999999999e-02 4.0000000000000001e-03  1.4075002438179282e-03
6.0000000000000053e-03 -2.6999999999999996e-02 4.0000000000000001e-03  1.3660255367674880e-03
6.0000000000000053e-03 -2.3999999999999997e-02 4.0000000000000001e-03  1.3436207751973005e-03
6.0000000000000053e-03 -2.0999999999999998e-02 4.0000000000000001e-03  1.3275986564129469e-03
6.0000000000000053e-03 -1.7999999999999999e-02 4.0000000000000001e-03  1.3155819498658146e-03
6.0000000000000053e-03 -1.4999999999999999e-02 4.0000000000000001e-03  1.3075263305756331e-03
6.0000000000000053e-03 -1.1999999999999997e-02 4.0000000000000001e-03  1.3024437087482744e-03
6.0000000000000053e-03 -8.9999999999999941e-03 4.0000000000000001e-03  1.2970531660536186e-03
6.0000000000000053e-03 -5.9999999999999984e-03 4.0000000000000001e-03  1.2889276065816931e-03
6.0000000000000053e-03 -2.9999999999999957e-03 4.0000000000000001e-03  1.2821797184272316e-03
6.0000000000000053e-03 0.0000000000000000e+00 4.0000000000000001e-03  1.2768085382553933e-03
6.0000000000000053e-03 3.0000000000000027e-03 4.0000000000000001e-03  1.2780295652038249e-03
6.0000000000000053e-03 6.0000000000000053e-03 4.0000000000000001e-03  1.2815411853305365e-03
6.0000000000000053e-03 9.0000000000000011e-03 4.0000000000000001e-03  1.2875387277417956e-03
6.0000000000000053e-03 1.2000000000000004e-02 4.0000000000000001e-03  1.2973444119887961e-03
6.0000000000000053e-03 1.4999999999999999e-02 4.0000000000000001e-03  1.3082352235854907e-03
6.0000000000000053e-03 1.8000000000000002e-02 4.0000000000000001e-03  1.3202123157860515e-03
6.0000000000000053e-03 2.1000000000000005e-02 4.0000000000000001e-03  1.3332812702845397e-03
6.0000000000000053e-03 2.4000000000000007e-02 4.0000000000000001e-03  1.3474520972149048e-03
6.0000000000000053e-03 2.7000000000000010e-02 4.0000000000000001e-03  1.3722652208176679e-03
6.0000000000000053e-03 2.9999999999999999e-02 4.0000000000000001e-03  1.3996397753288732e-03
6.0000000000000053e-03 3.3000000000000002e-02 4.0000000000000001e-03  1.4232128501172527e-03
6.0000000000000053e-03 3.6000000000000004e-02 4.0000000000000001e-03  1.4577495783077677e-03
6.0000000000000053e-03 3.9000000000000007e-02 4.0000000000000001e-03  1.5378596152741723e-03
6.0000000000000053e-03 4.2000000000000010e-02 4.0000000000000001e-03  1.6494916992417282e-03
6.0000000000000053e-03 4.4999999999999998e-02 4.0000000000000001e-03  1.7933075655870692e-03
9.0000000000000011e-03 -4.4999999999999998e-02 4.0000000000000001e-03  1.9207628546213202e-03
9.0000000000000011e-03 -4.1999999999999996e-02 4.0000000000000001e-03  1.7789693284169898e-03
9.0000000000000011e-03 -3.9000000000000000e-02 4.0000000000000001e-03  1.6591946408599264e-03
9.0000000000000011e-03 -3.5999999999999997e-02 4.0000000000000001e-03  1.5603504444774321e-03
9.0000000000000011e-03 -3.3000000000000002e-02 4.0000000000000001e-03  1.4813886192293860e-03
9.0000000000000011e-03 -2.9999999999999999e-02 4.0000000000000001e-03  1.4213012725082584e-03
9.0000000000000011e-03 -2.6999999999999996e-02 4.0000000000000001e-03  1.3791207391391136e-03
9.0000000000000011e-03 -2.3999999999999997e-02 4.0000000000000001e-03  1.3521295311780793e-03
9.0000000000000011e-03 -2.0999999999999998e-02 4.0000000000000001e-03  1.3267284475166783e-03
9.0000000000000011e-03 -1.7999999999999999e-02 4.0000000000000001e-03  1.3152897816705053e-03
9.0000000000000011e-03 -1.4999999999999999e-02 4.0000000000000001e-03  1.3078040024881448e-03
9.0000000000000011e-03 -1.1999999999999997e-02 4.0000000000000001e-03  1.3032604178491263e-03
9.0000000000000011e-03 -8.9999999999999941e-03 4.0000000000000001e-03  1.2984757946178549e-03
9.0000000000000011e-03 -5.9999999999999984e-03 4.0000000000000001e-03  1.2898359145393182e-03
9.0000000000000011e-03 -2.9999999999999957e-03 4.0000000000000001e-03  1.2837499984267229e-03
9.0000000000000011e-03 0.0000000000000000e+00 4.0000000000000001e-03  1.2844999531690237e-03
9.0000000000000011e-03 3.0000000000000027e-03 4.0000000000000001e-03  1.2861284745888074e-03
9.0000000000000011e-03 6.0000000000000053e-03 4.0000000000000001e-03  1.2923421455867982e-03
9.0000000000000011e-03 9.0000000000000011e-03 4.0000000000000001e-03  1.3009336056665423e-03
9.0000000000000011e-03 1.2000000000000004e-02 4.0000000000000001e-03  1.3106000168117999e-03
9.0000000000000011e-03 1.4999999999999999e-02 4.0000000000000001e-03  1.3213399371171414e-03
9.0000000000000011e-03 1.8000000000000002e-02 4.0000000000000001e-03  1.3331563531170127e-03
9.0000000000000011e-03 2.1000000000000005e-02 4.0000000000000001e-03  1.3460566797857496e-03
9.0000000000000011e-03 2.4000000000000007e-02 4.0000000000000001e-03  1.3600527605375692e-03
9.0000000000000011e-03 2.7000000000000010e-02 4.0000000000000001e-03  1.3680328653442797e-03
9.0000000000000011e-03 2.9999999999999999e-02 4.0000000000000001e-03  1.3936600889141659e-03
9.0000000000000011e-03 3.3000000000000002e-02 4.0000000000000001e-03  1.4246840210423496e-03
9.0000000000000011e-03 3.6000000000000004e-02 4.0000000000000001e-03  1.4605919266545695e-03
9.0000000000000011e-03 3.9000000000000007e-02 4.0000000000000001e-03  1.5412376270117513e-03
9.0000000000000011e-03 4.2000000000000010e-02 4.0000000000000001e-03  1.6624414146049469e-03
9.0000000000000011e-03 4.4999999999999998e-02 4.0000000000000001e-03  1.8133402172648787e-03
1.2000000000000004e-02 -4.4999999999999998e-02 4.0000000000000001e-03  1.9647597101621933e-03
1.2000000000000004e-02 -4.1999999999999996e-02 4.0000000000000001e-03  1.8208362445328165e-03
1.2000000000000004e-02 -3.9000000000000000e-02 4.0000000000000001e-03  1.6946550491699550e-03
1.2000000000000004e-02 -3.5999999999999997e-02 4.0000000000000001e-03  1.5900732482547542e-03
1.2000000000000004e-02 -3.3000000000000002e-02 4.0000000000000001e-03  1.5060141632800893e-03
1.2000000000000004e-02 -2.9999999999999999e-02 4.0000000000000001e-03  1.4414144106485451e-03
1.2000000000000004e-02 -2.6999999999999996e-02 4.0000000000000001e-03  1.3952508341952869e-03
1.2000000000000004e-02 -2.3999999999999997e-02 4.0000000000000001e-03  1.3665405051880731e-03
1.2000000000000004e-02 -2.0999999999999998e-02 4.0000000000000001e-03  1.3466811680881425e-03
1.2000000000000004e-02 -1.7999999999999999e-02 4.0000000000000001e-03  1.3227637933323000e-03
1.2000000000000004e-02 -1.4999999999999999e-02 4.0000000000000001e-03  1.3085257026703033e-03
1.2000000000000004e-02 -1.1999999999999997e-02 4.0000000000000001e-03  1.3045615857412258e-03
1.2000000000000004e-02 -8.9999999999999941e-03 4.0000000000000001e-03  1.3005077108688742e-03
1.2000000000000004e-02 -5.9999999999999984e-03 4.0000000000000001e-03  1.2951979620996869e-03
1.2000000000000004e-02 -2.9999999999999957e-03 4.0000000000000001e-03  1.2940806637968074e-03
1.2000000000000004e-02 0.0000000000000000e+00 4.0000000000000001e-03  1.2944468225303686e-03
1.2000000000000004e-02 3.0000000000000027e-03 4.0000000000000001e-03  1.3007569413913790e-03
1.2000000000000004e-02 6.0000000000000053e-03 4.0000000000000001e-03  1.3081427984708526e-03
1.2000000000000004e-02 9.0000000000000011e-03 4.0000000000000001e-03  1.3165959282638478e-03
1.2000000000000004e-02 1.2000000000000004e-02 4.0000000000000001e-03  1.3261122937053198e-03
1.2000000000000004e-02 1.4999999999999999e-02 4.0000000000000001e-03  1.3366922861701056e-03
1.2000000000000004e-02 1.8000000000000002e-02 4.0000000000000001e-03  1.3483407254729267e-03
1.2000000000000004e-02 2.1000000000000005e-02 4.0000000000000001e-03  1.3606121123716322e-03
1.2000000000000004e-02 2.4000000000000007e-02 4.0000000000000001e-03  1.3710760178063147e-03
1.2000000000000004e-02 2.7000000000000010e-02 4.0000000000000001e-03  1.3785095239826500e-03
1.2000000000000004e-02 2.9999999999999999e-02 4.0000000000000001e-03  1.3915571466807787e-03
1.2000000000000004e-02 3.3000000000000002e-02 4.0000000000000001e-03  1.4257957238900836e-03
1.2000000000000004e-02 3.6000000000000004e-02 4.0000000000000001e-03  1.4727358757077042e-03
1.2000000000000004e-02 3.9000000000000007e-02 4.0000000000000001e-03  1.5383311680615052e-03
1.2000000000000004e-02 4.2000000000000010e-02 4.0000000000000001e-03  1.6692967897233063e-03
1.2000000000000004e-02 4.4999999999999998e-02 4.0000000000000001e-03  1.8193081792585123e-03
1.4999999999999999e-02 -4.4999999999999998e-02 4.0000000000000001e-03  1.9986786496051807e-03
1.4999999999999999e-02 -4.1999999999999996e-02 4.0000000000000001e-03  1.8570673420319926e-03
1.4999999999999999e-02 -3.9000000000000000e-02 4.0000000000000001e-03  1.7337439683402206e-03
1.4999999999999999e-02 -3.5999999999999997e-02 4.0000000000000001e-03  1.6250783030153525e-03
1.4999999999999999e-02 -3.3000000000000002e-02 4.0000000000000001e-03  1.5310105157666837e-03
1.4999999999999999e-02 -2.9999999999999999e-02 4.0000000000000001e-03  1.4588972008734555e-03
1.4999999999999999e-02 -2.6999999999999996e-02 4.0000000000000001e-03  1.4084708062095080e-03
1.4999999999999999e-02 -2.3999999999999997e-02 4.0000000000000001e-03  1.3760275462024493e-03
1.4999999999999999e-02 -2.0999999999999998e-02 4.0000000000000001e-03  1.3605692285627497e-03
1.4999999999999999e-02 -1.7999999999999999e-02 4.0000000000000001e-03  1.3446386200079391e-03
1.4999999999999999e-02 -1.4999999999999999e-02 4.0000000000000001e-03  1.3260995961979242e-03
1.4999999999999999e-02 -1.1999999999999997e-02 4.0000000000000001e-03  1.3081546734974856e-03
1.4999999999999999e-02 -8.9999999999999941e-03 4.0000000000000001e-03  1.3058370225820064e-03
1.4999999999999999e-02 -5.9999999999999984e-03 4.0000000000000001e-03  1.3054236146916242e-03
1.4999999999999999e-02 -2.9999999999999957e-03 4.0000000000000001e-03  1.3076681309895800e-03
1.4999999999999999e-02 0.0000000000000000e+00 4.0000000000000001e-03  1.3127807820878115e-03
1.4999999999999999e-02 3.0000000000000027e-03 4.0000000000000001e-03  1.3189665861442954e-03
1.4999999999999999e-02 6.0000000000000053e-03 4.0000000000000001e-03  1.3262144824944893e-03
1.4999999999999999e-02 9.0000000000000011e-03 4.0000000000000001e-03  1.3345178389137368e-03
1.4999999999999999e-02 1.2000000000000004e-02 4.0000000000000001e-03  1.3438744516172552e-03
1.4999999999999999e-02 1.4999999999999999e-02 4.0000000000000001e-03  1.3542865452601650e-03
1.4999999999999999e-02 1.8000000000000002e-02 4.0000000000000001e-03  1.3649868813257978e-03
1.4999999999999999e-02 2.1000000000000005e-02 4.0000000000000001e-03  1.3752206181276952e-03
1.4999999999999999e-02 2.4000000000000007e-02 4.0000000000000001e-03  1.3853806838793447e-03
1.4999999999999999e-02 2.7000000000000010e-02 4.0000000000000001e-03  1.3932095645635772e-03
1.4999999999999999e-02 2.9999999999999999e-02 4.0000000000000001e-03  1.4043196095444208e-03
1.4999999999999999e-02 3.3000000000000002e-02 4.0000000000000001e-03  1.4346779230127783e-03
1.4999999999999999e-02 3.6000000000000004e-02 4.0000000000000001e-03  1.4843938974173703e-03
1.4999999999999999e-02 3.9000000000000007e-02 4.0000000000000001e-03  1.5474764156621346e-03
1.4999999999999999e-02 4.2000000000000010e-02 4.0000000000000001e-03  1.6699581952771235e-03
1.4999999999999999e-02 4.4999999999999998e-02 4.0000000000000001e-03  1.8234192827212298e-03
1.8000000000000002e-02 -4.4999999999999998e-02 4.0000000000000001e-03  2.0351020488490528e-03
1.8000000000000002e-02 -4.1999999999999996e-02 4.0000000000000001e-03  1.8833586824276959e-03
1.8000000000000002e-02 -3.9000000000000000e-02 4.0000000000000001e-03  1.7613647026996691e-03
1.8000000000000002e-02 -3.5999999999999997e-02 4.0000000000000001e-03  1.6578267137026537e-03
1.8000000000000002e-02 -3.3000000000000002e-02 4.0000000000000001e-03  1.5687996616222607e-03
1.8000000000000002e-02 -2.9999999999999999e-02 4.0000000000000001e-03  1.4942094127963882e-03
1.8000000000000002e-02 -2.6999999999999996e-02 4.0000000000000001e-03  1.4339828263399135e-03
1.8000000000000002e-02 -2.3999999999999997e-02 4.0000000000000001e-03  1.3880477541446806e-03
1.8000000000000002e-02 -2.0999999999999998e-02 4.0000000000000001e-03  1.3635628587414764e-03
1.8000000000000002e-02 -1.7999999999999999e-02 4.0000000000000001e-03  1.3611346520426791e-03
1.8000000000000002e-02 -1.4999999999999999e-02 4.0000000000000001e-03  1.3458149214303444e-03
1.8000000000000002e-02 -1.1999999999999997e-02 4.0000000000000001e-03  1.3248878099197670e-03
1.8000000000000002e-02 -8.9999999999999941e-03 4.0000000000000001e-03  1.3168097367149080e-03
1.8000000000000002e-02 -5.9999999999999984e-03 4.0000000000000001e-03  1.3191454726062457e-03
1.8000000000000002e-02 -2.9999999999999957e-03 4.0000000000000001e-03  1.3247572401082959e-03
1.8000000000000002e-02 0.0000000000000000e+00 4.0000000000000001e-03  1.3311874627148393e-03
1.8000000000000002e-02 3.0000000000000027e-03 4.0000000000000001e-03  1.3384346037343087e-03
1.8000000000000002e-02 6.0000000000000053e-03 4.0000000000000001e-03  1.3465005682232183e-03
1.8000000000000002e-02 9.0000000000000011e-03 4.0000000000000001e-03  1.3546918592715204e-03
1.8000000000000002e-02 1.2000000000000004e-02 4.0000000000000001e-03  1.3638800777708124e-03
1.8000000000000002e-02 1.4999999999999999e-02 4.0000000000000001e-03  1.3739603481709986e-03
1.8000000000000002e-02 1.8000000000000002e-02 4.0000000000000001e-03  1.3839820734186750e-03
1.8000000000000002e-02 2.1000000000000005e-02 4.0000000000000001e-03  1.3939206029054136e-03
1.8000000000000002e-02 2.4000000000000007e-02 4.0000000000000001e-03  1.4037844099983605e-03
1.8000000000000002e-02 2.7000000000000010e-02 4.0000000000000001e-03  1.4121516168017919e-03
1.8000000000000002e-02 2.9999999999999999e-02 4.0000000000000001e-03  1.4213229195269470e-03
1.8000000000000002e-02 3.3000000000000002e-02 4.0000000000000001e-03  1.4497139652920855e-03
1.8000000000000002e-02 3.6000000000000004e-02 4.0000000000000001e-03  1.4974384385570590e-03
1.8000000000000002e-02 3.9000000000000007e-02 4.0000000000000001e-03  1.5646233461846951e-03
1.8000000000000002e-02 4.2000000000000010e-02 4.0000000000000001e-03  1.6691701776953636e-03
1.8000000000000002e-02 4.4999999999999998e-02 4.0000000000000001e-03  1.8257982788139320e-03
2.1000000000000005e-02 -4.4999999999999998e-02 4.0000000000000001e-03  2.0737918702420236e-03
2.1000000000000005e-02 -4.1999999999999996e-02 4.0000000000000001e-03  1.9226794945560819e-03
2.1000000000000005e-02 -3.9000000000000000e-02 4.0000000000000001e-03  1.7693695009766397e-03
2.1000000000000005e-02 -3.5999999999999997e-02 4.0000000000000001e-03  1.6703323816412254e-03
2.1000000000000005e-02 -3.3000000000000002e-02 4.0000000000000001e-03  1.5856895077586020e-03
2.1000000000000005e-02 -2.9999999999999999e-02 4.0000000000000001e-03  1.5153514495183109e-03
2.1000000000000005e-02 -2.6999999999999996e-02 4.0000000000000001e-03  1.4592297698868661e-03
2.1000000000000005e-02 -2.3999999999999997e-02 4.0000000000000001e-03  1.4172370246077466e-03
2.1000000000000005e-02 -2.0999999999999998e-02 4.0000000000000001e-03  1.3892070365319079e-03
2.1000000000000005e-02 -1.7999999999999999e-02 4.0000000000000001e-03  1.3721504895447048e-03
2.1000000000000005e-02 -1.4999999999999999e-02 4.0000000000000001e-03  1.3622219329760630e-03
2.1000000000000005e-02 -1.1999999999999997e-02 4.0000000000000001e-03  1.3385649938443785e-03
2.1000000000000005e-02 -8.9999999999999941e-03 4.0000000000000001e-03  1.3377217921498158e-03
2.1000000000000005e-02 -5.9999999999999984e-03 4.0000000000000001e-03  1.3390815025034156e-03
2.1000000000000005e-02 -2.9999999999999957e-03 4.0000000000000001e-03  1.3446206085258893e-03
2.1000000000000005e-02 0.0000000000000000e+00 4.0000000000000001e-03  1.3514511025418269e-03
2.1000000000000005e-02 3.0000000000000027e-03 4.0000000000000001e-03  1.3590316995245183e-03
2.1000000000000005e-02 6.0000000000000053e-03 4.0000000000000001e-03  1.3673684327052530e-03
2.1000000000000005e-02 9.0000000000000011e-03 4.0000000000000001e-03  1.3764707215979085e-03
2.1000000000000005e-02 1.2000000000000004e-02 4.0000000000000001e-03  1.3863513719989684e-03
2.1000000000000005e-02 1.4999999999999999e-02 4.0000000000000001e-03  1.3970265759875122e-03
2.1000000000000005e-02 1.8000000000000002e-02 4.0000000000000001e-03  1.4070749928317789e-03
2.1000000000000005e-02 2.1000000000000005e-02 4.0000000000000001e-03  1.4167270858804826e-03
2.1000000000000005e-02 2.4000000000000007e-02 4.0000000000000001e-03  1.4263048108421311e-03
2.1000000000000005e-02 2.7000000000000010e-02 4.0000000000000001e-03  1.4353583226827725e-03
2.1000000000000005e-02 2.9999999999999999e-02 4.0000000000000001e-03  1.4425895893535796e-03
2.1000000000000005e-02 3.3000000000000002e-02 4.0000000000000001e-03  1.4690066724124724e-03
2.1000000000000005e-02 3.6000000000000004e-02 4.0000000000000001e-03  1.5255632986799956e-03
2.1000000000000005e-02 3.9000000000000007e-02 4.0000000000000001e-03  1.6099496655808878e-03
2.1000000000000005e-02 4.2000000000000010e-02 4.0000000000000001e-03  1.6838276418603309e-03
2.1000000000000005e-02 4.4999999999999998e-02 4.0000000000000001e-03  1.7668073798324559e-03
2.4000000000000007e-02 -4.4999999999999998e-02 4.0000000000000001e-03  2.1148363772622450e-03
2.4000000000000007e-02 -4.1999999999999996e-02 4.0000000000000001e-03  1.9643555750576578e-03
2.4000000000000007e-02 -3.9000000000000000e-02 4.0000000000000001e-03  1.8019349530905579e-03
2.4000000000000007e-02 -3.5999999999999997e-02 4.0000000000000001e-03  1.6643076733375015e-03
2.4000000000000007e-02 -3.3000000000000002e-02 4.0000000000000001e-03  1.5910133757369789e-03
2.4000000000000007e-02 -2.9999999999999999e-02 4.0000000000000001e-03  1.5288024648950440e-03
2.4000000000000007e-02 -2.6999999999999996e-02 4.0000000000000001e-03  1.4775864867125333e-03
2.4000000000000007e-02 -2.3999999999999997e-02 4.0000000000000001e-03  1.4372952140965271e-03
2.4000000000000007e-02 -2.0999999999999998e-02 4.0000000000000001e-03  1.4078766469603325e-03
2.4000000000000007e-02 -1.7999999999999999e-02 4.0000000000000001e-03  1.4084123015141478e-03
2.4000000000000007e-02 -1.4999999999999999e-02 4.0000000000000001e-03  1.3877388171292533e-03
2.4000000000000007e-02 -1.1999999999999997e-02 4.0000000000000001e-03  1.3601315735213494e-03
2.4000000000000007e-02 -8.9999999999999941e-03 4.0000000000000001e-03  1.3723715603445855e-03
2.4000000000000007e-02 -5.9999999999999984e-03 4.0000000000000001e-03  1.3717444390292841e-03
2.4000000000000007e-02 -2.9999999999999957e-03 4.0000000000000001e-03  1.3759893662875647e-03
2.4000000000000007e-02 0.0000000000000000e+00 4.0000000000000001e-03  1.3791221200473069e-03
2.4000000000000007e-02 3.0000000000000027e-03 4.0000000000000001e-03  1.3808219674778907e-03
2.4000000000000007e-02 6.0000000000000053e-03 4.0000000000000001e-03  1.3874291552564057e-03
2.4000000000000007e-02 9.0000000000000011e-03 4.0000000000000001e-03  1.3962134139350855e-03
2.4000000000000007e-02 1.2000000000000004e-02 4.0000000000000001e-03  1.4057738724065569e-03
2.4000000000000007e-02 1.4999999999999999e-02 4.0000000000000001e-03  1.4161289507841164e-03
2.4000000000000007e-02 1.8000000000000002e-02 4.0000000000000001e-03  1.4273004554636640e-03
2.4000000000000007e-02 2.1000000000000005e-02 4.0000000000000001e-03  1.4393135791236898e-03
2.4000000000000007e-02 2.4000000000000007e-02 4.0000000000000001e-03  1.4521969007252923e-03
2.4000000000000007e-02 2.7000000000000010e-02 4.0000000000000001e-03  1.4622024161535297e-03
2.4000000000000007e-02 2.9999999999999999e-02 4.0000000000000001e-03  1.4719075080774368e-03
2.4000000000000007e-02 3.3000000000000002e-02 4.0000000000000001e-03  1.4993541810541338e-03
2.4000000000000007e-02 3.6000000000000004e-02 4.0000000000000001e-03  1.5414768577435135e-03
2.4000000000000007e-02 3.9000000000000007e-02 4.0000000000000001e-03  1.5959055301441143e-03
2.4000000000000007e-02 4.2000000000000010e-02 4.0000000000000001e-03  1.6633889024089755e-03
2.4000000000000007e-02 4.4999999999999998e-02 4.0000000000000001e-03  1.7480913995308028e-03
2.7000000000000010e-02 -4.4999999999999998e-02 4.0000000000000001e-03  2.1583680051273702e-03
2.7000000000000010e-02 -4.1999999999999996e-02 4.0000000000000001e-03  2.0084776693221752e-03
2.7000000000000010e-02 -3.9000000000000000e-02 4.0000000000000001e-03  1.8465559920588081e-03
2.7000000000000010e-02 -3.5999999999999997e-02 4.0000000000000001e-03  1.7023613546099867e-03
2.7000000000000010e-02 -3.3000000000000002e-02 4.0000000000000001e-03  1.6276644372325616e-03
2.7000000000000010e-02 -2.9999999999999999e-02 4.0000000000000001e-03  1.5639984004566679e-03
2.7000000000000010e-02 -2.6999999999999996e-02 4.0000000000000001e-03  1.5112908242847687e-03
2.7000000000000010e-02 -2.3999999999999997e-02 4.0000000000000001e-03  1.4694875157255582e-03
2.7000000000000010e-02 -2.0999999999999998e-02 4.0000000000000001e-03  1.4633106381883232e-03
2.7000000000000010e-02 -1.7999999999999999e-02 4.0000000000000001e-03  1.4480396328269778e-03
2.7000000000000010e-02 -1.4999999999999999e-02 4.0000000000000001e-03  1.4256702095323079e-03
2.7000000000000010e-02 -1.1999999999999997e-02 4.0000000000000001e-03  1.3955144289571220e-03
2.7000000000000010e-02 -8.9999999999999941e-03 4.0000000000000001e-03  1.3990514165467586e-03
2.7000000000000010e-02 -5.9999999999999984e-03 4.0000000000000001e-03  1.4125247911712282e-03
2.7000000000000010e-02 -2.9999999999999957e-03 4.0000000000000001e-03  1.4150803937360834e-03
2.7000000000000010e-02 0.0000000000000000e+00 4.0000000000000001e-03  1.4195396154261938e-03
2.7000000000000010e-02 3.0000000000000027e-03 4.0000000000000001e-03  1.4226270896245273e-03
2.7000000000000010e-02 6.0000000000000053e-03 4.0000000000000001e-03  1.4243270749010992e-03
2.7000000000000010e-02 9.0000000000000011e-03 4.0000000000000001e-03  1.4246261405444431e-03
2.7000000000000010e-02 1.2000000000000004e-02 4.0000000000000001e-03  1.4235131665616112e-03
2.7000000000000010e-02 1.4999999999999999e-02 4.0000000000000001e-03  1.4315583505679149e-03
2.7000000000000010e-02 1.8000000000000002e-02 4.0000000000000001e-03  1.4423401627105367e-03
2.7000000000000010e-02 2.1000000000000005e-02 4.0000000000000001e-03  1.4539650061146121e-03
2.7000000000000010e-02 2.4000000000000007e-02 4.0000000000000001e-03  1.4664636877754521e-03
2.7000000000000010e-02 2.7000000000000010e-02 4.0000000000000001e-03  1.4947923016583545e-03
2.7000000000000010e-02 2.9999999999999999e-02 4.0000000000000001e-03  1.5178858711480249e-03
2.7000000000000010e-02 3.3000000000000002e-02 4.0000000000000001e-03  1.5446300201582305e-03
2.7000000000000010e-02 3.6000000000000004e-02 4.0000000000000001e-03  1.5716146456339045e-03
2.7000000000000010e-02 3.9000000000000007e-02 4.0000000000000001e-03  1.6103058678577581e-03
2.7000000000000010e-02 4.2000000000000010e-02 4.0000000000000001e-03  1.6871499756985792e-03
2.7000000000000010e-02 4.4999999999999998e-02 4.0000000000000001e-03  1.7924429543532115e-03
2.9999999999999999e-02 -4.4999999999999998e-02 4.0000000000000001e-03  2.2045633607945588e-03
2.9999999999999999e-02 -4.1999999999999996e-02 4.0000000000000001e-03  2.0551806944789004e-03
2.9999999999999999e-02 -3.9000000000000000e-02 4.0000000000000001e-03  1.8367646042561018e-03
2.9999999999999999e-02 -3.5999999999999997e-02 4.0000000000000001e-03  1.7524449866475565e-03
2.9999999999999999e-02 -3.3000000000000002e-02 4.0000000000000001e-03  1.6763257583279365e-03
2.9999999999999999e-02 -2.9999999999999999e-02 4.0000000000000001e-03  1.6111925691262403e-03
2.9999999999999999e-02 -2.6999999999999996e-02 4.0000000000000001e-03  1.5569890331465510e-03
2.9999999999999999e-02 -2.3999999999999997e-02 4.0000000000000001e-03  1.5448829375472567e-03
2.9999999999999999e-02 -2.0999999999999998e-02 4.0000000000000001e-03  1.5240168415808458e-03
2.9999999999999999e-02 -1.7999999999999999e-02 4.0000000000000001e-03  1.4986444740635468e-03
2.9999999999999999e-02 -1.4999999999999999e-02 4.0000000000000001e-03  1.4758139519367775e-03
2.9999999999999999e-02 -1.1999999999999997e-02 4.0000000000000001e-03  1.4453459269898542e-03
2.9999999999999999e-02 -8.9999999999999941e-03 4.0000000000000001e-03  1.4402060893198951e-03
2.9999999999999999e-02 -5.9999999999999984e-03 4.0000000000000001e-03  1.4534325233100691e-03
2.9999999999999999e-02 -2.9999999999999957e-03 4.0000000000000001e-03  1.4613104388405177e-03
2.9999999999999999e-02 0.0000000000000000e+00 4.0000000000000001e-03  1.4659970074242061e-03
2.9999999999999999e-02 3.0000000000000027e-03 4.0000000000000001e-03  1.4701754587779100e-03
2.9999999999999999e-02 6.0000000000000053e-03 4.0000000000000001e-03  1.4730368452184129e-03
2.9999999999999999e-02 9.0000000000000011e-03 4.0000000000000001e-03  1.4745670127441616e-03
2.9999999999999999e-02 1.2000000000000004e-02 4.0000000000000001e-03  1.4747541180721261e-03
2.9999999999999999e-02 1.4999999999999999e-02 4.0000000000000001e-03  1.4735886286377971e-03
2.9999999999999999e-02 1.8000000000000002e-02 4.0000000000000001e-03  1.4710633225951863e-03
2.9999999999999999e-02 2.1000000000000005e-02 4.0000000000000001e-03  1.4671732888168322e-03
2.9999999999999999e-02 2.4000000000000007e-02 4.0000000000000001e-03  1.4946808195149327e-03
2.9999999999999999e-02 2.7000000000000010e-02 4.0000000000000001e-03  1.5420555979544848e-03
2.9999999999999999e-02 2.9999999999999999e-02 4.0000000000000001e-03  1.5608405725752708e-03
2.9999999999999999e-02 3.3000000000000002e-02 4.0000000000000001e-03  1.5881065229243401e-03
2.9999999999999999e-02 3.6000000000000004e-02 4.0000000000000001e-03  1.6131408952407113e-03
2.9999999999999999e-02 3.9000000000000007e-02 4.0000000000000001e-03  1.6619901499047025e-03
2.9999999999999999e-02 4.2000000000000010e-02 4.0000000000000001e-03  1.7390477847798644e-03
2.9999999999999999e-02 4.4999999999999998e-02 4.0000000000000001e-03  1.8420750811575586e-03
3.3000000000000002e-02 -4.4999999999999998e-02 4.0000000000000001e-03  2.2536432229604830e-03
3.3000000000000002e-02 -4.1999999999999996e-02 4.0000000000000001e-03  2.0906122045725620e-03
3.3000000000000002e-02 -3.9000000000000000e-02 4.0000000000000001e-03  1.9094373865549416e-03
3.3000000000000002e-02 -3.5999999999999997e-02 4.0000000000000001e-03  1.8138506818157177e-03
3.3000000000000002e-02 -3.3000000000000002e-02 4.0000000000000001e-03  1.7369972733153143e-03
3.3000000000000002e-02 -2.9999999999999999e-02 4.0000000000000001e-03  1.6723012471821876e-03
3.3000000000000002e-02 -2.6999999999999996e-02 4.0000000000000001e-03  1.6531533781973928e-03
3.3000000000000002e-02 -2.3999999999999997e-02 4.0000000000000001e-03  1.6238655198630026e-03
3.3000000000000002e-02 -2.0999999999999998e-02 4.0000000000000001e-03  1.5880859538649843e-03
3.3000000000000002e-02 -1.7999999999999999e-02 4.0000000000000001e-03  1.5626259462527027e-03
3.3000000000000002e-02 -1.4999999999999999e-02 4.0000000000000001e-03  1.5392565976612674e-03
3.3000000000000002e-02 -1.1999999999999997e-02 4.0000000000000001e-03  1.5102546194756834e-03
3.3000000000000002e-02 -8.9999999999999941e-03 4.0000000000000001e-03  1.4964875594275452e-03
3.3000000000000002e-02 -5.9999999999999984e-03 4.0000000000000001e-03  1.5054458448708842e-03
3.3000000000000002e-02 -2.9999999999999957e-03 4.0000000000000001e-03  1.5138596183744447e-03
3.3000000000000002e-02 0.0000000000000000e+00 4.0000000000000001e-03  1.5197835700047741e-03
3.3000000000000002e-02 3.0000000000000027e-03 4.0000000000000001e-03  1.5246951507753891e-03
3.3000000000000002e-02 6.0000000000000053e-03 4.0000000000000001e-03  1.5283700791026338e-03
3.3000000000000002e-02 9.0000000000000011e-03 4.0000000000000001e-03  1.5307934776948599e-03
3.3000000000000002e-02 1.2000000000000004e-02 4.0000000000000001e-03  1.5319527799789534e-03
3.3000000000000002e-02 1.4999999999999999e-02 4.0000000000000001e-03  1.5318377301003201e-03
3.3000000000000002e-02 1.8000000000000002e-02 4.0000000000000001e-03  1.5304403829228817e-03
3.3000000000000002e-02 2.1000000000000005e-02 4.0000000000000001e-03  1.5251586539896751e-03
3.3000000000000002e-02 2.4000000000000007e-02 4.0000000000000001e-03  1.5461569472498971e-03
3.3000000000000002e-02 2.7000000000000010e-02 4.0000000000000001e-03  1.6028536726651840e-03
3.3000000000000002e-02 2.9999999999999999e-02 4.0000000000000001e-03  1.6318952536231415e-03
3.3000000000000002e-02 3.3000000000000002e-02 4.0000000000000001e-03  1.6486498082673854e-03
3.3000000000000002e-02 3.6000000000000004e-02 4.0000000000000001e-03  1.6748301697810490e-03
3.3000000000000002e-02 3.9000000000000007e-02 4.0000000000000001e-03  1.7148093097708998e-03
3.3000000000000002e-02 4.2000000000000010e-02 4.0000000000000001e-03  1.7926380377323078e-03
3.3000000000000002e-02 4.4999999999999998e-02 4.0000000000000001e-03  1.8955998954602027e-03
3.6000000000000004e-02 -4.4999999999999998e-02 4.0000000000000001e-03  2.3058725420613112e-03
3.6000000000000004e-02 -4.1999999999999996e-02 4.0000000000000001e-03  2.1119191716480589e-03
3.6000000000000004e-02 -3.9000000000000000e-02 4.0000000000000001e-03  1.9974282456075867e-03
3.6000000000000004e-02 -3.5999999999999997e-02 4.0000000000000001e-03  1.8848321107417191e-03
3.6000000000000004e-02 -3.3000000000000002e-02 4.0000000000000001e-03  1.8159839786811485e-03
3.6000000000000004e-02 -2.9999999999999999e-02 4.0000000000000001e-03  1.7881386452060534e-03
3.6000000000000004e-02 -2.6999999999999996e-02 4.0000000000000001e-03  1.7505368070655019e-03
3.6000000000000004e-02 -2.3999999999999997e-02 4.0000000000000001e-03  1.7036023208472507e-03
3.6000000000000004e-02 -2.0999999999999998e-02 4.0000000000000001e-03  1.6666040108229731e-03
3.6000000000000004e-02 -1.7999999999999999e-02 4.0000000000000001e-03  1.6407184504811183e-03
3.6000000000000004e-02 -1.4999999999999999e-02 4.0000000000000001e-03  1.6167192773989636e-03
3.6000000000000004e-02 -1.1999999999999997e-02 4.0000000000000001e-03  1.5908652432887155e-03
3.6000000000000004e-02 -8.9999999999999941e-03 4.0000000000000001e-03  1.5685297255214278e-03
3.6000000000000004e-02 -5.9999999999999984e-03 4.0000000000000001e-03  1.5732114566572339e-03
3.6000000000000004e-02 -2.9999999999999957e-03 4.0000000000000001e-03  1.5774984812176045e-03
3.6000000000000004e-02 0.0000000000000000e+00 4.0000000000000001e-03  1.5813894757091976e-03
3.6000000000000004e-02 3.0000000000000027e-03 4.0000000000000001e-03  1.5876296595341598e-03
3.6000000000000004e-02 6.0000000000000053e-03 4.0000000000000001e-03  1.5917090723448787e-03
3.6000000000000004e-02 9.0000000000000011e-03 4.0000000000000001e-03  1.5946266330615830e-03
3.6000000000000004e-02 1.2000000000000004e-02 4.0000000000000001e-03  1.5963690518210716e-03
3.6000000000000004e-02 1.4999999999999999e-02 4.0000000000000001e-03  1.5969253494786571e-03
3.6000000000000004e-02 1.8000000000000002e-02 4.0000000000000001e-03  1.5952263262206836e-03
3.6000000000000004e-02 2.1000000000000005e-02 4.0000000000000001e-03  1.5917745478110626e-03
3.6000000000000004e-02 2.4000000000000007e-02 4.0000000000000001e-03  1.6122808208747961e-03
3.6000000000000004e-02 2.7000000000000010e-02 4.0000000000000001e-03  1.6791245171185413e-03
3.6000000000000004e-02 2.9999999999999999e-02 4.0000000000000001e-03  1.7188720337092532e-03
3.6000000000000004e-02 3.3000000000000002e-02 4.0000000000000001e-03  1.7360993646357912e-03
3.6000000000000004e-02 3.6000000000000004e-02 4.0000000000000001e-03  1.7556385898831021e-03
3.6000000000000004e-02 3.9000000000000007e-02 4.0000000000000001e-03  1.7860867690350773e-03
3.6000000000000004e-02 4.2000000000000010e-02 4.0000000000000001e-03  1.8601424945697254e-03
3.6000000000000004e-02 4.4999999999999998e-02 4.0000000000000001e-03  1.9596069324541764e-03
3.9000000000000007e-02 -4.4999999999999998e-02 4.0000000000000001e-03  2.3323999006152332e-03
3.9000000000000007e-02 -4.1999999999999996e-02 4.0000000000000001e-03  2.3126262785839826e-03
3.9000000000000007e-02 -3.9000000000000000e-02 4.0000000000000001e-03  2.1009019330429138e-03
3.9000000000000007e-02 -3.5999999999999997e-02 4.0000000000000001e-03  1.9855692448990689e-03
3.9000000000000007e-02 -3.3000000000000002e-02 4.0000000000000001e-03  1.9498479301014279e-03
3.9000000000000007e-02 -2.9999999999999999e-02 4.0000000000000001e-03  1.9040297042052633e-03
3.9000000000000007e-02 -2.6999999999999996e-02 4.0000000000000001e-03  1.8492829645906687e-03
3.9000000000000007e-02 -2.3999999999999997e-02 4.0000000000000001e-03  1.7882749524608138e-03
3.9000000000000007e-02 -2.0999999999999998e-02 4.0000000000000001e-03  1.7600702519372535e-03
3.9000000000000007e-02 -1.7999999999999999e-02 4.0000000000000001e-03  1.7336472318654186e-03
3.9000000000000007e-02 -1.4999999999999999e-02 4.0000000000000001e-03  1.7089139658729928e-03
3.9000000000000007e-02 -1.1999999999999997e-02 4.0000000000000001e-03  1.6858177754840193e-03
3.9000000000000007e-02 -8.9999999999999941e-03 4.0000000000000001e-03  1.6569484041414439e-03
3.9000000000000007e-02 -5.9999999999999984e-03 4.0000000000000001e-03  1.6573680466470877e-03
3.9000000000000007e-02 -2.9999999999999957e-03 4.0000000000000001e-03  1.6575440430867078e-03
3.9000000000000007e-02 0.0000000000000000e+00 4.0000000000000001e-03  1.6574632437355529e-03
3.9000000000000007e-02 3.0000000000000027e-03 4.0000000000000001e-03  1.6596836501779353e-03
3.9000000000000007e-02 6.0000000000000053e-03 4.0000000000000001e-03  1.6646515388161135e-03
3.9000000000000007e-02 9.0000000000000011e-03 4.0000000000000001e-03  1.6676029945892239e-03
3.9000000000000007e-02 1.2000000000000004e-02 4.0000000000000001e-03  1.6694782512172942e-03
3.9000000000000007e-02 1.4999999999999999e-02 4.0000000000000001e-03  1.6702656062655562e-03
3.9000000000000007e-02 1.8000000000000002e-02 4.0000000000000001e-03  1.6680143271927052e-03
3.9000000000000007e-02 2.1000000000000005e-02 4.0000000000000001e-03  1.6746642872283051e-03
3.9000000000000007e-02 2.4000000000000007e-02 4.0000000000000001e-03  1.6942873430815994e-03
3.9000000000000007e-02 2.7000000000000010e-02 4.0000000000000001e-03  1.7719918844715903e-03
3.9000000000000007e-02 2.9999999999999999e-02 4.0000000000000001e-03  1.8228784465916968e-03
3.9000000000000007e-02 3.3000000000000002e-02 4.0000000000000001e-03  1.8501417084496419e-03
3.9000000000000007e-02 3.6000000000000004e-02 4.0000000000000001e-03  1.8581780766793185e-03
3.9000000000000007e-02 3.9000000000000007e-02 4.0000000000000001e-03  1.8796190557791260e-03
3.9000000000000007e-02 4.2000000000000010e-02 4.0000000000000001e-03  1.9474221601962266e-03
3.9000000000000007e-02 4.4999999999999998e-02 4.0000000000000001e-03  2.0424156068538663e-03
4.2000000000000010e-02 -4.4999999999999998e-02 4.0000000000000001e-03  2.3986975492647461e-03
4.2000000000000010e-02 -4.1999999999999996e-02 4.0000000000000001e-03  2.4733615758026043e-03
4.2000000000000010e-02 -3.9000000000000000e-02 4.0000000000000001e-03  2.2688239616592823e-03
4.2000000000000010e-02 -3.5999999999999997e-02 4.0000000000000001e-03  2.2178259644388639e-03
4.2000000000000010e-02 -3.3000000000000002e-02 4.0000000000000001e-03  2.1267522157970942e-03
4.2000000000000010e-02 -2.9999999999999999e-02 4.0000000000000001e-03  2.0218580693063394e-03
4.2000000000000010e-02 -2.6999999999999996e-02 4.0000000000000001e-03  1.9516781405583051e-03
4.2000000000000010e-02 -2.3999999999999997e-02 4.0000000000000001e-03  1.8978706433862608e-03
4.2000000000000010e-02 -2.0999999999999998e-02 4.0000000000000001e-03  1.8692140367478798e-03
4.2000000000000010e-02 -1.7999999999999999e-02 4.0000000000000001e-03  1.8421283795521681e-03
4.2000000000000010e-02 -1.4999999999999999e-02 4.0000000000000001e-03  1.8165434818364220e-03
4.2000000000000010e-02 -1.1999999999999997e-02 4.0000000000000001e-03  1.7924284015343112e-03
4.2000000000000010e-02 -8.9999999999999941e-03 4.0000000000000001e-03  1.7623413297156720e-03
4.2000000000000010e-02 -5.9999999999999984e-03 4.0000000000000001e-03  1.7585362207065871e-03
4.2000000000000010e-02 -2.9999999999999957e-03 4.0000000000000001e-03  1.7546397812859707e-03
4.2000000000000010e-02 0.0000000000000000e+00 4.0000000000000001e-03  1.7506474861743637e-03
4.2000000000000010e-02 3.0000000000000027e-03 4.0000000000000001e-03  1.7466039734472894e-03
4.2000000000000010e-02 6.0000000000000053e-03 4.0000000000000001e-03  1.7490106104671413e-03
4.2000000000000010e-02 9.0000000000000011e-03 4.0000000000000001e-03  1.7514744961025174e-03
4.2000000000000010e-02 1.2000000000000004e-02 4.0000000000000001e-03  1.7529711138662884e-03
4.2000000000000010e-02 1.4999999999999999e-02 4.0000000000000001e-03  1.7527326289016214e-03
4.2000000000000010e-02 1.8000000000000002e-02 4.0000000000000001e-03  1.7598653949397955e-03
4.2000000000000010e-02 2.1000000000000005e-02 4.0000000000000001e-03  1.7759847992220587e-03
4.2000000000000010e-02 2.4000000000000007e-02 4.0000000000000001e-03  1.8010358593371612e-03
4.2000000000000010e-02 2.7000000000000010e-02 4.0000000000000001e-03  1.8825084433128640e-03
4.2000000000000010e-02 2.9999999999999999e-02 4.0000000000000001e-03  1.9449509414600533e-03
4.2000000000000010e-02 3.3000000000000002e-02 4.0000000000000001e-03  1.9827629188522706e-03
4.2000000000000010e-02 3.6000000000000004e-02 4.0000000000000001e-03  1.9964430514445119e-03
4.2000000000000010e-02 3.9000000000000007e-02 4.0000000000000001e-03  2.0046394693791630e-03
4.2000000000000010e-02 4.2000000000000010e-02 4.0000000000000001e-03  2.0570403574185427e-03
4.2000000000000010e-02 4.4999999999999998e-02 4.0000000000000001e-03  2.1275645030730378e-03
4.4999999999999998e-02 -4.4999999999999998e-02 4.0000000000000001e-03  2.6535286417541022e-03
4.4999999999999998e-02 -4.1999999999999996e-02 4.0000000000000001e-03  2.7363174322303087e-03
4.4999999999999998e-02 -3.9000000000000000e-02 4.0000000000000001e-03  2.6717896830299888e-03
4.4999999999999998e-02 -3.5999999999999997e-02 4.0000000000000001e-03  2.5680101826212696e-03
4.4999999999999998e-02 -3.3000000000000002e-02 4.0000000000000001e-03  2.4227403021950668e-03
4.4999999999999998e-02 -2.9999999999999999e-02 4.0000000000000001e-03  2.2344065081584315e-03
4.4999999999999998e-02 -2.6999999999999996e-02 4.0000000000000001e-03  2.0603817380507382e-03
4.4999999999999998e-02 -2.3999999999999997e-02 4.0000000000000001e-03  2.0240101679463098e-03
4.4999999999999998e-02 -2.0999999999999998e-02 4.0000000000000001e-03  1.9947555688248570e-03
4.4999999999999998e-02 -1.7999999999999999e-02 4.0000000000000001e-03  1.9668688267178713e-03
4.4999999999999998e-02 -1.4999999999999999e-02 4.0000000000000001e-03  1.9403014880722681e-03
4.4999999999999998e-02 -1.1999999999999997e-02 4.0000000000000001e-03  1.9150443472313360e-03
4.4999999999999998e-02 -8.9999999999999941e-03 4.0000000000000001e-03  1.8852881545603521e-03
4.4999999999999998e-02 -5.9999999999999984e-03 4.0000000000000001e-03  1.8773185025900503e-03
4.4999999999999998e-02 -2.9999999999999957e-03 4.0000000000000001e-03  1.8694110910077808e-03
4.4999999999999998e-02 0.0000000000000000e+00 4.0000000000000001e-03  1.8615700189793779e-03
4.4999999999999998e-02 3.0000000000000027e-03 4.0000000000000001e-03  1.8538485490256606e-03
4.4999999999999998e-02 6.0000000000000053e-03 4.0000000000000001e-03  1.8463491070224202e-03
4.4999999999999998e-02 9.0000000000000011e-03 4.0000000000000001e-03  1.8482084895060356e-03
4.4999999999999998e-02 1.2000000000000004e-02 4.0000000000000001e-03  1.8491577938370492e-03
4.4999999999999998e-02 1.4999999999999999e-02 4.0000000000000001e-03  1.8568349854003532e-03
4.4999999999999998e-02 1.8000000000000002e-02 4.0000000000000001e-03  1.8730963398819883e-03
4.4999999999999998e-02 2.1000000000000005e-02 4.0000000000000001e-03  1.8978880322091064e-03
4.4999999999999998e-02 2.4000000000000007e-02 4.0000000000000001e-03  1.9312528563216792e-03
4.4999999999999998e-02 2.7000000000000010e-02 4.0000000000000001e-03  2.0116557776623765e-03
4.4999999999999998e-02 2.9999999999999999e-02 4.0000000000000001e-03  2.0860548829353723e-03
4.4999999999999998e-02 3.3000000000000002e-02 4.0000000000000001e-03  2.1349121410657681e-03
4.4999999999999998e-02 3.6000000000000004e-02 4.0000000000000001e-03  2.1585399359498711e-03
4.4999999999999998e-02 3.9000000000000007e-02 4.0000000000000001e-03  2.1577376659458400e-03
4.4999999999999998e-02 4.2000000000000010e-02 4.0000000000000001e-03  2.1662377036894215e-03
4.4999999999999998e-02 4.4999999999999998e-02 4.0000000000000001e-03  2.1852720678775832e-03
