Grid Output Min: [-45mm -45mm 4mm] Max: [45mm 45mm 4mm] Grid Size: [3mm 3mm 0mm]
X, Y, Z, Scalar data "Mag_B"
-4.4999999999999998e-02 -4.4999999999999998e-02 4.0000000000000001e-03  2.2772951333428571e-03
-4.4999999999999998e-02 -4.1999999999999996e-02 4.0000000000000001e-03  2.1931096542961732e-03
-4.4999999999999998e-02 -3.9000000000000000e-02 4.0000000000000001e-03  2.1217173991264996e-03
-4.4999999999999998e-02 -3.5999999999999997e-02 4.0000000000000001e-03  2.0379363344671694e-03
-4.4999999999999998e-02 -3.3000000000000002e-02 4.0000000000000001e-03  1.9678541905726247e-03
-4.4999999999999998e-02 -2.9999999999999999e-02 4.0000000000000001e-03  1.9299870584106539e-03
-4.4999999999999998e-02 -2.6999999999999996e-02 4.0000000000000001e-03  1.8803510733465922e-03
-4.4999999999999998e-02 -2.3999999999999997e-02 4.0000000000000001e-03  1.8605213986312256e-03
-4.4999999999999998e-02 -2.0999999999999998e-02 4.0000000000000001e-03  1.8484502000109394e-03
-4.4999999999999998e-02 -1.7999999999999999e-02 4.0000000000000001e-03  1.8191480041384468e-03
-4.4999999999999998e-02 -1.4999999999999999e-02 4.0000000000000001e-03  1.8177564593213694e-03
-4.4999999999999998e-02 -1.1999999999999997e-02 4.0000000000000001e-03  1.7766607263046013e-03
-4.4999999999999998e-02 -8.9999999999999941e-03 4.0000000000000001e-03  1.7751163511615245e-03
-4.4999999999999998e-02 -5.9999999999999984e-03 4.0000000000000001e-03  1.7807319582150095e-03
-4.4999999999999998e-02 -2.9999999999999957e-03 4.0000000000000001e-03  1.7822731875507824e-03
-4.4999999999999998e-02 0.0000000000000000e+00 4.0000000000000001e-03  1.8210321834851283e-03
-4.4999999999999998e-02 3.0000000000000027e-03 4.0000000000000001e-03  1.8299377402432172e-03
-4.4999999999999998e-02 6.0000000000000053e-03 4.0000000000000001e-03  1.8167356186331723e-03
-4.4999999999999998e-02 9.0000000000000011e-03 4.0000000000000001e-03  1.8066186835761565e-03
-4.4999999999999998e-02 1.2000000000000004e-02 4.0000000000000001e-03  1.8337548371562141e-03
-4.4999999999999998e-02 1.4999999999999999e-02 4.0000000000000001e-03  1.8670478461597871e-03
-4.4999999999999998e-02 1.8000000000000002e-02 4.0000000000000001e-03  1.8550069272143148e-03
-4.4999999999999998e-02 2.1000000000000005e-02 4.0000000000000001e-03  1.7991731061356340e-03
-4.4999999999999998e-02 2.4000000000000007e-02 4.0000000000000001e-03  1.8077527664356137e-03
-4.4999999999999998e-02 2.7000000000000010e-02 4.0000000000000001e-03  1.8258669888360562e-03
-4.4999999999999998e-02 2.9999999999999999e-02 4.0000000000000001e-03  1.8629971603558054e-03
-4.4999999999999998e-02 3.3000000000000002e-02 4.0000000000000001e-03  1.9203092159972438e-03
-4.4999999999999998e-02 3.6000000000000004e-02 4.0000000000000001e-03  1.9845763864703358e-03
-4.4999999999999998e-02 3.9000000000000007e-02 4.0000000000000001e-03  2.0511793645219332e-03
-4.4999999999999998e-02 4.2000000000000010e-02 4.0000000000000001e-03  2.1195888799031234e-03
-4.4999999999999998e-02 4.4999999999999998e-02 4.0000000000000001e-03  2.1920053055630409e-03
-4.1999999999999996e-02 -4.4999999999999998e-02 4.0000000000000001e-03  2.2138816175063586e-03
-4.1999999999999996e-02 -4.1999999999999996e-02 4.0000000000000001e-03  2.0703648264657356e-03
-4.1999999999999996e-02 -3.9000000000000000e-02 4.0000000000000001e-03  1.9878561709563919e-03
-4.1999999999999996e-02 -3.5999999999999997e-02 4.0000000000000001e-03  1.9129493039759635e-03
-4.1999999999999996e-02 -3.3000000000000002e-02 4.0000000000000001e-03  1.8558111820368517e-03
-4.1999999999999996e-02 -2.9999999999999999e-02 4.0000000000000001e-03  1.8098611146284214e-03
-4.1999999999999996e-02 -2.6999999999999996e-02 4.0000000000000001e-03  1.7642612811873467e-03
-4.1999999999999996e-02 -2.3999999999999997e-02 4.0000000000000001e-03  1.7200370518029623e-03
-4.1999999999999996e-02 -2.0999999999999998e-02 4.0000000000000001e-03  1.7189456649207313e-03
-4.1999999999999996e-02 -1.7999999999999999e-02 4.0000000000000001e-03  1.7050118501342867e-03
-4.1999999999999996e-02 -1.4999999999999999e-02 4.0000000000000001e-03  1.7124300561247787e-03
-4.1999999999999996e-02 -1.1999999999999997e-02 4.0000000000000001e-03  1.6805434851872691e-03
-4.1999999999999996e-02 -8.9999999999999941e-03 4.0000000000000001e-03  1.6551053805935023e-03
-4.1999999999999996e-02 -5.9999999999999984e-03 4.0000000000000001e-03  1.6551942642581362e-03
-4.1999999999999996e-02 -2.9999999999999957e-03 4.0000000000000001e-03  1.6730332798195200e-03
-4.1999999999999996e-02 0.0000000000000000e+00 4.0000000000000001e-03  1.7042134880606067e-03
-4.1999999999999996e-02 3.0000000000000027e-03 4.0000000000000001e-03  1.7081791989376884e-03
-4.1999999999999996e-02 6.0000000000000053e-03 4.0000000000000001e-03  1.6999823230686739e-03
-4.1999999999999996e-02 9.0000000000000011e-03 4.0000000000000001e-03  1.6964291474312969e-03
-4.1999999999999996e-02 1.2000000000000004e-02 4.0000000000000001e-03  1.6975178525002444e-03
-4.1999999999999996e-02 1.4999999999999999e-02 4.0000000000000001e-03  1.7030850090579946e-03
-4.1999999999999996e-02 1.8000000000000002e-02 4.0000000000000001e-03  1.7222480818564958e-03
-4.1999999999999996e-02 2.1000000000000005e-02 4.0000000000000001e-03  1.7070251592983217e-03
-4.1999999999999996e-02 2.4000000000000007e-02 4.0000000000000001e-03  1.7025765886776222e-03
-4.1999999999999996e-02 2.7000000000000010e-02 4.0000000000000001e-03  1.7118611751125122e-03
-4.1999999999999996e-02 2.9999999999999999e-02 4.0000000000000001e-03  1.7320640840552083e-03
-4.1999999999999996e-02 3.3000000000000002e-02 4.0000000000000001e-03  1.7729878076469105e-03
-4.1999999999999996e-02 3.6000000000000004e-02 4.0000000000000001e-03  1.8225672861019581e-03
-4.1999999999999996e-02 3.9000000000000007e-02 4.0000000000000001e-03  1.8990567508781722e-03
-4.1999999999999996e-02 4.2000000000000010e-02 4.0000000000000001e-03  1.9773565475334877e-03
-4.1999999999999996e-02 4.4999999999999998e-02 4.0000000000000001e-03  2.0773918721988761e-03
-3.9000000000000000e-02 -4.4999999999999998e-02 4.0000000000000001e-03  2.1004585575498417e-03
-3.9000000000000000e-02 -4.1999999999999996e-02 4.0000000000000001e-03  1.9696480269381848e-03
-3.9000000000000000e-02 -3.9000000000000000e-02 4.0000000000000001e-03  1.8934998210058910e-03
-3.9000000000000000e-02 -3.5999999999999997e-02 4.0000000000000001e-03  1.8178826872500514e-03
-3.9000000000000000e-02 -3.3000000000000002e-02 4.0000000000000001e-03  1.7695260924238487e-03
-3.9000000000000000e-02 -2.9999999999999999e-02 4.0000000000000001e-03  1.7208444477029906e-03
-3.9000000000000000e-02 -2.6999999999999996e-02 4.0000000000000001e-03  1.6793661217611511e-03
-3.9000000000000000e-02 -2.3999999999999997e-02 4.0000000000000001e-03  1.6392575120871820e-03
-3.9000000000000000e-02 -2.0999999999999998e-02 4.0000000000000001e-03  1.6156653381393304e-03
-3.9000000000000000e-02 -1.7999999999999999e-02 4.0000000000000001e-03  1.6162145607427445e-03
-3.9000000000000000e-02 -1.4999999999999999e-02 4.0000000000000001e-03  1.6185948707374167e-03
-3.9000000000000000e-02 -1.1999999999999997e-02 4.0000000000000001e-03  1.5943986668928807e-03
-3.9000000000000000e-02 -8.9999999999999941e-03 4.0000000000000001e-03  1.5661062258305160e-03
-3.9000000000000000e-02 -5.9999999999999984e-03 4.0000000000000001e-03  1.5663001316393143e-03
-3.9000000000000000e-02 -2.9999999999999957e-03 4.0000000000000001e-03  1.5831007441934556e-03
-3.9000000000000000e-02 0.0000000000000000e+00 4.0000000000000001e-03  1.6043629851926016e-03
-3.9000000000000000e-02 3.0000000000000027e-03 4.0000000000000001e-03  1.6052561586690339e-03
-3.9000000000000000e-02 6.0000000000000053e-03 4.0000000000000001e-03  1.6003691022259420e-03
-3.9000000000000000e-02 9.0000000000000011e-03 4.0000000000000001e-03  1.6008650408193103e-03
-3.9000000000000000e-02 1.2000000000000004e-02 4.0000000000000001e-03  1.6075697221637575e-03
-3.9000000000000000e-02 1.4999999999999999e-02 4.0000000000000001e-03  1.6184373161221681e-03
-3.9000000000000000e-02 1.8000000000000002e-02 4.0000000000000001e-03  1.6332779186394532e-03
-3.9000000000000000e-02 2.1000000000000005e-02 4.0000000000000001e-03  1.6519427432215405e-03
-3.9000000000000000e-02 2.4000000000000007e-02 4.0000000000000001e-03  1.6519971539745830e-03
-3.9000000000000000e-02 2.7000000000000010e-02 4.0000000000000001e-03  1.6603552130268783e-03
-3.9000000000000000e-02 2.9999999999999999e-02 4.0000000000000001e-03  1.6703972015753795e-03
-3.9000000000000000e-02 3.3000000000000002e-02 4.0000000000000001e-03  1.6927368052036837e-03
-3.9000000000000000e-02 3.6000000000000004e-02 4.0000000000000001e-03  1.7371031505643007e-03
-3.9000000000000000e-02 3.9000000000000007e-02 4.0000000000000001e-03  1.7829869770693968e-03
-3.9000000000000000e-02 4.2000000000000010e-02 4.0000000000000001e-03  1.8580907925147853e-03
-3.9000000000000000e-02 4.4999999999999998e-02 4.0000000000000001e-03  2.0023469618205459e-03
-3.5999999999999997e-02 -4.4999999999999998e-02 4.0000000000000001e-03  2.0575513720551483e-03
-3.5999999999999997e-02 -4.1999999999999996e-02 4.0000000000000001e-03  1.9217816016094706e-03
-3.5999999999999997e-02 -3.9000000000000000e-02 4.0000000000000001e-03  1.8268349633943511e-03
-3.5999999999999997e-02 -3.5999999999999997e-02 4.0000000000000001e-03  1.7623065009828044e-03
-3.5999999999999997e-02 -3.3000000000000002e-02 4.0000000000000001e-03  1.6994897583442142e-03
-3.5999999999999997e-02 -2.9999999999999999e-02 4.0000000000000001e-03  1.6591348023800539e-03
-3.5999999999999997e-02 -2.6999999999999996e-02 4.0000000000000001e-03  1.6216665156884192e-03
-3.5999999999999997e-02 -2.3999999999999997e-02 4.0000000000000001e-03  1.5855469826684121e-03
-3.5999999999999997e-02 -2.0999999999999998e-02 4.0000000000000001e-03  1.5507908870591967e-03
-3.5999999999999997e-02 -1.7999999999999999e-02 4.0000000000000001e-03  1.5369503658001782e-03
-3.5999999999999997e-02 -1.4999999999999999e-02 4.0000000000000001e-03  1.5345228395415714e-03
-3.5999999999999997e-02 -1.1999999999999997e-02 4.0000000000000001e-03  1.5164965046027539e-03
-3.5999999999999997e-02 -8.9999999999999941e-03 4.0000000000000001e-03  1.5049948156316245e-03
-3.5999999999999997e-02 -5.9999999999999984e-03 4.0000000000000001e-03  1.5007844657517226e-03
-3.5999999999999997e-02 -2.9999999999999957e-03 4.0000000000000001e-03  1.5072900018582040e-03
-3.5999999999999997e-02 0.0000000000000000e+00 4.0000000000000001e-03  1.5197849560502066e-03
-3.5999999999999997e-02 3.0000000000000027e-03 4.0000000000000001e-03  1.5191880557316126e-03
-3.5999999999999997e-02 6.0000000000000053e-03 4.0000000000000001e-03  1.5176043008736282e-03
-3.5999999999999997e-02 9.0000000000000011e-03 4.0000000000000001e-03  1.5209594186936634e-03
-3.5999999999999997e-02 1.2000000000000004e-02 4.0000000000000001e-03  1.5311742712919771e-03
-3.5999999999999997e-02 1.4999999999999999e-02 4.0000000000000001e-03  1.5469723336118033e-03
-3.5999999999999997e-02 1.8000000000000002e-02 4.0000000000000001e-03  1.5665023267010570e-03
-3.5999999999999997e-02 2.1000000000000005e-02 4.0000000000000001e-03  1.5864041709596941e-03
-3.5999999999999997e-02 2.4000000000000007e-02 4.0000000000000001e-03  1.5975772437879887e-03
-3.5999999999999997e-02 2.7000000000000010e-02 4.0000000000000001e-03  1.6101637182876591e-03
-3.5999999999999997e-02 2.9999999999999999e-02 4.0000000000000001e-03  1.6241683095348364e-03
-3.5999999999999997e-02 3.3000000000000002e-02 4.0000000000000001e-03  1.6482305759129437e-03
-3.5999999999999997e-02 3.6000000000000004e-02 4.0000000000000001e-03  1.6869473160584924e-03
-3.5999999999999997e-02 3.9000000000000007e-02 4.0000000000000001e-03  1.7339077365666337e-03
-3.5999999999999997e-02 4.2000000000000010e-02 4.0000000000000001e-03  1.7939650761506333e-03
-3.5999999999999997e-02 4.4999999999999998e-02 4.0000000000000001e-03  1.9450112451111705e-03
-3.3000000000000002e-02 -4.4999999999999998e-02 4.0000000000000001e-03  2.0022037498851307e-03
-3.3000000000000002e-02 -4.1999999999999996e-02 4.0000000000000001e-03  1.8658422995678774e-03
-3.3000000000000002e-02 -3.9000000000000000e-02 4.0000000000000001e-03  1.7682762326118458e-03
-3.3000000000000002e-02 -3.5999999999999997e-02 4.0000000000000001e-03  1.7084253702225756e-03
-3.3000000000000002e-02 -3.3000000000000002e-02 4.0000000000000001e-03  1.6537161929638861e-03
-3.3000000000000002e-02 -2.9999999999999999e-02 4.0000000000000001e-03  1.6163311001984400e-03
-3.3000000000000002e-02 -2.6999999999999996e-02 4.0000000000000001e-03  1.5817586794232372e-03
-3.3000000000000002e-02 -2.3999999999999997e-02 4.0000000000000001e-03  1.5489264088154597e-03
-3.3000000000000002e-02 -2.0999999999999998e-02 4.0000000000000001e-03  1.5182628647569000e-03
-3.3000000000000002e-02 -1.7999999999999999e-02 4.0000000000000001e-03  1.4937061948098469e-03
-3.3000000000000002e-02 -1.4999999999999999e-02 4.0000000000000001e-03  1.4690219298116971e-03
-3.3000000000000002e-02 -1.1999999999999997e-02 4.0000000000000001e-03  1.4597160505012887e-03
-3.3000000000000002e-02 -8.9999999999999941e-03 4.0000000000000001e-03  1.4588187853460438e-03
-3.3000000000000002e-02 -5.9999999999999984e-03 4.0000000000000001e-03  1.4548593224751817e-03
-3.3000000000000002e-02 -2.9999999999999957e-03 4.0000000000000001e-03  1.4477973098068603e-03
-3.3000000000000002e-02 0.0000000000000000e+00 4.0000000000000001e-03  1.4490368083143028e-03
-3.3000000000000002e-02 3.0000000000000027e-03 4.0000000000000001e-03  1.4482876907127823e-03
-3.3000000000000002e-02 6.0000000000000053e-03 4.0000000000000001e-03  1.4499845159779649e-03
-3.3000000000000002e-02 9.0000000000000011e-03 4.0000000000000001e-03  1.4565832899773147e-03
-3.3000000000000002e-02 1.2000000000000004e-02 4.0000000000000001e-03  1.4680823079872847e-03
-3.3000000000000002e-02 1.4999999999999999e-02 4.0000000000000001e-03  1.4882255764034793e-03
-3.3000000000000002e-02 1.8000000000000002e-02 4.0000000000000001e-03  1.5063596689962096e-03
-3.3000000000000002e-02 2.1000000000000005e-02 4.0000000000000001e-03  1.5192186167283352e-03
-3.3000000000000002e-02 2.4000000000000007e-02 4.0000000000000001e-03  1.5334778951372843e-03
-3.3000000000000002e-02 2.7000000000000010e-02 4.0000000000000001e-03  1.5491297175961342e-03
-3.3000000000000002e-02 2.9999999999999999e-02 4.0000000000000001e-03  1.5747920166137160e-03
-3.3000000000000002e-02 3.3000000000000002e-02 4.0000000000000001e-03  1.6033123522844238e-03
-3.3000000000000002e-02 3.6000000000000004e-02 4.0000000000000001e-03  1.6325410594248200e-03
-3.3000000000000002e-02 3.9000000000000007e-02 4.0000000000000001e-03  1.6843031667660789e-03
-3.3000000000000002e-02 4.2000000000000010e-02 4.0000000000000001e-03  1.7426120846106142e-03
-3.3000000000000002e-02 4.4999999999999998e-02 4.0000000000000001e-03  1.8926455081708215e-03
-2.9999999999999999e-02 -4.4999999999999998e-02 4.0000000000000001e-03  1.9805131421392203e-03
-2.9999999999999999e-02 -4.1999999999999996e-02 4.0000000000000001e-03  1.8423334681390291e-03
-2.9999999999999999e-02 -3.9000000000000000e-02 4.0000000000000001e-03  1.7402646884460899e-03
-2.9999999999999999e-02 -3.5999999999999997e-02 4.0000000000000001e-03  1.6702524124318811e-03
-2.9999999999999999e-02 -3.3000000000000002e-02 4.0000000000000001e-03  1.6200970490478867e-03
-2.9999999999999999e-02 -2.9999999999999999e-02 4.0000000000000001e-03  1.5731143289137151e-03
-2.9999999999999999e-02 -2.6999999999999996e-02 4.0000000000000001e-03  1.5419434670218908e-03
-2.9999999999999999e-02 -2.3999999999999997e-02 4.0000000000000001e-03  1.5125245797753884e-03
-2.9999999999999999e-02 -2.0999999999999998e-02 4.0000000000000001e-03  1.4879618966833984e-03
-2.9999999999999999e-02 -1.7999999999999999e-02 4.0000000000000001e-03  1.4665605660787587e-03
-2.9999999999999999e-02 -1.4999999999999999e-02 4.0000000000000001e-03  1.4452661371184162e-03
-2.9999999999999999e-02 -1.1999999999999997e-02 4.0000000000000001e-03  1.4263863872882412e-03
-2.9999999999999999e-02 -8.9999999999999941e-03 4.0000000000000001e-03  1.4158538738134995e-03
-2.9999999999999999e-02 -5.9999999999999984e-03 4.0000000000000001e-03  1.4122109984410290e-03
-2.9999999999999999e-02 -2.9999999999999957e-03 4.0000000000000001e-03  1.4054033935846960e-03
-2.9999999999999999e-02 0.0000000000000000e+00 4.0000000000000001e-03  1.3954119894723648e-03
-2.9999999999999999e-02 3.0000000000000027e-03 4.0000000000000001e-03  1.3951582209885626e-03
-2.9999999999999999e-02 6.0000000000000053e-03 4.0000000000000001e-03  1.3993223600778783e-03
-2.9999999999999999e-02 9.0000000000000011e-03 4.0000000000000001e-03  1.4083928315484049e-03
-2.9999999999999999e-02 1.2000000000000004e-02 4.0000000000000001e-03  1.4223694484204240e-03
-2.9999999999999999e-02 1.4999999999999999e-02 4.0000000000000001e-03  1.4363556761331404e-03
-2.9999999999999999e-02 1.8000000000000002e-02 4.0000000000000001e-03  1.4485381393933800e-03
-2.9999999999999999e-02 2.1000000000000005e-02 4.0000000000000001e-03  1.4645167334753335e-03
-2.9999999999999999e-02 2.4000000000000007e-02 4.0000000000000001e-03  1.4818767500013187e-03
-2.9999999999999999e-02 2.7000000000000010e-02 4.0000000000000001e-03  1.5071959265847889e-03
-2.9999999999999999e-02 2.9999999999999999e-02 4.0000000000000001e-03  1.5325411072582883e-03
-2.9999999999999999e-02 3.3000000000000002e-02 4.0000000000000001e-03  1.5596131294062757e-03
-2.9999999999999999e-02 3.6000000000000004e-02 4.0000000000000001e-03  1.5967826370759720e-03
-2.9999999999999999e-02 3.9000000000000007e-02 4.0000000000000001e-03  1.6429315944035032e-03
-2.9999999999999999e-02 4.2000000000000010e-02 4.0000000000000001e-03  1.7037019347318210e-03
-2.9999999999999999e-02 4.4999999999999998e-02 4.0000000000000001e-03  1.8451615519792953e-03
-2.6999999999999996e-02 -4.4999999999999998e-02 4.0000000000000001e-03  1.9705482661809899e-03
-2.6999999999999996e-02 -4.1999999999999996e-02 4.0000000000000001e-03  1.8279105768691135e-03
-2.6999999999999996e-02 -3.9000000000000000e-02 4.0000000000000001e-03  1.7179946624084508e-03
-2.6999999999999996e-02 -3.5999999999999997e-02 4.0000000000000001e-03  1.6369705102449261e-03
-2.6999999999999996e-02 -3.3000000000000002e-02 4.0000000000000001e-03  1.5859152195004220e-03
-2.6999999999999996e-02 -2.9999999999999999e-02 4.0000000000000001e-03  1.5442403213793891e-03
-2.6999999999999996e-02 -2.6999999999999996e-02 4.0000000000000001e-03  1.5015921270797514e-03
-2.6999999999999996e-02 -2.3999999999999997e-02 4.0000000000000001e-03  1.4755912088292957e-03
-2.6999999999999996e-02 -2.0999999999999998e-02 4.0000000000000001e-03  1.4573151813885655e-03
-2.6999999999999996e-02 -1.7999999999999999e-02 4.0000000000000001e-03  1.4390768035061358e-03
-2.6999999999999996e-02 -1.4999999999999999e-02 4.0000000000000001e-03  1.4208218937364781e-03
-2.6999999999999996e-02 -1.1999999999999997e-02 4.0000000000000001e-03  1.4029228530063767e-03
-2.6999999999999996e-02 -8.9999999999999941e-03 4.0000000000000001e-03  1.3853401597789608e-03
-2.6999999999999996e-02 -5.9999999999999984e-03 4.0000000000000001e-03  1.3727384903214812e-03
-2.6999999999999996e-02 -2.9999999999999957e-03 4.0000000000000001e-03  1.3662815178592830e-03
-2.6999999999999996e-02 0.0000000000000000e+00 4.0000000000000001e-03  1.3647751848523300e-03
-2.6999999999999996e-02 3.0000000000000027e-03 4.0000000000000001e-03  1.3654296069708206e-03
-2.6999999999999996e-02 6.0000000000000053e-03 4.0000000000000001e-03  1.3688428483436981e-03
-2.6999999999999996e-02 9.0000000000000011e-03 4.0000000000000001e-03  1.3771204620314033e-03
-2.6999999999999996e-02 1.2000000000000004e-02 4.0000000000000001e-03  1.3902643610089647e-03
-2.6999999999999996e-02 1.4999999999999999e-02 4.0000000000000001e-03  1.4082866037204158e-03
-2.6999999999999996e-02 1.8000000000000002e-02 4.0000000000000001e-03  1.4186169472065933e-03
-2.6999999999999996e-02 2.1000000000000005e-02 4.0000000000000001e-03  1.4315943966597311e-03
-2.6999999999999996e-02 2.4000000000000007e-02 4.0000000000000001e-03  1.4453462363252971e-03
-2.6999999999999996e-02 2.7000000000000010e-02 4.0000000000000001e-03  1.4675125444049727e-03
-2.6999999999999996e-02 2.9999999999999999e-02 4.0000000000000001e-03  1.4912707937767928e-03
-2.6999999999999996e-02 3.3000000000000002e-02 4.0000000000000001e-03  1.5231407344599905e-03
-2.6999999999999996e-02 3.6000000000000004e-02 4.0000000000000001e-03  1.5637620966625996e-03
-2.6999999999999996e-02 3.9000000000000007e-02 4.0000000000000001e-03  1.6133724973655015e-03
-2.6999999999999996e-02 4.2000000000000010e-02 4.0000000000000001e-03  1.6748165436184551e-03
-2.6999999999999996e-02 4.4999999999999998e-02 4.0000000000000001e-03  1.7926255838365702e-03
-2.3999999999999997e-02 -4.4999999999999998e-02 4.0000000000000001e-03  1.9531078582134393e-03
-2.3999999999999997e-02 -4.1999999999999996e-02 4.0000000000000001e-03  1.8072142366176872e-03
-2.3999999999999997e-02 -3.9000000000000000e-02 4.0000000000000001e-03  1.6946434197834671e-03
-2.3999999999999997e-02 -3.5999999999999997e-02 4.0000000000000001e-03  1.6171524647182172e-03
-2.3999999999999997e-02 -3.3000000000000002e-02 4.0000000000000001e-03  1.5590224398506520e-03
-2.3999999999999997e-02 -2.9999999999999999e-02 4.0000000000000001e-03  1.5152557987507418e-03
-2.3999999999999997e-02 -2.6999999999999996e-02 4.0000000000000001e-03  1.4759001374401340e-03
-2.3999999999999997e-02 -2.3999999999999997e-02 4.0000000000000001e-03  1.4411604016732634e-03
-2.3999999999999997e-02 -2.0999999999999998e-02 4.0000000000000001e-03  1.4263322703718874e-03
-2.3999999999999997e-02 -1.7999999999999999e-02 4.0000000000000001e-03  1.4112610113469243e-03
-2.3999999999999997e-02 -1.4999999999999999e-02 4.0000000000000001e-03  1.3940131846096790e-03
-2.3999999999999997e-02 -1.1999999999999997e-02 4.0000000000000001e-03  1.3770716159421275e-03
-2.3999999999999997e-02 -8.9999999999999941e-03 4.0000000000000001e-03  1.3604348893314720e-03
-2.3999999999999997e-02 -5.9999999999999984e-03 4.0000000000000001e-03  1.3441054523648523e-03
-2.3999999999999997e-02 -2.9999999999999957e-03 4.0000000000000001e-03  1.3328909389964134e-03
-2.3999999999999997e-02 0.0000000000000000e+00 4.0000000000000001e-03  1.3361856529641818e-03
-2.3999999999999997e-02 3.0000000000000027e-03 4.0000000000000001e-03  1.3371688194374147e-03
-2.3999999999999997e-02 6.0000000000000053e-03 4.0000000000000001e-03  1.3398149837959739e-03
-2.3999999999999997e-02 9.0000000000000011e-03 4.0000000000000001e-03  1.3472845912679882e-03
-2.3999999999999997e-02 1.2000000000000004e-02 4.0000000000000001e-03  1.3595816547832525e-03
-2.3999999999999997e-02 1.4999999999999999e-02 4.0000000000000001e-03  1.3767203327405436e-03
-2.3999999999999997e-02 1.8000000000000002e-02 4.0000000000000001e-03  1.3920102008935153e-03
-2.3999999999999997e-02 2.1000000000000005e-02 4.0000000000000001e-03  1.4007551970741468e-03
-2.3999999999999997e-02 2.4000000000000007e-02 4.0000000000000001e-03  1.4081603825556381e-03
-2.3999999999999997e-02 2.7000000000000010e-02 4.0000000000000001e-03  1.4274558833285516e-03
-2.3999999999999997e-02 2.9999999999999999e-02 4.0000000000000001e-03  1.4541409286923115e-03
-2.3999999999999997e-02 3.3000000000000002e-02 4.0000000000000001e-03  1.4893977753073519e-03
-2.3999999999999997e-02 3.6000000000000004e-02 4.0000000000000001e-03  1.5334341583420174e-03
-2.3999999999999997e-02 3.9000000000000007e-02 4.0000000000000001e-03  1.5936080780379655e-03
-2.3999999999999997e-02 4.2000000000000010e-02 4.0000000000000001e-03  1.6791302260667355e-03
-2.3999999999999997e-02 4.4999999999999998e-02 4.0000000000000001e-03  1.7792724256320478e-03
-2.0999999999999998e-02 -4.4999999999999998e-02 4.0000000000000001e-03  1.9349634221835978e-03
-2.0999999999999998e-02 -4.1999999999999996e-02 4.0000000000000001e-03  1.7859459865213101e-03
-2.0999999999999998e-02 -3.9000000000000000e-02 4.0000000000000001e-03  1.6768588113932087e-03
-2.0999999999999998e-02 -3.5999999999999997e-02 4.0000000000000001e-03  1.6042751072420961e-03
-2.0999999999999998e-02 -3.3000000000000002e-02 4.0000000000000001e-03  1.5423759440932549e-03
-2.0999999999999998e-02 -2.9999999999999999e-02 4.0000000000000001e-03  1.4906744850144472e-03
-2.0999999999999998e-02 -2.6999999999999996e-02 4.0000000000000001e-03  1.4521414068567721e-03
-2.0999999999999998e-02 -2.3999999999999997e-02 4.0000000000000001e-03  1.4191454625524988e-03
-2.0999999999999998e-02 -2.0999999999999998e-02 4.0000000000000001e-03  1.3950261439662284e-03
-2.0999999999999998e-02 -1.7999999999999999e-02 4.0000000000000001e-03  1.3811115673513013e-03
-2.0999999999999998e-02 -1.4999999999999999e-02 4.0000000000000001e-03  1.3648095378494579e-03
-2.0999999999999998e-02 -1.1999999999999997e-02 4.0000000000000001e-03  1.3516121402045202e-03
-2.0999999999999998e-02 -8.9999999999999941e-03 4.0000000000000001e-03  1.3412686865597555e-03
-2.0999999999999998e-02 -5.9999999999999984e-03 4.0000000000000001e-03  1.3316843782418041e-03
-2.0999999999999998e-02 -2.9999999999999957e-03 4.0000000000000001e-03  1.3228840356716467e-03
-2.0999999999999998e-02 0.0000000000000000e+00 4.0000000000000001e-03  1.3148985002587605e-03
-2.0999999999999998e-02 3.0000000000000027e-03 4.0000000000000001e-03  1.3101842913793116e-03
-2.0999999999999998e-02 6.0000000000000053e-03 4.0000000000000001e-03  1.3120490208828890e-03
-2.0999999999999998e-02 9.0000000000000011e-03 4.0000000000000001e-03  1.3186972951635726e-03
-2.0999999999999998e-02 1.2000000000000004e-02 4.0000000000000001e-03  1.3301352271059138e-03
-2.0999999999999998e-02 1.4999999999999999e-02 4.0000000000000001e-03  1.3463790750634426e-03
-2.0999999999999998e-02 1.8000000000000002e-02 4.0000000000000001e-03  1.3646422733611544e-03
-2.0999999999999998e-02 2.1000000000000005e-02 4.0000000000000001e-03  1.3764212435217111e-03
-2.0999999999999998e-02 2.4000000000000007e-02 4.0000000000000001e-03  1.3906570497260354e-03
-2.0999999999999998e-02 2.7000000000000010e-02 4.0000000000000001e-03  1.4148758009200804e-03
-2.0999999999999998e-02 2.9999999999999999e-02 4.0000000000000001e-03  1.4418440378658312e-03
-2.0999999999999998e-02 3.3000000000000002e-02 4.0000000000000001e-03  1.4770784779735851e-03
-2.0999999999999998e-02 3.6000000000000004e-02 4.0000000000000001e-03  1.5191124535792438e-03
-2.0999999999999998e-02 3.9000000000000007e-02 4.0000000000000001e-03  1.5745495591684418e-03
-2.0999999999999998e-02 4.2000000000000010e-02 4.0000000000000001e-03  1.6586460462905865e-03
-2.0999999999999998e-02 4.4999999999999998e-02 4.0000000000000001e-03  1.7584496906020927e-03
-1.7999999999999999e-02 -4.4999999999999998e-02 4.0000000000000001e-03  1.9161564031046810e-03
-1.7999999999999999e-02 -4.1999999999999996e-02 4.0000000000000001e-03  1.7641718099025963e-03
-1.7999999999999999e-02 -3.9000000000000000e-02 4.0000000000000001e-03  1.6743493432215383e-03
-1.7999999999999999e-02 -3.5999999999999997e-02 4.0000000000000001e-03  1.5972448128979248e-03
-1.7999999999999999e-02 -3.3000000000000002e-02 4.0000000000000001e-03  1.5312570302111988e-03
-1.7999999999999999e-02 -2.9999999999999999e-02 4.0000000000000001e-03  1.4758598414276033e-03
-1.7999999999999999e-02 -2.6999999999999996e-02 4.0000000000000001e-03  1.4305708373335523e-03
-1.7999999999999999e-02 -2.3999999999999997e-02 4.0000000000000001e-03  1.4002540399037106e-03
-1.7999999999999999e-02 -2.0999999999999998e-02 4.0000000000000001e-03  1.3736200997397734e-03
-1.7999999999999999e-02 -1.7999999999999999e-02 4.0000000000000001e-03  1.3563237565270665e-03
-1.7999999999999999e-02 -1.4999999999999999e-02 4.0000000000000001e-03  1.3456770111601394e-03
-1.7999999999999999e-02 -1.1999999999999997e-02 4.0000000000000001e-03  1.3357703728923422e-03
-1.7999999999999999e-02 -8.9999999999999941e-03 4.0000000000000001e-03  1.3266135667443430e-03
-1.7999999999999999e-02 -5.9999999999999984e-03 4.0000000000000001e-03  1.3196042805243668e-03
-1.7999999999999999e-02 -2.9999999999999957e-03 4.0000000000000001e-03  1.3137030000502606e-03
-1.7999999999999999e-02 0.0000000000000000e+00 4.0000000000000001e-03  1.3082427126691447e-03
-1.7999999999999999e-02 3.0000000000000027e-03 4.0000000000000001e-03  1.3038770036950275e-03
-1.7999999999999999e-02 6.0000000000000053e-03 4.0000000000000001e-03  1.3053238236744207e-03
-1.7999999999999999e-02 9.0000000000000011e-03 4.0000000000000001e-03  1.3115578333067184e-03
-1.7999999999999999e-02 1.2000000000000004e-02 4.0000000000000001e-03  1.3225838752495467e-03
-1.7999999999999999e-02 1.4999999999999999e-02 4.0000000000000001e-03  1.3384169557233933e-03
-1.7999999999999999e-02 1.8000000000000002e-02 4.0000000000000001e-03  1.3522481079279926e-03
-1.7999999999999999e-02 2.1000000000000005e-02 4.0000000000000001e-03  1.3655092115372816e-03
-1.7999999999999999e-02 2.4000000000000007e-02 4.0000000000000001e-03  1.3817136143908033e-03
-1.7999999999999999e-02 2.7000000000000010e-02 4.0000000000000001e-03  1.4089430548824464e-03
-1.7999999999999999e-02 2.9999999999999999e-02 4.0000000000000001e-03  1.4362673138300116e-03
-1.7999999999999999e-02 3.3000000000000002e-02 4.0000000000000001e-03  1.4676001769338121e-03
-1.7999999999999999e-02 3.6000000000000004e-02 4.0000000000000001e-03  1.5074749403871973e-03
-1.7999999999999999e-02 3.9000000000000007e-02 4.0000000000000001e-03  1.5559403214138207e-03
-1.7999999999999999e-02 4.2000000000000010e-02 4.0000000000000001e-03  1.6329490510791631e-03
-1.7999999999999999e-02 4.4999999999999998e-02 4.0000000000000001e-03  1.7628889533710275e-03
-1.4999999999999999e-02 -4.4999999999999998e-02 4.0000000000000001e-03  1.8967475494000030e-03
-1.4999999999999999e-02 -4.1999999999999996e-02 4.0000000000000001e-03  1.7725557997593485e-03
-1.4999999999999999e-02 -3.9000000000000000e-02 4.0000000000000001e-03  1.6783331341611940e-03
-1.4999999999999999e-02 -3.5999999999999997e-02 4.0000000000000001e-03  1.5963148277006794e-03
-1.4999999999999999e-02 -3.3000000000000002e-02 4.0000000000000001e-03  1.5261087095092389e-03
-1.4999999999999999e-02 -2.9999999999999999e-02 4.0000000000000001e-03  1.4703206454222655e-03
-1.4999999999999999e-02 -2.6999999999999996e-02 4.0000000000000001e-03  1.4256564888259291e-03
-1.4999999999999999e-02 -2.3999999999999997e-02 4.0000000000000001e-03  1.3882760721749380e-03
-1.4999999999999999e-02 -2.0999999999999998e-02 4.0000000000000001e-03  1.3575234524654516e-03
-1.4999999999999999e-02 -1.7999999999999999e-02 4.0000000000000001e-03  1.3406581953748012e-03
-1.4999999999999999e-02 -1.4999999999999999e-02 4.0000000000000001e-03  1.3316998318494552e-03
-1.4999999999999999e-02 -1.1999999999999997e-02 4.0000000000000001e-03  1.3206746655188052e-03
-1.4999999999999999e-02 -8.9999999999999941e-03 4.0000000000000001e-03  1.3153212060021558e-03
-1.4999999999999999e-02 -5.9999999999999984e-03 4.0000000000000001e-03  1.3103920630935472e-03
-1.4999999999999999e-02 -2.9999999999999957e-03 4.0000000000000001e-03  1.3058903339236813e-03
-1.4999999999999999e-02 0.0000000000000000e+00 4.0000000000000001e-03  1.3018233739689852e-03
-1.4999999999999999e-02 3.0000000000000027e-03 4.0000000000000001e-03  1.2982027970516135e-03
-1.4999999999999999e-02 6.0000000000000053e-03 4.0000000000000001e-03  1.2991953974236540e-03
-1.4999999999999999e-02 9.0000000000000011e-03 4.0000000000000001e-03  1.3050499562519352e-03
-1.4999999999999999e-02 1.2000000000000004e-02 4.0000000000000001e-03  1.3156998659170438e-03
-1.4999999999999999e-02 1.4999999999999999e-02 4.0000000000000001e-03  1.3290613522730908e-03
-1.4999999999999999e-02 1.8000000000000002e-02 4.0000000000000001e-03  1.3407814377458202e-03
-1.4999999999999999e-02 2.1000000000000005e-02 4.0000000000000001e-03  1.3535574789775107e-03
-1.4999999999999999e-02 2.4000000000000007e-02 4.0000000000000001e-03  1.3712303688666733e-03
-1.4999999999999999e-02 2.7000000000000010e-02 4.0000000000000001e-03  1.3988886490491782e-03
-1.4999999999999999e-02 2.9999999999999999e-02 4.0000000000000001e-03  1.4285506312368653e-03
-1.4999999999999999e-02 3.3000000000000002e-02 4.0000000000000001e-03  1.4587483708681931e-03
-1.4999999999999999e-02 3.6000000000000004e-02 4.0000000000000001e-03  1.4972653886177331e-03
-1.4999999999999999e-02 3.9000000000000007e-02 4.0000000000000001e-03  1.5443482447483989e-03
-1.4999999999999999e-02 4.2000000000000010e-02 4.0000000000000001e-03  1.6238513084709887e-03
-1.4999999999999999e-02 4.4999999999999998e-02 4.0000000000000001e-03  1.7487028548416174e-03
-1.1999999999999997e-02 -4.4999999999999998e-02 4.0000000000000001e-03  1.9028015501655836e-03
-1.1999999999999997e-02 -4.1999999999999996e-02 4.0000000000000001e-03  1.7892204379392289e-03
-1.1999999999999997e-02 -3.9000000000000000e-02 4.0000000000000001e-03  1.6868697848803724e-03
-1.1999999999999997e-02 -3.5999999999999997e-02 4.0000000000000001e-03  1.5979315040320784e-03
-1.1999999999999997e-02 -3.3000000000000002e-02 4.0000000000000001e-03  1.5188440691644130e-03
-1.1999999999999997e-02 -2.9999999999999999e-02 4.0000000000000001e-03  1.4655762171473876e-03
-1.1999999999999997e-02 -2.6999999999999996e-02 4.0000000000000001e-03  1.4217760204101879e-03
-1.1999999999999997e-02 -2.3999999999999997e-02 4.0000000000000001e-03  1.3828894032855972e-03
-1.1999999999999997e-02 -2.0999999999999998e-02 4.0000000000000001e-03  1.3527760255065227e-03
-1.1999999999999997e-02 -1.7999999999999999e-02 4.0000000000000001e-03  1.3416843354357691e-03
-1.1999999999999997e-02 -1.4999999999999999e-02 4.0000000000000001e-03  1.3328113061155532e-03
-1.1999999999999997e-02 -1.1999999999999997e-02 4.0000000000000001e-03  1.3178744853009747e-03
-1.1999999999999997e-02 -8.9999999999999941e-03 4.0000000000000001e-03  1.3049108004898682e-03
-1.1999999999999997e-02 -5.9999999999999984e-03 4.0000000000000001e-03  1.3008739510812696e-03
-1.1999999999999997e-02 -2.9999999999999957e-03 4.0000000000000001e-03  1.2977746188841380e-03
-1.1999999999999997e-02 0.0000000000000000e+00 4.0000000000000001e-03  1.2951059304476013e-03
-1.1999999999999997e-02 3.0000000000000027e-03 4.0000000000000001e-03  1.2928768972037656e-03
-1.1999999999999997e-02 6.0000000000000053e-03 4.0000000000000001e-03  1.2933447160523586e-03
-1.1999999999999997e-02 9.0000000000000011e-03 4.0000000000000001e-03  1.2988187266861960e-03
-1.1999999999999997e-02 1.2000000000000004e-02 4.0000000000000001e-03  1.3090903347793028e-03
-1.1999999999999997e-02 1.4999999999999999e-02 4.0000000000000001e-03  1.3194834563916486e-03
-1.1999999999999997e-02 1.8000000000000002e-02 4.0000000000000001e-03  1.3307234151189642e-03
-1.1999999999999997e-02 2.1000000000000005e-02 4.0000000000000001e-03  1.3454444793578224e-03
-1.1999999999999997e-02 2.4000000000000007e-02 4.0000000000000001e-03  1.3642972497436793e-03
-1.1999999999999997e-02 2.7000000000000010e-02 4.0000000000000001e-03  1.3885088272027786e-03
-1.1999999999999997e-02 2.9999999999999999e-02 4.0000000000000001e-03  1.4203415795843567e-03
-1.1999999999999997e-02 3.3000000000000002e-02 4.0000000000000001e-03  1.4513040467186080e-03
-1.1999999999999997e-02 3.6000000000000004e-02 4.0000000000000001e-03  1.4884783005689670e-03
-1.1999999999999997e-02 3.9000000000000007e-02 4.0000000000000001e-03  1.5341944807549209e-03
-1.1999999999999997e-02 4.2000000000000010e-02 4.0000000000000001e-03  1.6231923776501621e-03
-1.1999999999999997e-02 4.4999999999999998e-02 4.0000000000000001e-03  1.7319479228558540e-03
-8.9999999999999941e-03 -4.4999999999999998e-02 4.0000000000000001e-03  1.9136184980611910e-03
-8.9999999999999941e-03 -4.1999999999999996e-02 4.0000000000000001e-03  1.7858354674240569e-03
-8.9999999999999941e-03 -3.9000000000000000e-02 4.0000000000000001e-03  1.6736251817895799e-03
-8.9999999999999941e-03 -3.5999999999999997e-02 4.0000000000000001e-03  1.5713184325142938e-03
-8.9999999999999941e-03 -3.3000000000000002e-02 4.0000000000000001e-03  1.5133530564115261e-03
-8.9999999999999941e-03 -2.9999999999999999e-02 4.0000000000000001e-03  1.4629872122297015e-03
-8.9999999999999941e-03 -2.6999999999999996e-02 4.0000000000000001e-03  1.4177187305563740e-03
-8.9999999999999941e-03 -2.3999999999999997e-02 4.0000000000000001e-03  1.3821718169554757e-03
-8.9999999999999941e-03 -2.0999999999999998e-02 4.0000000000000001e-03  1.3542996362427126e-03
-8.9999999999999941e-03 -1.7999999999999999e-02 4.0000000000000001e-03  1.3438781726825527e-03
-8.9999999999999941e-03 -1.4999999999999999e-02 4.0000000000000001e-03  1.3334926603646431e-03
-8.9999999999999941e-03 -1.1999999999999997e-02 4.0000000000000001e-03  1.3185787865198171e-03
-8.9999999999999941e-03 -8.9999999999999941e-03 4.0000000000000001e-03  1.3056409197342853e-03
-8.9999999999999941e-03 -5.9999999999999984e-03 4.0000000000000001e-03  1.2946752939423736e-03
-8.9999999999999941e-03 -2.9999999999999957e-03 4.0000000000000001e-03  1.2893537437103112e-03
-8.9999999999999941e-03 0.0000000000000000e+00 4.0000000000000001e-03  1.2880862539917657e-03
-8.9999999999999941e-03 3.0000000000000027e-03 4.0000000000000001e-03  1.2872537900445416e-03
-8.9999999999999941e-03 6.0000000000000053e-03 4.0000000000000001e-03  1.2877684286829900e-03
-8.9999999999999941e-03 9.0000000000000011e-03 4.0000000000000001e-03  1.2928611537524025e-03
-8.9999999999999941e-03 1.2000000000000004e-02 4.0000000000000001e-03  1.3016266387816083e-03
-8.9999999999999941e-03 1.4999999999999999e-02 4.0000000000000001e-03  1.3113121211365516e-03
-8.9999999999999941e-03 1.8000000000000002e-02 4.0000000000000001e-03  1.3220793891662922e-03
-8.9999999999999941e-03 2.1000000000000005e-02 4.0000000000000001e-03  1.3415860625524204e-03
-8.9999999999999941e-03 2.4000000000000007e-02 4.0000000000000001e-03  1.3596772255591570e-03
-8.9999999999999941e-03 2.7000000000000010e-02 4.0000000000000001e-03  1.3781540151856172e-03
-8.9999999999999941e-03 2.9999999999999999e-02 4.0000000000000001e-03  1.4121437758698580e-03
-8.9999999999999941e-03 3.3000000000000002e-02 4.0000000000000001e-03  1.4452637032871852e-03
-8.9999999999999941e-03 3.6000000000000004e-02 4.0000000000000001e-03  1.4811088390482728e-03
-8.9999999999999941e-03 3.9000000000000007e-02 4.0000000000000001e-03  1.5299543785316366e-03
-8.9999999999999941e-03 4.2000000000000010e-02 4.0000000000000001e-03  1.6122212255644511e-03
-8.9999999999999941e-03 4.4999999999999998e-02 4.0000000000000001e-03  1.7148546935199017e-03
-5.9999999999999984e-03 -4.4999999999999998e-02 4.0000000000000001e-03  1.8571146327046029e-03
-5.9999999999999984e-03 -4.1999999999999996e-02 4.0000000000000001e-03  1.7209600867258417e-03
-5.9999999999999984e-03 -3.9000000000000000e-02 4.0000000000000001e-03  1.6108538829383925e-03
-5.9999999999999984e-03 -3.5999999999999997e-02 4.0000000000000001e-03  1.5691122736821521e-03
-5.9999999999999984e-03 -3.3000000000000002e-02 4.0000000000000001e-03  1.5120018037398878e-03
-5.9999999999999984e-03 -2.9999999999999999e-02 4.0000000000000001e-03  1.4601961540693794e-03
-5.9999999999999984e-03 -2.6999999999999996e-02 4.0000000000000001e-03  1.4191166200175442e-03
-5.9999999999999984e-03 -2.3999999999999997e-02 4.0000000000000001e-03  1.3845294768401598e-03
-5.9999999999999984e-03 -2.0999999999999998e-02 4.0000000000000001e-03  1.3575187046833926e-03
-5.9999999999999984e-03 -1.7999999999999999e-02 4.0000000000000001e-03  1.3464197571075056e-03
-5.9999999999999984e-03 -1.4999999999999999e-02 4.0000000000000001e-03  1.3346749099868186e-03
-5.9999999999999984e-03 -1.1999999999999997e-02 4.0000000000000001e-03  1.3197858824391367e-03
-5.9999999999999984e-03 -8.9999999999999941e-03 4.0000000000000001e-03  1.3068755163730779e-03
-5.9999999999999984e-03 -5.9999999999999984e-03 4.0000000000000001e-03  1.2959393207802952e-03
-5.9999999999999984e-03 -2.9999999999999957e-03 4.0000000000000001e-03  1.2869737089506951e-03
-5.9999999999999984e-03 0.0000000000000000e+00 4.0000000000000001e-03  1.2807625764955429e-03
-5.9999999999999984e-03 3.0000000000000027e-03 4.0000000000000001e-03  1.2813296905760962e-03
-5.9999999999999984e-03 6.0000000000000053e-03 4.0000000000000001e-03  1.2824642973427169e-03
-5.9999999999999984e-03 9.0000000000000011e-03 4.0000000000000001e-03  1.2872259669099628e-03
-5.9999999999999984e-03 1.2000000000000004e-02 4.0000000000000001e-03  1.2953338846725597e-03
-5.9999999999999984e-03 1.4999999999999999e-02 4.0000000000000001e-03  1.3045536920122929e-03
-5.9999999999999984e-03 1.8000000000000002e-02 4.0000000000000001e-03  1.3201021636671431e-03
-5.9999999999999984e-03 2.1000000000000005e-02 4.0000000000000001e-03  1.3400388871072650e-03
-5.9999999999999984e-03 2.4000000000000007e-02 4.0000000000000001e-03  1.3573690219633421e-03
-5.9999999999999984e-03 2.7000000000000010e-02 4.0000000000000001e-03  1.3721055377515119e-03
-5.9999999999999984e-03 2.9999999999999999e-02 4.0000000000000001e-03  1.4039761361662360e-03
-5.9999999999999984e-03 3.3000000000000002e-02 4.0000000000000001e-03  1.4402421416673109e-03
-5.9999999999999984e-03 3.6000000000000004e-02 4.0000000000000001e-03  1.4751528273722792e-03
-5.9999999999999984e-03 3.9000000000000007e-02 4.0000000000000001e-03  1.5261998088236829e-03
-5.9999999999999984e-03 4.2000000000000010e-02 4.0000000000000001e-03  1.5985070663522404e-03
-5.9999999999999984e-03 4.4999999999999998e-02 4.0000000000000001e-03  1.7066165915494758e-03
-2.9999999999999957e-03 -4.4999999999999998e-02 4.0000000000000001e-03  1.8496759392403375e-03
-2.9999999999999957e-03 -4.1999999999999996e-02 4.0000000000000001e-03  1.6912420793209753e-03
-2.9999999999999957e-03 -3.9000000000000000e-02 4.0000000000000001e-03  1.6090444465766958e-03
-2.9999999999999957e-03 -3.5999999999999997e-02 4.0000000000000001e-03  1.5673275641089896e-03
-2.9999999999999957e-03 -3.3000000000000002e-02 4.0000000000000001e-03  1.5104271492008461e-03
-2.9999999999999957e-03 -2.9999999999999999e-02 4.0000000000000001e-03  1.4636874408936506e-03
-2.9999999999999957e-03 -2.6999999999999996e-02 4.0000000000000001e-03  1.4227267990469562e-03
-2.9999999999999957e-03 -2.3999999999999997e-02 4.0000000000000001e-03  1.3870831763413229e-03
-2.9999999999999957e-03 -2.0999999999999998e-02 4.0000000000000001e-03  1.3610775358799865e-03
-2.9999999999999957e-03 -1.7999999999999999e-02 4.0000000000000001e-03  1.3493014975352637e-03
-2.9999999999999957e-03 -1.4999999999999999e-02 4.0000000000000001e-03  1.3363548838181754e-03
-2.9999999999999957e-03 -1.1999999999999997e-02 4.0000000000000001e-03  1.3214939142266291e-03
-2.9999999999999957e-03 -8.9999999999999941e-03 4.0000000000000001e-03  1.3086140439055331e-03
-2.9999999999999957e-03 -5.9999999999999984e-03 4.0000000000000001e-03  1.2977100569038708e-03
-2.9999999999999957e-03 -2.9999999999999957e-03 4.0000000000000001e-03  1.2887776415688756e-03
-2.9999999999999957e-03 0.0000000000000000e+00 4.0000000000000001e-03  1.2818133905460384e-03
-2.9999999999999957e-03 3.0000000000000027e-03 4.0000000000000001e-03  1.2768148007791065e-03
-2.9999999999999957e-03 6.0000000000000053e-03 4.0000000000000001e-03  1.2774311969634157e-03
-2.9999999999999957e-03 9.0000000000000011e-03 4.0000000000000001e-03  1.2828026040566914e-03
-2.9999999999999957e-03 1.2000000000000004e-02 4.0000000000000001e-03  1.2904525946621375e-03
-2.9999999999999957e-03 1.4999999999999999e-02 4.0000000000000001e-03  1.2998429205725998e-03
-2.9999999999999957e-03 1.8000000000000002e-02 4.0000000000000001e-03  1.3216282293798268e-03
-2.9999999999999957e-03 2.1000000000000005e-02 4.0000000000000001e-03  1.3408018426932608e-03
-2.9999999999999957e-03 2.4000000000000007e-02 4.0000000000000001e-03  1.3573714401070081e-03
-2.9999999999999957e-03 2.7000000000000010e-02 4.0000000000000001e-03  1.3713519744264976e-03
-2.9999999999999957e-03 2.9999999999999999e-02 4.0000000000000001e-03  1.3958592189317774e-03
-2.9999999999999957e-03 3.3000000000000002e-02 4.0000000000000001e-03  1.4342166019631663e-03
-2.9999999999999957e-03 3.6000000000000004e-02 4.0000000000000001e-03  1.4706067493668790e-03
-2.9999999999999957e-03 3.9000000000000007e-02 4.0000000000000001e-03  1.5167022245975122e-03
-2.9999999999999957e-03 4.2000000000000010e-02 4.0000000000000001e-03  1.5938873679087380e-03
-2.9999999999999957e-03 4.4999999999999998e-02 4.0000000000000001e-03  1.7043744728737111e-03
0.0000000000000000e+00 -4.4999999999999998e-02 4.0000000000000001e-03  1.8419753864180224e-03
0.0000000000000000e+00 -4.1999999999999996e-02 4.0000000000000001e-03  1.6925658578195943e-03
0.0000000000000000e+00 -3.9000000000000000e-02 4.0000000000000001e-03  1.6087011177210928e-03
0.0000000000000000e+00 -3.5999999999999997e-02 4.0000000000000001e-03  1.5644791934962246e-03
0.0000000000000000e+00 -3.3000000000000002e-02 4.0000000000000001e-03  1.5159951634478297e-03
0.0000000000000000e+00 -2.9999999999999999e-02 4.0000000000000001e-03  1.4685528587017565e-03
0.0000000000000000e+00 -2.6999999999999996e-02 4.0000000000000001e-03  1.4265233199498044e-03
0.0000000000000000e+00 -2.3999999999999997e-02 4.0000000000000001e-03  1.3898215025845830e-03
0.0000000000000000e+00 -2.0999999999999998e-02 4.0000000000000001e-03  1.3649676822925776e-03
0.0000000000000000e+00 -1.7999999999999999e-02 4.0000000000000001e-03  1.3525209344429155e-03
0.0000000000000000e+00 -1.4999999999999999e-02 4.0000000000000001e-03  1.3385327750473626e-03
0.0000000000000000e+00 -1.1999999999999997e-02 4.0000000000000001e-03  1.3237043874025417e-03
0.0000000000000000e+00 -8.9999999999999941e-03 4.0000000000000001e-03  1.3108593201834958e-03
0.0000000000000000e+00 -5.9999999999999984e-03 4.0000000000000001e-03  1.2999916324965375e-03
0.0000000000000000e+00 -2.9999999999999957e-03 4.0000000000000001e-03  1.2910962877462318e-03
0.0000000000000000e+00 0.0000000000000000e+00 4.0000000000000001e-03  1.2841691536354014e-03
0.0000000000000000e+00 3.0000000000000027e-03 4.0000000000000001e-03  1.2787197421729841e-03
0.0000000000000000e+00 6.0000000000000053e-03 4.0000000000000001e-03  1.2750567845341461e-03
0.0000000000000000e+00 9.0000000000000011e-03 4.0000000000000001e-03  1.2797889117809639e-03
0.0000000000000000e+00 1.2000000000000004e-02 4.0000000000000001e-03  1.2869917695697661e-03
0.0000000000000000e+00 1.4999999999999999e-02 4.0000000000000001e-03  1.3044418616512863e-03
0.0000000000000000e+00 1.8000000000000002e-02 4.0000000000000001e-03  1.3254632837795834e-03
0.0000000000000000e+00 2.1000000000000005e-02 4.0000000000000001e-03  1.3438738944818393e-03
0.0000000000000000e+00 2.4000000000000007e-02 4.0000000000000001e-03  1.3596833566414536e-03
0.0000000000000000e+00 2.7000000000000010e-02 4.0000000000000001e-03  1.3729086063531408e-03
0.0000000000000000e+00 2.9999999999999999e-02 4.0000000000000001e-03  1.3878152250102092e-03
0.0000000000000000e+00 3.3000000000000002e-02 4.0000000000000001e-03  1.4282488097306012e-03
0.0000000000000000e+00 3.6000000000000004e-02 4.0000000000000001e-03  1.4663110773607436e-03
0.0000000000000000e+00 3.9000000000000007e-02 4.0000000000000001e-03  1.5152846258510125e-03
0.0000000000000000e+00 4.2000000000000010e-02 4.0000000000000001e-03  1.5951077163698965e-03
0.0000000000000000e+00 4.4999999999999998e-02 4.0000000000000001e-03  1.7081479687297652e-03
3.0000000000000027e-03 -4.4999999999999998e-02 4.0000000000000001e-03  1.8339535172840725e-03
3.0000000000000027e-03 -4.1999999999999996e-02 4.0000000000000001e-03  1.7123344448701152e-03
3.0000000000000027e-03 -3.9000000000000000e-02 4.0000000000000001e-03  1.6250853294010109e-03
3.0000000000000027e-03 -3.5999999999999997e-02 4.0000000000000001e-03  1.5632315632565842e-03
3.0000000000000027e-03 -3.3000000000000002e-02 4.0000000000000001e-03  1.5177271632824984e-03
3.0000000000000027e-03 -2.9999999999999999e-02 4.0000000000000001e-03  1.4735971911658161e-03
3.0000000000000027e-03 -2.6999999999999996e-02 4.0000000000000001e-03  1.4304981900536097e-03
3.0000000000000027e-03 -2.3999999999999997e-02 4.0000000000000001e-03  1.3927355952474492e-03
3.0000000000000027e-03 -2.0999999999999998e-02 4.0000000000000001e-03  1.3691858280337340e-03
3.0000000000000027e-03 -1.7999999999999999e-02 4.0000000000000001e-03  1.3560807399600344e-03
3.0000000000000027e-03 -1.4999999999999999e-02 4.0000000000000001e-03  1.3412121412155833e-03
3.0000000000000027e-03 -1.1999999999999997e-02 4.0000000000000001e-03  1.3264221718396723e-03
3.0000000000000027e-03 -8.9999999999999941e-03 4.0000000000000001e-03  1.3133721748270883e-03
3.0000000000000027e-03 -5.9999999999999984e-03 4.0000000000000001e-03  1.3020516140509475e-03
3.0000000000000027e-03 -2.9999999999999957e-03 4.0000000000000001e-03  1.2926930446337543e-03
3.0000000000000027e-03 0.0000000000000000e+00 4.0000000000000001e-03  1.2852892678075667e-03
3.0000000000000027e-03 3.0000000000000027e-03 4.0000000000000001e-03  1.2798358421132125e-03
3.0000000000000027e-03 6.0000000000000053e-03 4.0000000000000001e-03  1.2763310834002985e-03
3.0000000000000027e-03 9.0000000000000011e-03 4.0000000000000001e-03  1.2785314999360915e-03
3.0000000000000027e-03 1.2000000000000004e-02 4.0000000000000001e-03  1.2884779308674234e-03
3.0000000000000027e-03 1.4999999999999999e-02 4.0000000000000001e-03  1.3113491962864559e-03
3.0000000000000027e-03 1.8000000000000002e-02 4.0000000000000001e-03  1.3316064560585114e-03
3.0000000000000027e-03 2.1000000000000005e-02 4.0000000000000001e-03  1.3492540831449643e-03
3.0000000000000027e-03 2.4000000000000007e-02 4.0000000000000001e-03  1.3643037237185051e-03
3.0000000000000027e-03 2.7000000000000010e-02 4.0000000000000001e-03  1.3767742971631403e-03
3.0000000000000027e-03 2.9999999999999999e-02 4.0000000000000001e-03  1.3866919960741984e-03
3.0000000000000027e-03 3.3000000000000002e-02 4.0000000000000001e-03  1.4266052637028606e-03
3.0000000000000027e-03 3.6000000000000004e-02 4.0000000000000001e-03  1.4838164653333029e-03
3.0000000000000027e-03 3.9000000000000007e-02 4.0000000000000001e-03  1.5365485918723120e-03
3.0000000000000027e-03 4.2000000000000010e-02 4.0000000000000001e-03  1.6010440665968856e-03
3.0000000000000027e-03 4.4999999999999998e-02 4.0000000000000001e-03  1.7179805034645463e-03
6.0000000000000053e-03 -4.4999999999999998e-02 4.0000000000000001e-03  1.8303394349595665e-03
6.0000000000000053e-03 -4.1999999999999996e-02 4.0000000000000001e-03  1.7349141459095906e-03
6.0000000000000053e-03 -3.9000000000000000e-02 4.0000000000000001e-03  1.6396040035844264e-03
6.0000000000000053e-03 -3.5999999999999997e-02 4.0000000000000001e-03  1.5670672464128440e-03
6.0000000000000053e-03 -3.3000000000000002e-02 4.0000000000000001e-03  1.5168394573854254e-03
6.0000000000000053e-03 -2.9999999999999999e-02 4.0000000000000001e-03  1.4747269087646826e-03
6.0000000000000053e-03 -2.6999999999999996e-02 4.0000000000000001e-03  1.4346459692377853e-03
6.0000000000000053e-03 -2.3999999999999997e-02 4.0000000000000001e-03  1.3958191465593232e-03
6.0000000000000053e-03 -2.0999999999999998e-02 4.0000000000000001e-03  1.3737337888684966e-03
6.0000000000000053e-03 -1.7999999999999999e-02 4.0000000000000001e-03  1.3600794193647080e-03
6.0000000000000053e-03 -1.4999999999999999e-02 4.0000000000000001e-03  1.3436351848660343e-03
6.0000000000000053e-03 -1.1999999999999997e-02 4.0000000000000001e-03  1.3285494846964640e-03
6.0000000000000053e-03 -8.9999999999999941e-03 4.0000000000000001e-03  1.3154398967518803e-03
6.0000000000000053e-03 -5.9999999999999984e-03 4.0000000000000001e-03  1.3042948662189758e-03
6.0000000000000053e-03 -2.9999999999999957e-03 4.0000000000000001e-03  1.2951055955932240e-03
6.0000000000000053e-03 0.0000000000000000e+00 4.0000000000000001e-03  1.2910256603736901e-03
6.0000000000000053e-03 3.0000000000000027e-03 4.0000000000000001e-03  1.2894443830219217e-03
6.0000000000000053e-03 6.0000000000000053e-03 4.0000000000000001e-03  1.2884775757666066e-03
6.0000000000000053e-03 9.0000000000000011e-03 4.0000000000000001e-03  1.2858219166306116e-03
6.0000000000000053e-03 1.2000000000000004e-02 4.0000000000000001e-03  1.2971218334026755e-03
6.0000000000000053e-03 1.4999999999999999e-02 4.0000000000000001e-03  1.3198989701881595e-03
6.0000000000000053e-03 1.8000000000000002e-02 4.0000000000000001e-03  1.3400760166341137e-03
6.0000000000000053e-03 2.1000000000000005e-02 4.0000000000000001e-03  1.3576565855006469e-03
6.0000000000000053e-03 2.4000000000000007e-02 4.0000000000000001e-03  1.3726514482339798e-03
6.0000000000000053e-03 2.7000000000000010e-02 4.0000000000000001e-03  1.3850785349664406e-03
6.0000000000000053e-03 2.9999999999999999e-02 4.0000000000000001e-03  1.3949629345164595e-03
6.0000000000000053e-03 3.3000000000000002e-02 4.0000000000000001e-03  1.4303443785836257e-03
6.0000000000000053e-03 3.6000000000000004e-02 4.0000000000000001e-03  1.4920572575822381e-03
6.0000000000000053e-03 3.9000000000000007e-02 4.0000000000000001e-03  1.5516185896740672e-03
6.0000000000000053e-03 4.2000000000000010e-02 4.0000000000000001e-03  1.6063926100902740e-03
6.0000000000000053e-03 4.4999999999999998e-02 4.0000000000000001e-03  1.6964560178682729e-03
9.0000000000000011e-03 -4.4999999999999998e-02 4.0000000000000001e-03  1.8595339945749630e-03
9.0000000000000011e-03 -4.1999999999999996e-02 4.0000000000000001e-03  1.7561900813365732e-03
9.0000000000000011e-03 -3.9000000000000000e-02 4.0000000000000001e-03  1.6503228110005953e-03
9.0000000000000011e-03 -3.5999999999999997e-02 4.0000000000000001e-03  1.5804680050364448e-03
9.0000000000000011e-03 -3.3000000000000002e-02 4.0000000000000001e-03  1.5260857340269592e-03
9.0000000000000011e-03 -2.9999999999999999e-02 4.0000000000000001e-03  1.4742979114064916e-03
9.0000000000000011e-03 -2.6999999999999996e-02 4.0000000000000001e-03  1.4354493400295923e-03
9.0000000000000011e-03 -2.3999999999999997e-02 4.0000000000000001e-03  1.3990502874138273e-03
9.0000000000000011e-03 -2.0999999999999998e-02 4.0000000000000001e-03  1.3790743866562444e-03
9.0000000000000011e-03 -1.7999999999999999e-02 4.0000000000000001e-03  1.3638376655647697e-03
9.0000000000000011e-03 -1.4999999999999999e-02 4.0000000000000001e-03  1.3469625528898532e-03
9.0000000000000011e-03 -1.1999999999999997e-02 4.0000000000000001e-03  1.3342744885470384e-03
9.0000000000000011e-03 -8.9999999999999941e-03 4.0000000000000001e-03  1.3250115895793973e-03
9.0000000000000011e-03 -5.9999999999999984e-03 4.0000000000000001e-03  1.3176169679145176e-03
9.0000000000000011e-03 -2.9999999999999957e-03 4.0000000000000001e-03  1.3120868820284471e-03
9.0000000000000011e-03 0.0000000000000000e+00 4.0000000000000001e-03  1.3084189918092168e-03
9.0000000000000011e-03 3.0000000000000027e-03 4.0000000000000001e-03  1.3066123585568448e-03
9.0000000000000011e-03 6.0000000000000053e-03 4.0000000000000001e-03  1.3015553960634236e-03
9.0000000000000011e-03 9.0000000000000011e-03 4.0000000000000001e-03  1.2995159778082901e-03
9.0000000000000011e-03 1.2000000000000004e-02 4.0000000000000001e-03  1.3129621840732219e-03
9.0000000000000011e-03 1.4999999999999999e-02 4.0000000000000001e-03  1.3287926678494353e-03
9.0000000000000011e-03 1.8000000000000002e-02 4.0000000000000001e-03  1.3494523772111780e-03
9.0000000000000011e-03 2.1000000000000005e-02 4.0000000000000001e-03  1.3675135894212500e-03
9.0000000000000011e-03 2.4000000000000007e-02 4.0000000000000001e-03  1.3829841668522682e-03
9.0000000000000011e-03 2.7000000000000010e-02 4.0000000000000001e-03  1.3958791305629570e-03
9.0000000000000011e-03 2.9999999999999999e-02 4.0000000000000001e-03  1.4088167482137163e-03
9.0000000000000011e-03 3.3000000000000002e-02 4.0000000000000001e-03  1.4409492196238252e-03
9.0000000000000011e-03 3.6000000000000004e-02 4.0000000000000001e-03  1.4878979535054781e-03
9.0000000000000011e-03 3.9000000000000007e-02 4.0000000000000001e-03  1.5461540265545950e-03
9.0000000000000011e-03 4.2000000000000010e-02 4.0000000000000001e-03  1.6085777784391418e-03
9.0000000000000011e-03 4.4999999999999998e-02 4.0000000000000001e-03  1.7144444503917251e-03
1.2000000000000004e-02 -4.4999999999999998e-02 4.0000000000000001e-03  1.8890015967207652e-03
1.2000000000000004e-02 -4.1999999999999996e-02 4.0000000000000001e-03  1.7700309475370882e-03
1.2000000000000004e-02 -3.9000000000000000e-02 4.0000000000000001e-03  1.6624477928044040e-03
1.2000000000000004e-02 -3.5999999999999997e-02 4.0000000000000001e-03  1.5951069914517128e-03
1.2000000000000004e-02 -3.3000000000000002e-02 4.0000000000000001e-03  1.5462207424767676e-03
1.2000000000000004e-02 -2.9999999999999999e-02 4.0000000000000001e-03  1.4902915023690770e-03
1.2000000000000004e-02 -2.6999999999999996e-02 4.0000000000000001e-03  1.4354332256471998e-03
1.2000000000000004e-02 -2.3999999999999997e-02 4.0000000000000001e-03  1.4048143775564387e-03
1.2000000000000004e-02 -2.0999999999999998e-02 4.0000000000000001e-03  1.3868043935167365e-03
1.2000000000000004e-02 -1.7999999999999999e-02 4.0000000000000001e-03  1.3770720916518818e-03
1.2000000000000004e-02 -1.4999999999999999e-02 4.0000000000000001e-03  1.3638315548944646e-03
1.2000000000000004e-02 -1.1999999999999997e-02 4.0000000000000001e-03  1.3524700096047150e-03
1.2000000000000004e-02 -8.9999999999999941e-03 4.0000000000000001e-03  1.3429812539473786e-03
1.2000000000000004e-02 -5.9999999999999984e-03 4.0000000000000001e-03  1.3353604874991819e-03
1.2000000000000004e-02 -2.9999999999999957e-03 4.0000000000000001e-03  1.3296043112488284e-03
1.2000000000000004e-02 0.0000000000000000e+00 4.0000000000000001e-03  1.3257107275970142e-03
1.2000000000000004e-02 3.0000000000000027e-03 4.0000000000000001e-03  1.3229183951141493e-03
1.2000000000000004e-02 6.0000000000000053e-03 4.0000000000000001e-03  1.3156604936805736e-03
1.2000000000000004e-02 9.0000000000000011e-03 4.0000000000000001e-03  1.3186472350693603e-03
1.2000000000000004e-02 1.2000000000000004e-02 4.0000000000000001e-03  1.3307623227825536e-03
1.2000000000000004e-02 1.4999999999999999e-02 4.0000000000000001e-03  1.3420491762599982e-03
1.2000000000000004e-02 1.8000000000000002e-02 4.0000000000000001e-03  1.3593107122886396e-03
1.2000000000000004e-02 2.1000000000000005e-02 4.0000000000000001e-03  1.3778528524564201e-03
1.2000000000000004e-02 2.4000000000000007e-02 4.0000000000000001e-03  1.3938016156101801e-03
1.2000000000000004e-02 2.7000000000000010e-02 4.0000000000000001e-03  1.4071691137350457e-03
1.2000000000000004e-02 2.9999999999999999e-02 4.0000000000000001e-03  1.4270009859411481e-03
1.2000000000000004e-02 3.3000000000000002e-02 4.0000000000000001e-03  1.4595187537908513e-03
1.2000000000000004e-02 3.6000000000000004e-02 4.0000000000000001e-03  1.4921845462118033e-03
1.2000000000000004e-02 3.9000000000000007e-02 4.0000000000000001e-03  1.5427210477516962e-03
1.2000000000000004e-02 4.2000000000000010e-02 4.0000000000000001e-03  1.6163236660912640e-03
1.2000000000000004e-02 4.4999999999999998e-02 4.0000000000000001e-03  1.7414622280527735e-03
1.4999999999999999e-02 -4.4999999999999998e-02 4.0000000000000001e-03  1.9065684051669213e-03
1.4999999999999999e-02 -4.1999999999999996e-02 4.0000000000000001e-03  1.7856491386041226e-03
1.4999999999999999e-02 -3.9000000000000000e-02 4.0000000000000001e-03  1.6758594806930637e-03
1.4999999999999999e-02 -3.5999999999999997e-02 4.0000000000000001e-03  1.6108718150450831e-03
1.4999999999999999e-02 -3.3000000000000002e-02 4.0000000000000001e-03  1.5675085747957340e-03
1.4999999999999999e-02 -2.9999999999999999e-02 4.0000000000000001e-03  1.5168217539552778e-03
1.4999999999999999e-02 -2.6999999999999996e-02 4.0000000000000001e-03  1.4527040335083601e-03
1.4999999999999999e-02 -2.3999999999999997e-02 4.0000000000000001e-03  1.4299963033342731e-03
1.4999999999999999e-02 -2.0999999999999998e-02 4.0000000000000001e-03  1.4065357084026861e-03
1.4999999999999999e-02 -1.7999999999999999e-02 4.0000000000000001e-03  1.3908023095185651e-03
1.4999999999999999e-02 -1.4999999999999999e-02 4.0000000000000001e-03  1.3821359770103817e-03
1.4999999999999999e-02 -1.1999999999999997e-02 4.0000000000000001e-03  1.3705454563407843e-03
1.4999999999999999e-02 -8.9999999999999941e-03 4.0000000000000001e-03  1.3608287690194379e-03
1.4999999999999999e-02 -5.9999999999999984e-03 4.0000000000000001e-03  1.3529814571357295e-03
1.4999999999999999e-02 -2.9999999999999957e-03 4.0000000000000001e-03  1.3470004641910297e-03
1.4999999999999999e-02 0.0000000000000000e+00 4.0000000000000001e-03  1.3428841350986917e-03
1.4999999999999999e-02 3.0000000000000027e-03 4.0000000000000001e-03  1.3395722516904894e-03
1.4999999999999999e-02 6.0000000000000053e-03 4.0000000000000001e-03  1.3386469326306068e-03
1.4999999999999999e-02 9.0000000000000011e-03 4.0000000000000001e-03  1.3446549985046898e-03
1.4999999999999999e-02 1.2000000000000004e-02 4.0000000000000001e-03  1.3494275877167462e-03
1.4999999999999999e-02 1.4999999999999999e-02 4.0000000000000001e-03  1.3607975004603485e-03
1.4999999999999999e-02 1.8000000000000002e-02 4.0000000000000001e-03  1.3699307983125546e-03
1.4999999999999999e-02 2.1000000000000005e-02 4.0000000000000001e-03  1.3886740753895383e-03
1.4999999999999999e-02 2.4000000000000007e-02 4.0000000000000001e-03  1.4051019924927128e-03
1.4999999999999999e-02 2.7000000000000010e-02 4.0000000000000001e-03  1.4189451796693144e-03
1.4999999999999999e-02 2.9999999999999999e-02 4.0000000000000001e-03  1.4453796570585271e-03
1.4999999999999999e-02 3.3000000000000002e-02 4.0000000000000001e-03  1.4782662771447971e-03
1.4999999999999999e-02 3.6000000000000004e-02 4.0000000000000001e-03  1.5113218461745327e-03
1.4999999999999999e-02 3.9000000000000007e-02 4.0000000000000001e-03  1.5389010452422640e-03
1.4999999999999999e-02 4.2000000000000010e-02 4.0000000000000001e-03  1.6236023368863290e-03
1.4999999999999999e-02 4.4999999999999998e-02 4.0000000000000001e-03  1.7648666049613895e-03
1.8000000000000002e-02 -4.4999999999999998e-02 4.0000000000000001e-03  1.9159848807431610e-03
1.8000000000000002e-02 -4.1999999999999996e-02 4.0000000000000001e-03  1.8021896646820835e-03
1.8000000000000002e-02 -3.9000000000000000e-02 4.0000000000000001e-03  1.6941565196423485e-03
1.8000000000000002e-02 -3.5999999999999997e-02 4.0000000000000001e-03  1.6295205157664584e-03
1.8000000000000002e-02 -3.3000000000000002e-02 4.0000000000000001e-03  1.5871690012189087e-03
1.8000000000000002e-02 -2.9999999999999999e-02 4.0000000000000001e-03  1.5317460623635825e-03
1.8000000000000002e-02 -2.6999999999999996e-02 4.0000000000000001e-03  1.4857389433189188e-03
1.8000000000000002e-02 -2.3999999999999997e-02 4.0000000000000001e-03  1.4660087713672543e-03
1.8000000000000002e-02 -2.0999999999999998e-02 4.0000000000000001e-03  1.4352703470690298e-03
1.8000000000000002e-02 -1.7999999999999999e-02 4.0000000000000001e-03  1.4087536286082163e-03
1.8000000000000002e-02 -1.4999999999999999e-02 4.0000000000000001e-03  1.3968782336033650e-03
1.8000000000000002e-02 -1.1999999999999997e-02 4.0000000000000001e-03  1.3884815219932624e-03
1.8000000000000002e-02 -8.9999999999999941e-03 4.0000000000000001e-03  1.3785390484353955e-03
1.8000000000000002e-02 -5.9999999999999984e-03 4.0000000000000001e-03  1.3704690108657920e-03
1.8000000000000002e-02 -2.9999999999999957e-03 4.0000000000000001e-03  1.3642686952984805e-03
1.8000000000000002e-02 0.0000000000000000e+00 4.0000000000000001e-03  1.3620042449957925e-03
1.8000000000000002e-02 3.0000000000000027e-03 4.0000000000000001e-03  1.3578276359182057e-03
1.8000000000000002e-02 6.0000000000000053e-03 4.0000000000000001e-03  1.3664718391212531e-03
1.8000000000000002e-02 9.0000000000000011e-03 4.0000000000000001e-03  1.3722597726653076e-03
1.8000000000000002e-02 1.2000000000000004e-02 4.0000000000000001e-03  1.3751862039115669e-03
1.8000000000000002e-02 1.4999999999999999e-02 4.0000000000000001e-03  1.3804065778067190e-03
1.8000000000000002e-02 1.8000000000000002e-02 4.0000000000000001e-03  1.3896233155610046e-03
1.8000000000000002e-02 2.1000000000000005e-02 4.0000000000000001e-03  1.3999788867707919e-03
1.8000000000000002e-02 2.4000000000000007e-02 4.0000000000000001e-03  1.4168854232516641e-03
1.8000000000000002e-02 2.7000000000000010e-02 4.0000000000000001e-03  1.4312059513191748e-03
1.8000000000000002e-02 2.9999999999999999e-02 4.0000000000000001e-03  1.4639233377716694e-03
1.8000000000000002e-02 3.3000000000000002e-02 4.0000000000000001e-03  1.4971618348673629e-03
1.8000000000000002e-02 3.6000000000000004e-02 4.0000000000000001e-03  1.5305914995882401e-03
1.8000000000000002e-02 3.9000000000000007e-02 4.0000000000000001e-03  1.5615939334600484e-03
1.8000000000000002e-02 4.2000000000000010e-02 4.0000000000000001e-03  1.6414845875681689e-03
1.8000000000000002e-02 4.4999999999999998e-02 4.0000000000000001e-03  1.7876327213249134e-03
2.1000000000000005e-02 -4.4999999999999998e-02 4.0000000000000001e-03  1.9108713368076518e-03
2.1000000000000005e-02 -4.1999999999999996e-02 4.0000000000000001e-03  1.8097402511765112e-03
2.1000000000000005e-02 -3.9000000000000000e-02 4.0000000000000001e-03  1.7187588409035906e-03
2.1000000000000005e-02 -3.5999999999999997e-02 4.0000000000000001e-03  1.6488219899149735e-03
2.1000000000000005e-02 -3.3000000000000002e-02 4.0000000000000001e-03  1.6020761039377853e-03
2.1000000000000005e-02 -2.9999999999999999e-02 4.0000000000000001e-03  1.5423090108515232e-03
2.1000000000000005e-02 -2.6999999999999996e-02 4.0000000000000001e-03  1.5186044036085119e-03
2.1000000000000005e-02 -2.3999999999999997e-02 4.0000000000000001e-03  1.4916260947285150e-03
2.1000000000000005e-02 -2.0999999999999998e-02 4.0000000000000001e-03  1.4596312851255654e-03
2.1000000000000005e-02 -1.7999999999999999e-02 4.0000000000000001e-03  1.4334060589663697e-03
2.1000000000000005e-02 -1.4999999999999999e-02 4.0000000000000001e-03  1.4129733471598324e-03
2.1000000000000005e-02 -1.1999999999999997e-02 4.0000000000000001e-03  1.4039897406195958e-03
2.1000000000000005e-02 -8.9999999999999941e-03 4.0000000000000001e-03  1.3961113133187026e-03
2.1000000000000005e-02 -5.9999999999999984e-03 4.0000000000000001e-03  1.3878265902146163e-03
2.1000000000000005e-02 -2.9999999999999957e-03 4.0000000000000001e-03  1.3830099373116206e-03
2.1000000000000005e-02 0.0000000000000000e+00 4.0000000000000001e-03  1.3821773826353839e-03
2.1000000000000005e-02 3.0000000000000027e-03 4.0000000000000001e-03  1.3874520970633072e-03
2.1000000000000005e-02 6.0000000000000053e-03 4.0000000000000001e-03  1.3958812203764192e-03
2.1000000000000005e-02 9.0000000000000011e-03 4.0000000000000001e-03  1.4014531070940363e-03
2.1000000000000005e-02 1.2000000000000004e-02 4.0000000000000001e-03  1.4041632495385211e-03
2.1000000000000005e-02 1.4999999999999999e-02 4.0000000000000001e-03  1.4040090106978238e-03
2.1000000000000005e-02 1.8000000000000002e-02 4.0000000000000001e-03  1.4101733655783033e-03
2.1000000000000005e-02 2.1000000000000005e-02 4.0000000000000001e-03  1.4172450256806392e-03
2.1000000000000005e-02 2.4000000000000007e-02 4.0000000000000001e-03  1.4291539614056320e-03
2.1000000000000005e-02 2.7000000000000010e-02 4.0000000000000001e-03  1.4492409618791697e-03
2.1000000000000005e-02 2.9999999999999999e-02 4.0000000000000001e-03  1.4826064911030432e-03
2.1000000000000005e-02 3.3000000000000002e-02 4.0000000000000001e-03  1.5161793589569205e-03
2.1000000000000005e-02 3.6000000000000004e-02 4.0000000000000001e-03  1.5443254752087869e-03
2.1000000000000005e-02 3.9000000000000007e-02 4.0000000000000001e-03  1.5876637941574952e-03
2.1000000000000005e-02 4.2000000000000010e-02 4.0000000000000001e-03  1.6811638485684818e-03
2.1000000000000005e-02 4.4999999999999998e-02 4.0000000000000001e-03  1.8277899350248262e-03
2.4000000000000007e-02 -4.4999999999999998e-02 4.0000000000000001e-03  1.9274317530514854e-03
2.4000000000000007e-02 -4.1999999999999996e-02 4.0000000000000001e-03  1.8067307108526800e-03
2.4000000000000007e-02 -3.9000000000000000e-02 4.0000000000000001e-03  1.7310071587654579e-03
2.4000000000000007e-02 -3.5999999999999997e-02 4.0000000000000001e-03  1.6637865979486246e-03
2.4000000000000007e-02 -3.3000000000000002e-02 4.0000000000000001e-03  1.6125949155855622e-03
2.4000000000000007e-02 -2.9999999999999999e-02 4.0000000000000001e-03  1.5687470609437580e-03
2.4000000000000007e-02 -2.6999999999999996e-02 4.0000000000000001e-03  1.5470013509717542e-03
2.4000000000000007e-02 -2.3999999999999997e-02 4.0000000000000001e-03  1.5112863302718892e-03
2.4000000000000007e-02 -2.0999999999999998e-02 4.0000000000000001e-03  1.4796173164125627e-03
2.4000000000000007e-02 -1.7999999999999999e-02 4.0000000000000001e-03  1.4537027576498598e-03
2.4000000000000007e-02 -1.4999999999999999e-02 4.0000000000000001e-03  1.4335622816948350e-03
2.4000000000000007e-02 -1.1999999999999997e-02 4.0000000000000001e-03  1.4192184469486466e-03
2.4000000000000007e-02 -8.9999999999999941e-03 4.0000000000000001e-03  1.4121844896266007e-03
2.4000000000000007e-02 -5.9999999999999984e-03 4.0000000000000001e-03  1.4050719441910846e-03
2.4000000000000007e-02 -2.9999999999999957e-03 4.0000000000000001e-03  1.4056343295835965e-03
2.4000000000000007e-02 0.0000000000000000e+00 4.0000000000000001e-03  1.4075861282299752e-03
2.4000000000000007e-02 3.0000000000000027e-03 4.0000000000000001e-03  1.4186567357661515e-03
2.4000000000000007e-02 6.0000000000000053e-03 4.0000000000000001e-03  1.4268741505376150e-03
2.4000000000000007e-02 9.0000000000000011e-03 4.0000000000000001e-03  1.4322327191622958e-03
2.4000000000000007e-02 1.2000000000000004e-02 4.0000000000000001e-03  1.4347286589237232e-03
2.4000000000000007e-02 1.4999999999999999e-02 4.0000000000000001e-03  1.4343600577710197e-03
2.4000000000000007e-02 1.8000000000000002e-02 4.0000000000000001e-03  1.4315895660179556e-03
2.4000000000000007e-02 2.1000000000000005e-02 4.0000000000000001e-03  1.4387352525967992e-03
2.4000000000000007e-02 2.4000000000000007e-02 4.0000000000000001e-03  1.4436713412921470e-03
2.4000000000000007e-02 2.7000000000000010e-02 4.0000000000000001e-03  1.4677497473258880e-03
2.4000000000000007e-02 2.9999999999999999e-02 4.0000000000000001e-03  1.5014074668917704e-03
2.4000000000000007e-02 3.3000000000000002e-02 4.0000000000000001e-03  1.5352966682284778e-03
2.4000000000000007e-02 3.6000000000000004e-02 4.0000000000000001e-03  1.5607512079151445e-03
2.4000000000000007e-02 3.9000000000000007e-02 4.0000000000000001e-03  1.6171321338764454e-03
2.4000000000000007e-02 4.2000000000000010e-02 4.0000000000000001e-03  1.7243415862848866e-03
2.4000000000000007e-02 4.4999999999999998e-02 4.0000000000000001e-03  1.8852886430010675e-03
2.7000000000000010e-02 -4.4999999999999998e-02 4.0000000000000001e-03  1.9637596895575728e-03
2.7000000000000010e-02 -4.1999999999999996e-02 4.0000000000000001e-03  1.8305949993395884e-03
2.7000000000000010e-02 -3.9000000000000000e-02 4.0000000000000001e-03  1.7309584762789153e-03
2.7000000000000010e-02 -3.5999999999999997e-02 4.0000000000000001e-03  1.6743543917763809e-03
2.7000000000000010e-02 -3.3000000000000002e-02 4.0000000000000001e-03  1.6187175366092581e-03
2.7000000000000010e-02 -2.9999999999999999e-02 4.0000000000000001e-03  1.5940281553647759e-03
2.7000000000000010e-02 -2.6999999999999996e-02 4.0000000000000001e-03  1.5636333853516549e-03
2.7000000000000010e-02 -2.3999999999999997e-02 4.0000000000000001e-03  1.5265662053238855e-03
2.7000000000000010e-02 -2.0999999999999998e-02 4.0000000000000001e-03  1.4952334770704468e-03
2.7000000000000010e-02 -1.7999999999999999e-02 4.0000000000000001e-03  1.4696485944144363e-03
2.7000000000000010e-02 -1.4999999999999999e-02 4.0000000000000001e-03  1.4498278818690627e-03
2.7000000000000010e-02 -1.1999999999999997e-02 4.0000000000000001e-03  1.4357905946376340e-03
2.7000000000000010e-02 -8.9999999999999941e-03 4.0000000000000001e-03  1.4275589186135624e-03
2.7000000000000010e-02 -5.9999999999999984e-03 4.0000000000000001e-03  1.4275757980848746e-03
2.7000000000000010e-02 -2.9999999999999957e-03 4.0000000000000001e-03  1.4292784376570774e-03
2.7000000000000010e-02 0.0000000000000000e+00 4.0000000000000001e-03  1.4405842600669846e-03
2.7000000000000010e-02 3.0000000000000027e-03 4.0000000000000001e-03  1.4514481507669399e-03
2.7000000000000010e-02 6.0000000000000053e-03 4.0000000000000001e-03  1.4594558715749493e-03
2.7000000000000010e-02 9.0000000000000011e-03 4.0000000000000001e-03  1.4646024940701118e-03
2.7000000000000010e-02 1.2000000000000004e-02 4.0000000000000001e-03  1.4668849604971149e-03
2.7000000000000010e-02 1.4999999999999999e-02 4.0000000000000001e-03  1.4663020837662520e-03
2.7000000000000010e-02 1.8000000000000002e-02 4.0000000000000001e-03  1.4628545474533999e-03
2.7000000000000010e-02 2.1000000000000005e-02 4.0000000000000001e-03  1.4610883838032829e-03
2.7000000000000010e-02 2.4000000000000007e-02 4.0000000000000001e-03  1.4680975127751897e-03
2.7000000000000010e-02 2.7000000000000010e-02 4.0000000000000001e-03  1.4943414807968955e-03
2.7000000000000010e-02 2.9999999999999999e-02 4.0000000000000001e-03  1.5218447949698214e-03
2.7000000000000010e-02 3.3000000000000002e-02 4.0000000000000001e-03  1.5544954683137007e-03
2.7000000000000010e-02 3.6000000000000004e-02 4.0000000000000001e-03  1.5804595030910742e-03
2.7000000000000010e-02 3.9000000000000007e-02 4.0000000000000001e-03  1.6497919625916894e-03
2.7000000000000010e-02 4.2000000000000010e-02 4.0000000000000001e-03  1.7597485152920085e-03
2.7000000000000010e-02 4.4999999999999998e-02 4.0000000000000001e-03  1.9094431551816332e-03
2.9999999999999999e-02 -4.4999999999999998e-02 4.0000000000000001e-03  2.0211372057603672e-03
2.9999999999999999e-02 -4.1999999999999996e-02 4.0000000000000001e-03  1.8745851493418742e-03
2.9999999999999999e-02 -3.9000000000000000e-02 4.0000000000000001e-03  1.7590306033957238e-03
2.9999999999999999e-02 -3.5999999999999997e-02 4.0000000000000001e-03  1.6782909909529077e-03
2.9999999999999999e-02 -3.3000000000000002e-02 4.0000000000000001e-03  1.6385289069608571e-03
2.9999999999999999e-02 -2.9999999999999999e-02 4.0000000000000001e-03  1.6149038425027468e-03
2.9999999999999999e-02 -2.6999999999999996e-02 4.0000000000000001e-03  1.5742029482006506e-03
2.9999999999999999e-02 -2.3999999999999997e-02 4.0000000000000001e-03  1.5374771647097634e-03
2.9999999999999999e-02 -2.0999999999999998e-02 4.0000000000000001e-03  1.5064910455397998e-03
2.9999999999999999e-02 -1.7999999999999999e-02 4.0000000000000001e-03  1.4897166519549560e-03
2.9999999999999999e-02 -1.4999999999999999e-02 4.0000000000000001e-03  1.4818837512076024e-03
2.9999999999999999e-02 -1.1999999999999997e-02 4.0000000000000001e-03  1.4778929595904763e-03
2.9999999999999999e-02 -8.9999999999999941e-03 4.0000000000000001e-03  1.4777792603109378e-03
2.9999999999999999e-02 -5.9999999999999984e-03 4.0000000000000001e-03  1.4530294259528084e-03
2.9999999999999999e-02 -2.9999999999999957e-03 4.0000000000000001e-03  1.4616684445525928e-03
2.9999999999999999e-02 0.0000000000000000e+00 4.0000000000000001e-03  1.4751806343478438e-03
2.9999999999999999e-02 3.0000000000000027e-03 4.0000000000000001e-03  1.4858391086344674e-03
2.9999999999999999e-02 6.0000000000000053e-03 4.0000000000000001e-03  1.4936377932871334e-03
2.9999999999999999e-02 9.0000000000000011e-03 4.0000000000000001e-03  1.4985724848461017e-03
2.9999999999999999e-02 1.2000000000000004e-02 4.0000000000000001e-03  1.5006408505172290e-03
2.9999999999999999e-02 1.4999999999999999e-02 4.0000000000000001e-03  1.4998424281719731e-03
2.9999999999999999e-02 1.8000000000000002e-02 4.0000000000000001e-03  1.4961305301258035e-03
2.9999999999999999e-02 2.1000000000000005e-02 4.0000000000000001e-03  1.4894779318880792e-03
2.9999999999999999e-02 2.4000000000000007e-02 4.0000000000000001e-03  1.5069084875590961e-03
2.9999999999999999e-02 2.7000000000000010e-02 4.0000000000000001e-03  1.5343575853857497e-03
2.9999999999999999e-02 2.9999999999999999e-02 4.0000000000000001e-03  1.5621736911780792e-03
2.9999999999999999e-02 3.3000000000000002e-02 4.0000000000000001e-03  1.5911432268285474e-03
2.9999999999999999e-02 3.6000000000000004e-02 4.0000000000000001e-03  1.6338584299093091e-03
2.9999999999999999e-02 3.9000000000000007e-02 4.0000000000000001e-03  1.6796398306734104e-03
2.9999999999999999e-02 4.2000000000000010e-02 4.0000000000000001e-03  1.7618548409628683e-03
2.9999999999999999e-02 4.4999999999999998e-02 4.0000000000000001e-03  1.8823758462161656e-03
3.3000000000000002e-02 -4.4999999999999998e-02 4.0000000000000001e-03  2.1009242773428242e-03
3.3000000000000002e-02 -4.1999999999999996e-02 4.0000000000000001e-03  1.9401099716404443e-03
3.3000000000000002e-02 -3.9000000000000000e-02 4.0000000000000001e-03  1.8105045537016588e-03
3.3000000000000002e-02 -3.5999999999999997e-02 4.0000000000000001e-03  1.7093965002099581e-03
3.3000000000000002e-02 -3.3000000000000002e-02 4.0000000000000001e-03  1.6909387034094909e-03
3.3000000000000002e-02 -2.9999999999999999e-02 4.0000000000000001e-03  1.6673542333707899e-03
3.3000000000000002e-02 -2.6999999999999996e-02 4.0000000000000001e-03  1.6401638266560850e-03
3.3000000000000002e-02 -2.3999999999999997e-02 4.0000000000000001e-03  1.6159691368313443e-03
3.3000000000000002e-02 -2.0999999999999998e-02 4.0000000000000001e-03  1.5955811287447297e-03
3.3000000000000002e-02 -1.7999999999999999e-02 4.0000000000000001e-03  1.5790185989336340e-03
3.3000000000000002e-02 -1.4999999999999999e-02 4.0000000000000001e-03  1.5663051505796410e-03
3.3000000000000002e-02 -1.1999999999999997e-02 4.0000000000000001e-03  1.5574691935085149e-03
3.3000000000000002e-02 -8.9999999999999941e-03 4.0000000000000001e-03  1.5399946052439039e-03
3.3000000000000002e-02 -5.9999999999999984e-03 4.0000000000000001e-03  1.5133664080142347e-03
3.3000000000000002e-02 -2.9999999999999957e-03 4.0000000000000001e-03  1.5068270414585663e-03
3.3000000000000002e-02 0.0000000000000000e+00 4.0000000000000001e-03  1.5176321404249888e-03
3.3000000000000002e-02 3.0000000000000027e-03 4.0000000000000001e-03  1.5281763264654216e-03
3.3000000000000002e-02 6.0000000000000053e-03 4.0000000000000001e-03  1.5358544300104907e-03
3.3000000000000002e-02 9.0000000000000011e-03 4.0000000000000001e-03  1.5406678734470572e-03
3.3000000000000002e-02 1.2000000000000004e-02 4.0000000000000001e-03  1.5426201535354155e-03
3.3000000000000002e-02 1.4999999999999999e-02 4.0000000000000001e-03  1.5417168414093108e-03
3.3000000000000002e-02 1.8000000000000002e-02 4.0000000000000001e-03  1.5379655825759437e-03
3.3000000000000002e-02 2.1000000000000005e-02 4.0000000000000001e-03  1.5387182247216047e-03
3.3000000000000002e-02 2.4000000000000007e-02 4.0000000000000001e-03  1.5614987358539970e-03
3.3000000000000002e-02 2.7000000000000010e-02 4.0000000000000001e-03  1.5850620383770031e-03
3.3000000000000002e-02 2.9999999999999999e-02 4.0000000000000001e-03  1.6096668941792461e-03
3.3000000000000002e-02 3.3000000000000002e-02 4.0000000000000001e-03  1.6409071312925591e-03
3.3000000000000002e-02 3.6000000000000004e-02 4.0000000000000001e-03  1.7083136640310623e-03
3.3000000000000002e-02 3.9000000000000007e-02 4.0000000000000001e-03  1.7463117885499774e-03
3.3000000000000002e-02 4.2000000000000010e-02 4.0000000000000001e-03  1.8017221381538598e-03
3.3000000000000002e-02 4.4999999999999998e-02 4.0000000000000001e-03  1.8939259326618430e-03
3.6000000000000004e-02 -4.4999999999999998e-02 4.0000000000000001e-03  2.2045587962364111e-03
3.6000000000000004e-02 -4.1999999999999996e-02 4.0000000000000001e-03  2.0286561932646953e-03
3.6000000000000004e-02 -3.9000000000000000e-02 4.0000000000000001e-03  1.8840395522793448e-03
3.6000000000000004e-02 -3.5999999999999997e-02 4.0000000000000001e-03  1.8273780421177847e-03
3.6000000000000004e-02 -3.3000000000000002e-02 4.0000000000000001e-03  1.7973445428895900e-03
3.6000000000000004e-02 -2.9999999999999999e-02 4.0000000000000001e-03  1.7624006731394829e-03
3.6000000000000004e-02 -2.6999999999999996e-02 4.0000000000000001e-03  1.7455048404445533e-03
3.6000000000000004e-02 -2.3999999999999997e-02 4.0000000000000001e-03  1.7176941149817761e-03
3.6000000000000004e-02 -2.0999999999999998e-02 4.0000000000000001e-03  1.6925168874407854e-03
3.6000000000000004e-02 -1.7999999999999999e-02 4.0000000000000001e-03  1.6712115624452359e-03
3.6000000000000004e-02 -1.4999999999999999e-02 4.0000000000000001e-03  1.6537999764392988e-03
3.6000000000000004e-02 -1.1999999999999997e-02 4.0000000000000001e-03  1.6403087725113251e-03
3.6000000000000004e-02 -8.9999999999999941e-03 4.0000000000000001e-03  1.6047650896833607e-03
3.6000000000000004e-02 -5.9999999999999984e-03 4.0000000000000001e-03  1.5987388695833124e-03
3.6000000000000004e-02 -2.9999999999999957e-03 4.0000000000000001e-03  1.5949677033872147e-03
3.6000000000000004e-02 0.0000000000000000e+00 4.0000000000000001e-03  1.5858735976858080e-03
3.6000000000000004e-02 3.0000000000000027e-03 4.0000000000000001e-03  1.5915872936919330e-03
3.6000000000000004e-02 6.0000000000000053e-03 4.0000000000000001e-03  1.5992665296291207e-03
3.6000000000000004e-02 9.0000000000000011e-03 4.0000000000000001e-03  1.6041276766039117e-03
3.6000000000000004e-02 1.2000000000000004e-02 4.0000000000000001e-03  1.6061772236969768e-03
3.6000000000000004e-02 1.4999999999999999e-02 4.0000000000000001e-03  1.6054237343624293e-03
3.6000000000000004e-02 1.8000000000000002e-02 4.0000000000000001e-03  1.6018778464278456e-03
3.6000000000000004e-02 2.1000000000000005e-02 4.0000000000000001e-03  1.6124789190910737e-03
3.6000000000000004e-02 2.4000000000000007e-02 4.0000000000000001e-03  1.6282164459923067e-03
3.6000000000000004e-02 2.7000000000000010e-02 4.0000000000000001e-03  1.6444404135734446e-03
3.6000000000000004e-02 2.9999999999999999e-02 4.0000000000000001e-03  1.6611452591178140e-03
3.6000000000000004e-02 3.3000000000000002e-02 4.0000000000000001e-03  1.6976758204345691e-03
3.6000000000000004e-02 3.6000000000000004e-02 4.0000000000000001e-03  1.7806909887551411e-03
3.6000000000000004e-02 3.9000000000000007e-02 4.0000000000000001e-03  1.8454936957278810e-03
3.6000000000000004e-02 4.2000000000000010e-02 4.0000000000000001e-03  1.8788566642456302e-03
3.6000000000000004e-02 4.4999999999999998e-02 4.0000000000000001e-03  1.9438189359572593e-03
3.9000000000000007e-02 -4.4999999999999998e-02 4.0000000000000001e-03  2.3335565706210804e-03
3.9000000000000007e-02 -4.1999999999999996e-02 4.0000000000000001e-03  2.1417884574925247e-03
3.9000000000000007e-02 -3.9000000000000000e-02 4.0000000000000001e-03  2.0235979436053655e-03
3.9000000000000007e-02 -3.5999999999999997e-02 4.0000000000000001e-03  1.9852167207428223e-03
3.9000000000000007e-02 -3.3000000000000002e-02 4.0000000000000001e-03  1.9424412013172112e-03
3.9000000000000007e-02 -2.9999999999999999e-02 4.0000000000000001e-03  1.8948365236488836e-03
3.9000000000000007e-02 -2.6999999999999996e-02 4.0000000000000001e-03  1.8420386026368318e-03
3.9000000000000007e-02 -2.3999999999999997e-02 4.0000000000000001e-03  1.8228377221498372e-03
3.9000000000000007e-02 -2.0999999999999998e-02 4.0000000000000001e-03  1.7937775602404093e-03
3.9000000000000007e-02 -1.7999999999999999e-02 4.0000000000000001e-03  1.7679405216374823e-03
3.9000000000000007e-02 -1.4999999999999999e-02 4.0000000000000001e-03  1.7460493881991362e-03
3.9000000000000007e-02 -1.1999999999999997e-02 4.0000000000000001e-03  1.7182645781191250e-03
3.9000000000000007e-02 -8.9999999999999941e-03 4.0000000000000001e-03  1.6997832908474415e-03
3.9000000000000007e-02 -5.9999999999999984e-03 4.0000000000000001e-03  1.7048170688066812e-03
3.9000000000000007e-02 -2.9999999999999957e-03 4.0000000000000001e-03  1.7041711030612559e-03
3.9000000000000007e-02 0.0000000000000000e+00 4.0000000000000001e-03  1.6978590049236567e-03
3.9000000000000007e-02 3.0000000000000027e-03 4.0000000000000001e-03  1.6859195893922786e-03
3.9000000000000007e-02 6.0000000000000053e-03 4.0000000000000001e-03  1.6866073350041242e-03
3.9000000000000007e-02 9.0000000000000011e-03 4.0000000000000001e-03  1.6916417275420900e-03
3.9000000000000007e-02 1.2000000000000004e-02 4.0000000000000001e-03  1.6939299356382755e-03
3.9000000000000007e-02 1.4999999999999999e-02 4.0000000000000001e-03  1.6934835150671666e-03
3.9000000000000007e-02 1.8000000000000002e-02 4.0000000000000001e-03  1.6939035831342916e-03
3.9000000000000007e-02 2.1000000000000005e-02 4.0000000000000001e-03  1.7020220569236918e-03
3.9000000000000007e-02 2.4000000000000007e-02 4.0000000000000001e-03  1.7104883301995828e-03
3.9000000000000007e-02 2.7000000000000010e-02 4.0000000000000001e-03  1.7192838390929078e-03
3.9000000000000007e-02 2.9999999999999999e-02 4.0000000000000001e-03  1.7409537088232357e-03
3.9000000000000007e-02 3.3000000000000002e-02 4.0000000000000001e-03  1.7735708628652278e-03
3.9000000000000007e-02 3.6000000000000004e-02 4.0000000000000001e-03  1.8578175032377886e-03
3.9000000000000007e-02 3.9000000000000007e-02 4.0000000000000001e-03  1.9495930543888893e-03
3.9000000000000007e-02 4.2000000000000010e-02 4.0000000000000001e-03  2.0013783488495654e-03
3.9000000000000007e-02 4.4999999999999998e-02 4.0000000000000001e-03  2.0384375789836645e-03
4.2000000000000010e-02 -4.4999999999999998e-02 4.0000000000000001e-03  2.4895113249253013e-03
4.2000000000000010e-02 -4.1999999999999996e-02 4.0000000000000001e-03  2.2865507763239110e-03
4.2000000000000010e-02 -3.9000000000000000e-02 4.0000000000000001e-03  2.2384342828958410e-03
4.2000000000000010e-02 -3.5999999999999997e-02 4.0000000000000001e-03  2.1866487726472728e-03
4.2000000000000010e-02 -3.3000000000000002e-02 4.0000000000000001e-03  2.1306774565891667e-03
4.2000000000000010e-02 -2.9999999999999999e-02 4.0000000000000001e-03  2.0700743223111113e-03
4.2000000000000010e-02 -2.6999999999999996e-02 4.0000000000000001e-03  2.0044641339813617e-03
4.2000000000000010e-02 -2.3999999999999997e-02 4.0000000000000001e-03  1.9335424323468030e-03
4.2000000000000010e-02 -2.0999999999999998e-02 4.0000000000000001e-03  1.9010071879950368e-03
4.2000000000000010e-02 -1.7999999999999999e-02 4.0000000000000001e-03  1.8708856976266408e-03
4.2000000000000010e-02 -1.4999999999999999e-02 4.0000000000000001e-03  1.8447697872402511e-03
4.2000000000000010e-02 -1.1999999999999997e-02 4.0000000000000001e-03  1.8108292583477593e-03
4.2000000000000010e-02 -8.9999999999999941e-03 4.0000000000000001e-03  1.8256079442466079e-03
4.2000000000000010e-02 -5.9999999999999984e-03 4.0000000000000001e-03  1.8344351149488963e-03
4.2000000000000010e-02 -2.9999999999999957e-03 4.0000000000000001e-03  1.8372812155396773e-03
4.2000000000000010e-02 0.0000000000000000e+00 4.0000000000000001e-03  1.8341418947899050e-03
4.2000000000000010e-02 3.0000000000000027e-03 4.0000000000000001e-03  1.8250380051564349e-03
4.2000000000000010e-02 6.0000000000000053e-03 4.0000000000000001e-03  1.8100156027820355e-03
4.2000000000000010e-02 9.0000000000000011e-03 4.0000000000000001e-03  1.8056533466975638e-03
4.2000000000000010e-02 1.2000000000000004e-02 4.0000000000000001e-03  1.8083097609654453e-03
4.2000000000000010e-02 1.4999999999999999e-02 4.0000000000000001e-03  1.8083158062998199e-03
4.2000000000000010e-02 1.8000000000000002e-02 4.0000000000000001e-03  1.8085524860537870e-03
4.2000000000000010e-02 2.1000000000000005e-02 4.0000000000000001e-03  1.8093552147090978e-03
4.2000000000000010e-02 2.4000000000000007e-02 4.0000000000000001e-03  1.8150526993059837e-03
4.2000000000000010e-02 2.7000000000000010e-02 4.0000000000000001e-03  1.8552153020008337e-03
4.2000000000000010e-02 2.9999999999999999e-02 4.0000000000000001e-03  1.8895420204370892e-03
4.2000000000000010e-02 3.3000000000000002e-02 4.0000000000000001e-03  1.9180033605904916e-03
4.2000000000000010e-02 3.6000000000000004e-02 4.0000000000000001e-03  1.9458803883200921e-03
4.2000000000000010e-02 3.9000000000000007e-02 4.0000000000000001e-03  2.0596155255154969e-03
4.2000000000000010e-02 4.2000000000000010e-02 4.0000000000000001e-03  2.1364553161942715e-03
4.2000000000000010e-02 4.4999999999999998e-02 4.0000000000000001e-03  2.1540911456280377e-03
4.4999999999999998e-02 -4.4999999999999998e-02 4.0000000000000001e-03  2.6740946998260479e-03
4.4999999999999998e-02 -4.1999999999999996e-02 4.0000000000000001e-03  2.5625901291858153e-03
4.4999999999999998e-02 -3.9000000000000000e-02 4.0000000000000001e-03  2.5005054371552348e-03
4.4999999999999998e-02 -3.5999999999999997e-02 4.0000000000000001e-03  2.4349719656233280e-03
4.4999999999999998e-02 -3.3000000000000002e-02 4.0000000000000001e-03  2.3654617748702874e-03
4.4999999999999998e-02 -2.9999999999999999e-02 4.0000000000000001e-03  2.2915177017549817e-03
4.4999999999999998e-02 -2.6999999999999996e-02 4.0000000000000001e-03  2.2127533597149037e-03
4.4999999999999998e-02 -2.3999999999999997e-02 4.0000000000000001e-03  2.1288531387661843e-03
4.4999999999999998e-02 -2.0999999999999998e-02 4.0000000000000001e-03  2.0395722055036123e-03
4.4999999999999998e-02 -1.7999999999999999e-02 4.0000000000000001e-03  1.9817625534975375e-03
4.4999999999999998e-02 -1.4999999999999999e-02 4.0000000000000001e-03  1.9444956727442772e-03
4.4999999999999998e-02 -1.1999999999999997e-02 4.0000000000000001e-03  1.9581521609963043e-03
4.4999999999999998e-02 -8.9999999999999941e-03 4.0000000000000001e-03  1.9773365273065215e-03
4.4999999999999998e-02 -5.9999999999999984e-03 4.0000000000000001e-03  1.9903099184933534e-03
4.4999999999999998e-02 -2.9999999999999957e-03 4.0000000000000001e-03  1.9970248171003106e-03
4.4999999999999998e-02 0.0000000000000000e+00 4.0000000000000001e-03  1.9974589093568196e-03
4.4999999999999998e-02 3.0000000000000027e-03 4.0000000000000001e-03  1.9916150851781974e-03
4.4999999999999998e-02 6.0000000000000053e-03 4.0000000000000001e-03  1.9795214381656693e-03
4.4999999999999998e-02 9.0000000000000011e-03 4.0000000000000001e-03  1.9612312656063606e-03
4.4999999999999998e-02 1.2000000000000004e-02 4.0000000000000001e-03  1.9517071709358872e-03
4.4999999999999998e-02 1.4999999999999999e-02 4.0000000000000001e-03  1.9499801464874767e-03
4.4999999999999998e-02 1.8000000000000002e-02 4.0000000000000001e-03  1.9432426718577040e-03
4.4999999999999998e-02 2.1000000000000005e-02 4.0000000000000001e-03  1.9774545979727213e-03
4.4999999999999998e-02 2.4000000000000007e-02 4.0000000000000001e-03  2.0188958884827845e-03
4.4999999999999998e-02 2.7000000000000010e-02 4.0000000000000001e-03  2.0546527952821085e-03
4.4999999999999998e-02 2.9999999999999999e-02 4.0000000000000001e-03  2.0846720266536277e-03
4.4999999999999998e-02 3.3000000000000002e-02 4.0000000000000001e-03  2.1089273405306046e-03
4.4999999999999998e-02 3.6000000000000004e-02 4.0000000000000001e-03  2.1274195444966285e-03
4.4999999999999998e-02 3.9000000000000007e-02 4.0000000000000001e-03  2.1748323387791859e-03
4.4999999999999998e-02 4.2000000000000010e-02 4.0000000000000001e-03  2.2505792247350894e-03
4.4999999999999998e-02 4.4999999999999998e-02 4.0000000000000001e-03  2.2712086287113458e-03
