Grid Output Min: [-45mm -45mm 4mm] Max: [45mm 45mm 4mm] Grid Size: [3mm 3mm 0mm]
X, Y, Z, Scalar data "Mag_B"
-4.4999999999999998e-02 -4.4999999999999998e-02 4.0000000000000001e-03  2.3425999118079229e-03
-4.4999999999999998e-02 -4.1999999999999996e-02 4.0000000000000001e-03  2.1581386956097126e-03
-4.4999999999999998e-02 -3.9000000000000000e-02 4.0000000000000001e-03  2.1168687283522904e-03
-4.4999999999999998e-02 -3.5999999999999997e-02 4.0000000000000001e-03  2.0474357059825552e-03
-4.4999999999999998e-02 -3.3000000000000002e-02 4.0000000000000001e-03  1.9793282991871731e-03
-4.4999999999999998e-02 -2.9999999999999999e-02 4.0000000000000001e-03  1.9201949096591933e-03
-4.4999999999999998e-02 -2.6999999999999996e-02 4.0000000000000001e-03  1.8700716611587587e-03
-4.4999999999999998e-02 -2.3999999999999997e-02 4.0000000000000001e-03  1.8290035248467516e-03
-4.4999999999999998e-02 -2.0999999999999998e-02 4.0000000000000001e-03  1.8499507332002418e-03
-4.4999999999999998e-02 -1.7999999999999999e-02 4.0000000000000001e-03  1.8427526445951299e-03
-4.4999999999999998e-02 -1.4999999999999999e-02 4.0000000000000001e-03  1.8020996159204422e-03
-4.4999999999999998e-02 -1.1999999999999997e-02 4.0000000000000001e-03  1.7877338865286265e-03
-4.4999999999999998e-02 -8.9999999999999941e-03 4.0000000000000001e-03  1.7864906743444628e-03
-4.4999999999999998e-02 -5.9999999999999984e-03 4.0000000000000001e-03  1.7834959692432720e-03
-4.4999999999999998e-02 -2.9999999999999957e-03 4.0000000000000001e-03  1.7787369605387058e-03
-4.4999999999999998e-02 0.0000000000000000e+00 4.0000000000000001e-03  1.7728233841513724e-03
-4.4999999999999998e-02 3.0000000000000027e-03 4.0000000000000001e-03  1.7644990672944722e-03
-4.4999999999999998e-02 6.0000000000000053e-03 4.0000000000000001e-03  1.7610926619689815e-03
-4.4999999999999998e-02 9.0000000000000011e-03 4.0000000000000001e-03  1.7689021481560319e-03
-4.4999999999999998e-02 1.2000000000000004e-02 4.0000000000000001e-03  1.7790425744020628e-03
-4.4999999999999998e-02 1.4999999999999999e-02 4.0000000000000001e-03  1.8157217471949771e-03
-4.4999999999999998e-02 1.8000000000000002e-02 4.0000000000000001e-03  1.8267818706067050e-03
-4.4999999999999998e-02 2.1000000000000005e-02 4.0000000000000001e-03  1.8591453864708161e-03
-4.4999999999999998e-02 2.4000000000000007e-02 4.0000000000000001e-03  1.9051008702714041e-03
-4.4999999999999998e-02 2.7000000000000010e-02 4.0000000000000001e-03  1.9310947776005388e-03
-4.4999999999999998e-02 2.9999999999999999e-02 4.0000000000000001e-03  1.9164686614877066e-03
-4.4999999999999998e-02 3.3000000000000002e-02 4.0000000000000001e-03  1.9757452243228135e-03
-4.4999999999999998e-02 3.6000000000000004e-02 4.0000000000000001e-03  2.0183923126293191e-03
-4.4999999999999998e-02 3.9000000000000007e-02 4.0000000000000001e-03  2.0717285529988330e-03
-4.4999999999999998e-02 4.2000000000000010e-02 4.0000000000000001e-03  2.1301420760681351e-03
-4.4999999999999998e-02 4.4999999999999998e-02 4.0000000000000001e-03  2.1744645091823040e-03
-4.1999999999999996e-02 -4.4999999999999998e-02 4.0000000000000001e-03  2.2701873484008510e-03
-4.1999999999999996e-02 -4.1999999999999996e-02 4.0000000000000001e-03  2.0436382670388580e-03
-4.1999999999999996e-02 -3.9000000000000000e-02 4.0000000000000001e-03  1.9541886771659027e-03
-4.1999999999999996e-02 -3.5999999999999997e-02 4.0000000000000001e-03  1.9221335207182406e-03
-4.1999999999999996e-02 -3.3000000000000002e-02 4.0000000000000001e-03  1.8620240569025973e-03
-4.1999999999999996e-02 -2.9999999999999999e-02 4.0000000000000001e-03  1.8050790236113581e-03
-4.1999999999999996e-02 -2.6999999999999996e-02 4.0000000000000001e-03  1.7574222121517274e-03
-4.1999999999999996e-02 -2.3999999999999997e-02 4.0000000000000001e-03  1.7523139996760443e-03
-4.1999999999999996e-02 -2.0999999999999998e-02 4.0000000000000001e-03  1.7531145847780171e-03
-4.1999999999999996e-02 -1.7999999999999999e-02 4.0000000000000001e-03  1.7419636616430392e-03
-4.1999999999999996e-02 -1.4999999999999999e-02 4.0000000000000001e-03  1.7363920250484317e-03
-4.1999999999999996e-02 -1.1999999999999997e-02 4.0000000000000001e-03  1.6985711486724887e-03
-4.1999999999999996e-02 -8.9999999999999941e-03 4.0000000000000001e-03  1.6767119000881264e-03
-4.1999999999999996e-02 -5.9999999999999984e-03 4.0000000000000001e-03  1.6721194639290030e-03
-4.1999999999999996e-02 -2.9999999999999957e-03 4.0000000000000001e-03  1.6658863606318710e-03
-4.1999999999999996e-02 0.0000000000000000e+00 4.0000000000000001e-03  1.6580075192552720e-03
-4.1999999999999996e-02 3.0000000000000027e-03 4.0000000000000001e-03  1.6551150995448812e-03
-4.1999999999999996e-02 6.0000000000000053e-03 4.0000000000000001e-03  1.6596670257639072e-03
-4.1999999999999996e-02 9.0000000000000011e-03 4.0000000000000001e-03  1.6621169402755609e-03
-4.1999999999999996e-02 1.2000000000000004e-02 4.0000000000000001e-03  1.6616389147360554e-03
-4.1999999999999996e-02 1.4999999999999999e-02 4.0000000000000001e-03  1.6559951038981205e-03
-4.1999999999999996e-02 1.8000000000000002e-02 4.0000000000000001e-03  1.6672595789533231e-03
-4.1999999999999996e-02 2.1000000000000005e-02 4.0000000000000001e-03  1.6866012946279295e-03
-4.1999999999999996e-02 2.4000000000000007e-02 4.0000000000000001e-03  1.7111431223056648e-03
-4.1999999999999996e-02 2.7000000000000010e-02 4.0000000000000001e-03  1.7661772208388061e-03
-4.1999999999999996e-02 2.9999999999999999e-02 4.0000000000000001e-03  1.7945020971633010e-03
-4.1999999999999996e-02 3.3000000000000002e-02 4.0000000000000001e-03  1.8581198426390253e-03
-4.1999999999999996e-02 3.6000000000000004e-02 4.0000000000000001e-03  1.8997173873845829e-03
-4.1999999999999996e-02 3.9000000000000007e-02 4.0000000000000001e-03  1.9461738017546712e-03
-4.1999999999999996e-02 4.2000000000000010e-02 4.0000000000000001e-03  1.9976343389811572e-03
-4.1999999999999996e-02 4.4999999999999998e-02 4.0000000000000001e-03  2.0629344278980878e-03
-3.9000000000000000e-02 -4.4999999999999998e-02 4.0000000000000001e-03  2.1026992772368832e-03
-3.9000000000000000e-02 -4.1999999999999996e-02 4.0000000000000001e-03  1.9219829889087932e-03
-3.9000000000000000e-02 -3.9000000000000000e-02 4.0000000000000001e-03  1.8454166309560250e-03
-3.9000000000000000e-02 -3.5999999999999997e-02 4.0000000000000001e-03  1.7781697230201002e-03
-3.9000000000000000e-02 -3.3000000000000002e-02 4.0000000000000001e-03  1.7529917555592120e-03
-3.9000000000000000e-02 -2.9999999999999999e-02 4.0000000000000001e-03  1.7039128302775602e-03
-3.9000000000000000e-02 -2.6999999999999996e-02 4.0000000000000001e-03  1.6583957574203550e-03
-3.9000000000000000e-02 -2.3999999999999997e-02 4.0000000000000001e-03  1.6852437751049068e-03
-3.9000000000000000e-02 -2.0999999999999998e-02 4.0000000000000001e-03  1.6646771370324633e-03
-3.9000000000000000e-02 -1.7999999999999999e-02 4.0000000000000001e-03  1.6496636928834149e-03
-3.9000000000000000e-02 -1.4999999999999999e-02 4.0000000000000001e-03  1.6402050193806759e-03
-3.9000000000000000e-02 -1.1999999999999997e-02 4.0000000000000001e-03  1.6327735173912708e-03
-3.9000000000000000e-02 -8.9999999999999941e-03 4.0000000000000001e-03  1.6057148908774962e-03
-3.9000000000000000e-02 -5.9999999999999984e-03 4.0000000000000001e-03  1.5853593459514350e-03
-3.9000000000000000e-02 -2.9999999999999957e-03 4.0000000000000001e-03  1.5777353590316822e-03
-3.9000000000000000e-02 0.0000000000000000e+00 4.0000000000000001e-03  1.5685914471945440e-03
-3.9000000000000000e-02 3.0000000000000027e-03 4.0000000000000001e-03  1.5673896980876690e-03
-3.9000000000000000e-02 6.0000000000000053e-03 4.0000000000000001e-03  1.5733059129794411e-03
-3.9000000000000000e-02 9.0000000000000011e-03 4.0000000000000001e-03  1.5755218700822015e-03
-3.9000000000000000e-02 1.2000000000000004e-02 4.0000000000000001e-03  1.5737447427433416e-03
-3.9000000000000000e-02 1.4999999999999999e-02 4.0000000000000001e-03  1.5801886130389603e-03
-3.9000000000000000e-02 1.8000000000000002e-02 4.0000000000000001e-03  1.5852174194896014e-03
-3.9000000000000000e-02 2.1000000000000005e-02 4.0000000000000001e-03  1.5937010142478359e-03
-3.9000000000000000e-02 2.4000000000000007e-02 4.0000000000000001e-03  1.6067680511726195e-03
-3.9000000000000000e-02 2.7000000000000010e-02 4.0000000000000001e-03  1.6257080417015767e-03
-3.9000000000000000e-02 2.9999999999999999e-02 4.0000000000000001e-03  1.6969413604864382e-03
-3.9000000000000000e-02 3.3000000000000002e-02 4.0000000000000001e-03  1.7532177897350162e-03
-3.9000000000000000e-02 3.6000000000000004e-02 4.0000000000000001e-03  1.7875574088441226e-03
-3.9000000000000000e-02 3.9000000000000007e-02 4.0000000000000001e-03  1.8267031037602645e-03
-3.9000000000000000e-02 4.2000000000000010e-02 4.0000000000000001e-03  1.8737904997903822e-03
-3.9000000000000000e-02 4.4999999999999998e-02 4.0000000000000001e-03  1.9993707422808881e-03
-3.5999999999999997e-02 -4.4999999999999998e-02 4.0000000000000001e-03  1.9725652561484184e-03
-3.5999999999999997e-02 -4.1999999999999996e-02 4.0000000000000001e-03  1.8773931719591045e-03
-3.5999999999999997e-02 -3.9000000000000000e-02 4.0000000000000001e-03  1.7934228194769987e-03
-3.5999999999999997e-02 -3.5999999999999997e-02 4.0000000000000001e-03  1.7192488738374055e-03
-3.5999999999999997e-02 -3.3000000000000002e-02 4.0000000000000001e-03  1.6564574345183996e-03
-3.5999999999999997e-02 -2.9999999999999999e-02 4.0000000000000001e-03  1.6063044826772795e-03
-3.5999999999999997e-02 -2.6999999999999996e-02 4.0000000000000001e-03  1.5789018210689699e-03
-3.5999999999999997e-02 -2.3999999999999997e-02 4.0000000000000001e-03  1.6067420159887643e-03
-3.5999999999999997e-02 -2.0999999999999998e-02 4.0000000000000001e-03  1.5823951171704885e-03
-3.5999999999999997e-02 -1.7999999999999999e-02 4.0000000000000001e-03  1.5635845192745002e-03
-3.5999999999999997e-02 -1.4999999999999999e-02 4.0000000000000001e-03  1.5503096352515822e-03
-3.5999999999999997e-02 -1.1999999999999997e-02 4.0000000000000001e-03  1.5425722567457632e-03
-3.5999999999999997e-02 -8.9999999999999941e-03 4.0000000000000001e-03  1.5358907792411148e-03
-3.5999999999999997e-02 -5.9999999999999984e-03 4.0000000000000001e-03  1.5216182428870767e-03
-3.5999999999999997e-02 -2.9999999999999957e-03 4.0000000000000001e-03  1.5081050230112835e-03
-3.5999999999999997e-02 0.0000000000000000e+00 4.0000000000000001e-03  1.5029792408744556e-03
-3.5999999999999997e-02 3.0000000000000027e-03 4.0000000000000001e-03  1.4915354251704416e-03
-3.5999999999999997e-02 6.0000000000000053e-03 4.0000000000000001e-03  1.4997986349488876e-03
-3.5999999999999997e-02 9.0000000000000011e-03 4.0000000000000001e-03  1.5011854484015879e-03
-3.5999999999999997e-02 1.2000000000000004e-02 4.0000000000000001e-03  1.5069712148626927e-03
-3.5999999999999997e-02 1.4999999999999999e-02 4.0000000000000001e-03  1.5298726131928364e-03
-3.5999999999999997e-02 1.8000000000000002e-02 4.0000000000000001e-03  1.5378864576328336e-03
-3.5999999999999997e-02 2.1000000000000005e-02 4.0000000000000001e-03  1.5488734220864878e-03
-3.5999999999999997e-02 2.4000000000000007e-02 4.0000000000000001e-03  1.5662928466985962e-03
-3.5999999999999997e-02 2.7000000000000010e-02 4.0000000000000001e-03  1.5843083815842674e-03
-3.5999999999999997e-02 2.9999999999999999e-02 4.0000000000000001e-03  1.6206753610095530e-03
-3.5999999999999997e-02 3.3000000000000002e-02 4.0000000000000001e-03  1.6543204088619859e-03
-3.5999999999999997e-02 3.6000000000000004e-02 4.0000000000000001e-03  1.6839975773925921e-03
-3.5999999999999997e-02 3.9000000000000007e-02 4.0000000000000001e-03  1.7313022334666886e-03
-3.5999999999999997e-02 4.2000000000000010e-02 4.0000000000000001e-03  1.8012661797874269e-03
-3.5999999999999997e-02 4.4999999999999998e-02 4.0000000000000001e-03  1.9323508211054059e-03
-3.3000000000000002e-02 -4.4999999999999998e-02 4.0000000000000001e-03  1.9479973533694341e-03
-3.3000000000000002e-02 -4.1999999999999996e-02 4.0000000000000001e-03  1.8449539410251188e-03
-3.3000000000000002e-02 -3.9000000000000000e-02 4.0000000000000001e-03  1.7536579131905055e-03
-3.3000000000000002e-02 -3.5999999999999997e-02 4.0000000000000001e-03  1.6726990241396520e-03
-3.3000000000000002e-02 -3.3000000000000002e-02 4.0000000000000001e-03  1.6006272486959942e-03
-3.3000000000000002e-02 -2.9999999999999999e-02 4.0000000000000001e-03  1.5398522955876466e-03
-3.3000000000000002e-02 -2.6999999999999996e-02 4.0000000000000001e-03  1.5269757512167434e-03
-3.3000000000000002e-02 -2.3999999999999997e-02 4.0000000000000001e-03  1.5323758217929927e-03
-3.3000000000000002e-02 -2.0999999999999998e-02 4.0000000000000001e-03  1.5042836241265394e-03
-3.3000000000000002e-02 -1.7999999999999999e-02 4.0000000000000001e-03  1.4817162935020774e-03
-3.3000000000000002e-02 -1.4999999999999999e-02 4.0000000000000001e-03  1.4646710790982630e-03
-3.3000000000000002e-02 -1.1999999999999997e-02 4.0000000000000001e-03  1.4531476087870070e-03
-3.3000000000000002e-02 -8.9999999999999941e-03 4.0000000000000001e-03  1.4471478891334606e-03
-3.3000000000000002e-02 -5.9999999999999984e-03 4.0000000000000001e-03  1.4454966441355510e-03
-3.3000000000000002e-02 -2.9999999999999957e-03 4.0000000000000001e-03  1.4444812599627372e-03
-3.3000000000000002e-02 0.0000000000000000e+00 4.0000000000000001e-03  1.4440887264681292e-03
-3.3000000000000002e-02 3.0000000000000027e-03 4.0000000000000001e-03  1.4365819736692530e-03
-3.3000000000000002e-02 6.0000000000000053e-03 4.0000000000000001e-03  1.4387847928053266e-03
-3.3000000000000002e-02 9.0000000000000011e-03 4.0000000000000001e-03  1.4387319149045368e-03
-3.3000000000000002e-02 1.2000000000000004e-02 4.0000000000000001e-03  1.4608503715735368e-03
-3.3000000000000002e-02 1.4999999999999999e-02 4.0000000000000001e-03  1.4773989344089469e-03
-3.3000000000000002e-02 1.8000000000000002e-02 4.0000000000000001e-03  1.4891393397786468e-03
-3.3000000000000002e-02 2.1000000000000005e-02 4.0000000000000001e-03  1.5023527624118543e-03
-3.3000000000000002e-02 2.4000000000000007e-02 4.0000000000000001e-03  1.5180679795899915e-03
-3.3000000000000002e-02 2.7000000000000010e-02 4.0000000000000001e-03  1.5395647539506122e-03
-3.3000000000000002e-02 2.9999999999999999e-02 4.0000000000000001e-03  1.5672117436948952e-03
-3.3000000000000002e-02 3.3000000000000002e-02 4.0000000000000001e-03  1.5983389691398957e-03
-3.3000000000000002e-02 3.6000000000000004e-02 4.0000000000000001e-03  1.6374948745539683e-03
-3.3000000000000002e-02 3.9000000000000007e-02 4.0000000000000001e-03  1.6885712887524944e-03
-3.3000000000000002e-02 4.2000000000000010e-02 4.0000000000000001e-03  1.7661512360693456e-03
-3.3000000000000002e-02 4.4999999999999998e-02 4.0000000000000001e-03  1.8671654275307522e-03
-2.9999999999999999e-02 -4.4999999999999998e-02 4.0000000000000001e-03  1.9321104665065711e-03
-2.9999999999999999e-02 -4.1999999999999996e-02 4.0000000000000001e-03  1.8210141409794468e-03
-2.9999999999999999e-02 -3.9000000000000000e-02 4.0000000000000001e-03  1.7237085297261002e-03
-2.9999999999999999e-02 -3.5999999999999997e-02 4.0000000000000001e-03  1.6386720514123313e-03
-2.9999999999999999e-02 -3.3000000000000002e-02 4.0000000000000001e-03  1.5643323494261424e-03
-2.9999999999999999e-02 -2.9999999999999999e-02 4.0000000000000001e-03  1.5168267831629930e-03
-2.9999999999999999e-02 -2.6999999999999996e-02 4.0000000000000001e-03  1.5060226673801300e-03
-2.9999999999999999e-02 -2.3999999999999997e-02 4.0000000000000001e-03  1.4740392043636385e-03
-2.9999999999999999e-02 -2.0999999999999998e-02 4.0000000000000001e-03  1.4441042461346908e-03
-2.9999999999999999e-02 -1.7999999999999999e-02 4.0000000000000001e-03  1.4196887945548569e-03
-2.9999999999999999e-02 -1.4999999999999999e-02 4.0000000000000001e-03  1.4007882413703471e-03
-2.9999999999999999e-02 -1.1999999999999997e-02 4.0000000000000001e-03  1.3874003570206331e-03
-2.9999999999999999e-02 -8.9999999999999941e-03 4.0000000000000001e-03  1.3795252906384401e-03
-2.9999999999999999e-02 -5.9999999999999984e-03 4.0000000000000001e-03  1.3769929861964143e-03
-2.9999999999999999e-02 -2.9999999999999957e-03 4.0000000000000001e-03  1.3734685626980365e-03
-2.9999999999999999e-02 0.0000000000000000e+00 4.0000000000000001e-03  1.3732004923041909e-03
-2.9999999999999999e-02 3.0000000000000027e-03 4.0000000000000001e-03  1.3857556840591609e-03
-2.9999999999999999e-02 6.0000000000000053e-03 4.0000000000000001e-03  1.3852448577630634e-03
-2.9999999999999999e-02 9.0000000000000011e-03 4.0000000000000001e-03  1.4060456080681244e-03
-2.9999999999999999e-02 1.2000000000000004e-02 4.0000000000000001e-03  1.4179338521994084e-03
-2.9999999999999999e-02 1.4999999999999999e-02 4.0000000000000001e-03  1.4278618098889835e-03
-2.9999999999999999e-02 1.8000000000000002e-02 4.0000000000000001e-03  1.4396792565624728e-03
-2.9999999999999999e-02 2.1000000000000005e-02 4.0000000000000001e-03  1.4555370703277918e-03
-2.9999999999999999e-02 2.4000000000000007e-02 4.0000000000000001e-03  1.4738675560953525e-03
-2.9999999999999999e-02 2.7000000000000010e-02 4.0000000000000001e-03  1.4946588126832298e-03
-2.9999999999999999e-02 2.9999999999999999e-02 4.0000000000000001e-03  1.5191818714168025e-03
-2.9999999999999999e-02 3.3000000000000002e-02 4.0000000000000001e-03  1.5516466564842377e-03
-2.9999999999999999e-02 3.6000000000000004e-02 4.0000000000000001e-03  1.5947691533704155e-03
-2.9999999999999999e-02 3.9000000000000007e-02 4.0000000000000001e-03  1.6510519720728536e-03
-2.9999999999999999e-02 4.2000000000000010e-02 4.0000000000000001e-03  1.7319715684389328e-03
-2.9999999999999999e-02 4.4999999999999998e-02 4.0000000000000001e-03  1.8368949683960946e-03
-2.6999999999999996e-02 -4.4999999999999998e-02 4.0000000000000001e-03  1.9042134984606860e-03
-2.6999999999999996e-02 -4.1999999999999996e-02 4.0000000000000001e-03  1.7929893847415941e-03
-2.6999999999999996e-02 -3.9000000000000000e-02 4.0000000000000001e-03  1.6957681407857891e-03
-2.6999999999999996e-02 -3.5999999999999997e-02 4.0000000000000001e-03  1.6109994092780974e-03
-2.6999999999999996e-02 -3.3000000000000002e-02 4.0000000000000001e-03  1.5448175896899537e-03
-2.6999999999999996e-02 -2.9999999999999999e-02 4.0000000000000001e-03  1.5086947668932183e-03
-2.6999999999999996e-02 -2.6999999999999996e-02 4.0000000000000001e-03  1.4788205248480644e-03
-2.6999999999999996e-02 -2.3999999999999997e-02 4.0000000000000001e-03  1.4511293926001193e-03
-2.6999999999999996e-02 -2.0999999999999998e-02 4.0000000000000001e-03  1.4251030859018109e-03
-2.6999999999999996e-02 -1.7999999999999999e-02 4.0000000000000001e-03  1.4038953342779251e-03
-2.6999999999999996e-02 -1.4999999999999999e-02 4.0000000000000001e-03  1.3882009019868114e-03
-2.6999999999999996e-02 -1.1999999999999997e-02 4.0000000000000001e-03  1.3780165202397525e-03
-2.6999999999999996e-02 -8.9999999999999941e-03 4.0000000000000001e-03  1.3733412989412794e-03
-2.6999999999999996e-02 -5.9999999999999984e-03 4.0000000000000001e-03  1.3716149268253493e-03
-2.6999999999999996e-02 -2.9999999999999957e-03 4.0000000000000001e-03  1.3700086764222032e-03
-2.6999999999999996e-02 0.0000000000000000e+00 4.0000000000000001e-03  1.3671895943532116e-03
-2.6999999999999996e-02 3.0000000000000027e-03 4.0000000000000001e-03  1.3688456721700371e-03
-2.6999999999999996e-02 6.0000000000000053e-03 4.0000000000000001e-03  1.3690161442669877e-03
-2.6999999999999996e-02 9.0000000000000011e-03 4.0000000000000001e-03  1.3741036617946948e-03
-2.6999999999999996e-02 1.2000000000000004e-02 4.0000000000000001e-03  1.3864301704869133e-03
-2.6999999999999996e-02 1.4999999999999999e-02 4.0000000000000001e-03  1.3965631933105572e-03
-2.6999999999999996e-02 1.8000000000000002e-02 4.0000000000000001e-03  1.4068443888756040e-03
-2.6999999999999996e-02 2.1000000000000005e-02 4.0000000000000001e-03  1.4225181348307284e-03
-2.6999999999999996e-02 2.4000000000000007e-02 4.0000000000000001e-03  1.4408482325486253e-03
-2.6999999999999996e-02 2.7000000000000010e-02 4.0000000000000001e-03  1.4618227975946650e-03
-2.6999999999999996e-02 2.9999999999999999e-02 4.0000000000000001e-03  1.4854323426226768e-03
-2.6999999999999996e-02 3.3000000000000002e-02 4.0000000000000001e-03  1.5162185931425758e-03
-2.6999999999999996e-02 3.6000000000000004e-02 4.0000000000000001e-03  1.5552687733566782e-03
-2.6999999999999996e-02 3.9000000000000007e-02 4.0000000000000001e-03  1.6139416241193439e-03
-2.6999999999999996e-02 4.2000000000000010e-02 4.0000000000000001e-03  1.6965172640979319e-03
-2.6999999999999996e-02 4.4999999999999998e-02 4.0000000000000001e-03  1.8028485907565259e-03
-2.3999999999999997e-02 -4.4999999999999998e-02 4.0000000000000001e-03  1.8797819416102395e-03
-2.3999999999999997e-02 -4.1999999999999996e-02 4.0000000000000001e-03  1.7684200698767829e-03
-2.3999999999999997e-02 -3.9000000000000000e-02 4.0000000000000001e-03  1.6712832588956137e-03
-2.3999999999999997e-02 -3.5999999999999997e-02 4.0000000000000001e-03  1.5885325151933302e-03
-2.3999999999999997e-02 -3.3000000000000002e-02 4.0000000000000001e-03  1.5370030907382267e-03
-2.3999999999999997e-02 -2.9999999999999999e-02 4.0000000000000001e-03  1.4907861300681941e-03
-2.3999999999999997e-02 -2.6999999999999996e-02 4.0000000000000001e-03  1.4544226595142064e-03
-2.3999999999999997e-02 -2.3999999999999997e-02 4.0000000000000001e-03  1.4288523544524715e-03
-2.3999999999999997e-02 -2.0999999999999998e-02 4.0000000000000001e-03  1.4051771818473879e-03
-2.3999999999999997e-02 -1.7999999999999999e-02 4.0000000000000001e-03  1.3869213604912548e-03
-2.3999999999999997e-02 -1.4999999999999999e-02 4.0000000000000001e-03  1.3744313424400121e-03
-2.3999999999999997e-02 -1.1999999999999997e-02 4.0000000000000001e-03  1.3674506328408827e-03
-2.3999999999999997e-02 -8.9999999999999941e-03 4.0000000000000001e-03  1.3651266670452926e-03
-2.3999999999999997e-02 -5.9999999999999984e-03 4.0000000000000001e-03  1.3637107933383639e-03
-2.3999999999999997e-02 -2.9999999999999957e-03 4.0000000000000001e-03  1.3628655148517979e-03
-2.3999999999999997e-02 0.0000000000000000e+00 4.0000000000000001e-03  1.3603851660488515e-03
-2.3999999999999997e-02 3.0000000000000027e-03 4.0000000000000001e-03  1.3550140530412444e-03
-2.3999999999999997e-02 6.0000000000000053e-03 4.0000000000000001e-03  1.3528638560052805e-03
-2.3999999999999997e-02 9.0000000000000011e-03 4.0000000000000001e-03  1.3539067423891562e-03
-2.3999999999999997e-02 1.2000000000000004e-02 4.0000000000000001e-03  1.3575876717456777e-03
-2.3999999999999997e-02 1.4999999999999999e-02 4.0000000000000001e-03  1.3717205754033600e-03
-2.3999999999999997e-02 1.8000000000000002e-02 4.0000000000000001e-03  1.3839330297609469e-03
-2.3999999999999997e-02 2.1000000000000005e-02 4.0000000000000001e-03  1.4008280801692261e-03
-2.3999999999999997e-02 2.4000000000000007e-02 4.0000000000000001e-03  1.4203647493688737e-03
-2.3999999999999997e-02 2.7000000000000010e-02 4.0000000000000001e-03  1.4425357232312717e-03
-2.3999999999999997e-02 2.9999999999999999e-02 4.0000000000000001e-03  1.4726617049756123e-03
-2.3999999999999997e-02 3.3000000000000002e-02 4.0000000000000001e-03  1.5101572855785751e-03
-2.3999999999999997e-02 3.6000000000000004e-02 4.0000000000000001e-03  1.5406715992658075e-03
-2.3999999999999997e-02 3.9000000000000007e-02 4.0000000000000001e-03  1.5844722219156965e-03
-2.3999999999999997e-02 4.2000000000000010e-02 4.0000000000000001e-03  1.6586944207867577e-03
-2.3999999999999997e-02 4.4999999999999998e-02 4.0000000000000001e-03  1.7614984305760859e-03
-2.0999999999999998e-02 -4.4999999999999998e-02 4.0000000000000001e-03  1.8588150006893492e-03
-2.0999999999999998e-02 -4.1999999999999996e-02 4.0000000000000001e-03  1.7473020294708154e-03
-2.0999999999999998e-02 -3.9000000000000000e-02 4.0000000000000001e-03  1.6502463454930621e-03
-2.0999999999999998e-02 -3.5999999999999997e-02 4.0000000000000001e-03  1.5797649831922021e-03
-2.0999999999999998e-02 -3.3000000000000002e-02 4.0000000000000001e-03  1.5233358061055983e-03
-2.0999999999999998e-02 -2.9999999999999999e-02 4.0000000000000001e-03  1.4761410969972646e-03
-2.0999999999999998e-02 -2.6999999999999996e-02 4.0000000000000001e-03  1.4376775981737521e-03
-2.0999999999999998e-02 -2.3999999999999997e-02 4.0000000000000001e-03  1.4093833647833786e-03
-2.0999999999999998e-02 -2.0999999999999998e-02 4.0000000000000001e-03  1.3878173020928292e-03
-2.0999999999999998e-02 -1.7999999999999999e-02 4.0000000000000001e-03  1.3687761815376750e-03
-2.0999999999999998e-02 -1.4999999999999999e-02 4.0000000000000001e-03  1.3594861578054424e-03
-2.0999999999999998e-02 -1.1999999999999997e-02 4.0000000000000001e-03  1.3556548675165284e-03
-2.0999999999999998e-02 -8.9999999999999941e-03 4.0000000000000001e-03  1.3541864663058735e-03
-2.0999999999999998e-02 -5.9999999999999984e-03 4.0000000000000001e-03  1.3532765312221139e-03
-2.0999999999999998e-02 -2.9999999999999957e-03 4.0000000000000001e-03  1.3529314726045728e-03
-2.0999999999999998e-02 0.0000000000000000e+00 4.0000000000000001e-03  1.3482120095684692e-03
-2.0999999999999998e-02 3.0000000000000027e-03 4.0000000000000001e-03  1.3431594047376744e-03
-2.0999999999999998e-02 6.0000000000000053e-03 4.0000000000000001e-03  1.3387174293650092e-03
-2.0999999999999998e-02 9.0000000000000011e-03 4.0000000000000001e-03  1.3374879570926181e-03
-2.0999999999999998e-02 1.2000000000000004e-02 4.0000000000000001e-03  1.3395013796654793e-03
-2.0999999999999998e-02 1.4999999999999999e-02 4.0000000000000001e-03  1.3446585844085412e-03
-2.0999999999999998e-02 1.8000000000000002e-02 4.0000000000000001e-03  1.3606180035185202e-03
-2.0999999999999998e-02 2.1000000000000005e-02 4.0000000000000001e-03  1.3781149418651533e-03
-2.0999999999999998e-02 2.4000000000000007e-02 4.0000000000000001e-03  1.3988717688774822e-03
-2.0999999999999998e-02 2.7000000000000010e-02 4.0000000000000001e-03  1.4283365029482370e-03
-2.0999999999999998e-02 2.9999999999999999e-02 4.0000000000000001e-03  1.4642727524774356e-03
-2.0999999999999998e-02 3.3000000000000002e-02 4.0000000000000001e-03  1.4891030979942307e-03
-2.0999999999999998e-02 3.6000000000000004e-02 4.0000000000000001e-03  1.5281419156840381e-03
-2.0999999999999998e-02 3.9000000000000007e-02 4.0000000000000001e-03  1.5828378917108247e-03
-2.0999999999999998e-02 4.2000000000000010e-02 4.0000000000000001e-03  1.6537088649415431e-03
-2.0999999999999998e-02 4.4999999999999998e-02 4.0000000000000001e-03  1.7498009767380215e-03
-1.7999999999999999e-02 -4.4999999999999998e-02 4.0000000000000001e-03  1.8413129079538663e-03
-1.7999999999999999e-02 -4.1999999999999996e-02 4.0000000000000001e-03  1.7296321241312301e-03
-1.7999999999999999e-02 -3.9000000000000000e-02 4.0000000000000001e-03  1.6390309591151799e-03
-1.7999999999999999e-02 -3.5999999999999997e-02 4.0000000000000001e-03  1.5710436898991539e-03
-1.7999999999999999e-02 -3.3000000000000002e-02 4.0000000000000001e-03  1.5131533728195464e-03
-1.7999999999999999e-02 -2.9999999999999999e-02 4.0000000000000001e-03  1.4648167204026662e-03
-1.7999999999999999e-02 -2.6999999999999996e-02 4.0000000000000001e-03  1.4255125670729362e-03
-1.7999999999999999e-02 -2.3999999999999997e-02 4.0000000000000001e-03  1.3947418691529026e-03
-1.7999999999999999e-02 -2.0999999999999998e-02 4.0000000000000001e-03  1.3732677866660154e-03
-1.7999999999999999e-02 -1.7999999999999999e-02 4.0000000000000001e-03  1.3557123278890666e-03
-1.7999999999999999e-02 -1.4999999999999999e-02 4.0000000000000001e-03  1.3433749065252004e-03
-1.7999999999999999e-02 -1.1999999999999997e-02 4.0000000000000001e-03  1.3416830351053587e-03
-1.7999999999999999e-02 -8.9999999999999941e-03 4.0000000000000001e-03  1.3407179042769571e-03
-1.7999999999999999e-02 -5.9999999999999984e-03 4.0000000000000001e-03  1.3403121407981784e-03
-1.7999999999999999e-02 -2.9999999999999957e-03 4.0000000000000001e-03  1.3372224879255510e-03
-1.7999999999999999e-02 0.0000000000000000e+00 4.0000000000000001e-03  1.3328678384999543e-03
-1.7999999999999999e-02 3.0000000000000027e-03 4.0000000000000001e-03  1.3293842563168001e-03
-1.7999999999999999e-02 6.0000000000000053e-03 4.0000000000000001e-03  1.3265390938883739e-03
-1.7999999999999999e-02 9.0000000000000011e-03 4.0000000000000001e-03  1.3230281351020250e-03
-1.7999999999999999e-02 1.2000000000000004e-02 4.0000000000000001e-03  1.3233152122869008e-03
-1.7999999999999999e-02 1.4999999999999999e-02 4.0000000000000001e-03  1.3283743795023089e-03
-1.7999999999999999e-02 1.8000000000000002e-02 4.0000000000000001e-03  1.3359150545158205e-03
-1.7999999999999999e-02 2.1000000000000005e-02 4.0000000000000001e-03  1.3543859243632401e-03
-1.7999999999999999e-02 2.4000000000000007e-02 4.0000000000000001e-03  1.3831787224461586e-03
-1.7999999999999999e-02 2.7000000000000010e-02 4.0000000000000001e-03  1.4169318157508015e-03
-1.7999999999999999e-02 2.9999999999999999e-02 4.0000000000000001e-03  1.4362282448234171e-03
-1.7999999999999999e-02 3.3000000000000002e-02 4.0000000000000001e-03  1.4705485309546285e-03
-1.7999999999999999e-02 3.6000000000000004e-02 4.0000000000000001e-03  1.5204415430197715e-03
-1.7999999999999999e-02 3.9000000000000007e-02 4.0000000000000001e-03  1.5864330695557730e-03
-1.7999999999999999e-02 4.2000000000000010e-02 4.0000000000000001e-03  1.6690258187611470e-03
-1.7999999999999999e-02 4.4999999999999998e-02 4.0000000000000001e-03  1.7686994184959802e-03
-1.4999999999999999e-02 -4.4999999999999998e-02 4.0000000000000001e-03  1.8272769231813728e-03
-1.4999999999999999e-02 -4.1999999999999996e-02 4.0000000000000001e-03  1.7170764855870657e-03
-1.4999999999999999e-02 -3.9000000000000000e-02 4.0000000000000001e-03  1.6360615513534135e-03
-1.4999999999999999e-02 -3.5999999999999997e-02 4.0000000000000001e-03  1.5660763919762241e-03
-1.4999999999999999e-02 -3.3000000000000002e-02 4.0000000000000001e-03  1.5065376902015373e-03
-1.4999999999999999e-02 -2.9999999999999999e-02 4.0000000000000001e-03  1.4568842506735393e-03
-1.4999999999999999e-02 -2.6999999999999996e-02 4.0000000000000001e-03  1.4165769999345251e-03
-1.4999999999999999e-02 -2.3999999999999997e-02 4.0000000000000001e-03  1.3850989864249215e-03
-1.4999999999999999e-02 -2.0999999999999998e-02 4.0000000000000001e-03  1.3619553804832790e-03
-1.4999999999999999e-02 -1.7999999999999999e-02 4.0000000000000001e-03  1.3458922025976902e-03
-1.4999999999999999e-02 -1.4999999999999999e-02 4.0000000000000001e-03  1.3339864383341185e-03
-1.4999999999999999e-02 -1.1999999999999997e-02 4.0000000000000001e-03  1.3280511989925644e-03
-1.4999999999999999e-02 -8.9999999999999941e-03 4.0000000000000001e-03  1.3247249396867934e-03
-1.4999999999999999e-02 -5.9999999999999984e-03 4.0000000000000001e-03  1.3232178524038882e-03
-1.4999999999999999e-02 -2.9999999999999957e-03 4.0000000000000001e-03  1.3188465012740629e-03
-1.4999999999999999e-02 0.0000000000000000e+00 4.0000000000000001e-03  1.3153437975248160e-03
-1.4999999999999999e-02 3.0000000000000027e-03 4.0000000000000001e-03  1.3127087354000326e-03
-1.4999999999999999e-02 6.0000000000000053e-03 4.0000000000000001e-03  1.3109411583042616e-03
-1.4999999999999999e-02 9.0000000000000011e-03 4.0000000000000001e-03  1.3100417588027145e-03
-1.4999999999999999e-02 1.2000000000000004e-02 4.0000000000000001e-03  1.3079513705647899e-03
-1.4999999999999999e-02 1.4999999999999999e-02 4.0000000000000001e-03  1.3125641716374623e-03
-1.4999999999999999e-02 1.8000000000000002e-02 4.0000000000000001e-03  1.3205182096375160e-03
-1.4999999999999999e-02 2.1000000000000005e-02 4.0000000000000001e-03  1.3366020717257357e-03
-1.4999999999999999e-02 2.4000000000000007e-02 4.0000000000000001e-03  1.3673127577972994e-03
-1.4999999999999999e-02 2.7000000000000010e-02 4.0000000000000001e-03  1.3820213812248577e-03
-1.4999999999999999e-02 2.9999999999999999e-02 4.0000000000000001e-03  1.4116592449944462e-03
-1.4999999999999999e-02 3.3000000000000002e-02 4.0000000000000001e-03  1.4567831676513857e-03
-1.4999999999999999e-02 3.6000000000000004e-02 4.0000000000000001e-03  1.5179268874025689e-03
-1.4999999999999999e-02 3.9000000000000007e-02 4.0000000000000001e-03  1.5956010621164837e-03
-1.4999999999999999e-02 4.2000000000000010e-02 4.0000000000000001e-03  1.6902932693231897e-03
-1.4999999999999999e-02 4.4999999999999998e-02 4.0000000000000001e-03  1.8024680062143342e-03
-1.1999999999999997e-02 -4.4999999999999998e-02 4.0000000000000001e-03  1.8164019819076154e-03
-1.1999999999999997e-02 -4.1999999999999996e-02 4.0000000000000001e-03  1.7207661125928102e-03
-1.1999999999999997e-02 -3.9000000000000000e-02 4.0000000000000001e-03  1.6371631794163744e-03
-1.1999999999999997e-02 -3.5999999999999997e-02 4.0000000000000001e-03  1.5649698353441114e-03
-1.1999999999999997e-02 -3.3000000000000002e-02 4.0000000000000001e-03  1.5036217825209653e-03
-1.1999999999999997e-02 -2.9999999999999999e-02 4.0000000000000001e-03  1.4534397314819793e-03
-1.1999999999999997e-02 -2.6999999999999996e-02 4.0000000000000001e-03  1.4130736010579100e-03
-1.1999999999999997e-02 -2.3999999999999997e-02 4.0000000000000001e-03  1.3814467950590994e-03
-1.1999999999999997e-02 -2.0999999999999998e-02 4.0000000000000001e-03  1.3573448495522241e-03
-1.1999999999999997e-02 -1.7999999999999999e-02 4.0000000000000001e-03  1.3379265182426581e-03
-1.1999999999999997e-02 -1.4999999999999999e-02 4.0000000000000001e-03  1.3292681669687511e-03
-1.1999999999999997e-02 -1.1999999999999997e-02 4.0000000000000001e-03  1.3222097224124697e-03
-1.1999999999999997e-02 -8.9999999999999941e-03 4.0000000000000001e-03  1.3150724147866736e-03
-1.1999999999999997e-02 -5.9999999999999984e-03 4.0000000000000001e-03  1.3087653320273400e-03
-1.1999999999999997e-02 -2.9999999999999957e-03 4.0000000000000001e-03  1.3034462907769221e-03
-1.1999999999999997e-02 0.0000000000000000e+00 4.0000000000000001e-03  1.2992440342415603e-03
-1.1999999999999997e-02 3.0000000000000027e-03 4.0000000000000001e-03  1.2959979897805979e-03
-1.1999999999999997e-02 6.0000000000000053e-03 4.0000000000000001e-03  1.2937047966136111e-03
-1.1999999999999997e-02 9.0000000000000011e-03 4.0000000000000001e-03  1.2928892355997237e-03
-1.1999999999999997e-02 1.2000000000000004e-02 4.0000000000000001e-03  1.2937012809392130e-03
-1.1999999999999997e-02 1.4999999999999999e-02 4.0000000000000001e-03  1.2967798461874928e-03
-1.1999999999999997e-02 1.8000000000000002e-02 4.0000000000000001e-03  1.3114623461895085e-03
-1.1999999999999997e-02 2.1000000000000005e-02 4.0000000000000001e-03  1.3266315495264259e-03
-1.1999999999999997e-02 2.4000000000000007e-02 4.0000000000000001e-03  1.3465378125295034e-03
-1.1999999999999997e-02 2.7000000000000010e-02 4.0000000000000001e-03  1.3630774690053017e-03
-1.1999999999999997e-02 2.9999999999999999e-02 4.0000000000000001e-03  1.3957459899847737e-03
-1.1999999999999997e-02 3.3000000000000002e-02 4.0000000000000001e-03  1.4451899506122436e-03
-1.1999999999999997e-02 3.6000000000000004e-02 4.0000000000000001e-03  1.5120303623694694e-03
-1.1999999999999997e-02 3.9000000000000007e-02 4.0000000000000001e-03  1.5968626730756114e-03
-1.1999999999999997e-02 4.2000000000000010e-02 4.0000000000000001e-03  1.7002567668872573e-03
-1.1999999999999997e-02 4.4999999999999998e-02 4.0000000000000001e-03  1.8227569642984198e-03
-8.9999999999999941e-03 -4.4999999999999998e-02 4.0000000000000001e-03  1.8241206043358741e-03
-8.9999999999999941e-03 -4.1999999999999996e-02 4.0000000000000001e-03  1.7243533638363500e-03
-8.9999999999999941e-03 -3.9000000000000000e-02 4.0000000000000001e-03  1.6385245264740030e-03
-8.9999999999999941e-03 -3.5999999999999997e-02 4.0000000000000001e-03  1.5653428602227916e-03
-8.9999999999999941e-03 -3.3000000000000002e-02 4.0000000000000001e-03  1.5035826066851011e-03
-8.9999999999999941e-03 -2.9999999999999999e-02 4.0000000000000001e-03  1.4520834810917468e-03
-8.9999999999999941e-03 -2.6999999999999996e-02 4.0000000000000001e-03  1.4097506723019730e-03
-8.9999999999999941e-03 -2.3999999999999997e-02 4.0000000000000001e-03  1.3771993610977558e-03
-8.9999999999999941e-03 -2.0999999999999998e-02 4.0000000000000001e-03  1.3544506448054888e-03
-8.9999999999999941e-03 -1.7999999999999999e-02 4.0000000000000001e-03  1.3345526637111517e-03
-8.9999999999999941e-03 -1.4999999999999999e-02 4.0000000000000001e-03  1.3226109933004711e-03
-8.9999999999999941e-03 -1.1999999999999997e-02 4.0000000000000001e-03  1.3146863204160934e-03
-8.9999999999999941e-03 -8.9999999999999941e-03 4.0000000000000001e-03  1.3075998211975507e-03
-8.9999999999999941e-03 -5.9999999999999984e-03 4.0000000000000001e-03  1.3013483687717520e-03
-8.9999999999999941e-03 -2.9999999999999957e-03 4.0000000000000001e-03  1.2959288340923894e-03
-8.9999999999999941e-03 0.0000000000000000e+00 4.0000000000000001e-03  1.2913380859399402e-03
-8.9999999999999941e-03 3.0000000000000027e-03 4.0000000000000001e-03  1.2881534039166913e-03
-8.9999999999999941e-03 6.0000000000000053e-03 4.0000000000000001e-03  1.2861195592679033e-03
-8.9999999999999941e-03 9.0000000000000011e-03 4.0000000000000001e-03  1.2850402421412384e-03
-8.9999999999999941e-03 1.2000000000000004e-02 4.0000000000000001e-03  1.2849123405402354e-03
-8.9999999999999941e-03 1.4999999999999999e-02 4.0000000000000001e-03  1.2902398262425072e-03
-8.9999999999999941e-03 1.8000000000000002e-02 4.0000000000000001e-03  1.3048754598227173e-03
-8.9999999999999941e-03 2.1000000000000005e-02 4.0000000000000001e-03  1.3195517558345833e-03
-8.9999999999999941e-03 2.4000000000000007e-02 4.0000000000000001e-03  1.3353888760100753e-03
-8.9999999999999941e-03 2.7000000000000010e-02 4.0000000000000001e-03  1.3551103174205253e-03
-8.9999999999999941e-03 2.9999999999999999e-02 4.0000000000000001e-03  1.3891041636562012e-03
-8.9999999999999941e-03 3.3000000000000002e-02 4.0000000000000001e-03  1.4378893083393045e-03
-8.9999999999999941e-03 3.6000000000000004e-02 4.0000000000000001e-03  1.5019690680634211e-03
-8.9999999999999941e-03 3.9000000000000007e-02 4.0000000000000001e-03  1.5818311823935192e-03
-8.9999999999999941e-03 4.2000000000000010e-02 4.0000000000000001e-03  1.6779478138659579e-03
-8.9999999999999941e-03 4.4999999999999998e-02 4.0000000000000001e-03  1.7907755479884726e-03
-5.9999999999999984e-03 -4.4999999999999998e-02 4.0000000000000001e-03  1.8246103581698971e-03
-5.9999999999999984e-03 -4.1999999999999996e-02 4.0000000000000001e-03  1.7204242166612680e-03
-5.9999999999999984e-03 -3.9000000000000000e-02 4.0000000000000001e-03  1.6349356367290891e-03
-5.9999999999999984e-03 -3.5999999999999997e-02 4.0000000000000001e-03  1.5613555771290613e-03
-5.9999999999999984e-03 -3.3000000000000002e-02 4.0000000000000001e-03  1.4985055381409045e-03
-5.9999999999999984e-03 -2.9999999999999999e-02 4.0000000000000001e-03  1.4452724936727575e-03
-5.9999999999999984e-03 -2.6999999999999996e-02 4.0000000000000001e-03  1.4012708223161206e-03
-5.9999999999999984e-03 -2.3999999999999997e-02 4.0000000000000001e-03  1.3766902606227121e-03
-5.9999999999999984e-03 -2.0999999999999998e-02 4.0000000000000001e-03  1.3545697416532758e-03
-5.9999999999999984e-03 -1.7999999999999999e-02 4.0000000000000001e-03  1.3356471759469115e-03
-5.9999999999999984e-03 -1.4999999999999999e-02 4.0000000000000001e-03  1.3209930216087542e-03
-5.9999999999999984e-03 -1.1999999999999997e-02 4.0000000000000001e-03  1.3108735040572338e-03
-5.9999999999999984e-03 -8.9999999999999941e-03 4.0000000000000001e-03  1.3029413027656729e-03
-5.9999999999999984e-03 -5.9999999999999984e-03 4.0000000000000001e-03  1.2967414656865970e-03
-5.9999999999999984e-03 -2.9999999999999957e-03 4.0000000000000001e-03  1.2913784877313633e-03
-5.9999999999999984e-03 0.0000000000000000e+00 4.0000000000000001e-03  1.2868489738778574e-03
-5.9999999999999984e-03 3.0000000000000027e-03 4.0000000000000001e-03  1.2831495269307507e-03
-5.9999999999999984e-03 6.0000000000000053e-03 4.0000000000000001e-03  1.2802936296778678e-03
-5.9999999999999984e-03 9.0000000000000011e-03 4.0000000000000001e-03  1.2794741157798708e-03
-5.9999999999999984e-03 1.2000000000000004e-02 4.0000000000000001e-03  1.2796113379978191e-03
-5.9999999999999984e-03 1.4999999999999999e-02 4.0000000000000001e-03  1.2852398522455409e-03
-5.9999999999999984e-03 1.8000000000000002e-02 4.0000000000000001e-03  1.3002554877135496e-03
-5.9999999999999984e-03 2.1000000000000005e-02 4.0000000000000001e-03  1.3153307067551819e-03
-5.9999999999999984e-03 2.4000000000000007e-02 4.0000000000000001e-03  1.3377633636068986e-03
-5.9999999999999984e-03 2.7000000000000010e-02 4.0000000000000001e-03  1.3698593798116717e-03
-5.9999999999999984e-03 2.9999999999999999e-02 4.0000000000000001e-03  1.3967863900493766e-03
-5.9999999999999984e-03 3.3000000000000002e-02 4.0000000000000001e-03  1.4381311500700589e-03
-5.9999999999999984e-03 3.6000000000000004e-02 4.0000000000000001e-03  1.4944115841676845e-03
-5.9999999999999984e-03 3.9000000000000007e-02 4.0000000000000001e-03  1.5661300396076039e-03
-5.9999999999999984e-03 4.2000000000000010e-02 4.0000000000000001e-03  1.6537732866265542e-03
-5.9999999999999984e-03 4.4999999999999998e-02 4.0000000000000001e-03  1.7578125184326558e-03
-2.9999999999999957e-03 -4.4999999999999998e-02 4.0000000000000001e-03  1.8423001591018908e-03
-2.9999999999999957e-03 -4.1999999999999996e-02 4.0000000000000001e-03  1.7242318796765461e-03
-2.9999999999999957e-03 -3.9000000000000000e-02 4.0000000000000001e-03  1.6269320420550432e-03
-2.9999999999999957e-03 -3.5999999999999997e-02 4.0000000000000001e-03  1.5524651213268301e-03
-2.9999999999999957e-03 -3.3000000000000002e-02 4.0000000000000001e-03  1.4880895581731656e-03
-2.9999999999999957e-03 -2.9999999999999999e-02 4.0000000000000001e-03  1.4327395851795137e-03
-2.9999999999999957e-03 -2.6999999999999996e-02 4.0000000000000001e-03  1.4031034541365319e-03
-2.9999999999999957e-03 -2.3999999999999997e-02 4.0000000000000001e-03  1.3786982625711439e-03
-2.9999999999999957e-03 -2.0999999999999998e-02 4.0000000000000001e-03  1.3582983775552119e-03
-2.9999999999999957e-03 -1.7999999999999999e-02 4.0000000000000001e-03  1.3384672514563504e-03
-2.9999999999999957e-03 -1.4999999999999999e-02 4.0000000000000001e-03  1.3209615012614851e-03
-2.9999999999999957e-03 -1.1999999999999997e-02 4.0000000000000001e-03  1.3107528159563122e-03
-2.9999999999999957e-03 -8.9999999999999941e-03 4.0000000000000001e-03  1.3021177228516360e-03
-2.9999999999999957e-03 -5.9999999999999984e-03 4.0000000000000001e-03  1.2950591701873522e-03
-2.9999999999999957e-03 -2.9999999999999957e-03 4.0000000000000001e-03  1.2896373419992041e-03
-2.9999999999999957e-03 0.0000000000000000e+00 4.0000000000000001e-03  1.2851665081583330e-03
-2.9999999999999957e-03 3.0000000000000027e-03 4.0000000000000001e-03  1.2815305382498042e-03
-2.9999999999999957e-03 6.0000000000000053e-03 4.0000000000000001e-03  1.2787257691024801e-03
-2.9999999999999957e-03 9.0000000000000011e-03 4.0000000000000001e-03  1.2767485353720046e-03
-2.9999999999999957e-03 1.2000000000000004e-02 4.0000000000000001e-03  1.2760674564094802e-03
-2.9999999999999957e-03 1.4999999999999999e-02 4.0000000000000001e-03  1.2819942076709187e-03
-2.9999999999999957e-03 1.8000000000000002e-02 4.0000000000000001e-03  1.2973847785738152e-03
-2.9999999999999957e-03 2.1000000000000005e-02 4.0000000000000001e-03  1.3128552254975760e-03
-2.9999999999999957e-03 2.4000000000000007e-02 4.0000000000000001e-03  1.3365884896177585e-03
-2.9999999999999957e-03 2.7000000000000010e-02 4.0000000000000001e-03  1.3757044368378267e-03
-2.9999999999999957e-03 2.9999999999999999e-02 4.0000000000000001e-03  1.4078665806490955e-03
-2.9999999999999957e-03 3.3000000000000002e-02 4.0000000000000001e-03  1.4420137470033594e-03
-2.9999999999999957e-03 3.6000000000000004e-02 4.0000000000000001e-03  1.4907344597174688e-03
-2.9999999999999957e-03 3.9000000000000007e-02 4.0000000000000001e-03  1.5545456737571541e-03
-2.9999999999999957e-03 4.2000000000000010e-02 4.0000000000000001e-03  1.6339487670595371e-03
-2.9999999999999957e-03 4.4999999999999998e-02 4.0000000000000001e-03  1.7294295405331133e-03
0.0000000000000000e+00 -4.4999999999999998e-02 4.0000000000000001e-03  1.8567752917263867e-03
0.0000000000000000e+00 -4.1999999999999996e-02 4.0000000000000001e-03  1.7330801902176046e-03
0.0000000000000000e+00 -3.9000000000000000e-02 4.0000000000000001e-03  1.6295428201294130e-03
0.0000000000000000e+00 -3.5999999999999997e-02 4.0000000000000001e-03  1.5425547670235844e-03
0.0000000000000000e+00 -3.3000000000000002e-02 4.0000000000000001e-03  1.4720757407490012e-03
0.0000000000000000e+00 -2.9999999999999999e-02 4.0000000000000001e-03  1.4337096212153006e-03
0.0000000000000000e+00 -2.6999999999999996e-02 4.0000000000000001e-03  1.4074046317712296e-03
0.0000000000000000e+00 -2.3999999999999997e-02 4.0000000000000001e-03  1.3850394365427217e-03
0.0000000000000000e+00 -2.0999999999999998e-02 4.0000000000000001e-03  1.3637402171535055e-03
0.0000000000000000e+00 -1.7999999999999999e-02 4.0000000000000001e-03  1.3430051196291434e-03
0.0000000000000000e+00 -1.4999999999999999e-02 4.0000000000000001e-03  1.3228432460502394e-03
0.0000000000000000e+00 -1.1999999999999997e-02 4.0000000000000001e-03  1.3117408226498899e-03
0.0000000000000000e+00 -8.9999999999999941e-03 4.0000000000000001e-03  1.3030195211301090e-03
0.0000000000000000e+00 -5.9999999999999984e-03 4.0000000000000001e-03  1.2958729835181851e-03
0.0000000000000000e+00 -2.9999999999999957e-03 4.0000000000000001e-03  1.2903038373857428e-03
0.0000000000000000e+00 0.0000000000000000e+00 4.0000000000000001e-03  1.2862931707390370e-03
0.0000000000000000e+00 3.0000000000000027e-03 4.0000000000000001e-03  1.2827192010295585e-03
0.0000000000000000e+00 6.0000000000000053e-03 4.0000000000000001e-03  1.2799813485583557e-03
0.0000000000000000e+00 9.0000000000000011e-03 4.0000000000000001e-03  1.2780756841784852e-03
0.0000000000000000e+00 1.2000000000000004e-02 4.0000000000000001e-03  1.2769982765697848e-03
0.0000000000000000e+00 1.4999999999999999e-02 4.0000000000000001e-03  1.2815159628758557e-03
0.0000000000000000e+00 1.8000000000000002e-02 4.0000000000000001e-03  1.2962633431731793e-03
0.0000000000000000e+00 2.1000000000000005e-02 4.0000000000000001e-03  1.3121229861914954e-03
0.0000000000000000e+00 2.4000000000000007e-02 4.0000000000000001e-03  1.3371545411384358e-03
0.0000000000000000e+00 2.7000000000000010e-02 4.0000000000000001e-03  1.3796009110051844e-03
0.0000000000000000e+00 2.9999999999999999e-02 4.0000000000000001e-03  1.4168028220243984e-03
0.0000000000000000e+00 3.3000000000000002e-02 4.0000000000000001e-03  1.4493784180392229e-03
0.0000000000000000e+00 3.6000000000000004e-02 4.0000000000000001e-03  1.4907779985864026e-03
0.0000000000000000e+00 3.9000000000000007e-02 4.0000000000000001e-03  1.5469173736894189e-03
0.0000000000000000e+00 4.2000000000000010e-02 4.0000000000000001e-03  1.6183125289857647e-03
0.0000000000000000e+00 4.4999999999999998e-02 4.0000000000000001e-03  1.7054638730843235e-03
3.0000000000000027e-03 -4.4999999999999998e-02 4.0000000000000001e-03  1.8680253753288463e-03
3.0000000000000027e-03 -4.1999999999999996e-02 4.0000000000000001e-03  1.7388840627686178e-03
3.0000000000000027e-03 -3.9000000000000000e-02 4.0000000000000001e-03  1.6300115192087353e-03
3.0000000000000027e-03 -3.5999999999999997e-02 4.0000000000000001e-03  1.5378551986732058e-03
3.0000000000000027e-03 -3.3000000000000002e-02 4.0000000000000001e-03  1.4779345659339633e-03
3.0000000000000027e-03 -2.9999999999999999e-02 4.0000000000000001e-03  1.4404060819637181e-03
3.0000000000000027e-03 -2.6999999999999996e-02 4.0000000000000001e-03  1.4158868472799492e-03
3.0000000000000027e-03 -2.3999999999999997e-02 4.0000000000000001e-03  1.3930996232222371e-03
3.0000000000000027e-03 -2.0999999999999998e-02 4.0000000000000001e-03  1.3708951085323866e-03
3.0000000000000027e-03 -1.7999999999999999e-02 4.0000000000000001e-03  1.3492566128257793e-03
3.0000000000000027e-03 -1.4999999999999999e-02 4.0000000000000001e-03  1.3281849885412650e-03
3.0000000000000027e-03 -1.1999999999999997e-02 4.0000000000000001e-03  1.3138316533192035e-03
3.0000000000000027e-03 -8.9999999999999941e-03 4.0000000000000001e-03  1.3050268272912617e-03
3.0000000000000027e-03 -5.9999999999999984e-03 4.0000000000000001e-03  1.2977971065290870e-03
3.0000000000000027e-03 -2.9999999999999957e-03 4.0000000000000001e-03  1.2921440193341743e-03
3.0000000000000027e-03 0.0000000000000000e+00 4.0000000000000001e-03  1.2880698726098702e-03
3.0000000000000027e-03 3.0000000000000027e-03 4.0000000000000001e-03  1.2855777518613683e-03
3.0000000000000027e-03 6.0000000000000053e-03 4.0000000000000001e-03  1.2840463718059927e-03
3.0000000000000027e-03 9.0000000000000011e-03 4.0000000000000001e-03  1.2822122606376976e-03
3.0000000000000027e-03 1.2000000000000004e-02 4.0000000000000001e-03  1.2825245327939658e-03
3.0000000000000027e-03 1.4999999999999999e-02 4.0000000000000001e-03  1.2863008933180113e-03
3.0000000000000027e-03 1.8000000000000002e-02 4.0000000000000001e-03  1.2991925828904252e-03
3.0000000000000027e-03 2.1000000000000005e-02 4.0000000000000001e-03  1.3135788601984226e-03
3.0000000000000027e-03 2.4000000000000007e-02 4.0000000000000001e-03  1.3394643414652966e-03
3.0000000000000027e-03 2.7000000000000010e-02 4.0000000000000001e-03  1.3852508711056858e-03
3.0000000000000027e-03 2.9999999999999999e-02 4.0000000000000001e-03  1.4257700167784387e-03
3.0000000000000027e-03 3.3000000000000002e-02 4.0000000000000001e-03  1.4610394088157886e-03
3.0000000000000027e-03 3.6000000000000004e-02 4.0000000000000001e-03  1.4943841619085635e-03
3.0000000000000027e-03 3.9000000000000007e-02 4.0000000000000001e-03  1.5430860855120850e-03
3.0000000000000027e-03 4.2000000000000010e-02 4.0000000000000001e-03  1.6067045034865437e-03
3.0000000000000027e-03 4.4999999999999998e-02 4.0000000000000001e-03  1.6893343784664149e-03
6.0000000000000053e-03 -4.4999999999999998e-02 4.0000000000000001e-03  1.8760462342435507e-03
6.0000000000000053e-03 -4.1999999999999996e-02 4.0000000000000001e-03  1.7416391711383293e-03
6.0000000000000053e-03 -3.9000000000000000e-02 4.0000000000000001e-03  1.6276227873533618e-03
6.0000000000000053e-03 -3.5999999999999997e-02 4.0000000000000001e-03  1.5508533018126496e-03
6.0000000000000053e-03 -3.3000000000000002e-02 4.0000000000000001e-03  1.5036920066382512e-03
6.0000000000000053e-03 -2.9999999999999999e-02 4.0000000000000001e-03  1.4461018218870441e-03
6.0000000000000053e-03 -2.6999999999999996e-02 4.0000000000000001e-03  1.4209141747345551e-03
6.0000000000000053e-03 -2.3999999999999997e-02 4.0000000000000001e-03  1.4028862893884788e-03
6.0000000000000053e-03 -2.0999999999999998e-02 4.0000000000000001e-03  1.3797665027468961e-03
6.0000000000000053e-03 -1.7999999999999999e-02 4.0000000000000001e-03  1.3572211663775669e-03
6.0000000000000053e-03 -1.4999999999999999e-02 4.0000000000000001e-03  1.3352428830775726e-03
6.0000000000000053e-03 -1.1999999999999997e-02 4.0000000000000001e-03  1.3170237386729321e-03
6.0000000000000053e-03 -8.9999999999999941e-03 4.0000000000000001e-03  1.3081350014593311e-03
6.0000000000000053e-03 -5.9999999999999984e-03 4.0000000000000001e-03  1.3008238287598418e-03
6.0000000000000053e-03 -2.9999999999999957e-03 4.0000000000000001e-03  1.2950906496058334e-03
6.0000000000000053e-03 0.0000000000000000e+00 4.0000000000000001e-03  1.2909366716305326e-03
6.0000000000000053e-03 3.0000000000000027e-03 4.0000000000000001e-03  1.2883638810690108e-03
6.0000000000000053e-03 6.0000000000000053e-03 4.0000000000000001e-03  1.2873750427581914e-03
6.0000000000000053e-03 9.0000000000000011e-03 4.0000000000000001e-03  1.2883281104388473e-03
6.0000000000000053e-03 1.2000000000000004e-02 4.0000000000000001e-03  1.2918154659152900e-03
6.0000000000000053e-03 1.4999999999999999e-02 4.0000000000000001e-03  1.2947962995698136e-03
6.0000000000000053e-03 1.8000000000000002e-02 4.0000000000000001e-03  1.3045303147579974e-03
6.0000000000000053e-03 2.1000000000000005e-02 4.0000000000000001e-03  1.3240636534548507e-03
6.0000000000000053e-03 2.4000000000000007e-02 4.0000000000000001e-03  1.3453083223623388e-03
6.0000000000000053e-03 2.7000000000000010e-02 4.0000000000000001e-03  1.3900529120988176e-03
6.0000000000000053e-03 2.9999999999999999e-02 4.0000000000000001e-03  1.4356841006033362e-03
6.0000000000000053e-03 3.3000000000000002e-02 4.0000000000000001e-03  1.4750958770231733e-03
6.0000000000000053e-03 3.6000000000000004e-02 4.0000000000000001e-03  1.5084150869515553e-03
6.0000000000000053e-03 3.9000000000000007e-02 4.0000000000000001e-03  1.5428944125932733e-03
6.0000000000000053e-03 4.2000000000000010e-02 4.0000000000000001e-03  1.5989662789036155e-03
6.0000000000000053e-03 4.4999999999999998e-02 4.0000000000000001e-03  1.6836838591340459e-03
9.0000000000000011e-03 -4.4999999999999998e-02 4.0000000000000001e-03  1.8808398978536164e-03
9.0000000000000011e-03 -4.1999999999999996e-02 4.0000000000000001e-03  1.7413473941843213e-03
9.0000000000000011e-03 -3.9000000000000000e-02 4.0000000000000001e-03  1.6434048115731212e-03
9.0000000000000011e-03 -3.5999999999999997e-02 4.0000000000000001e-03  1.5851555673174224e-03
9.0000000000000011e-03 -3.3000000000000002e-02 4.0000000000000001e-03  1.5139033531592079e-03
9.0000000000000011e-03 -2.9999999999999999e-02 4.0000000000000001e-03  1.4510012212983012e-03
9.0000000000000011e-03 -2.6999999999999996e-02 4.0000000000000001e-03  1.4103060208732008e-03
9.0000000000000011e-03 -2.3999999999999997e-02 4.0000000000000001e-03  1.4009056893703781e-03
9.0000000000000011e-03 -2.0999999999999998e-02 4.0000000000000001e-03  1.3893485167897866e-03
9.0000000000000011e-03 -1.7999999999999999e-02 4.0000000000000001e-03  1.3669018185866347e-03
9.0000000000000011e-03 -1.4999999999999999e-02 4.0000000000000001e-03  1.3440159522375491e-03
9.0000000000000011e-03 -1.1999999999999997e-02 4.0000000000000001e-03  1.3217057507544188e-03
9.0000000000000011e-03 -8.9999999999999941e-03 4.0000000000000001e-03  1.3123437052859938e-03
9.0000000000000011e-03 -5.9999999999999984e-03 4.0000000000000001e-03  1.3049497412776858e-03
9.0000000000000011e-03 -2.9999999999999957e-03 4.0000000000000001e-03  1.2991372486835151e-03
9.0000000000000011e-03 0.0000000000000000e+00 4.0000000000000001e-03  1.2949063358665867e-03
9.0000000000000011e-03 3.0000000000000027e-03 4.0000000000000001e-03  1.2927281883011710e-03
9.0000000000000011e-03 6.0000000000000053e-03 4.0000000000000001e-03  1.2940274044173669e-03
9.0000000000000011e-03 9.0000000000000011e-03 4.0000000000000001e-03  1.2957574689050086e-03
9.0000000000000011e-03 1.2000000000000004e-02 4.0000000000000001e-03  1.2980034485058681e-03
9.0000000000000011e-03 1.4999999999999999e-02 4.0000000000000001e-03  1.3082437471979892e-03
9.0000000000000011e-03 1.8000000000000002e-02 4.0000000000000001e-03  1.3216494011896102e-03
9.0000000000000011e-03 2.1000000000000005e-02 4.0000000000000001e-03  1.3419459688670330e-03
9.0000000000000011e-03 2.4000000000000007e-02 4.0000000000000001e-03  1.3631893929698146e-03
9.0000000000000011e-03 2.7000000000000010e-02 4.0000000000000001e-03  1.3916967648609647e-03
9.0000000000000011e-03 2.9999999999999999e-02 4.0000000000000001e-03  1.4374000490862259e-03
9.0000000000000011e-03 3.3000000000000002e-02 4.0000000000000001e-03  1.4799218211528780e-03
9.0000000000000011e-03 3.6000000000000004e-02 4.0000000000000001e-03  1.5192600717485484e-03
9.0000000000000011e-03 3.9000000000000007e-02 4.0000000000000001e-03  1.5554186009833621e-03
9.0000000000000011e-03 4.2000000000000010e-02 4.0000000000000001e-03  1.6015349397559306e-03
9.0000000000000011e-03 4.4999999999999998e-02 4.0000000000000001e-03  1.6856658394843493e-03
1.2000000000000004e-02 -4.4999999999999998e-02 4.0000000000000001e-03  1.8824146005909999e-03
1.2000000000000004e-02 -4.1999999999999996e-02 4.0000000000000001e-03  1.7585099535014960e-03
1.2000000000000004e-02 -3.9000000000000000e-02 4.0000000000000001e-03  1.6821657068896941e-03
1.2000000000000004e-02 -3.5999999999999997e-02 4.0000000000000001e-03  1.5991816225097630e-03
1.2000000000000004e-02 -3.3000000000000002e-02 4.0000000000000001e-03  1.5262386750483014e-03
1.2000000000000004e-02 -2.9999999999999999e-02 4.0000000000000001e-03  1.4618893211806644e-03
1.2000000000000004e-02 -2.6999999999999996e-02 4.0000000000000001e-03  1.4056232052563917e-03
1.2000000000000004e-02 -2.3999999999999997e-02 4.0000000000000001e-03  1.3964243566011671e-03
1.2000000000000004e-02 -2.0999999999999998e-02 4.0000000000000001e-03  1.3850811362962820e-03
1.2000000000000004e-02 -1.7999999999999999e-02 4.0000000000000001e-03  1.3715691532408592e-03
1.2000000000000004e-02 -1.4999999999999999e-02 4.0000000000000001e-03  1.3545068215704019e-03
1.2000000000000004e-02 -1.1999999999999997e-02 4.0000000000000001e-03  1.3312890976275365e-03
1.2000000000000004e-02 -8.9999999999999941e-03 4.0000000000000001e-03  1.3176569019503681e-03
1.2000000000000004e-02 -5.9999999999999984e-03 4.0000000000000001e-03  1.3101757366772910e-03
1.2000000000000004e-02 -2.9999999999999957e-03 4.0000000000000001e-03  1.3048162964209554e-03
1.2000000000000004e-02 0.0000000000000000e+00 4.0000000000000001e-03  1.3039000183747240e-03
1.2000000000000004e-02 3.0000000000000027e-03 4.0000000000000001e-03  1.3034396543620179e-03
1.2000000000000004e-02 6.0000000000000053e-03 4.0000000000000001e-03  1.3034231028397922e-03
1.2000000000000004e-02 9.0000000000000011e-03 4.0000000000000001e-03  1.3112057292888435e-03
1.2000000000000004e-02 1.2000000000000004e-02 4.0000000000000001e-03  1.3200449987460336e-03
1.2000000000000004e-02 1.4999999999999999e-02 4.0000000000000001e-03  1.3298713381390990e-03
1.2000000000000004e-02 1.8000000000000002e-02 4.0000000000000001e-03  1.3406846551583193e-03
1.2000000000000004e-02 2.1000000000000005e-02 4.0000000000000001e-03  1.3609146733953689e-03
1.2000000000000004e-02 2.4000000000000007e-02 4.0000000000000001e-03  1.3816277769268927e-03
1.2000000000000004e-02 2.7000000000000010e-02 4.0000000000000001e-03  1.4015439498578914e-03
1.2000000000000004e-02 2.9999999999999999e-02 4.0000000000000001e-03  1.4397478387999558e-03
1.2000000000000004e-02 3.3000000000000002e-02 4.0000000000000001e-03  1.4823431138036019e-03
1.2000000000000004e-02 3.6000000000000004e-02 4.0000000000000001e-03  1.5217572665803868e-03
1.2000000000000004e-02 3.9000000000000007e-02 4.0000000000000001e-03  1.5579921161316779e-03
1.2000000000000004e-02 4.2000000000000010e-02 4.0000000000000001e-03  1.6180789302286502e-03
1.2000000000000004e-02 4.4999999999999998e-02 4.0000000000000001e-03  1.6952494406986341e-03
1.4999999999999999e-02 -4.4999999999999998e-02 4.0000000000000001e-03  1.8991297092758447e-03
1.4999999999999999e-02 -4.1999999999999996e-02 4.0000000000000001e-03  1.8010560269905937e-03
1.4999999999999999e-02 -3.9000000000000000e-02 4.0000000000000001e-03  1.7042911205856894e-03
1.4999999999999999e-02 -3.5999999999999997e-02 4.0000000000000001e-03  1.6193203652844598e-03
1.4999999999999999e-02 -3.3000000000000002e-02 4.0000000000000001e-03  1.5446285902551253e-03
1.4999999999999999e-02 -2.9999999999999999e-02 4.0000000000000001e-03  1.4787731594431152e-03
1.4999999999999999e-02 -2.6999999999999996e-02 4.0000000000000001e-03  1.4203839715710201e-03
1.4999999999999999e-02 -2.3999999999999997e-02 4.0000000000000001e-03  1.3978523618314942e-03
1.4999999999999999e-02 -2.0999999999999998e-02 4.0000000000000001e-03  1.3867216264586407e-03
1.4999999999999999e-02 -1.7999999999999999e-02 4.0000000000000001e-03  1.3734336683199691e-03
1.4999999999999999e-02 -1.4999999999999999e-02 4.0000000000000001e-03  1.3579718605463613e-03
1.4999999999999999e-02 -1.1999999999999997e-02 4.0000000000000001e-03  1.3403295797870169e-03
1.4999999999999999e-02 -8.9999999999999941e-03 4.0000000000000001e-03  1.3246342522187891e-03
1.4999999999999999e-02 -5.9999999999999984e-03 4.0000000000000001e-03  1.3214544056695660e-03
1.4999999999999999e-02 -2.9999999999999957e-03 4.0000000000000001e-03  1.3187591363539245e-03
1.4999999999999999e-02 0.0000000000000000e+00 4.0000000000000001e-03  1.3165353665047350e-03
1.4999999999999999e-02 3.0000000000000027e-03 4.0000000000000001e-03  1.3217656240642388e-03
1.4999999999999999e-02 6.0000000000000053e-03 4.0000000000000001e-03  1.3282175250800806e-03
1.4999999999999999e-02 9.0000000000000011e-03 4.0000000000000001e-03  1.3356629628147054e-03
1.4999999999999999e-02 1.2000000000000004e-02 4.0000000000000001e-03  1.3440990978875553e-03
1.4999999999999999e-02 1.4999999999999999e-02 4.0000000000000001e-03  1.3535234902795122e-03
1.4999999999999999e-02 1.8000000000000002e-02 4.0000000000000001e-03  1.3642237936873699e-03
1.4999999999999999e-02 2.1000000000000005e-02 4.0000000000000001e-03  1.3804611247871534e-03
1.4999999999999999e-02 2.4000000000000007e-02 4.0000000000000001e-03  1.4006315229725364e-03
1.4999999999999999e-02 2.7000000000000010e-02 4.0000000000000001e-03  1.4200017934961344e-03
1.4999999999999999e-02 2.9999999999999999e-02 4.0000000000000001e-03  1.4427269780681741e-03
1.4999999999999999e-02 3.3000000000000002e-02 4.0000000000000001e-03  1.4853935507464641e-03
1.4999999999999999e-02 3.6000000000000004e-02 4.0000000000000001e-03  1.5248824440415340e-03
1.4999999999999999e-02 3.9000000000000007e-02 4.0000000000000001e-03  1.5705188112023383e-03
1.4999999999999999e-02 4.2000000000000010e-02 4.0000000000000001e-03  1.6335995202598303e-03
1.4999999999999999e-02 4.4999999999999998e-02 4.0000000000000001e-03  1.7124562897973560e-03
1.8000000000000002e-02 -4.4999999999999998e-02 4.0000000000000001e-03  1.9442905732102720e-03
1.8000000000000002e-02 -4.1999999999999996e-02 4.0000000000000001e-03  1.8308277981009169e-03
1.8000000000000002e-02 -3.9000000000000000e-02 4.0000000000000001e-03  1.7310007118566560e-03
1.8000000000000002e-02 -3.5999999999999997e-02 4.0000000000000001e-03  1.6443845971257699e-03
1.8000000000000002e-02 -3.3000000000000002e-02 4.0000000000000001e-03  1.5693404382584990e-03
1.8000000000000002e-02 -2.9999999999999999e-02 4.0000000000000001e-03  1.5042949650794677e-03
1.8000000000000002e-02 -2.6999999999999996e-02 4.0000000000000001e-03  1.4477406528876904e-03
1.8000000000000002e-02 -2.3999999999999997e-02 4.0000000000000001e-03  1.4238548183138377e-03
1.8000000000000002e-02 -2.0999999999999998e-02 4.0000000000000001e-03  1.4102128590287666e-03
1.8000000000000002e-02 -1.7999999999999999e-02 4.0000000000000001e-03  1.3926343984396990e-03
1.8000000000000002e-02 -1.4999999999999999e-02 4.0000000000000001e-03  1.3710971568606546e-03
1.8000000000000002e-02 -1.1999999999999997e-02 4.0000000000000001e-03  1.3530281276185486e-03
1.8000000000000002e-02 -8.9999999999999941e-03 4.0000000000000001e-03  1.3499719044490050e-03
1.8000000000000002e-02 -5.9999999999999984e-03 4.0000000000000001e-03  1.3416734472273765e-03
1.8000000000000002e-02 -2.9999999999999957e-03 4.0000000000000001e-03  1.3399825446259465e-03
1.8000000000000002e-02 0.0000000000000000e+00 4.0000000000000001e-03  1.3440063671180764e-03
1.8000000000000002e-02 3.0000000000000027e-03 4.0000000000000001e-03  1.3490438220089070e-03
1.8000000000000002e-02 6.0000000000000053e-03 4.0000000000000001e-03  1.3550893228470398e-03
1.8000000000000002e-02 9.0000000000000011e-03 4.0000000000000001e-03  1.3621376825425178e-03
1.8000000000000002e-02 1.2000000000000004e-02 4.0000000000000001e-03  1.3691369118930263e-03
1.8000000000000002e-02 1.4999999999999999e-02 4.0000000000000001e-03  1.3775922978582901e-03
1.8000000000000002e-02 1.8000000000000002e-02 4.0000000000000001e-03  1.3882830985099226e-03
1.8000000000000002e-02 2.1000000000000005e-02 4.0000000000000001e-03  1.4012076448914317e-03
1.8000000000000002e-02 2.4000000000000007e-02 4.0000000000000001e-03  1.4202081188976125e-03
1.8000000000000002e-02 2.7000000000000010e-02 4.0000000000000001e-03  1.4390262963080694e-03
1.8000000000000002e-02 2.9999999999999999e-02 4.0000000000000001e-03  1.4570634411240561e-03
1.8000000000000002e-02 3.3000000000000002e-02 4.0000000000000001e-03  1.4890826320630001e-03
1.8000000000000002e-02 3.6000000000000004e-02 4.0000000000000001e-03  1.5286016816962618e-03
1.8000000000000002e-02 3.9000000000000007e-02 4.0000000000000001e-03  1.5778770044514339e-03
1.8000000000000002e-02 4.2000000000000010e-02 4.0000000000000001e-03  1.6436209840849044e-03
1.8000000000000002e-02 4.4999999999999998e-02 4.0000000000000001e-03  1.7386103596675694e-03
2.1000000000000005e-02 -4.4999999999999998e-02 4.0000000000000001e-03  1.9575006015146706e-03
2.1000000000000005e-02 -4.1999999999999996e-02 4.0000000000000001e-03  1.8432784482810198e-03
2.1000000000000005e-02 -3.9000000000000000e-02 4.0000000000000001e-03  1.7478679212676151e-03
2.1000000000000005e-02 -3.5999999999999997e-02 4.0000000000000001e-03  1.6668634148838300e-03
2.1000000000000005e-02 -3.3000000000000002e-02 4.0000000000000001e-03  1.5971292222257531e-03
2.1000000000000005e-02 -2.9999999999999999e-02 4.0000000000000001e-03  1.5370807647906203e-03
2.1000000000000005e-02 -2.6999999999999996e-02 4.0000000000000001e-03  1.4851992095500440e-03
2.1000000000000005e-02 -2.3999999999999997e-02 4.0000000000000001e-03  1.4643588982357404e-03
2.1000000000000005e-02 -2.0999999999999998e-02 4.0000000000000001e-03  1.4400306704803732e-03
2.1000000000000005e-02 -1.7999999999999999e-02 4.0000000000000001e-03  1.4117790076244863e-03
2.1000000000000005e-02 -1.4999999999999999e-02 4.0000000000000001e-03  1.3898840876467404e-03
2.1000000000000005e-02 -1.1999999999999997e-02 4.0000000000000001e-03  1.3796317756741971e-03
2.1000000000000005e-02 -8.9999999999999941e-03 4.0000000000000001e-03  1.3744133358572666e-03
2.1000000000000005e-02 -5.9999999999999984e-03 4.0000000000000001e-03  1.3723159402270675e-03
2.1000000000000005e-02 -2.9999999999999957e-03 4.0000000000000001e-03  1.3733288852578588e-03
2.1000000000000005e-02 0.0000000000000000e+00 4.0000000000000001e-03  1.3751105956420360e-03
2.1000000000000005e-02 3.0000000000000027e-03 4.0000000000000001e-03  1.3783298854127151e-03
2.1000000000000005e-02 6.0000000000000053e-03 4.0000000000000001e-03  1.3816965263156568e-03
2.1000000000000005e-02 9.0000000000000011e-03 4.0000000000000001e-03  1.3857253142703077e-03
2.1000000000000005e-02 1.2000000000000004e-02 4.0000000000000001e-03  1.3919973440681141e-03
2.1000000000000005e-02 1.4999999999999999e-02 4.0000000000000001e-03  1.4005080326255335e-03
2.1000000000000005e-02 1.8000000000000002e-02 4.0000000000000001e-03  1.4112538612763383e-03
2.1000000000000005e-02 2.1000000000000005e-02 4.0000000000000001e-03  1.4242323757716162e-03
2.1000000000000005e-02 2.4000000000000007e-02 4.0000000000000001e-03  1.4403644915449013e-03
2.1000000000000005e-02 2.7000000000000010e-02 4.0000000000000001e-03  1.4586234408126642e-03
2.1000000000000005e-02 2.9999999999999999e-02 4.0000000000000001e-03  1.4761118772552235e-03
2.1000000000000005e-02 3.3000000000000002e-02 4.0000000000000001e-03  1.4944069761993466e-03
2.1000000000000005e-02 3.6000000000000004e-02 4.0000000000000001e-03  1.5328968256221743e-03
2.1000000000000005e-02 3.9000000000000007e-02 4.0000000000000001e-03  1.5863484906591617e-03
2.1000000000000005e-02 4.2000000000000010e-02 4.0000000000000001e-03  1.6575888450243987e-03
2.1000000000000005e-02 4.4999999999999998e-02 4.0000000000000001e-03  1.7770249038739723e-03
2.4000000000000007e-02 -4.4999999999999998e-02 4.0000000000000001e-03  1.9642014574271648e-03
2.4000000000000007e-02 -4.1999999999999996e-02 4.0000000000000001e-03  1.8736139652893731e-03
2.4000000000000007e-02 -3.9000000000000000e-02 4.0000000000000001e-03  1.7781424470173122e-03
2.4000000000000007e-02 -3.5999999999999997e-02 4.0000000000000001e-03  1.6961484605840511e-03
2.4000000000000007e-02 -3.3000000000000002e-02 4.0000000000000001e-03  1.6269884324721714e-03
2.4000000000000007e-02 -2.9999999999999999e-02 4.0000000000000001e-03  1.5699033867235634e-03
2.4000000000000007e-02 -2.6999999999999996e-02 4.0000000000000001e-03  1.5275945042811767e-03
2.4000000000000007e-02 -2.3999999999999997e-02 4.0000000000000001e-03  1.4961113317514649e-03
2.4000000000000007e-02 -2.0999999999999998e-02 4.0000000000000001e-03  1.4609493143332389e-03
2.4000000000000007e-02 -1.7999999999999999e-02 4.0000000000000001e-03  1.4364951145128320e-03
2.4000000000000007e-02 -1.4999999999999999e-02 4.0000000000000001e-03  1.4197744648270759e-03
2.4000000000000007e-02 -1.1999999999999997e-02 4.0000000000000001e-03  1.4080434766215327e-03
2.4000000000000007e-02 -8.9999999999999941e-03 4.0000000000000001e-03  1.4013145726804921e-03
2.4000000000000007e-02 -5.9999999999999984e-03 4.0000000000000001e-03  1.3995994854651703e-03
2.4000000000000007e-02 -2.9999999999999957e-03 4.0000000000000001e-03  1.4007248611155819e-03
2.4000000000000007e-02 0.0000000000000000e+00 4.0000000000000001e-03  1.4026069196679636e-03
2.4000000000000007e-02 3.0000000000000027e-03 4.0000000000000001e-03  1.4052548437205421e-03
2.4000000000000007e-02 6.0000000000000053e-03 4.0000000000000001e-03  1.4069449369371032e-03
2.4000000000000007e-02 9.0000000000000011e-03 4.0000000000000001e-03  1.4100353240911185e-03
2.4000000000000007e-02 1.2000000000000004e-02 4.0000000000000001e-03  1.4147431747516066e-03
2.4000000000000007e-02 1.4999999999999999e-02 4.0000000000000001e-03  1.4223302223946444e-03
2.4000000000000007e-02 1.8000000000000002e-02 4.0000000000000001e-03  1.4331292911683269e-03
2.4000000000000007e-02 2.1000000000000005e-02 4.0000000000000001e-03  1.4461622135084223e-03
2.4000000000000007e-02 2.4000000000000007e-02 4.0000000000000001e-03  1.4614268142909255e-03
2.4000000000000007e-02 2.7000000000000010e-02 4.0000000000000001e-03  1.4787986485808018e-03
2.4000000000000007e-02 2.9999999999999999e-02 4.0000000000000001e-03  1.4978149524801222e-03
2.4000000000000007e-02 3.3000000000000002e-02 4.0000000000000001e-03  1.5337816294207552e-03
2.4000000000000007e-02 3.6000000000000004e-02 4.0000000000000001e-03  1.5687914215929753e-03
2.4000000000000007e-02 3.9000000000000007e-02 4.0000000000000001e-03  1.6188850126353917e-03
2.4000000000000007e-02 4.2000000000000010e-02 4.0000000000000001e-03  1.6970628116853960e-03
2.4000000000000007e-02 4.4999999999999998e-02 4.0000000000000001e-03  1.8097046318662764e-03
2.7000000000000010e-02 -4.4999999999999998e-02 4.0000000000000001e-03  1.9881598544953471e-03
2.7000000000000010e-02 -4.1999999999999996e-02 4.0000000000000001e-03  1.8899886567487535e-03
2.7000000000000010e-02 -3.9000000000000000e-02 4.0000000000000001e-03  1.8056211952096693e-03
2.7000000000000010e-02 -3.5999999999999997e-02 4.0000000000000001e-03  1.7249843001868319e-03
2.7000000000000010e-02 -3.3000000000000002e-02 4.0000000000000001e-03  1.6561888796929271e-03
2.7000000000000010e-02 -2.9999999999999999e-02 4.0000000000000001e-03  1.5974304339725022e-03
2.7000000000000010e-02 -2.6999999999999996e-02 4.0000000000000001e-03  1.5525561574588002e-03
2.7000000000000010e-02 -2.3999999999999997e-02 4.0000000000000001e-03  1.5187378391912922e-03
2.7000000000000010e-02 -2.0999999999999998e-02 4.0000000000000001e-03  1.4851446411990000e-03
2.7000000000000010e-02 -1.7999999999999999e-02 4.0000000000000001e-03  1.4750666061118069e-03
2.7000000000000010e-02 -1.4999999999999999e-02 4.0000000000000001e-03  1.4598197331692638e-03
2.7000000000000010e-02 -1.1999999999999997e-02 4.0000000000000001e-03  1.4469364629978061e-03
2.7000000000000010e-02 -8.9999999999999941e-03 4.0000000000000001e-03  1.4390643643170545e-03
2.7000000000000010e-02 -5.9999999999999984e-03 4.0000000000000001e-03  1.4362111253893360e-03
2.7000000000000010e-02 -2.9999999999999957e-03 4.0000000000000001e-03  1.4372475521214295e-03
2.7000000000000010e-02 0.0000000000000000e+00 4.0000000000000001e-03  1.4389966275583494e-03
2.7000000000000010e-02 3.0000000000000027e-03 4.0000000000000001e-03  1.4415118292687183e-03
2.7000000000000010e-02 6.0000000000000053e-03 4.0000000000000001e-03  1.4432083034218095e-03
2.7000000000000010e-02 9.0000000000000011e-03 4.0000000000000001e-03  1.4461371961768843e-03
2.7000000000000010e-02 1.2000000000000004e-02 4.0000000000000001e-03  1.4507067359127896e-03
2.7000000000000010e-02 1.4999999999999999e-02 4.0000000000000001e-03  1.4569130232151982e-03
2.7000000000000010e-02 1.8000000000000002e-02 4.0000000000000001e-03  1.4647519134727586e-03
2.7000000000000010e-02 2.1000000000000005e-02 4.0000000000000001e-03  1.4742190168771233e-03
2.7000000000000010e-02 2.4000000000000007e-02 4.0000000000000001e-03  1.4853096984229245e-03
2.7000000000000010e-02 2.7000000000000010e-02 4.0000000000000001e-03  1.5019254928558203e-03
2.7000000000000010e-02 2.9999999999999999e-02 4.0000000000000001e-03  1.5401443507123383e-03
2.7000000000000010e-02 3.3000000000000002e-02 4.0000000000000001e-03  1.5774903295944177e-03
2.7000000000000010e-02 3.6000000000000004e-02 4.0000000000000001e-03  1.5974678174615271e-03
2.7000000000000010e-02 3.9000000000000007e-02 4.0000000000000001e-03  1.6530008271120511e-03
2.7000000000000010e-02 4.2000000000000010e-02 4.0000000000000001e-03  1.7374339695632956e-03
2.7000000000000010e-02 4.4999999999999998e-02 4.0000000000000001e-03  1.8514652185161085e-03
2.9999999999999999e-02 -4.4999999999999998e-02 4.0000000000000001e-03  2.0404005978000299e-03
2.9999999999999999e-02 -4.1999999999999996e-02 4.0000000000000001e-03  1.8938398883247118e-03
2.9999999999999999e-02 -3.9000000000000000e-02 4.0000000000000001e-03  1.8267025467146049e-03
2.9999999999999999e-02 -3.5999999999999997e-02 4.0000000000000001e-03  1.7470957252141023e-03
2.9999999999999999e-02 -3.3000000000000002e-02 4.0000000000000001e-03  1.6844760358289295e-03
2.9999999999999999e-02 -2.9999999999999999e-02 4.0000000000000001e-03  1.6330222657257923e-03
2.9999999999999999e-02 -2.6999999999999996e-02 4.0000000000000001e-03  1.5961193040400100e-03
2.9999999999999999e-02 -2.3999999999999997e-02 4.0000000000000001e-03  1.5576860711300120e-03
2.9999999999999999e-02 -2.0999999999999998e-02 4.0000000000000001e-03  1.5384044517396138e-03
2.9999999999999999e-02 -1.7999999999999999e-02 4.0000000000000001e-03  1.5283539979231314e-03
2.9999999999999999e-02 -1.4999999999999999e-02 4.0000000000000001e-03  1.5131653709511536e-03
2.9999999999999999e-02 -1.1999999999999997e-02 4.0000000000000001e-03  1.4975486633157726e-03
2.9999999999999999e-02 -8.9999999999999941e-03 4.0000000000000001e-03  1.4886590634261175e-03
2.9999999999999999e-02 -5.9999999999999984e-03 4.0000000000000001e-03  1.4847977792629948e-03
2.9999999999999999e-02 -2.9999999999999957e-03 4.0000000000000001e-03  1.4857752669762572e-03
2.9999999999999999e-02 0.0000000000000000e+00 4.0000000000000001e-03  1.4873230301115019e-03
2.9999999999999999e-02 3.0000000000000027e-03 4.0000000000000001e-03  1.4896352387671428e-03
2.9999999999999999e-02 6.0000000000000053e-03 4.0000000000000001e-03  1.4911968824965452e-03
2.9999999999999999e-02 9.0000000000000011e-03 4.0000000000000001e-03  1.4937964748134075e-03
2.9999999999999999e-02 1.2000000000000004e-02 4.0000000000000001e-03  1.4980621035238053e-03
2.9999999999999999e-02 1.4999999999999999e-02 4.0000000000000001e-03  1.5039914016443678e-03
2.9999999999999999e-02 1.8000000000000002e-02 4.0000000000000001e-03  1.5115817569947238e-03
2.9999999999999999e-02 2.1000000000000005e-02 4.0000000000000001e-03  1.5208303121974781e-03
2.9999999999999999e-02 2.4000000000000007e-02 4.0000000000000001e-03  1.5281287668087195e-03
2.9999999999999999e-02 2.7000000000000010e-02 4.0000000000000001e-03  1.5461566529092505e-03
2.9999999999999999e-02 2.9999999999999999e-02 4.0000000000000001e-03  1.5887384625639755e-03
2.9999999999999999e-02 3.3000000000000002e-02 4.0000000000000001e-03  1.6263913126454066e-03
2.9999999999999999e-02 3.6000000000000004e-02 4.0000000000000001e-03  1.6604844942811777e-03
2.9999999999999999e-02 3.9000000000000007e-02 4.0000000000000001e-03  1.6879868074473003e-03
2.9999999999999999e-02 4.2000000000000010e-02 4.0000000000000001e-03  1.7787461580699585e-03
2.9999999999999999e-02 4.4999999999999998e-02 4.0000000000000001e-03  1.8993358432393900e-03
3.3000000000000002e-02 -4.4999999999999998e-02 4.0000000000000001e-03  2.1134912041609315e-03
3.3000000000000002e-02 -4.1999999999999996e-02 4.0000000000000001e-03  1.9358606948623206e-03
3.3000000000000002e-02 -3.9000000000000000e-02 4.0000000000000001e-03  1.8102666257451916e-03
3.3000000000000002e-02 -3.5999999999999997e-02 4.0000000000000001e-03  1.7804523393467871e-03
3.3000000000000002e-02 -3.3000000000000002e-02 4.0000000000000001e-03  1.7310965184749508e-03
3.3000000000000002e-02 -2.9999999999999999e-02 4.0000000000000001e-03  1.6879176087978027e-03
3.3000000000000002e-02 -2.6999999999999996e-02 4.0000000000000001e-03  1.6689254165641728e-03
3.3000000000000002e-02 -2.3999999999999997e-02 4.0000000000000001e-03  1.6144815060891353e-03
3.3000000000000002e-02 -2.0999999999999998e-02 4.0000000000000001e-03  1.6097049924019367e-03
3.3000000000000002e-02 -1.7999999999999999e-02 4.0000000000000001e-03  1.5997642094215906e-03
3.3000000000000002e-02 -1.4999999999999999e-02 4.0000000000000001e-03  1.5848085568889361e-03
3.3000000000000002e-02 -1.1999999999999997e-02 4.0000000000000001e-03  1.5650692795465390e-03
3.3000000000000002e-02 -8.9999999999999941e-03 4.0000000000000001e-03  1.5506011063632387e-03
3.3000000000000002e-02 -5.9999999999999984e-03 4.0000000000000001e-03  1.5458773951011972e-03
3.3000000000000002e-02 -2.9999999999999957e-03 4.0000000000000001e-03  1.5461947780268483e-03
3.3000000000000002e-02 0.0000000000000000e+00 4.0000000000000001e-03  1.5483907453837241e-03
3.3000000000000002e-02 3.0000000000000027e-03 4.0000000000000001e-03  1.5504379882170763e-03
3.3000000000000002e-02 6.0000000000000053e-03 4.0000000000000001e-03  1.5517366139157010e-03
3.3000000000000002e-02 9.0000000000000011e-03 4.0000000000000001e-03  1.5538197960460751e-03
3.3000000000000002e-02 1.2000000000000004e-02 4.0000000000000001e-03  1.5575966099210339e-03
3.3000000000000002e-02 1.4999999999999999e-02 4.0000000000000001e-03  1.5630662209881764e-03
3.3000000000000002e-02 1.8000000000000002e-02 4.0000000000000001e-03  1.5702275494980829e-03
3.3000000000000002e-02 2.1000000000000005e-02 4.0000000000000001e-03  1.5825529159705788e-03
3.3000000000000002e-02 2.4000000000000007e-02 4.0000000000000001e-03  1.5701690523815446e-03
3.3000000000000002e-02 2.7000000000000010e-02 4.0000000000000001e-03  1.6045606119964619e-03
3.3000000000000002e-02 2.9999999999999999e-02 4.0000000000000001e-03  1.6330194768236466e-03
3.3000000000000002e-02 3.3000000000000002e-02 4.0000000000000001e-03  1.6728519880037597e-03
3.3000000000000002e-02 3.6000000000000004e-02 4.0000000000000001e-03  1.7185203455375659e-03
3.3000000000000002e-02 3.9000000000000007e-02 4.0000000000000001e-03  1.7454328304844736e-03
3.3000000000000002e-02 4.2000000000000010e-02 4.0000000000000001e-03  1.8210886760030424e-03
3.3000000000000002e-02 4.4999999999999998e-02 4.0000000000000001e-03  1.9482968792474374e-03
3.6000000000000004e-02 -4.4999999999999998e-02 4.0000000000000001e-03  2.2091351537598882e-03
3.6000000000000004e-02 -4.1999999999999996e-02 4.0000000000000001e-03  1.9982975437195772e-03
3.6000000000000004e-02 -3.9000000000000000e-02 4.0000000000000001e-03  1.8724684024186851e-03
3.6000000000000004e-02 -3.5999999999999997e-02 4.0000000000000001e-03  1.8291027409146710e-03
3.6000000000000004e-02 -3.3000000000000002e-02 4.0000000000000001e-03  1.7974009973890997e-03
3.6000000000000004e-02 -2.9999999999999999e-02 4.0000000000000001e-03  1.7632393588882243e-03
3.6000000000000004e-02 -2.6999999999999996e-02 4.0000000000000001e-03  1.7624824957879238e-03
3.6000000000000004e-02 -2.3999999999999997e-02 4.0000000000000001e-03  1.7038331678856217e-03
3.6000000000000004e-02 -2.0999999999999998e-02 4.0000000000000001e-03  1.6991356904319111e-03
3.6000000000000004e-02 -1.7999999999999999e-02 4.0000000000000001e-03  1.6893813888126988e-03
3.6000000000000004e-02 -1.4999999999999999e-02 4.0000000000000001e-03  1.6747326055653218e-03
3.6000000000000004e-02 -1.1999999999999997e-02 4.0000000000000001e-03  1.6554335282288259e-03
3.6000000000000004e-02 -8.9999999999999941e-03 4.0000000000000001e-03  1.6318101893439713e-03
3.6000000000000004e-02 -5.9999999999999984e-03 4.0000000000000001e-03  1.6199624026298517e-03
3.6000000000000004e-02 -2.9999999999999957e-03 4.0000000000000001e-03  1.6195927259195458e-03
3.6000000000000004e-02 0.0000000000000000e+00 4.0000000000000001e-03  1.6230165035576430e-03
3.6000000000000004e-02 3.0000000000000027e-03 4.0000000000000001e-03  1.6247451057461158e-03
3.6000000000000004e-02 6.0000000000000053e-03 4.0000000000000001e-03  1.6256741550838157e-03
3.6000000000000004e-02 9.0000000000000011e-03 4.0000000000000001e-03  1.6270345135704306e-03
3.6000000000000004e-02 1.2000000000000004e-02 4.0000000000000001e-03  1.6301183050910248e-03
3.6000000000000004e-02 1.4999999999999999e-02 4.0000000000000001e-03  1.6349262275241569e-03
3.6000000000000004e-02 1.8000000000000002e-02 4.0000000000000001e-03  1.6573618438192317e-03
3.6000000000000004e-02 2.1000000000000005e-02 4.0000000000000001e-03  1.6667760310859479e-03
3.6000000000000004e-02 2.4000000000000007e-02 4.0000000000000001e-03  1.6823412997249911e-03
3.6000000000000004e-02 2.7000000000000010e-02 4.0000000000000001e-03  1.6816643810813078e-03
3.6000000000000004e-02 2.9999999999999999e-02 4.0000000000000001e-03  1.6940943493488206e-03
3.6000000000000004e-02 3.3000000000000002e-02 4.0000000000000001e-03  1.7185357705566909e-03
3.6000000000000004e-02 3.6000000000000004e-02 4.0000000000000001e-03  1.7690345066684262e-03
3.6000000000000004e-02 3.9000000000000007e-02 4.0000000000000001e-03  1.8310897054190289e-03
3.6000000000000004e-02 4.2000000000000010e-02 4.0000000000000001e-03  1.9006193492794208e-03
3.6000000000000004e-02 4.4999999999999998e-02 4.0000000000000001e-03  1.9984775378173989e-03
3.9000000000000007e-02 -4.4999999999999998e-02 4.0000000000000001e-03  2.3295308804853038e-03
3.9000000000000007e-02 -4.1999999999999996e-02 4.0000000000000001e-03  2.0831077084593570e-03
3.9000000000000007e-02 -3.9000000000000000e-02 4.0000000000000001e-03  1.9790578265127686e-03
3.9000000000000007e-02 -3.5999999999999997e-02 4.0000000000000001e-03  1.9020294144751490e-03
3.9000000000000007e-02 -3.3000000000000002e-02 4.0000000000000001e-03  1.8844974853069816e-03
3.9000000000000007e-02 -2.9999999999999999e-02 4.0000000000000001e-03  1.8601427243911479e-03
3.9000000000000007e-02 -2.6999999999999996e-02 4.0000000000000001e-03  1.8773801377556425e-03
3.9000000000000007e-02 -2.3999999999999997e-02 4.0000000000000001e-03  1.8541318499939500e-03
3.9000000000000007e-02 -2.0999999999999998e-02 4.0000000000000001e-03  1.8302745373977988e-03
3.9000000000000007e-02 -1.7999999999999999e-02 4.0000000000000001e-03  1.8012207508350056e-03
3.9000000000000007e-02 -1.4999999999999999e-02 4.0000000000000001e-03  1.7830095152119366e-03
3.9000000000000007e-02 -1.1999999999999997e-02 4.0000000000000001e-03  1.7642163380078191e-03
3.9000000000000007e-02 -8.9999999999999941e-03 4.0000000000000001e-03  1.7412422570934009e-03
3.9000000000000007e-02 -5.9999999999999984e-03 4.0000000000000001e-03  1.7145080928076483e-03
3.9000000000000007e-02 -2.9999999999999957e-03 4.0000000000000001e-03  1.7066840313411180e-03
3.9000000000000007e-02 0.0000000000000000e+00 4.0000000000000001e-03  1.7108724626849752e-03
3.9000000000000007e-02 3.0000000000000027e-03 4.0000000000000001e-03  1.7133937316081921e-03
3.9000000000000007e-02 6.0000000000000053e-03 4.0000000000000001e-03  1.7138768810556113e-03
3.9000000000000007e-02 9.0000000000000011e-03 4.0000000000000001e-03  1.7142886987321895e-03
3.9000000000000007e-02 1.2000000000000004e-02 4.0000000000000001e-03  1.7164559566704835e-03
3.9000000000000007e-02 1.4999999999999999e-02 4.0000000000000001e-03  1.7535415494242122e-03
3.9000000000000007e-02 1.8000000000000002e-02 4.0000000000000001e-03  1.7836398700102605e-03
3.9000000000000007e-02 2.1000000000000005e-02 4.0000000000000001e-03  1.7669054869862621e-03
3.9000000000000007e-02 2.4000000000000007e-02 4.0000000000000001e-03  1.8200960233175404e-03
3.9000000000000007e-02 2.7000000000000010e-02 4.0000000000000001e-03  1.7791133100501994e-03
3.9000000000000007e-02 2.9999999999999999e-02 4.0000000000000001e-03  1.7757051238335734e-03
3.9000000000000007e-02 3.3000000000000002e-02 4.0000000000000001e-03  1.7865036663252329e-03
3.9000000000000007e-02 3.6000000000000004e-02 4.0000000000000001e-03  1.8484244120891354e-03
3.9000000000000007e-02 3.9000000000000007e-02 4.0000000000000001e-03  1.9091732224546540e-03
3.9000000000000007e-02 4.2000000000000010e-02 4.0000000000000001e-03  1.9526526051105344e-03
3.9000000000000007e-02 4.4999999999999998e-02 4.0000000000000001e-03  2.0989971941567844e-03
4.2000000000000010e-02 -4.4999999999999998e-02 4.0000000000000001e-03  2.4773717719321861e-03
4.2000000000000010e-02 -4.1999999999999996e-02 4.0000000000000001e-03  2.2489507233427741e-03
4.2000000000000010e-02 -3.9000000000000000e-02 4.0000000000000001e-03  2.1343024182097548e-03
4.2000000000000010e-02 -3.5999999999999997e-02 4.0000000000000001e-03  2.0431295660134300e-03
4.2000000000000010e-02 -3.3000000000000002e-02 4.0000000000000001e-03  1.9750289045177912e-03
4.2000000000000010e-02 -2.9999999999999999e-02 4.0000000000000001e-03  1.9798152263951008e-03
4.2000000000000010e-02 -2.6999999999999996e-02 4.0000000000000001e-03  2.0081817519494337e-03
4.2000000000000010e-02 -2.3999999999999997e-02 4.0000000000000001e-03  1.9987072831737858e-03
4.2000000000000010e-02 -2.0999999999999998e-02 4.0000000000000001e-03  1.9838627326395253e-03
4.2000000000000010e-02 -1.7999999999999999e-02 4.0000000000000001e-03  1.9636418153946844e-03
4.2000000000000010e-02 -1.4999999999999999e-02 4.0000000000000001e-03  1.9380413076406685e-03
4.2000000000000010e-02 -1.1999999999999997e-02 4.0000000000000001e-03  1.9070610467322054e-03
4.2000000000000010e-02 -8.9999999999999941e-03 4.0000000000000001e-03  1.8707039311773920e-03
4.2000000000000010e-02 -5.9999999999999984e-03 4.0000000000000001e-03  1.8433362236514555e-03
4.2000000000000010e-02 -2.9999999999999957e-03 4.0000000000000001e-03  1.8143711174199578e-03
4.2000000000000010e-02 0.0000000000000000e+00 4.0000000000000001e-03  1.8118836106298687e-03
4.2000000000000010e-02 3.0000000000000027e-03 4.0000000000000001e-03  1.8172331181835625e-03
4.2000000000000010e-02 6.0000000000000053e-03 4.0000000000000001e-03  1.8172328845359545e-03
4.2000000000000010e-02 9.0000000000000011e-03 4.0000000000000001e-03  1.8164511405272185e-03
4.2000000000000010e-02 1.2000000000000004e-02 4.0000000000000001e-03  1.8720903901070581e-03
4.2000000000000010e-02 1.4999999999999999e-02 4.0000000000000001e-03  1.9216144535405925e-03
4.2000000000000010e-02 1.8000000000000002e-02 4.0000000000000001e-03  1.9334061406236717e-03
4.2000000000000010e-02 2.1000000000000005e-02 4.0000000000000001e-03  1.9563593349920189e-03
4.2000000000000010e-02 2.4000000000000007e-02 4.0000000000000001e-03  1.9763960153516219e-03
4.2000000000000010e-02 2.7000000000000010e-02 4.0000000000000001e-03  1.8985392603178121e-03
4.2000000000000010e-02 2.9999999999999999e-02 4.0000000000000001e-03  1.8795680899753389e-03
4.2000000000000010e-02 3.3000000000000002e-02 4.0000000000000001e-03  1.9256958690988370e-03
4.2000000000000010e-02 3.6000000000000004e-02 4.0000000000000001e-03  1.9802505968120913e-03
4.2000000000000010e-02 3.9000000000000007e-02 4.0000000000000001e-03  2.0045854000056889e-03
4.2000000000000010e-02 4.2000000000000010e-02 4.0000000000000001e-03  2.0563970308585754e-03
4.2000000000000010e-02 4.4999999999999998e-02 4.0000000000000001e-03  2.1512812499326966e-03
4.4999999999999998e-02 -4.4999999999999998e-02 4.0000000000000001e-03  2.6558461694021029e-03
4.4999999999999998e-02 -4.1999999999999996e-02 4.0000000000000001e-03  2.4758158174622070e-03
4.4999999999999998e-02 -3.9000000000000000e-02 4.0000000000000001e-03  2.3445117215309293e-03
4.4999999999999998e-02 -3.5999999999999997e-02 4.0000000000000001e-03  2.2379062143533125e-03
4.4999999999999998e-02 -3.3000000000000002e-02 4.0000000000000001e-03  2.1526755796854951e-03
4.4999999999999998e-02 -2.9999999999999999e-02 4.0000000000000001e-03  2.1152727765564911e-03
4.4999999999999998e-02 -2.6999999999999996e-02 4.0000000000000001e-03  2.1308086937974180e-03
4.4999999999999998e-02 -2.3999999999999997e-02 4.0000000000000001e-03  2.1310408726643968e-03
4.4999999999999998e-02 -2.0999999999999998e-02 4.0000000000000001e-03  2.1257296917131705e-03
4.4999999999999998e-02 -1.7999999999999999e-02 4.0000000000000001e-03  2.1148629627112132e-03
4.4999999999999998e-02 -1.4999999999999999e-02 4.0000000000000001e-03  2.0984315585793412e-03
4.4999999999999998e-02 -1.1999999999999997e-02 4.0000000000000001e-03  2.0764294133917226e-03
4.4999999999999998e-02 -8.9999999999999941e-03 4.0000000000000001e-03  2.0488535223758854e-03
4.4999999999999998e-02 -5.9999999999999984e-03 4.0000000000000001e-03  2.0157039419126973e-03
4.4999999999999998e-02 -2.9999999999999957e-03 4.0000000000000001e-03  1.9769837895363728e-03
4.4999999999999998e-02 0.0000000000000000e+00 4.0000000000000001e-03  1.9326992439344854e-03
4.4999999999999998e-02 3.0000000000000027e-03 4.0000000000000001e-03  1.9367448975362424e-03
4.4999999999999998e-02 6.0000000000000053e-03 4.0000000000000001e-03  1.9366509758798845e-03
4.4999999999999998e-02 9.0000000000000011e-03 4.0000000000000001e-03  2.0140190814413299e-03
4.4999999999999998e-02 1.2000000000000004e-02 4.0000000000000001e-03  2.0590274267350763e-03
4.4999999999999998e-02 1.4999999999999999e-02 4.0000000000000001e-03  2.0917904217017092e-03
4.4999999999999998e-02 1.8000000000000002e-02 4.0000000000000001e-03  2.1135040314166327e-03
4.4999999999999998e-02 2.1000000000000005e-02 4.0000000000000001e-03  2.1240577458059573e-03
4.4999999999999998e-02 2.4000000000000007e-02 4.0000000000000001e-03  2.1235422200106698e-03
4.4999999999999998e-02 2.7000000000000010e-02 4.0000000000000001e-03  2.0415606048270786e-03
4.4999999999999998e-02 2.9999999999999999e-02 4.0000000000000001e-03  2.0434010647974437e-03
4.4999999999999998e-02 3.3000000000000002e-02 4.0000000000000001e-03  2.1131503787209589e-03
4.4999999999999998e-02 3.6000000000000004e-02 4.0000000000000001e-03  2.1598699184913589e-03
4.4999999999999998e-02 3.9000000000000007e-02 4.0000000000000001e-03  2.1839659784069834e-03
4.4999999999999998e-02 4.2000000000000010e-02 4.0000000000000001e-03  2.1598864677560745e-03
4.4999999999999998e-02 4.4999999999999998e-02 4.0000000000000001e-03  2.2300541717914669e-03
