Grid Output Min: [-45mm -45mm 4mm] Max: [45mm 45mm 4mm] Grid Size: [3mm 3mm 0mm]
X, Y, Z, Scalar data "Mag_B"
-4.4999999999999998e-02 -4.4999999999999998e-02 4.0000000000000001e-03  2.4325430923998691e-03
-4.4999999999999998e-02 -4.1999999999999996e-02 4.0000000000000001e-03  2.2564880685738567e-03
-4.4999999999999998e-02 -3.9000000000000000e-02 4.0000000000000001e-03  2.1164277793924392e-03
-4.4999999999999998e-02 -3.5999999999999997e-02 4.0000000000000001e-03  2.0786928843622406e-03
-4.4999999999999998e-02 -3.3000000000000002e-02 4.0000000000000001e-03  2.0093651358534912e-03
-4.4999999999999998e-02 -2.9999999999999999e-02 4.0000000000000001e-03  1.9601335043004549e-03
-4.4999999999999998e-02 -2.6999999999999996e-02 4.0000000000000001e-03  1.9715171876700092e-03
-4.4999999999999998e-02 -2.3999999999999997e-02 4.0000000000000001e-03  1.9737521596977455e-03
-4.4999999999999998e-02 -2.0999999999999998e-02 4.0000000000000001e-03  1.9384979593244931e-03
-4.4999999999999998e-02 -1.7999999999999999e-02 4.0000000000000001e-03  1.8656168644793263e-03
-4.4999999999999998e-02 -1.4999999999999999e-02 4.0000000000000001e-03  1.7928868512794860e-03
-4.4999999999999998e-02 -1.1999999999999997e-02 4.0000000000000001e-03  1.7727103402940768e-03
-4.4999999999999998e-02 -8.9999999999999941e-03 4.0000000000000001e-03  1.7644135090893220e-03
-4.4999999999999998e-02 -5.9999999999999984e-03 4.0000000000000001e-03  1.7655111631925760e-03
-4.4999999999999998e-02 -2.9999999999999957e-03 4.0000000000000001e-03  1.7731194671167557e-03
-4.4999999999999998e-02 0.0000000000000000e+00 4.0000000000000001e-03  1.7761436379850316e-03
-4.4999999999999998e-02 3.0000000000000027e-03 4.0000000000000001e-03  1.7754184140016712e-03
-4.4999999999999998e-02 6.0000000000000053e-03 4.0000000000000001e-03  1.7829380569485058e-03
-4.4999999999999998e-02 9.0000000000000011e-03 4.0000000000000001e-03  1.7915621447830358e-03
-4.4999999999999998e-02 1.2000000000000004e-02 4.0000000000000001e-03  1.8013887956415573e-03
-4.4999999999999998e-02 1.4999999999999999e-02 4.0000000000000001e-03  1.8103814906308873e-03
-4.4999999999999998e-02 1.8000000000000002e-02 4.0000000000000001e-03  1.8532036137912902e-03
-4.4999999999999998e-02 2.1000000000000005e-02 4.0000000000000001e-03  1.8795159643113235e-03
-4.4999999999999998e-02 2.4000000000000007e-02 4.0000000000000001e-03  1.8527179479938822e-03
-4.4999999999999998e-02 2.7000000000000010e-02 4.0000000000000001e-03  1.8721270232596187e-03
-4.4999999999999998e-02 2.9999999999999999e-02 4.0000000000000001e-03  1.8922418854498424e-03
-4.4999999999999998e-02 3.3000000000000002e-02 4.0000000000000001e-03  1.9217834777636796e-03
-4.4999999999999998e-02 3.6000000000000004e-02 4.0000000000000001e-03  1.9607052606685563e-03
-4.4999999999999998e-02 3.9000000000000007e-02 4.0000000000000001e-03  2.0089785969733551e-03
-4.4999999999999998e-02 4.2000000000000010e-02 4.0000000000000001e-03  2.0418098357372172e-03
-4.4999999999999998e-02 4.4999999999999998e-02 4.0000000000000001e-03  2.1001935228180512e-03
-4.1999999999999996e-02 -4.4999999999999998e-02 4.0000000000000001e-03  2.4034734728308766e-03
-4.1999999999999996e-02 -4.1999999999999996e-02 4.0000000000000001e-03  2.1071855192061530e-03
-4.1999999999999996e-02 -3.9000000000000000e-02 4.0000000000000001e-03  1.9745787231284177e-03
-4.1999999999999996e-02 -3.5999999999999997e-02 4.0000000000000001e-03  1.9549142600407223e-03
-4.1999999999999996e-02 -3.3000000000000002e-02 4.0000000000000001e-03  1.8794034306166434e-03
-4.1999999999999996e-02 -2.9999999999999999e-02 4.0000000000000001e-03  1.8196997256324191e-03
-4.1999999999999996e-02 -2.6999999999999996e-02 4.0000000000000001e-03  1.8216370342591956e-03
-4.1999999999999996e-02 -2.3999999999999997e-02 4.0000000000000001e-03  1.8295308882983956e-03
-4.1999999999999996e-02 -2.0999999999999998e-02 4.0000000000000001e-03  1.8021542783856267e-03
-4.1999999999999996e-02 -1.7999999999999999e-02 4.0000000000000001e-03  1.7372093256779308e-03
-4.1999999999999996e-02 -1.4999999999999999e-02 4.0000000000000001e-03  1.6935136222859209e-03
-4.1999999999999996e-02 -1.1999999999999997e-02 4.0000000000000001e-03  1.6759397009223555e-03
-4.1999999999999996e-02 -8.9999999999999941e-03 4.0000000000000001e-03  1.6599815636336966e-03
-4.1999999999999996e-02 -5.9999999999999984e-03 4.0000000000000001e-03  1.6560106719630961e-03
-4.1999999999999996e-02 -2.9999999999999957e-03 4.0000000000000001e-03  1.6532414118813710e-03
-4.1999999999999996e-02 0.0000000000000000e+00 4.0000000000000001e-03  1.6569954116733797e-03
-4.1999999999999996e-02 3.0000000000000027e-03 4.0000000000000001e-03  1.6564893082827844e-03
-4.1999999999999996e-02 6.0000000000000053e-03 4.0000000000000001e-03  1.6597253306301967e-03
-4.1999999999999996e-02 9.0000000000000011e-03 4.0000000000000001e-03  1.6676697219194228e-03
-4.1999999999999996e-02 1.2000000000000004e-02 4.0000000000000001e-03  1.6764615824779807e-03
-4.1999999999999996e-02 1.4999999999999999e-02 4.0000000000000001e-03  1.6845366738971539e-03
-4.1999999999999996e-02 1.8000000000000002e-02 4.0000000000000001e-03  1.7126890972201151e-03
-4.1999999999999996e-02 2.1000000000000005e-02 4.0000000000000001e-03  1.7207401485128779e-03
-4.1999999999999996e-02 2.4000000000000007e-02 4.0000000000000001e-03  1.7247344389140725e-03
-4.1999999999999996e-02 2.7000000000000010e-02 4.0000000000000001e-03  1.7474677047640747e-03
-4.1999999999999996e-02 2.9999999999999999e-02 4.0000000000000001e-03  1.7720345859295653e-03
-4.1999999999999996e-02 3.3000000000000002e-02 4.0000000000000001e-03  1.8047944292486748e-03
-4.1999999999999996e-02 3.6000000000000004e-02 4.0000000000000001e-03  1.8469523867848466e-03
-4.1999999999999996e-02 3.9000000000000007e-02 4.0000000000000001e-03  1.8984945063347768e-03
-4.1999999999999996e-02 4.2000000000000010e-02 4.0000000000000001e-03  1.9238726061459029e-03
-4.1999999999999996e-02 4.4999999999999998e-02 4.0000000000000001e-03  2.0154918004808538e-03
-3.9000000000000000e-02 -4.4999999999999998e-02 4.0000000000000001e-03  2.1628580955180368e-03
-3.9000000000000000e-02 -4.1999999999999996e-02 4.0000000000000001e-03  2.0201564216166951e-03
-3.9000000000000000e-02 -3.9000000000000000e-02 4.0000000000000001e-03  1.8665091393189322e-03
-3.9000000000000000e-02 -3.5999999999999997e-02 4.0000000000000001e-03  1.8210479577683450e-03
-3.9000000000000000e-02 -3.3000000000000002e-02 4.0000000000000001e-03  1.7754258290251144e-03
-3.9000000000000000e-02 -2.9999999999999999e-02 4.0000000000000001e-03  1.7128926784049342e-03
-3.9000000000000000e-02 -2.6999999999999996e-02 4.0000000000000001e-03  1.7027156125104077e-03
-3.9000000000000000e-02 -2.3999999999999997e-02 4.0000000000000001e-03  1.7087423633422231e-03
-3.9000000000000000e-02 -2.0999999999999998e-02 4.0000000000000001e-03  1.6888500192217765e-03
-3.9000000000000000e-02 -1.7999999999999999e-02 4.0000000000000001e-03  1.6315231770994173e-03
-3.9000000000000000e-02 -1.4999999999999999e-02 4.0000000000000001e-03  1.6104849056327757e-03
-3.9000000000000000e-02 -1.1999999999999997e-02 4.0000000000000001e-03  1.5950556799819236e-03
-3.9000000000000000e-02 -8.9999999999999941e-03 4.0000000000000001e-03  1.5810754358905137e-03
-3.9000000000000000e-02 -5.9999999999999984e-03 4.0000000000000001e-03  1.5702215255238010e-03
-3.9000000000000000e-02 -2.9999999999999957e-03 4.0000000000000001e-03  1.5671506379779788e-03
-3.9000000000000000e-02 0.0000000000000000e+00 4.0000000000000001e-03  1.5644162924965215e-03
-3.9000000000000000e-02 3.0000000000000027e-03 4.0000000000000001e-03  1.5634196459715435e-03
-3.9000000000000000e-02 6.0000000000000053e-03 4.0000000000000001e-03  1.5623880120476247e-03
-3.9000000000000000e-02 9.0000000000000011e-03 4.0000000000000001e-03  1.5701320326491055e-03
-3.9000000000000000e-02 1.2000000000000004e-02 4.0000000000000001e-03  1.5773014916957160e-03
-3.9000000000000000e-02 1.4999999999999999e-02 4.0000000000000001e-03  1.5844140035132714e-03
-3.9000000000000000e-02 1.8000000000000002e-02 4.0000000000000001e-03  1.6000249312004315e-03
-3.9000000000000000e-02 2.1000000000000005e-02 4.0000000000000001e-03  1.6031481057224340e-03
-3.9000000000000000e-02 2.4000000000000007e-02 4.0000000000000001e-03  1.6269612159113391e-03
-3.9000000000000000e-02 2.7000000000000010e-02 4.0000000000000001e-03  1.6517128226484084e-03
-3.9000000000000000e-02 2.9999999999999999e-02 4.0000000000000001e-03  1.6773996184638144e-03
-3.9000000000000000e-02 3.3000000000000002e-02 4.0000000000000001e-03  1.7110944251451223e-03
-3.9000000000000000e-02 3.6000000000000004e-02 4.0000000000000001e-03  1.7564441115986238e-03
-3.9000000000000000e-02 3.9000000000000007e-02 4.0000000000000001e-03  1.7921650213025783e-03
-3.9000000000000000e-02 4.2000000000000010e-02 4.0000000000000001e-03  1.8659860749354769e-03
-3.9000000000000000e-02 4.4999999999999998e-02 4.0000000000000001e-03  1.9825091393748892e-03
-3.5999999999999997e-02 -4.4999999999999998e-02 4.0000000000000001e-03  2.0932598841124582e-03
-3.5999999999999997e-02 -4.1999999999999996e-02 4.0000000000000001e-03  1.9528902285762106e-03
-3.5999999999999997e-02 -3.9000000000000000e-02 4.0000000000000001e-03  1.8172278178309436e-03
-3.5999999999999997e-02 -3.5999999999999997e-02 4.0000000000000001e-03  1.7058546336743482e-03
-3.5999999999999997e-02 -3.3000000000000002e-02 4.0000000000000001e-03  1.6962557052781369e-03
-3.5999999999999997e-02 -2.9999999999999999e-02 4.0000000000000001e-03  1.6329325933023965e-03
-3.5999999999999997e-02 -2.6999999999999996e-02 4.0000000000000001e-03  1.6122113001619447e-03
-3.5999999999999997e-02 -2.3999999999999997e-02 4.0000000000000001e-03  1.6103804709395775e-03
-3.5999999999999997e-02 -2.0999999999999998e-02 4.0000000000000001e-03  1.5976112936823381e-03
-3.5999999999999997e-02 -1.7999999999999999e-02 4.0000000000000001e-03  1.5578423454131844e-03
-3.5999999999999997e-02 -1.4999999999999999e-02 4.0000000000000001e-03  1.5427876700557779e-03
-3.5999999999999997e-02 -1.1999999999999997e-02 4.0000000000000001e-03  1.5290832439609357e-03
-3.5999999999999997e-02 -8.9999999999999941e-03 4.0000000000000001e-03  1.5166817573147684e-03
-3.5999999999999997e-02 -5.9999999999999984e-03 4.0000000000000001e-03  1.5055388646159752e-03
-3.5999999999999997e-02 -2.9999999999999957e-03 4.0000000000000001e-03  1.4986640321236733e-03
-3.5999999999999997e-02 0.0000000000000000e+00 4.0000000000000001e-03  1.4958643177178622e-03
-3.5999999999999997e-02 3.0000000000000027e-03 4.0000000000000001e-03  1.4933483432033787e-03
-3.5999999999999997e-02 6.0000000000000053e-03 4.0000000000000001e-03  1.4902995239474157e-03
-3.5999999999999997e-02 9.0000000000000011e-03 4.0000000000000001e-03  1.4950475092887787e-03
-3.5999999999999997e-02 1.2000000000000004e-02 4.0000000000000001e-03  1.5004569744973405e-03
-3.5999999999999997e-02 1.4999999999999999e-02 4.0000000000000001e-03  1.5064526669879299e-03
-3.5999999999999997e-02 1.8000000000000002e-02 4.0000000000000001e-03  1.5129282926389133e-03
-3.5999999999999997e-02 2.1000000000000005e-02 4.0000000000000001e-03  1.5329653186419612e-03
-3.5999999999999997e-02 2.4000000000000007e-02 4.0000000000000001e-03  1.5587492423167230e-03
-3.5999999999999997e-02 2.7000000000000010e-02 4.0000000000000001e-03  1.5854668804244846e-03
-3.5999999999999997e-02 2.9999999999999999e-02 4.0000000000000001e-03  1.6131146543892328e-03
-3.5999999999999997e-02 3.3000000000000002e-02 4.0000000000000001e-03  1.6416891723635477e-03
-3.5999999999999997e-02 3.6000000000000004e-02 4.0000000000000001e-03  1.6847284784571072e-03
-3.5999999999999997e-02 3.9000000000000007e-02 4.0000000000000001e-03  1.7387387663763501e-03
-3.5999999999999997e-02 4.2000000000000010e-02 4.0000000000000001e-03  1.8253459755309233e-03
-3.5999999999999997e-02 4.4999999999999998e-02 4.0000000000000001e-03  1.9349721916313391e-03
-3.3000000000000002e-02 -4.4999999999999998e-02 4.0000000000000001e-03  2.0314636806488765e-03
-3.3000000000000002e-02 -4.1999999999999996e-02 4.0000000000000001e-03  1.8935885106964919e-03
-3.3000000000000002e-02 -3.9000000000000000e-02 4.0000000000000001e-03  1.7608051276034448e-03
-3.3000000000000002e-02 -3.5999999999999997e-02 4.0000000000000001e-03  1.6649196523436142e-03
-3.3000000000000002e-02 -3.3000000000000002e-02 4.0000000000000001e-03  1.6194029457358610e-03
-3.3000000000000002e-02 -2.9999999999999999e-02 4.0000000000000001e-03  1.5779191044894797e-03
-3.3000000000000002e-02 -2.6999999999999996e-02 4.0000000000000001e-03  1.5478523978566066e-03
-3.3000000000000002e-02 -2.3999999999999997e-02 4.0000000000000001e-03  1.5335042338098174e-03
-3.3000000000000002e-02 -2.0999999999999998e-02 4.0000000000000001e-03  1.5274774752930176e-03
-3.3000000000000002e-02 -1.7999999999999999e-02 4.0000000000000001e-03  1.5030318177809831e-03
-3.3000000000000002e-02 -1.4999999999999999e-02 4.0000000000000001e-03  1.4894539375703434e-03
-3.3000000000000002e-02 -1.1999999999999997e-02 4.0000000000000001e-03  1.4770924126272049e-03
-3.3000000000000002e-02 -8.9999999999999941e-03 4.0000000000000001e-03  1.4659085454266990e-03
-3.3000000000000002e-02 -5.9999999999999984e-03 4.0000000000000001e-03  1.4558666027565184e-03
-3.3000000000000002e-02 -2.9999999999999957e-03 4.0000000000000001e-03  1.4478788905435392e-03
-3.3000000000000002e-02 0.0000000000000000e+00 4.0000000000000001e-03  1.4445077048139158e-03
-3.3000000000000002e-02 3.0000000000000027e-03 4.0000000000000001e-03  1.4423241183209878e-03
-3.3000000000000002e-02 6.0000000000000053e-03 4.0000000000000001e-03  1.4403652811958931e-03
-3.3000000000000002e-02 9.0000000000000011e-03 4.0000000000000001e-03  1.4412306679456009e-03
-3.3000000000000002e-02 1.2000000000000004e-02 4.0000000000000001e-03  1.4459952815354933e-03
-3.3000000000000002e-02 1.4999999999999999e-02 4.0000000000000001e-03  1.4514224939866085e-03
-3.3000000000000002e-02 1.8000000000000002e-02 4.0000000000000001e-03  1.4675793655534403e-03
-3.3000000000000002e-02 2.1000000000000005e-02 4.0000000000000001e-03  1.4911155605140153e-03
-3.3000000000000002e-02 2.4000000000000007e-02 4.0000000000000001e-03  1.5163967453955787e-03
-3.3000000000000002e-02 2.7000000000000010e-02 4.0000000000000001e-03  1.5426081343260683e-03
-3.3000000000000002e-02 2.9999999999999999e-02 4.0000000000000001e-03  1.5697459300728805e-03
-3.3000000000000002e-02 3.3000000000000002e-02 4.0000000000000001e-03  1.5978065221320080e-03
-3.3000000000000002e-02 3.6000000000000004e-02 4.0000000000000001e-03  1.6137241219349417e-03
-3.3000000000000002e-02 3.9000000000000007e-02 4.0000000000000001e-03  1.6887777586861328e-03
-3.3000000000000002e-02 4.2000000000000010e-02 4.0000000000000001e-03  1.7892260631338817e-03
-3.3000000000000002e-02 4.4999999999999998e-02 4.0000000000000001e-03  1.8961707057649387e-03
-2.9999999999999999e-02 -4.4999999999999998e-02 4.0000000000000001e-03  1.9775167488800590e-03
-2.9999999999999999e-02 -4.1999999999999996e-02 4.0000000000000001e-03  1.8423394458447690e-03
-2.9999999999999999e-02 -3.9000000000000000e-02 4.0000000000000001e-03  1.7155418548262418e-03
-2.9999999999999999e-02 -3.5999999999999997e-02 4.0000000000000001e-03  1.6524277387282744e-03
-2.9999999999999999e-02 -3.3000000000000002e-02 4.0000000000000001e-03  1.6049687035051010e-03
-2.9999999999999999e-02 -2.9999999999999999e-02 4.0000000000000001e-03  1.5479071112518865e-03
-2.9999999999999999e-02 -2.6999999999999996e-02 4.0000000000000001e-03  1.5077837526444790e-03
-2.9999999999999999e-02 -2.3999999999999997e-02 4.0000000000000001e-03  1.4845768508105412e-03
-2.9999999999999999e-02 -2.0999999999999998e-02 4.0000000000000001e-03  1.4775011992558533e-03
-2.9999999999999999e-02 -1.7999999999999999e-02 4.0000000000000001e-03  1.4620265295920115e-03
-2.9999999999999999e-02 -1.4999999999999999e-02 4.0000000000000001e-03  1.4495607834715482e-03
-2.9999999999999999e-02 -1.1999999999999997e-02 4.0000000000000001e-03  1.4381982590282410e-03
-2.9999999999999999e-02 -8.9999999999999941e-03 4.0000000000000001e-03  1.4284143601735529e-03
-2.9999999999999999e-02 -5.9999999999999984e-03 4.0000000000000001e-03  1.4201825912943985e-03
-2.9999999999999999e-02 -2.9999999999999957e-03 4.0000000000000001e-03  1.4129183667240630e-03
-2.9999999999999999e-02 0.0000000000000000e+00 4.0000000000000001e-03  1.4066158294390280e-03
-2.9999999999999999e-02 3.0000000000000027e-03 4.0000000000000001e-03  1.4012699080610750e-03
-2.9999999999999999e-02 6.0000000000000053e-03 4.0000000000000001e-03  1.3985783449571377e-03
-2.9999999999999999e-02 9.0000000000000011e-03 4.0000000000000001e-03  1.3977516496572159e-03
-2.9999999999999999e-02 1.2000000000000004e-02 4.0000000000000001e-03  1.4074641759878174e-03
-2.9999999999999999e-02 1.4999999999999999e-02 4.0000000000000001e-03  1.4246971627684345e-03
-2.9999999999999999e-02 1.8000000000000002e-02 4.0000000000000001e-03  1.4424829443660712e-03
-2.9999999999999999e-02 2.1000000000000005e-02 4.0000000000000001e-03  1.4610296511666820e-03
-2.9999999999999999e-02 2.4000000000000007e-02 4.0000000000000001e-03  1.4824067491520908e-03
-2.9999999999999999e-02 2.7000000000000010e-02 4.0000000000000001e-03  1.5047141187177926e-03
-2.9999999999999999e-02 2.9999999999999999e-02 4.0000000000000001e-03  1.5279478163957986e-03
-2.9999999999999999e-02 3.3000000000000002e-02 4.0000000000000001e-03  1.5432096624410948e-03
-2.9999999999999999e-02 3.6000000000000004e-02 4.0000000000000001e-03  1.5604095161991986e-03
-2.9999999999999999e-02 3.9000000000000007e-02 4.0000000000000001e-03  1.6175824224911285e-03
-2.9999999999999999e-02 4.2000000000000010e-02 4.0000000000000001e-03  1.7177265882505519e-03
-2.9999999999999999e-02 4.4999999999999998e-02 4.0000000000000001e-03  1.8489755515449131e-03
-2.6999999999999996e-02 -4.4999999999999998e-02 4.0000000000000001e-03  1.9314811878972024e-03
-2.6999999999999996e-02 -4.1999999999999996e-02 4.0000000000000001e-03  1.7992460472266846e-03
-2.6999999999999996e-02 -3.9000000000000000e-02 4.0000000000000001e-03  1.7034361739199874e-03
-2.6999999999999996e-02 -3.5999999999999997e-02 4.0000000000000001e-03  1.6517965383263235e-03
-2.6999999999999996e-02 -3.3000000000000002e-02 4.0000000000000001e-03  1.5937981189520780e-03
-2.6999999999999996e-02 -2.9999999999999999e-02 4.0000000000000001e-03  1.5400023012918141e-03
-2.6999999999999996e-02 -2.6999999999999996e-02 4.0000000000000001e-03  1.4942855304042506e-03
-2.6999999999999996e-02 -2.3999999999999997e-02 4.0000000000000001e-03  1.4591463000320720e-03
-2.6999999999999996e-02 -2.0999999999999998e-02 4.0000000000000001e-03  1.4466261727540189e-03
-2.6999999999999996e-02 -1.7999999999999999e-02 4.0000000000000001e-03  1.4339106116686162e-03
-2.6999999999999996e-02 -1.4999999999999999e-02 4.0000000000000001e-03  1.4212539455500700e-03
-2.6999999999999996e-02 -1.1999999999999997e-02 4.0000000000000001e-03  1.4091353930037068e-03
-2.6999999999999996e-02 -8.9999999999999941e-03 4.0000000000000001e-03  1.3979872374836786e-03
-2.6999999999999996e-02 -5.9999999999999984e-03 4.0000000000000001e-03  1.3878023857512110e-03
-2.6999999999999996e-02 -2.9999999999999957e-03 4.0000000000000001e-03  1.3785745302128318e-03
-2.6999999999999996e-02 0.0000000000000000e+00 4.0000000000000001e-03  1.3702981489203446e-03
-2.6999999999999996e-02 3.0000000000000027e-03 4.0000000000000001e-03  1.3658009964524289e-03
-2.6999999999999996e-02 6.0000000000000053e-03 4.0000000000000001e-03  1.3709055870476223e-03
-2.6999999999999996e-02 9.0000000000000011e-03 4.0000000000000001e-03  1.3764562753320138e-03
-2.6999999999999996e-02 1.2000000000000004e-02 4.0000000000000001e-03  1.3823966567644850e-03
-2.6999999999999996e-02 1.4999999999999999e-02 4.0000000000000001e-03  1.3998166808196751e-03
-2.6999999999999996e-02 1.8000000000000002e-02 4.0000000000000001e-03  1.4177695331025078e-03
-2.6999999999999996e-02 2.1000000000000005e-02 4.0000000000000001e-03  1.4362346983024230e-03
-2.6999999999999996e-02 2.4000000000000007e-02 4.0000000000000001e-03  1.4547443816653031e-03
-2.6999999999999996e-02 2.7000000000000010e-02 4.0000000000000001e-03  1.4731381298926192e-03
-2.6999999999999996e-02 2.9999999999999999e-02 4.0000000000000001e-03  1.4924623705363893e-03
-2.6999999999999996e-02 3.3000000000000002e-02 4.0000000000000001e-03  1.4899182651595085e-03
-2.6999999999999996e-02 3.6000000000000004e-02 4.0000000000000001e-03  1.5202449535480637e-03
-2.6999999999999996e-02 3.9000000000000007e-02 4.0000000000000001e-03  1.5914300826938485e-03
-2.6999999999999996e-02 4.2000000000000010e-02 4.0000000000000001e-03  1.7051276979775537e-03
-2.6999999999999996e-02 4.4999999999999998e-02 4.0000000000000001e-03  1.8627664173584090e-03
-2.3999999999999997e-02 -4.4999999999999998e-02 4.0000000000000001e-03  1.8934339321299040e-03
-2.3999999999999997e-02 -4.1999999999999996e-02 4.0000000000000001e-03  1.7647836895968902e-03
-2.3999999999999997e-02 -3.9000000000000000e-02 4.0000000000000001e-03  1.7030911117162601e-03
-2.3999999999999997e-02 -3.5999999999999997e-02 4.0000000000000001e-03  1.6460213852683627e-03
-2.3999999999999997e-02 -3.3000000000000002e-02 4.0000000000000001e-03  1.5869427435005060e-03
-2.3999999999999997e-02 -2.9999999999999999e-02 4.0000000000000001e-03  1.5363559490256052e-03
-2.3999999999999997e-02 -2.6999999999999996e-02 4.0000000000000001e-03  1.4940321734654232e-03
-2.3999999999999997e-02 -2.3999999999999997e-02 4.0000000000000001e-03  1.4597731754875767e-03
-2.3999999999999997e-02 -2.0999999999999998e-02 4.0000000000000001e-03  1.4264561847411302e-03
-2.3999999999999997e-02 -1.7999999999999999e-02 4.0000000000000001e-03  1.4104295044712084e-03
-2.3999999999999997e-02 -1.4999999999999999e-02 4.0000000000000001e-03  1.3953792040437745e-03
-2.3999999999999997e-02 -1.1999999999999997e-02 4.0000000000000001e-03  1.3812969540048070e-03
-2.3999999999999997e-02 -8.9999999999999941e-03 4.0000000000000001e-03  1.3681752105455683e-03
-2.3999999999999997e-02 -5.9999999999999984e-03 4.0000000000000001e-03  1.3560072155026149e-03
-2.3999999999999997e-02 -2.9999999999999957e-03 4.0000000000000001e-03  1.3494987040437356e-03
-2.3999999999999997e-02 0.0000000000000000e+00 4.0000000000000001e-03  1.3500099694416031e-03
-2.3999999999999997e-02 3.0000000000000027e-03 4.0000000000000001e-03  1.3525135927036816e-03
-2.3999999999999997e-02 6.0000000000000053e-03 4.0000000000000001e-03  1.3570020329061281e-03
-2.3999999999999997e-02 9.0000000000000011e-03 4.0000000000000001e-03  1.3625367782499191e-03
-2.3999999999999997e-02 1.2000000000000004e-02 4.0000000000000001e-03  1.3670542866730789e-03
-2.3999999999999997e-02 1.4999999999999999e-02 4.0000000000000001e-03  1.3752388037307889e-03
-2.3999999999999997e-02 1.8000000000000002e-02 4.0000000000000001e-03  1.3933998314522313e-03
-2.3999999999999997e-02 2.1000000000000005e-02 4.0000000000000001e-03  1.4120532478805760e-03
-2.3999999999999997e-02 2.4000000000000007e-02 4.0000000000000001e-03  1.4311840651374530e-03
-2.3999999999999997e-02 2.7000000000000010e-02 4.0000000000000001e-03  1.4479218638282587e-03
-2.3999999999999997e-02 2.9999999999999999e-02 4.0000000000000001e-03  1.4456243670916554e-03
-2.3999999999999997e-02 3.3000000000000002e-02 4.0000000000000001e-03  1.4495666806894176e-03
-2.3999999999999997e-02 3.6000000000000004e-02 4.0000000000000001e-03  1.4934621040033460e-03
-2.3999999999999997e-02 3.9000000000000007e-02 4.0000000000000001e-03  1.5791550629762976e-03
-2.3999999999999997e-02 4.2000000000000010e-02 4.0000000000000001e-03  1.7082645561296540e-03
-2.3999999999999997e-02 4.4999999999999998e-02 4.0000000000000001e-03  1.8821841545633294e-03
-2.0999999999999998e-02 -4.4999999999999998e-02 4.0000000000000001e-03  1.8634667513461845e-03
-2.0999999999999998e-02 -4.1999999999999996e-02 4.0000000000000001e-03  1.7644178229839517e-03
-2.0999999999999998e-02 -3.9000000000000000e-02 4.0000000000000001e-03  1.7058866646669424e-03
-2.0999999999999998e-02 -3.5999999999999997e-02 4.0000000000000001e-03  1.6406807287733158e-03
-2.0999999999999998e-02 -3.3000000000000002e-02 4.0000000000000001e-03  1.5844809073003413e-03
-2.0999999999999998e-02 -2.9999999999999999e-02 4.0000000000000001e-03  1.5370149774784540e-03
-2.0999999999999998e-02 -2.6999999999999996e-02 4.0000000000000001e-03  1.4850459020691001e-03
-2.0999999999999998e-02 -2.3999999999999997e-02 4.0000000000000001e-03  1.4278699065953750e-03
-2.0999999999999998e-02 -2.0999999999999998e-02 4.0000000000000001e-03  1.4011702904577548e-03
-2.0999999999999998e-02 -1.7999999999999999e-02 4.0000000000000001e-03  1.3871470441368368e-03
-2.0999999999999998e-02 -1.4999999999999999e-02 4.0000000000000001e-03  1.3701125449308489e-03
-2.0999999999999998e-02 -1.1999999999999997e-02 4.0000000000000001e-03  1.3540371984101761e-03
-2.0999999999999998e-02 -8.9999999999999941e-03 4.0000000000000001e-03  1.3451371998262189e-03
-2.0999999999999998e-02 -5.9999999999999984e-03 4.0000000000000001e-03  1.3409891296159639e-03
-2.0999999999999998e-02 -2.9999999999999957e-03 4.0000000000000001e-03  1.3388390637569284e-03
-2.0999999999999998e-02 0.0000000000000000e+00 4.0000000000000001e-03  1.3386841754303874e-03
-2.0999999999999998e-02 3.0000000000000027e-03 4.0000000000000001e-03  1.3405220388355123e-03
-2.0999999999999998e-02 6.0000000000000053e-03 4.0000000000000001e-03  1.3443509264619456e-03
-2.0999999999999998e-02 9.0000000000000011e-03 4.0000000000000001e-03  1.3498685032962677e-03
-2.0999999999999998e-02 1.2000000000000004e-02 4.0000000000000001e-03  1.3548439619500113e-03
-2.0999999999999998e-02 1.4999999999999999e-02 4.0000000000000001e-03  1.3576361956016340e-03
-2.0999999999999998e-02 1.8000000000000002e-02 4.0000000000000001e-03  1.3693413565002974e-03
-2.0999999999999998e-02 2.1000000000000005e-02 4.0000000000000001e-03  1.3882247123853599e-03
-2.0999999999999998e-02 2.4000000000000007e-02 4.0000000000000001e-03  1.4075655872679675e-03
-2.0999999999999998e-02 2.7000000000000010e-02 4.0000000000000001e-03  1.4280739360831725e-03
-2.0999999999999998e-02 2.9999999999999999e-02 4.0000000000000001e-03  1.4261808212180675e-03
-2.0999999999999998e-02 3.3000000000000002e-02 4.0000000000000001e-03  1.4433821812776257e-03
-2.0999999999999998e-02 3.6000000000000004e-02 4.0000000000000001e-03  1.4978743816457904e-03
-2.0999999999999998e-02 3.9000000000000007e-02 4.0000000000000001e-03  1.5911863305790679e-03
-2.0999999999999998e-02 4.2000000000000010e-02 4.0000000000000001e-03  1.7246435003600985e-03
-2.0999999999999998e-02 4.4999999999999998e-02 4.0000000000000001e-03  1.8993679272976702e-03
-1.7999999999999999e-02 -4.4999999999999998e-02 4.0000000000000001e-03  1.8416862506524835e-03
-1.7999999999999999e-02 -4.1999999999999996e-02 4.0000000000000001e-03  1.7751887922904306e-03
-1.7999999999999999e-02 -3.9000000000000000e-02 4.0000000000000001e-03  1.7027748814338671e-03
-1.7999999999999999e-02 -3.5999999999999997e-02 4.0000000000000001e-03  1.6399828187330921e-03
-1.7999999999999999e-02 -3.3000000000000002e-02 4.0000000000000001e-03  1.5798578238207027e-03
-1.7999999999999999e-02 -2.9999999999999999e-02 4.0000000000000001e-03  1.5084811400252534e-03
-1.7999999999999999e-02 -2.6999999999999996e-02 4.0000000000000001e-03  1.4454712511920063e-03
-1.7999999999999999e-02 -2.3999999999999997e-02 4.0000000000000001e-03  1.3983134840598423e-03
-1.7999999999999999e-02 -2.0999999999999998e-02 4.0000000000000001e-03  1.3786581577793296e-03
-1.7999999999999999e-02 -1.7999999999999999e-02 4.0000000000000001e-03  1.3644314935144979e-03
-1.7999999999999999e-02 -1.4999999999999999e-02 4.0000000000000001e-03  1.3527539657190635e-03
-1.7999999999999999e-02 -1.1999999999999997e-02 4.0000000000000001e-03  1.3439301021183048e-03
-1.7999999999999999e-02 -8.9999999999999941e-03 4.0000000000000001e-03  1.3371117561208231e-03
-1.7999999999999999e-02 -5.9999999999999984e-03 4.0000000000000001e-03  1.3322952936978983e-03
-1.7999999999999999e-02 -2.9999999999999957e-03 4.0000000000000001e-03  1.3294774818387095e-03
-1.7999999999999999e-02 0.0000000000000000e+00 4.0000000000000001e-03  1.3286554885503345e-03
-1.7999999999999999e-02 3.0000000000000027e-03 4.0000000000000001e-03  1.3298268828577516e-03
-1.7999999999999999e-02 6.0000000000000053e-03 4.0000000000000001e-03  1.3329896348038372e-03
-1.7999999999999999e-02 9.0000000000000011e-03 4.0000000000000001e-03  1.3384521711014129e-03
-1.7999999999999999e-02 1.2000000000000004e-02 4.0000000000000001e-03  1.3438450475216769e-03
-1.7999999999999999e-02 1.4999999999999999e-02 4.0000000000000001e-03  1.3472543925590900e-03
-1.7999999999999999e-02 1.8000000000000002e-02 4.0000000000000001e-03  1.3485991357513182e-03
-1.7999999999999999e-02 2.1000000000000005e-02 4.0000000000000001e-03  1.3647243940317544e-03
-1.7999999999999999e-02 2.4000000000000007e-02 4.0000000000000001e-03  1.3843175982432502e-03
-1.7999999999999999e-02 2.7000000000000010e-02 4.0000000000000001e-03  1.4146152302290849e-03
-1.7999999999999999e-02 2.9999999999999999e-02 4.0000000000000001e-03  1.4439280713492116e-03
-1.7999999999999999e-02 3.3000000000000002e-02 4.0000000000000001e-03  1.4743787931553909e-03
-1.7999999999999999e-02 3.6000000000000004e-02 4.0000000000000001e-03  1.5202997882656848e-03
-1.7999999999999999e-02 3.9000000000000007e-02 4.0000000000000001e-03  1.6047467177484490e-03
-1.7999999999999999e-02 4.2000000000000010e-02 4.0000000000000001e-03  1.7290778425260781e-03
-1.7999999999999999e-02 4.4999999999999998e-02 4.0000000000000001e-03  1.8944479875471051e-03
-1.4999999999999999e-02 -4.4999999999999998e-02 4.0000000000000001e-03  1.8506005705695790e-03
-1.4999999999999999e-02 -4.1999999999999996e-02 4.0000000000000001e-03  1.7752689064821827e-03
-1.4999999999999999e-02 -3.9000000000000000e-02 4.0000000000000001e-03  1.7046691775049127e-03
-1.4999999999999999e-02 -3.5999999999999997e-02 4.0000000000000001e-03  1.6155378307056529e-03
-1.4999999999999999e-02 -3.3000000000000002e-02 4.0000000000000001e-03  1.5381533202805545e-03
-1.4999999999999999e-02 -2.9999999999999999e-02 4.0000000000000001e-03  1.4835571296850764e-03
-1.4999999999999999e-02 -2.6999999999999996e-02 4.0000000000000001e-03  1.4364947000520712e-03
-1.4999999999999999e-02 -2.3999999999999997e-02 4.0000000000000001e-03  1.3981756258158987e-03
-1.4999999999999999e-02 -2.0999999999999998e-02 4.0000000000000001e-03  1.3817522367260983e-03
-1.4999999999999999e-02 -1.7999999999999999e-02 4.0000000000000001e-03  1.3643613222075286e-03
-1.4999999999999999e-02 -1.4999999999999999e-02 4.0000000000000001e-03  1.3473718839399932e-03
-1.4999999999999999e-02 -1.1999999999999997e-02 4.0000000000000001e-03  1.3378764950805579e-03
-1.4999999999999999e-02 -8.9999999999999941e-03 4.0000000000000001e-03  1.3303875223819764e-03
-1.4999999999999999e-02 -5.9999999999999984e-03 4.0000000000000001e-03  1.3249013266413382e-03
-1.4999999999999999e-02 -2.9999999999999957e-03 4.0000000000000001e-03  1.3214146696736233e-03
-1.4999999999999999e-02 0.0000000000000000e+00 4.0000000000000001e-03  1.3199247143117199e-03
-1.4999999999999999e-02 3.0000000000000027e-03 4.0000000000000001e-03  1.3204290244064091e-03
-1.4999999999999999e-02 6.0000000000000053e-03 4.0000000000000001e-03  1.3229255648263731e-03
-1.4999999999999999e-02 9.0000000000000011e-03 4.0000000000000001e-03  1.3282888646306422e-03
-1.4999999999999999e-02 1.2000000000000004e-02 4.0000000000000001e-03  1.3340582506177244e-03
-1.4999999999999999e-02 1.4999999999999999e-02 4.0000000000000001e-03  1.3380859581718512e-03
-1.4999999999999999e-02 1.8000000000000002e-02 4.0000000000000001e-03  1.3400367357676276e-03
-1.4999999999999999e-02 2.1000000000000005e-02 4.0000000000000001e-03  1.3415344124303179e-03
-1.4999999999999999e-02 2.4000000000000007e-02 4.0000000000000001e-03  1.3676060543128608e-03
-1.4999999999999999e-02 2.7000000000000010e-02 4.0000000000000001e-03  1.4019245696471035e-03
-1.4999999999999999e-02 2.9999999999999999e-02 4.0000000000000001e-03  1.4347813095941968e-03
-1.4999999999999999e-02 3.3000000000000002e-02 4.0000000000000001e-03  1.4701027708861750e-03
-1.4999999999999999e-02 3.6000000000000004e-02 4.0000000000000001e-03  1.5249810820277200e-03
-1.4999999999999999e-02 3.9000000000000007e-02 4.0000000000000001e-03  1.6004169219872688e-03
-1.4999999999999999e-02 4.2000000000000010e-02 4.0000000000000001e-03  1.7155058207802393e-03
-1.4999999999999999e-02 4.4999999999999998e-02 4.0000000000000001e-03  1.8714353919949210e-03
-1.1999999999999997e-02 -4.4999999999999998e-02 4.0000000000000001e-03  1.8606915895947301e-03
-1.1999999999999997e-02 -4.1999999999999996e-02 4.0000000000000001e-03  1.7569817559226668e-03
-1.1999999999999997e-02 -3.9000000000000000e-02 4.0000000000000001e-03  1.6674982435272033e-03
-1.1999999999999997e-02 -3.5999999999999997e-02 4.0000000000000001e-03  1.5955544842084495e-03
-1.1999999999999997e-02 -3.3000000000000002e-02 4.0000000000000001e-03  1.5333848878119989e-03
-1.1999999999999997e-02 -2.9999999999999999e-02 4.0000000000000001e-03  1.4796619693241801e-03
-1.1999999999999997e-02 -2.6999999999999996e-02 4.0000000000000001e-03  1.4333126551270947e-03
-1.1999999999999997e-02 -2.3999999999999997e-02 4.0000000000000001e-03  1.4011426809832995e-03
-1.1999999999999997e-02 -2.0999999999999998e-02 4.0000000000000001e-03  1.3844728588758700e-03
-1.1999999999999997e-02 -1.7999999999999999e-02 4.0000000000000001e-03  1.3658635029509731e-03
-1.1999999999999997e-02 -1.4999999999999999e-02 4.0000000000000001e-03  1.3482206771319952e-03
-1.1999999999999997e-02 -1.1999999999999997e-02 4.0000000000000001e-03  1.3334092617749889e-03
-1.1999999999999997e-02 -8.9999999999999941e-03 4.0000000000000001e-03  1.3249653733689328e-03
-1.1999999999999997e-02 -5.9999999999999984e-03 4.0000000000000001e-03  1.3188081973312623e-03
-1.1999999999999997e-02 -2.9999999999999957e-03 4.0000000000000001e-03  1.3146516902723827e-03
-1.1999999999999997e-02 0.0000000000000000e+00 4.0000000000000001e-03  1.3124930098509849e-03
-1.1999999999999997e-02 3.0000000000000027e-03 4.0000000000000001e-03  1.3123297147436574e-03
-1.1999999999999997e-02 6.0000000000000053e-03 4.0000000000000001e-03  1.3141597646448885e-03
-1.1999999999999997e-02 9.0000000000000011e-03 4.0000000000000001e-03  1.3193800291841870e-03
-1.1999999999999997e-02 1.2000000000000004e-02 4.0000000000000001e-03  1.3254847127907583e-03
-1.1999999999999997e-02 1.4999999999999999e-02 4.0000000000000001e-03  1.3301314857530997e-03
-1.1999999999999997e-02 1.8000000000000002e-02 4.0000000000000001e-03  1.3326903002660001e-03
-1.1999999999999997e-02 2.1000000000000005e-02 4.0000000000000001e-03  1.3343527825859494e-03
-1.1999999999999997e-02 2.4000000000000007e-02 4.0000000000000001e-03  1.3563259542582200e-03
-1.1999999999999997e-02 2.7000000000000010e-02 4.0000000000000001e-03  1.3899294834640386e-03
-1.1999999999999997e-02 2.9999999999999999e-02 4.0000000000000001e-03  1.4269275656244801e-03
-1.1999999999999997e-02 3.3000000000000002e-02 4.0000000000000001e-03  1.4586945134705193e-03
-1.1999999999999997e-02 3.6000000000000004e-02 4.0000000000000001e-03  1.5090644592754092e-03
-1.1999999999999997e-02 3.9000000000000007e-02 4.0000000000000001e-03  1.5801698433251779e-03
-1.1999999999999997e-02 4.2000000000000010e-02 4.0000000000000001e-03  1.6839168385121117e-03
-1.1999999999999997e-02 4.4999999999999998e-02 4.0000000000000001e-03  1.8303149602320265e-03
-8.9999999999999941e-03 -4.4999999999999998e-02 4.0000000000000001e-03  1.8363547788641786e-03
-8.9999999999999941e-03 -4.1999999999999996e-02 4.0000000000000001e-03  1.7417825522476312e-03
-8.9999999999999941e-03 -3.9000000000000000e-02 4.0000000000000001e-03  1.6600679408887160e-03
-8.9999999999999941e-03 -3.5999999999999997e-02 4.0000000000000001e-03  1.5894192130237125e-03
-8.9999999999999941e-03 -3.3000000000000002e-02 4.0000000000000001e-03  1.5282990482846685e-03
-8.9999999999999941e-03 -2.9999999999999999e-02 4.0000000000000001e-03  1.4754245376993984e-03
-8.9999999999999941e-03 -2.6999999999999996e-02 4.0000000000000001e-03  1.4297671836914921e-03
-8.9999999999999941e-03 -2.3999999999999997e-02 4.0000000000000001e-03  1.4037386022833398e-03
-8.9999999999999941e-03 -2.0999999999999998e-02 4.0000000000000001e-03  1.3868204368475126e-03
-8.9999999999999941e-03 -1.7999999999999999e-02 4.0000000000000001e-03  1.3667726468918904e-03
-8.9999999999999941e-03 -1.4999999999999999e-02 4.0000000000000001e-03  1.3488292618604801e-03
-8.9999999999999941e-03 -1.1999999999999997e-02 4.0000000000000001e-03  1.3337167004364859e-03
-8.9999999999999941e-03 -8.9999999999999941e-03 4.0000000000000001e-03  1.3214350147831067e-03
-8.9999999999999941e-03 -5.9999999999999984e-03 4.0000000000000001e-03  1.3140172262788281e-03
-8.9999999999999941e-03 -2.9999999999999957e-03 4.0000000000000001e-03  1.3091899582718769e-03
-8.9999999999999941e-03 0.0000000000000000e+00 4.0000000000000001e-03  1.3063618839307513e-03
-8.9999999999999941e-03 3.0000000000000027e-03 4.0000000000000001e-03  1.3055305567578478e-03
-8.9999999999999941e-03 6.0000000000000053e-03 4.0000000000000001e-03  1.3066939312734610e-03
-8.9999999999999941e-03 9.0000000000000011e-03 4.0000000000000001e-03  1.3117274723972144e-03
-8.9999999999999941e-03 1.2000000000000004e-02 4.0000000000000001e-03  1.3181260099163225e-03
-8.9999999999999941e-03 1.4999999999999999e-02 4.0000000000000001e-03  1.3233920029389658e-03
-8.9999999999999941e-03 1.8000000000000002e-02 4.0000000000000001e-03  1.3265603086431534e-03
-8.9999999999999941e-03 2.1000000000000005e-02 4.0000000000000001e-03  1.3342125305043353e-03
-8.9999999999999941e-03 2.4000000000000007e-02 4.0000000000000001e-03  1.3506990814082154e-03
-8.9999999999999941e-03 2.7000000000000010e-02 4.0000000000000001e-03  1.3838395757393624e-03
-8.9999999999999941e-03 2.9999999999999999e-02 4.0000000000000001e-03  1.4183264110635809e-03
-8.9999999999999941e-03 3.3000000000000002e-02 4.0000000000000001e-03  1.4498199976681161e-03
-8.9999999999999941e-03 3.6000000000000004e-02 4.0000000000000001e-03  1.4952362754667608e-03
-8.9999999999999941e-03 3.9000000000000007e-02 4.0000000000000001e-03  1.5614033888931317e-03
-8.9999999999999941e-03 4.2000000000000010e-02 4.0000000000000001e-03  1.6490655579769822e-03
-8.9999999999999941e-03 4.4999999999999998e-02 4.0000000000000001e-03  1.7710827801357730e-03
-5.9999999999999984e-03 -4.4999999999999998e-02 4.0000000000000001e-03  1.8252367307917316e-03
-5.9999999999999984e-03 -4.1999999999999996e-02 4.0000000000000001e-03  1.7325439828820360e-03
-5.9999999999999984e-03 -3.9000000000000000e-02 4.0000000000000001e-03  1.6523778073090267e-03
-5.9999999999999984e-03 -3.5999999999999997e-02 4.0000000000000001e-03  1.5829910483504748e-03
-5.9999999999999984e-03 -3.3000000000000002e-02 4.0000000000000001e-03  1.5228909616799137e-03
-5.9999999999999984e-03 -2.9999999999999999e-02 4.0000000000000001e-03  1.4708392143666408e-03
-5.9999999999999984e-03 -2.6999999999999996e-02 4.0000000000000001e-03  1.4258518848757349e-03
-5.9999999999999984e-03 -2.3999999999999997e-02 4.0000000000000001e-03  1.4059637360952356e-03
-5.9999999999999984e-03 -2.0999999999999998e-02 4.0000000000000001e-03  1.3881610915708782e-03
-5.9999999999999984e-03 -1.7999999999999999e-02 4.0000000000000001e-03  1.3670865616611846e-03
-5.9999999999999984e-03 -1.4999999999999999e-02 4.0000000000000001e-03  1.3488425767642811e-03
-5.9999999999999984e-03 -1.1999999999999997e-02 4.0000000000000001e-03  1.3334291100014245e-03
-5.9999999999999984e-03 -8.9999999999999941e-03 4.0000000000000001e-03  1.3208461057789707e-03
-5.9999999999999984e-03 -5.9999999999999984e-03 4.0000000000000001e-03  1.3110934797883631e-03
-5.9999999999999984e-03 -2.9999999999999957e-03 4.0000000000000001e-03  1.3050312399351548e-03
-5.9999999999999984e-03 0.0000000000000000e+00 4.0000000000000001e-03  1.3015331969398003e-03
-5.9999999999999984e-03 3.0000000000000027e-03 4.0000000000000001e-03  1.3000335049634993e-03
-5.9999999999999984e-03 6.0000000000000053e-03 4.0000000000000001e-03  1.3005301133523480e-03
-5.9999999999999984e-03 9.0000000000000011e-03 4.0000000000000001e-03  1.3053333642398311e-03
-5.9999999999999984e-03 1.2000000000000004e-02 4.0000000000000001e-03  1.3119841521929204e-03
-5.9999999999999984e-03 1.4999999999999999e-02 4.0000000000000001e-03  1.3178689716885339e-03
-5.9999999999999984e-03 1.8000000000000002e-02 4.0000000000000001e-03  1.3242813283662282e-03
-5.9999999999999984e-03 2.1000000000000005e-02 4.0000000000000001e-03  1.3348990213838010e-03
-5.9999999999999984e-03 2.4000000000000007e-02 4.0000000000000001e-03  1.3438038097467089e-03
-5.9999999999999984e-03 2.7000000000000010e-02 4.0000000000000001e-03  1.3756551176847818e-03
-5.9999999999999984e-03 2.9999999999999999e-02 4.0000000000000001e-03  1.4106173741739339e-03
-5.9999999999999984e-03 3.3000000000000002e-02 4.0000000000000001e-03  1.4468251269054906e-03
-5.9999999999999984e-03 3.6000000000000004e-02 4.0000000000000001e-03  1.4871373932251720e-03
-5.9999999999999984e-03 3.9000000000000007e-02 4.0000000000000001e-03  1.5464910876886759e-03
-5.9999999999999984e-03 4.2000000000000010e-02 4.0000000000000001e-03  1.6277305629515317e-03
-5.9999999999999984e-03 4.4999999999999998e-02 4.0000000000000001e-03  1.7326519784764136e-03
-2.9999999999999957e-03 -4.4999999999999998e-02 4.0000000000000001e-03  1.8097695663556166e-03
-2.9999999999999957e-03 -4.1999999999999996e-02 4.0000000000000001e-03  1.7230797276651998e-03
-2.9999999999999957e-03 -3.9000000000000000e-02 4.0000000000000001e-03  1.6444244359469895e-03
-2.9999999999999957e-03 -3.5999999999999997e-02 4.0000000000000001e-03  1.5762658029221499e-03
-2.9999999999999957e-03 -3.3000000000000002e-02 4.0000000000000001e-03  1.5171556603057064e-03
-2.9999999999999957e-03 -2.9999999999999999e-02 4.0000000000000001e-03  1.4659002512084410e-03
-2.9999999999999957e-03 -2.6999999999999996e-02 4.0000000000000001e-03  1.4251029337744871e-03
-2.9999999999999957e-03 -2.3999999999999997e-02 4.0000000000000001e-03  1.4078184910528305e-03
-2.9999999999999957e-03 -2.0999999999999998e-02 4.0000000000000001e-03  1.3881784102633284e-03
-2.9999999999999957e-03 -1.7999999999999999e-02 4.0000000000000001e-03  1.3668034591182237e-03
-2.9999999999999957e-03 -1.4999999999999999e-02 4.0000000000000001e-03  1.3482591366505655e-03
-2.9999999999999957e-03 -1.1999999999999997e-02 4.0000000000000001e-03  1.3325453082247689e-03
-2.9999999999999957e-03 -8.9999999999999941e-03 4.0000000000000001e-03  1.3196618104903439e-03
-2.9999999999999957e-03 -5.9999999999999984e-03 4.0000000000000001e-03  1.3096084513818935e-03
-2.9999999999999957e-03 -2.9999999999999957e-03 4.0000000000000001e-03  1.3023850101191085e-03
-2.9999999999999957e-03 0.0000000000000000e+00 4.0000000000000001e-03  1.2980091608930952e-03
-2.9999999999999957e-03 3.0000000000000027e-03 4.0000000000000001e-03  1.2958408655012979e-03
-2.9999999999999957e-03 6.0000000000000053e-03 4.0000000000000001e-03  1.2956707111479602e-03
-2.9999999999999957e-03 9.0000000000000011e-03 4.0000000000000001e-03  1.3002002370170922e-03
-2.9999999999999957e-03 1.2000000000000004e-02 4.0000000000000001e-03  1.3070615841420006e-03
-2.9999999999999957e-03 1.4999999999999999e-02 4.0000000000000001e-03  1.3135642882838364e-03
-2.9999999999999957e-03 1.8000000000000002e-02 4.0000000000000001e-03  1.3250179316874669e-03
-2.9999999999999957e-03 2.1000000000000005e-02 4.0000000000000001e-03  1.3364108403633047e-03
-2.9999999999999957e-03 2.4000000000000007e-02 4.0000000000000001e-03  1.3454732222999753e-03
-2.9999999999999957e-03 2.7000000000000010e-02 4.0000000000000001e-03  1.3685261105653842e-03
-2.9999999999999957e-03 2.9999999999999999e-02 4.0000000000000001e-03  1.4056138182763165e-03
-2.9999999999999957e-03 3.3000000000000002e-02 4.0000000000000001e-03  1.4452438265570157e-03
-2.9999999999999957e-03 3.6000000000000004e-02 4.0000000000000001e-03  1.4855027570120462e-03
-2.9999999999999957e-03 3.9000000000000007e-02 4.0000000000000001e-03  1.5414389934669708e-03
-2.9999999999999957e-03 4.2000000000000010e-02 4.0000000000000001e-03  1.6171643715017542e-03
-2.9999999999999957e-03 4.4999999999999998e-02 4.0000000000000001e-03  1.7137912360644021e-03
0.0000000000000000e+00 -4.4999999999999998e-02 4.0000000000000001e-03  1.8219307945351560e-03
0.0000000000000000e+00 -4.1999999999999996e-02 4.0000000000000001e-03  1.7043941580659053e-03
0.0000000000000000e+00 -3.9000000000000000e-02 4.0000000000000001e-03  1.6362042922880779e-03
0.0000000000000000e+00 -3.5999999999999997e-02 4.0000000000000001e-03  1.5692391617987778e-03
0.0000000000000000e+00 -3.3000000000000002e-02 4.0000000000000001e-03  1.5110880487966447e-03
0.0000000000000000e+00 -2.9999999999999999e-02 4.0000000000000001e-03  1.4606017724339583e-03
0.0000000000000000e+00 -2.6999999999999996e-02 4.0000000000000001e-03  1.4268245293487698e-03
0.0000000000000000e+00 -2.3999999999999997e-02 4.0000000000000001e-03  1.4093033380445934e-03
0.0000000000000000e+00 -2.0999999999999998e-02 4.0000000000000001e-03  1.3875970438700118e-03
0.0000000000000000e+00 -1.7999999999999999e-02 4.0000000000000001e-03  1.3659219553508483e-03
0.0000000000000000e+00 -1.4999999999999999e-02 4.0000000000000001e-03  1.3470778605549716e-03
0.0000000000000000e+00 -1.1999999999999997e-02 4.0000000000000001e-03  1.3310645170899527e-03
0.0000000000000000e+00 -8.9999999999999941e-03 4.0000000000000001e-03  1.3178816538484579e-03
0.0000000000000000e+00 -5.9999999999999984e-03 4.0000000000000001e-03  1.3075289710082491e-03
0.0000000000000000e+00 -2.9999999999999957e-03 4.0000000000000001e-03  1.3000061400321730e-03
0.0000000000000000e+00 0.0000000000000000e+00 4.0000000000000001e-03  1.2953128036681766e-03
0.0000000000000000e+00 3.0000000000000027e-03 4.0000000000000001e-03  1.2929552961381088e-03
0.0000000000000000e+00 6.0000000000000053e-03 4.0000000000000001e-03  1.2921184765528971e-03
0.0000000000000000e+00 9.0000000000000011e-03 4.0000000000000001e-03  1.2963309853689703e-03
0.0000000000000000e+00 1.2000000000000004e-02 4.0000000000000001e-03  1.3033611846079637e-03
0.0000000000000000e+00 1.4999999999999999e-02 4.0000000000000001e-03  1.3139766143662264e-03
0.0000000000000000e+00 1.8000000000000002e-02 4.0000000000000001e-03  1.3265617017879604e-03
0.0000000000000000e+00 2.1000000000000005e-02 4.0000000000000001e-03  1.3385431139972162e-03
0.0000000000000000e+00 2.4000000000000007e-02 4.0000000000000001e-03  1.3500411604927341e-03
0.0000000000000000e+00 2.7000000000000010e-02 4.0000000000000001e-03  1.3641282931295240e-03
0.0000000000000000e+00 2.9999999999999999e-02 4.0000000000000001e-03  1.4033272587414274e-03
0.0000000000000000e+00 3.3000000000000002e-02 4.0000000000000001e-03  1.4450505603480247e-03
0.0000000000000000e+00 3.6000000000000004e-02 4.0000000000000001e-03  1.4881711728720322e-03
0.0000000000000000e+00 3.9000000000000007e-02 4.0000000000000001e-03  1.5408290486633558e-03
0.0000000000000000e+00 4.2000000000000010e-02 4.0000000000000001e-03  1.6128868346213510e-03
0.0000000000000000e+00 4.4999999999999998e-02 4.0000000000000001e-03  1.7055632990972867e-03
3.0000000000000027e-03 -4.4999999999999998e-02 4.0000000000000001e-03  1.8343726123367225e-03
3.0000000000000027e-03 -4.1999999999999996e-02 4.0000000000000001e-03  1.7143122053467669e-03
3.0000000000000027e-03 -3.9000000000000000e-02 4.0000000000000001e-03  1.6219896410368264e-03
3.0000000000000027e-03 -3.5999999999999997e-02 4.0000000000000001e-03  1.5619066823670143e-03
3.0000000000000027e-03 -3.3000000000000002e-02 4.0000000000000001e-03  1.5046829041139528e-03
3.0000000000000027e-03 -2.9999999999999999e-02 4.0000000000000001e-03  1.4549377745789736e-03
3.0000000000000027e-03 -2.6999999999999996e-02 4.0000000000000001e-03  1.4281790328806007e-03
3.0000000000000027e-03 -2.3999999999999997e-02 4.0000000000000001e-03  1.4104188102136265e-03
3.0000000000000027e-03 -2.0999999999999998e-02 4.0000000000000001e-03  1.3864157097594407e-03
3.0000000000000027e-03 -1.7999999999999999e-02 4.0000000000000001e-03  1.3644410706753652e-03
3.0000000000000027e-03 -1.4999999999999999e-02 4.0000000000000001e-03  1.3452980717415985e-03
3.0000000000000027e-03 -1.1999999999999997e-02 4.0000000000000001e-03  1.3289863628088731e-03
3.0000000000000027e-03 -8.9999999999999941e-03 4.0000000000000001e-03  1.3155055650130071e-03
3.0000000000000027e-03 -5.9999999999999984e-03 4.0000000000000001e-03  1.3048552707749200e-03
3.0000000000000027e-03 -2.9999999999999957e-03 4.0000000000000001e-03  1.2970350438006157e-03
3.0000000000000027e-03 0.0000000000000000e+00 4.0000000000000001e-03  1.2920444190811999e-03
3.0000000000000027e-03 3.0000000000000027e-03 4.0000000000000001e-03  1.2898829028928655e-03
3.0000000000000027e-03 6.0000000000000053e-03 4.0000000000000001e-03  1.2898765130859215e-03
3.0000000000000027e-03 9.0000000000000011e-03 4.0000000000000001e-03  1.2937288662703992e-03
3.0000000000000027e-03 1.2000000000000004e-02 4.0000000000000001e-03  1.3017390477330327e-03
3.0000000000000027e-03 1.4999999999999999e-02 4.0000000000000001e-03  1.3155312107571468e-03
3.0000000000000027e-03 1.8000000000000002e-02 4.0000000000000001e-03  1.3291677566571764e-03
3.0000000000000027e-03 2.1000000000000005e-02 4.0000000000000001e-03  1.3435012903864284e-03
3.0000000000000027e-03 2.4000000000000007e-02 4.0000000000000001e-03  1.3575024503327594e-03
3.0000000000000027e-03 2.7000000000000010e-02 4.0000000000000001e-03  1.3711837839585385e-03
3.0000000000000027e-03 2.9999999999999999e-02 4.0000000000000001e-03  1.4037708761843971e-03
3.0000000000000027e-03 3.3000000000000002e-02 4.0000000000000001e-03  1.4475711002413566e-03
3.0000000000000027e-03 3.6000000000000004e-02 4.0000000000000001e-03  1.4943576633477352e-03
3.0000000000000027e-03 3.9000000000000007e-02 4.0000000000000001e-03  1.5464280586859652e-03
3.0000000000000027e-03 4.2000000000000010e-02 4.0000000000000001e-03  1.6178836445122670e-03
3.0000000000000027e-03 4.4999999999999998e-02 4.0000000000000001e-03  1.7107042730349722e-03
6.0000000000000053e-03 -4.4999999999999998e-02 4.0000000000000001e-03  1.8470790361542102e-03
6.0000000000000053e-03 -4.1999999999999996e-02 4.0000000000000001e-03  1.7246294983210174e-03
6.0000000000000053e-03 -3.9000000000000000e-02 4.0000000000000001e-03  1.6255949207130283e-03
6.0000000000000053e-03 -3.5999999999999997e-02 4.0000000000000001e-03  1.5529371948533194e-03
6.0000000000000053e-03 -3.3000000000000002e-02 4.0000000000000001e-03  1.4979348755454717e-03
6.0000000000000053e-03 -2.9999999999999999e-02 4.0000000000000001e-03  1.4489021265058858e-03
6.0000000000000053e-03 -2.6999999999999996e-02 4.0000000000000001e-03  1.4291669112734312e-03
6.0000000000000053e-03 -2.3999999999999997e-02 4.0000000000000001e-03  1.4097398265703637e-03
6.0000000000000053e-03 -2.0999999999999998e-02 4.0000000000000001e-03  1.3846335295285938e-03
6.0000000000000053e-03 -1.7999999999999999e-02 4.0000000000000001e-03  1.3623602296365504e-03
6.0000000000000053e-03 -1.4999999999999999e-02 4.0000000000000001e-03  1.3429194977030226e-03
6.0000000000000053e-03 -1.1999999999999997e-02 4.0000000000000001e-03  1.3263108758218985e-03
6.0000000000000053e-03 -8.9999999999999941e-03 4.0000000000000001e-03  1.3125338773721550e-03
6.0000000000000053e-03 -5.9999999999999984e-03 4.0000000000000001e-03  1.3015879870178642e-03
6.0000000000000053e-03 -2.9999999999999957e-03 4.0000000000000001e-03  1.2955016055304466e-03
6.0000000000000053e-03 0.0000000000000000e+00 4.0000000000000001e-03  1.2926746058150452e-03
6.0000000000000053e-03 3.0000000000000027e-03 4.0000000000000001e-03  1.2928325176489405e-03
6.0000000000000053e-03 6.0000000000000053e-03 4.0000000000000001e-03  1.2958904986911841e-03
6.0000000000000053e-03 9.0000000000000011e-03 4.0000000000000001e-03  1.2934617490445105e-03
6.0000000000000053e-03 1.2000000000000004e-02 4.0000000000000001e-03  1.3035046634768167e-03
6.0000000000000053e-03 1.4999999999999999e-02 4.0000000000000001e-03  1.3178952899926910e-03
6.0000000000000053e-03 1.8000000000000002e-02 4.0000000000000001e-03  1.3344935964878888e-03
6.0000000000000053e-03 2.1000000000000005e-02 4.0000000000000001e-03  1.3513413995383723e-03
6.0000000000000053e-03 2.4000000000000007e-02 4.0000000000000001e-03  1.3678522612677404e-03
6.0000000000000053e-03 2.7000000000000010e-02 4.0000000000000001e-03  1.3840341474279936e-03
6.0000000000000053e-03 2.9999999999999999e-02 4.0000000000000001e-03  1.4069595164647680e-03
6.0000000000000053e-03 3.3000000000000002e-02 4.0000000000000001e-03  1.4523353286767151e-03
6.0000000000000053e-03 3.6000000000000004e-02 4.0000000000000001e-03  1.5016147879837328e-03
6.0000000000000053e-03 3.9000000000000007e-02 4.0000000000000001e-03  1.5561836951636229e-03
6.0000000000000053e-03 4.2000000000000010e-02 4.0000000000000001e-03  1.6265163448328916e-03
6.0000000000000053e-03 4.4999999999999998e-02 4.0000000000000001e-03  1.7177964740142954e-03
9.0000000000000011e-03 -4.4999999999999998e-02 4.0000000000000001e-03  1.8600401421612165e-03
9.0000000000000011e-03 -4.1999999999999996e-02 4.0000000000000001e-03  1.7351165085241992e-03
9.0000000000000011e-03 -3.9000000000000000e-02 4.0000000000000001e-03  1.6336462225988143e-03
9.0000000000000011e-03 -3.5999999999999997e-02 4.0000000000000001e-03  1.5534069747977833e-03
9.0000000000000011e-03 -3.3000000000000002e-02 4.0000000000000001e-03  1.4951071329454470e-03
9.0000000000000011e-03 -2.9999999999999999e-02 4.0000000000000001e-03  1.4500054242016314e-03
9.0000000000000011e-03 -2.6999999999999996e-02 4.0000000000000001e-03  1.4321879690821146e-03
9.0000000000000011e-03 -2.3999999999999997e-02 4.0000000000000001e-03  1.4118661748446051e-03
9.0000000000000011e-03 -2.0999999999999998e-02 4.0000000000000001e-03  1.3885914009439584e-03
9.0000000000000011e-03 -1.7999999999999999e-02 4.0000000000000001e-03  1.3683046944174800e-03
9.0000000000000011e-03 -1.4999999999999999e-02 4.0000000000000001e-03  1.3510060831926215e-03
9.0000000000000011e-03 -1.1999999999999997e-02 4.0000000000000001e-03  1.3366955053897372e-03
9.0000000000000011e-03 -8.9999999999999941e-03 4.0000000000000001e-03  1.3253728093220746e-03
9.0000000000000011e-03 -5.9999999999999984e-03 4.0000000000000001e-03  1.3170377534957958e-03
9.0000000000000011e-03 -2.9999999999999957e-03 4.0000000000000001e-03  1.3116900066099588e-03
9.0000000000000011e-03 0.0000000000000000e+00 4.0000000000000001e-03  1.3093291475565298e-03
9.0000000000000011e-03 3.0000000000000027e-03 4.0000000000000001e-03  1.3099546654203775e-03
9.0000000000000011e-03 6.0000000000000053e-03 4.0000000000000001e-03  1.3082429639237575e-03
9.0000000000000011e-03 9.0000000000000011e-03 4.0000000000000001e-03  1.3035876226753583e-03
9.0000000000000011e-03 1.2000000000000004e-02 4.0000000000000001e-03  1.3139087785891319e-03
9.0000000000000011e-03 1.4999999999999999e-02 4.0000000000000001e-03  1.3263595481216451e-03
9.0000000000000011e-03 1.8000000000000002e-02 4.0000000000000001e-03  1.3420849711886385e-03
9.0000000000000011e-03 2.1000000000000005e-02 4.0000000000000001e-03  1.3609690689191990e-03
9.0000000000000011e-03 2.4000000000000007e-02 4.0000000000000001e-03  1.3795345280234650e-03
9.0000000000000011e-03 2.7000000000000010e-02 4.0000000000000001e-03  1.3977849727336788e-03
9.0000000000000011e-03 2.9999999999999999e-02 4.0000000000000001e-03  1.4157282885476224e-03
9.0000000000000011e-03 3.3000000000000002e-02 4.0000000000000001e-03  1.4575900692372957e-03
9.0000000000000011e-03 3.6000000000000004e-02 4.0000000000000001e-03  1.5096804501399373e-03
9.0000000000000011e-03 3.9000000000000007e-02 4.0000000000000001e-03  1.5672126039723998e-03
9.0000000000000011e-03 4.2000000000000010e-02 4.0000000000000001e-03  1.6366426055716395e-03
9.0000000000000011e-03 4.4999999999999998e-02 4.0000000000000001e-03  1.7250071634831714e-03
1.2000000000000004e-02 -4.4999999999999998e-02 4.0000000000000001e-03  1.8732520663110573e-03
1.2000000000000004e-02 -4.1999999999999996e-02 4.0000000000000001e-03  1.7457687647905778e-03
1.2000000000000004e-02 -3.9000000000000000e-02 4.0000000000000001e-03  1.6417859197186573e-03
1.2000000000000004e-02 -3.5999999999999997e-02 4.0000000000000001e-03  1.5590828858514886e-03
1.2000000000000004e-02 -3.3000000000000002e-02 4.0000000000000001e-03  1.4958045163616066e-03
1.2000000000000004e-02 -2.9999999999999999e-02 4.0000000000000001e-03  1.4657168735928276e-03
1.2000000000000004e-02 -2.6999999999999996e-02 4.0000000000000001e-03  1.4441387895026338e-03
1.2000000000000004e-02 -2.3999999999999997e-02 4.0000000000000001e-03  1.4222119098928777e-03
1.2000000000000004e-02 -2.0999999999999998e-02 4.0000000000000001e-03  1.4020796770142876e-03
1.2000000000000004e-02 -1.7999999999999999e-02 4.0000000000000001e-03  1.3834142638634371e-03
1.2000000000000004e-02 -1.4999999999999999e-02 4.0000000000000001e-03  1.3665700179237000e-03
1.2000000000000004e-02 -1.1999999999999997e-02 4.0000000000000001e-03  1.3527166007075576e-03
1.2000000000000004e-02 -8.9999999999999941e-03 4.0000000000000001e-03  1.3418536677175909e-03
1.2000000000000004e-02 -5.9999999999999984e-03 4.0000000000000001e-03  1.3339807846492807e-03
1.2000000000000004e-02 -2.9999999999999957e-03 4.0000000000000001e-03  1.3290974273910095e-03
1.2000000000000004e-02 0.0000000000000000e+00 4.0000000000000001e-03  1.3272029820240636e-03
1.2000000000000004e-02 3.0000000000000027e-03 4.0000000000000001e-03  1.3267596034790120e-03
1.2000000000000004e-02 6.0000000000000053e-03 4.0000000000000001e-03  1.3216473960791562e-03
1.2000000000000004e-02 9.0000000000000011e-03 4.0000000000000001e-03  1.3196236587565595e-03
1.2000000000000004e-02 1.2000000000000004e-02 4.0000000000000001e-03  1.3277429242312176e-03
1.2000000000000004e-02 1.4999999999999999e-02 4.0000000000000001e-03  1.3404831062668351e-03
1.2000000000000004e-02 1.8000000000000002e-02 4.0000000000000001e-03  1.3554553578169481e-03
1.2000000000000004e-02 2.1000000000000005e-02 4.0000000000000001e-03  1.3726815809948795e-03
1.2000000000000004e-02 2.4000000000000007e-02 4.0000000000000001e-03  1.3925496183748044e-03
1.2000000000000004e-02 2.7000000000000010e-02 4.0000000000000001e-03  1.4123771327969239e-03
1.2000000000000004e-02 2.9999999999999999e-02 4.0000000000000001e-03  1.4318893093663563e-03
1.2000000000000004e-02 3.3000000000000002e-02 4.0000000000000001e-03  1.4635403561173716e-03
1.2000000000000004e-02 3.6000000000000004e-02 4.0000000000000001e-03  1.5184969150871424e-03
1.2000000000000004e-02 3.9000000000000007e-02 4.0000000000000001e-03  1.5788897771412732e-03
1.2000000000000004e-02 4.2000000000000010e-02 4.0000000000000001e-03  1.6481343352215856e-03
1.2000000000000004e-02 4.4999999999999998e-02 4.0000000000000001e-03  1.7262968165953391e-03
1.4999999999999999e-02 -4.4999999999999998e-02 4.0000000000000001e-03  1.8867170043367714e-03
1.4999999999999999e-02 -4.1999999999999996e-02 4.0000000000000001e-03  1.7565878557341316e-03
1.4999999999999999e-02 -3.9000000000000000e-02 4.0000000000000001e-03  1.6500149935674841e-03
1.4999999999999999e-02 -3.5999999999999997e-02 4.0000000000000001e-03  1.5647794369364853e-03
1.4999999999999999e-02 -3.3000000000000002e-02 4.0000000000000001e-03  1.5257687913692640e-03
1.4999999999999999e-02 -2.9999999999999999e-02 4.0000000000000001e-03  1.4908718081728383e-03
1.4999999999999999e-02 -2.6999999999999996e-02 4.0000000000000001e-03  1.4573687861420186e-03
1.4999999999999999e-02 -2.3999999999999997e-02 4.0000000000000001e-03  1.4332771209742202e-03
1.4999999999999999e-02 -2.0999999999999998e-02 4.0000000000000001e-03  1.4142082815942621e-03
1.4999999999999999e-02 -1.7999999999999999e-02 4.0000000000000001e-03  1.3975194421998642e-03
1.4999999999999999e-02 -1.4999999999999999e-02 4.0000000000000001e-03  1.3832130097498391e-03
1.4999999999999999e-02 -1.1999999999999997e-02 4.0000000000000001e-03  1.3699398553871380e-03
1.4999999999999999e-02 -8.9999999999999941e-03 4.0000000000000001e-03  1.3595343958829544e-03
1.4999999999999999e-02 -5.9999999999999984e-03 4.0000000000000001e-03  1.3521217618609636e-03
1.4999999999999999e-02 -2.9999999999999957e-03 4.0000000000000001e-03  1.3477012363988727e-03
1.4999999999999999e-02 0.0000000000000000e+00 4.0000000000000001e-03  1.3462720127672924e-03
1.4999999999999999e-02 3.0000000000000027e-03 4.0000000000000001e-03  1.3421214644026339e-03
1.4999999999999999e-02 6.0000000000000053e-03 4.0000000000000001e-03  1.3361138789336861e-03
1.4999999999999999e-02 9.0000000000000011e-03 4.0000000000000001e-03  1.3411876241807140e-03
1.4999999999999999e-02 1.2000000000000004e-02 4.0000000000000001e-03  1.3478495468516984e-03
1.4999999999999999e-02 1.4999999999999999e-02 4.0000000000000001e-03  1.3557714660595887e-03
1.4999999999999999e-02 1.8000000000000002e-02 4.0000000000000001e-03  1.3709869640569005e-03
1.4999999999999999e-02 2.1000000000000005e-02 4.0000000000000001e-03  1.3884877637984508e-03
1.4999999999999999e-02 2.4000000000000007e-02 4.0000000000000001e-03  1.4082633547471571e-03
1.4999999999999999e-02 2.7000000000000010e-02 4.0000000000000001e-03  1.4297675274625955e-03
1.4999999999999999e-02 2.9999999999999999e-02 4.0000000000000001e-03  1.4508579483727899e-03
1.4999999999999999e-02 3.3000000000000002e-02 4.0000000000000001e-03  1.4716299932127511e-03
1.4999999999999999e-02 3.6000000000000004e-02 4.0000000000000001e-03  1.5280212328360491e-03
1.4999999999999999e-02 3.9000000000000007e-02 4.0000000000000001e-03  1.5913301259416351e-03
1.4999999999999999e-02 4.2000000000000010e-02 4.0000000000000001e-03  1.6555864016245328e-03
1.4999999999999999e-02 4.4999999999999998e-02 4.0000000000000001e-03  1.7288967245332350e-03
1.8000000000000002e-02 -4.4999999999999998e-02 4.0000000000000001e-03  1.9004432117510992e-03
1.8000000000000002e-02 -4.1999999999999996e-02 4.0000000000000001e-03  1.7675814297485552e-03
1.8000000000000002e-02 -3.9000000000000000e-02 4.0000000000000001e-03  1.6616227005309112e-03
1.8000000000000002e-02 -3.5999999999999997e-02 4.0000000000000001e-03  1.6131823093827667e-03
1.8000000000000002e-02 -3.3000000000000002e-02 4.0000000000000001e-03  1.5657233300213921e-03
1.8000000000000002e-02 -2.9999999999999999e-02 4.0000000000000001e-03  1.5185554481941023e-03
1.8000000000000002e-02 -2.6999999999999996e-02 4.0000000000000001e-03  1.4834092114025751e-03
1.8000000000000002e-02 -2.3999999999999997e-02 4.0000000000000001e-03  1.4542224186228747e-03
1.8000000000000002e-02 -2.0999999999999998e-02 4.0000000000000001e-03  1.4271149180515978e-03
1.8000000000000002e-02 -1.7999999999999999e-02 4.0000000000000001e-03  1.4114850293541891e-03
1.8000000000000002e-02 -1.4999999999999999e-02 4.0000000000000001e-03  1.3982362229590687e-03
1.8000000000000002e-02 -1.1999999999999997e-02 4.0000000000000001e-03  1.3873708037860394e-03
1.8000000000000002e-02 -8.9999999999999941e-03 4.0000000000000001e-03  1.3784007181805926e-03
1.8000000000000002e-02 -5.9999999999999984e-03 4.0000000000000001e-03  1.3714449445176398e-03
1.8000000000000002e-02 -2.9999999999999957e-03 4.0000000000000001e-03  1.3674842280447152e-03
1.8000000000000002e-02 0.0000000000000000e+00 4.0000000000000001e-03  1.3642997374707214e-03
1.8000000000000002e-02 3.0000000000000027e-03 4.0000000000000001e-03  1.3585284559722913e-03
1.8000000000000002e-02 6.0000000000000053e-03 4.0000000000000001e-03  1.3587412514281111e-03
1.8000000000000002e-02 9.0000000000000011e-03 4.0000000000000001e-03  1.3648040194296680e-03
1.8000000000000002e-02 1.2000000000000004e-02 4.0000000000000001e-03  1.3721326957439918e-03
1.8000000000000002e-02 1.4999999999999999e-02 4.0000000000000001e-03  1.3807193962982931e-03
1.8000000000000002e-02 1.8000000000000002e-02 4.0000000000000001e-03  1.3905589623707645e-03
1.8000000000000002e-02 2.1000000000000005e-02 4.0000000000000001e-03  1.4054149869607289e-03
1.8000000000000002e-02 2.4000000000000007e-02 4.0000000000000001e-03  1.4254561279696551e-03
1.8000000000000002e-02 2.7000000000000010e-02 4.0000000000000001e-03  1.4477975050949366e-03
1.8000000000000002e-02 2.9999999999999999e-02 4.0000000000000001e-03  1.4724734069056526e-03
1.8000000000000002e-02 3.3000000000000002e-02 4.0000000000000001e-03  1.4950241684941756e-03
1.8000000000000002e-02 3.6000000000000004e-02 4.0000000000000001e-03  1.5382252381372578e-03
1.8000000000000002e-02 3.9000000000000007e-02 4.0000000000000001e-03  1.6040524789641471e-03
1.8000000000000002e-02 4.2000000000000010e-02 4.0000000000000001e-03  1.6613765933392835e-03
1.8000000000000002e-02 4.4999999999999998e-02 4.0000000000000001e-03  1.7328351766837508e-03
2.1000000000000005e-02 -4.4999999999999998e-02 4.0000000000000001e-03  1.9144450038465067e-03
2.1000000000000005e-02 -4.1999999999999996e-02 4.0000000000000001e-03  1.7885253291466811e-03
2.1000000000000005e-02 -3.9000000000000000e-02 4.0000000000000001e-03  1.7280462668974436e-03
2.1000000000000005e-02 -3.5999999999999997e-02 4.0000000000000001e-03  1.6566291817704699e-03
2.1000000000000005e-02 -3.3000000000000002e-02 4.0000000000000001e-03  1.5962133126659068e-03
2.1000000000000005e-02 -2.9999999999999999e-02 4.0000000000000001e-03  1.5490494282432018e-03
2.1000000000000005e-02 -2.6999999999999996e-02 4.0000000000000001e-03  1.5142468165473910e-03
2.1000000000000005e-02 -2.3999999999999997e-02 4.0000000000000001e-03  1.4906673566687535e-03
2.1000000000000005e-02 -2.0999999999999998e-02 4.0000000000000001e-03  1.4588468749581905e-03
2.1000000000000005e-02 -1.7999999999999999e-02 4.0000000000000001e-03  1.4311342411645314e-03
2.1000000000000005e-02 -1.4999999999999999e-02 4.0000000000000001e-03  1.4140393496176492e-03
2.1000000000000005e-02 -1.1999999999999997e-02 4.0000000000000001e-03  1.4042271063141611e-03
2.1000000000000005e-02 -8.9999999999999941e-03 4.0000000000000001e-03  1.3967993097127411e-03
2.1000000000000005e-02 -5.9999999999999984e-03 4.0000000000000001e-03  1.3917577469607539e-03
2.1000000000000005e-02 -2.9999999999999957e-03 4.0000000000000001e-03  1.3882439507173501e-03
2.1000000000000005e-02 0.0000000000000000e+00 4.0000000000000001e-03  1.3825907208281775e-03
2.1000000000000005e-02 3.0000000000000027e-03 4.0000000000000001e-03  1.3782477771132368e-03
2.1000000000000005e-02 6.0000000000000053e-03 4.0000000000000001e-03  1.3837189824980453e-03
2.1000000000000005e-02 9.0000000000000011e-03 4.0000000000000001e-03  1.3904610214635644e-03
2.1000000000000005e-02 1.2000000000000004e-02 4.0000000000000001e-03  1.3984649995910363e-03
2.1000000000000005e-02 1.4999999999999999e-02 4.0000000000000001e-03  1.4077247478126733e-03
2.1000000000000005e-02 1.8000000000000002e-02 4.0000000000000001e-03  1.4182368224116995e-03
2.1000000000000005e-02 2.1000000000000005e-02 4.0000000000000001e-03  1.4300005050223092e-03
2.1000000000000005e-02 2.4000000000000007e-02 4.0000000000000001e-03  1.4437661946031923e-03
2.1000000000000005e-02 2.7000000000000010e-02 4.0000000000000001e-03  1.4663641968575389e-03
2.1000000000000005e-02 2.9999999999999999e-02 4.0000000000000001e-03  1.4912925054672960e-03
2.1000000000000005e-02 3.3000000000000002e-02 4.0000000000000001e-03  1.5185897977253887e-03
2.1000000000000005e-02 3.6000000000000004e-02 4.0000000000000001e-03  1.5490955504812800e-03
2.1000000000000005e-02 3.9000000000000007e-02 4.0000000000000001e-03  1.6122159350979860e-03
2.1000000000000005e-02 4.2000000000000010e-02 4.0000000000000001e-03  1.6696386460943724e-03
2.1000000000000005e-02 4.4999999999999998e-02 4.0000000000000001e-03  1.7381440143222444e-03
2.4000000000000007e-02 -4.4999999999999998e-02 4.0000000000000001e-03  1.9475967435862995e-03
2.4000000000000007e-02 -4.1999999999999996e-02 4.0000000000000001e-03  1.8590311282499943e-03
2.4000000000000007e-02 -3.9000000000000000e-02 4.0000000000000001e-03  1.7678571591721848e-03
2.4000000000000007e-02 -3.5999999999999997e-02 4.0000000000000001e-03  1.6924618147481391e-03
2.4000000000000007e-02 -3.3000000000000002e-02 4.0000000000000001e-03  1.6317172291299795e-03
2.4000000000000007e-02 -2.9999999999999999e-02 4.0000000000000001e-03  1.5845988771689564e-03
2.4000000000000007e-02 -2.6999999999999996e-02 4.0000000000000001e-03  1.5501855744154659e-03
2.4000000000000007e-02 -2.3999999999999997e-02 4.0000000000000001e-03  1.5276594771190433e-03
2.4000000000000007e-02 -2.0999999999999998e-02 4.0000000000000001e-03  1.5027446791252585e-03
2.4000000000000007e-02 -1.7999999999999999e-02 4.0000000000000001e-03  1.4713744364097867e-03
2.4000000000000007e-02 -1.4999999999999999e-02 4.0000000000000001e-03  1.4442501611639904e-03
2.4000000000000007e-02 -1.1999999999999997e-02 4.0000000000000001e-03  1.4218668865857292e-03
2.4000000000000007e-02 -8.9999999999999941e-03 4.0000000000000001e-03  1.4154876270434950e-03
2.4000000000000007e-02 -5.9999999999999984e-03 4.0000000000000001e-03  1.4114939528855617e-03
2.4000000000000007e-02 -2.9999999999999957e-03 4.0000000000000001e-03  1.4083694939758613e-03
2.4000000000000007e-02 0.0000000000000000e+00 4.0000000000000001e-03  1.4019171827030206e-03
2.4000000000000007e-02 3.0000000000000027e-03 4.0000000000000001e-03  1.4045620677581201e-03
2.4000000000000007e-02 6.0000000000000053e-03 4.0000000000000001e-03  1.4107248005050044e-03
2.4000000000000007e-02 9.0000000000000011e-03 4.0000000000000001e-03  1.4181524008278941e-03
2.4000000000000007e-02 1.2000000000000004e-02 4.0000000000000001e-03  1.4268376893130403e-03
2.4000000000000007e-02 1.4999999999999999e-02 4.0000000000000001e-03  1.4367762118976813e-03
2.4000000000000007e-02 1.8000000000000002e-02 4.0000000000000001e-03  1.4479662398700411e-03
2.4000000000000007e-02 2.1000000000000005e-02 4.0000000000000001e-03  1.4604087698693387e-03
2.4000000000000007e-02 2.4000000000000007e-02 4.0000000000000001e-03  1.4741075238857678e-03
2.4000000000000007e-02 2.7000000000000010e-02 4.0000000000000001e-03  1.4890689492605188e-03
2.4000000000000007e-02 2.9999999999999999e-02 4.0000000000000001e-03  1.5112201016125441e-03
2.4000000000000007e-02 3.3000000000000002e-02 4.0000000000000001e-03  1.5387612139167841e-03
2.4000000000000007e-02 3.6000000000000004e-02 4.0000000000000001e-03  1.5705360120951012e-03
2.4000000000000007e-02 3.9000000000000007e-02 4.0000000000000001e-03  1.6215780268876582e-03
2.4000000000000007e-02 4.2000000000000010e-02 4.0000000000000001e-03  1.6793073437908717e-03
2.4000000000000007e-02 4.4999999999999998e-02 4.0000000000000001e-03  1.7448586306125283e-03
2.7000000000000010e-02 -4.4999999999999998e-02 4.0000000000000001e-03  2.0116804388774618e-03
2.7000000000000010e-02 -4.1999999999999996e-02 4.0000000000000001e-03  1.9019016583943489e-03
2.7000000000000010e-02 -3.9000000000000000e-02 4.0000000000000001e-03  1.8096025243607764e-03
2.7000000000000010e-02 -3.5999999999999997e-02 4.0000000000000001e-03  1.7335213577350627e-03
2.7000000000000010e-02 -3.3000000000000002e-02 4.0000000000000001e-03  1.6724998201746613e-03
2.7000000000000010e-02 -2.9999999999999999e-02 4.0000000000000001e-03  1.6254829140361765e-03
2.7000000000000010e-02 -2.6999999999999996e-02 4.0000000000000001e-03  1.5915189823753450e-03
2.7000000000000010e-02 -2.3999999999999997e-02 4.0000000000000001e-03  1.5697597089470510e-03
2.7000000000000010e-02 -2.0999999999999998e-02 4.0000000000000001e-03  1.5586439323074560e-03
2.7000000000000010e-02 -1.7999999999999999e-02 4.0000000000000001e-03  1.5230316986106166e-03
2.7000000000000010e-02 -1.4999999999999999e-02 4.0000000000000001e-03  1.4919466253954009e-03
2.7000000000000010e-02 -1.1999999999999997e-02 4.0000000000000001e-03  1.4652506282712009e-03
2.7000000000000010e-02 -8.9999999999999941e-03 4.0000000000000001e-03  1.4428433485243724e-03
2.7000000000000010e-02 -5.9999999999999984e-03 4.0000000000000001e-03  1.4319027999824022e-03
2.7000000000000010e-02 -2.9999999999999957e-03 4.0000000000000001e-03  1.4286166243887052e-03
2.7000000000000010e-02 0.0000000000000000e+00 4.0000000000000001e-03  1.4273108332353043e-03
2.7000000000000010e-02 3.0000000000000027e-03 4.0000000000000001e-03  1.4329023164791291e-03
2.7000000000000010e-02 6.0000000000000053e-03 4.0000000000000001e-03  1.4397606092051011e-03
2.7000000000000010e-02 9.0000000000000011e-03 4.0000000000000001e-03  1.4478775216534968e-03
2.7000000000000010e-02 1.2000000000000004e-02 4.0000000000000001e-03  1.4572475894155817e-03
2.7000000000000010e-02 1.4999999999999999e-02 4.0000000000000001e-03  1.4678680734336116e-03
2.7000000000000010e-02 1.8000000000000002e-02 4.0000000000000001e-03  1.4797389600008195e-03
2.7000000000000010e-02 2.1000000000000005e-02 4.0000000000000001e-03  1.4928629607614389e-03
2.7000000000000010e-02 2.4000000000000007e-02 4.0000000000000001e-03  1.5072455127106785e-03
2.7000000000000010e-02 2.7000000000000010e-02 4.0000000000000001e-03  1.5228947781947473e-03
2.7000000000000010e-02 2.9999999999999999e-02 4.0000000000000001e-03  1.5398216449108316e-03
2.7000000000000010e-02 3.3000000000000002e-02 4.0000000000000001e-03  1.5600363580085860e-03
2.7000000000000010e-02 3.6000000000000004e-02 4.0000000000000001e-03  1.5962396746062126e-03
2.7000000000000010e-02 3.9000000000000007e-02 4.0000000000000001e-03  1.6422168075629054e-03
2.7000000000000010e-02 4.2000000000000010e-02 4.0000000000000001e-03  1.6902988854635465e-03
2.7000000000000010e-02 4.4999999999999998e-02 4.0000000000000001e-03  1.7642471745908772e-03
2.9999999999999999e-02 -4.4999999999999998e-02 4.0000000000000001e-03  2.0623685093357495e-03
2.9999999999999999e-02 -4.1999999999999996e-02 4.0000000000000001e-03  1.9501435887672705e-03
2.9999999999999999e-02 -3.9000000000000000e-02 4.0000000000000001e-03  1.8567771350740537e-03
2.9999999999999999e-02 -3.5999999999999997e-02 4.0000000000000001e-03  1.7800721403322729e-03
2.9999999999999999e-02 -3.3000000000000002e-02 4.0000000000000001e-03  1.7188397937047302e-03
2.9999999999999999e-02 -2.9999999999999999e-02 4.0000000000000001e-03  1.6719946250533739e-03
2.9999999999999999e-02 -2.6999999999999996e-02 4.0000000000000001e-03  1.6385545049392913e-03
2.9999999999999999e-02 -2.3999999999999997e-02 4.0000000000000001e-03  1.6176406446227157e-03
2.9999999999999999e-02 -2.0999999999999998e-02 4.0000000000000001e-03  1.6084775960630165e-03
2.9999999999999999e-02 -1.7999999999999999e-02 4.0000000000000001e-03  1.5873425637825231e-03
2.9999999999999999e-02 -1.4999999999999999e-02 4.0000000000000001e-03  1.5516884760015939e-03
2.9999999999999999e-02 -1.1999999999999997e-02 4.0000000000000001e-03  1.5207142054886778e-03
2.9999999999999999e-02 -8.9999999999999941e-03 4.0000000000000001e-03  1.4942771087566773e-03
2.9999999999999999e-02 -5.9999999999999984e-03 4.0000000000000001e-03  1.4778281973669522e-03
2.9999999999999999e-02 -2.9999999999999957e-03 4.0000000000000001e-03  1.4713194540924316e-03
2.9999999999999999e-02 0.0000000000000000e+00 4.0000000000000001e-03  1.4626012867188668e-03
2.9999999999999999e-02 3.0000000000000027e-03 4.0000000000000001e-03  1.4672949167526231e-03
2.9999999999999999e-02 6.0000000000000053e-03 4.0000000000000001e-03  1.4732883546292343e-03
2.9999999999999999e-02 9.0000000000000011e-03 4.0000000000000001e-03  1.4805765481897078e-03
2.9999999999999999e-02 1.2000000000000004e-02 4.0000000000000001e-03  1.4891570990983687e-03
2.9999999999999999e-02 1.4999999999999999e-02 4.0000000000000001e-03  1.4990302628428858e-03
2.9999999999999999e-02 1.8000000000000002e-02 4.0000000000000001e-03  1.5101989487342480e-03
2.9999999999999999e-02 2.1000000000000005e-02 4.0000000000000001e-03  1.5226687199067813e-03
2.9999999999999999e-02 2.4000000000000007e-02 4.0000000000000001e-03  1.5364477933181417e-03
2.9999999999999999e-02 2.7000000000000010e-02 4.0000000000000001e-03  1.5515470397493090e-03
2.9999999999999999e-02 2.9999999999999999e-02 4.0000000000000001e-03  1.5679799838046013e-03
2.9999999999999999e-02 3.3000000000000002e-02 4.0000000000000001e-03  1.5913260492536919e-03
2.9999999999999999e-02 3.6000000000000004e-02 4.0000000000000001e-03  1.6422404002556853e-03
2.9999999999999999e-02 3.9000000000000007e-02 4.0000000000000001e-03  1.6827888433945204e-03
2.9999999999999999e-02 4.2000000000000010e-02 4.0000000000000001e-03  1.7237974954324377e-03
2.9999999999999999e-02 4.4999999999999998e-02 4.0000000000000001e-03  1.7986902759873516e-03
3.3000000000000002e-02 -4.4999999999999998e-02 4.0000000000000001e-03  2.1234481832190298e-03
3.3000000000000002e-02 -4.1999999999999996e-02 4.0000000000000001e-03  2.0158065014286696e-03
3.3000000000000002e-02 -3.9000000000000000e-02 4.0000000000000001e-03  1.9155442060507285e-03
3.3000000000000002e-02 -3.5999999999999997e-02 4.0000000000000001e-03  1.8323924592845244e-03
3.3000000000000002e-02 -3.3000000000000002e-02 4.0000000000000001e-03  1.7710298247686845e-03
3.3000000000000002e-02 -2.9999999999999999e-02 4.0000000000000001e-03  1.7244410635727978e-03
3.3000000000000002e-02 -2.6999999999999996e-02 4.0000000000000001e-03  1.6916135737632988e-03
3.3000000000000002e-02 -2.3999999999999997e-02 4.0000000000000001e-03  1.6716380941057629e-03
3.3000000000000002e-02 -2.0999999999999998e-02 4.0000000000000001e-03  1.6637087040649193e-03
3.3000000000000002e-02 -1.7999999999999999e-02 4.0000000000000001e-03  1.6656758947837347e-03
3.3000000000000002e-02 -1.4999999999999999e-02 4.0000000000000001e-03  1.6247689083655373e-03
3.3000000000000002e-02 -1.1999999999999997e-02 4.0000000000000001e-03  1.5888843133308648e-03
3.3000000000000002e-02 -8.9999999999999941e-03 4.0000000000000001e-03  1.5578371814191666e-03
3.3000000000000002e-02 -5.9999999999999984e-03 4.0000000000000001e-03  1.5427812484036796e-03
3.3000000000000002e-02 -2.9999999999999957e-03 4.0000000000000001e-03  1.5393333417017489e-03
3.3000000000000002e-02 0.0000000000000000e+00 4.0000000000000001e-03  1.5275160377578550e-03
3.3000000000000002e-02 3.0000000000000027e-03 4.0000000000000001e-03  1.5220245113167733e-03
3.3000000000000002e-02 6.0000000000000053e-03 4.0000000000000001e-03  1.5262268076311940e-03
3.3000000000000002e-02 9.0000000000000011e-03 4.0000000000000001e-03  1.5317146558774650e-03
3.3000000000000002e-02 1.2000000000000004e-02 4.0000000000000001e-03  1.5384889862723532e-03
3.3000000000000002e-02 1.4999999999999999e-02 4.0000000000000001e-03  1.5465533828559557e-03
3.3000000000000002e-02 1.8000000000000002e-02 4.0000000000000001e-03  1.5559140834917097e-03
3.3000000000000002e-02 2.1000000000000005e-02 4.0000000000000001e-03  1.5665799798663682e-03
3.3000000000000002e-02 2.4000000000000007e-02 4.0000000000000001e-03  1.5785626174900204e-03
3.3000000000000002e-02 2.7000000000000010e-02 4.0000000000000001e-03  1.5969456776831477e-03
3.3000000000000002e-02 2.9999999999999999e-02 4.0000000000000001e-03  1.6231715007300840e-03
3.3000000000000002e-02 3.3000000000000002e-02 4.0000000000000001e-03  1.6535000517087217e-03
3.3000000000000002e-02 3.6000000000000004e-02 4.0000000000000001e-03  1.6977547856859394e-03
3.3000000000000002e-02 3.9000000000000007e-02 4.0000000000000001e-03  1.7411020466039087e-03
3.3000000000000002e-02 4.2000000000000010e-02 4.0000000000000001e-03  1.7809985338742549e-03
3.3000000000000002e-02 4.4999999999999998e-02 4.0000000000000001e-03  1.8575511876833923e-03
3.6000000000000004e-02 -4.4999999999999998e-02 4.0000000000000001e-03  2.1942452617972437e-03
3.6000000000000004e-02 -4.1999999999999996e-02 4.0000000000000001e-03  2.0942675126184897e-03
3.6000000000000004e-02 -3.9000000000000000e-02 4.0000000000000001e-03  2.0016083027315813e-03
3.6000000000000004e-02 -3.5999999999999997e-02 4.0000000000000001e-03  1.9160319325089074e-03
3.6000000000000004e-02 -3.3000000000000002e-02 4.0000000000000001e-03  1.8373168806429562e-03
3.6000000000000004e-02 -2.9999999999999999e-02 4.0000000000000001e-03  1.7831432500904120e-03
3.6000000000000004e-02 -2.6999999999999996e-02 4.0000000000000001e-03  1.7510315876470767e-03
3.6000000000000004e-02 -2.3999999999999997e-02 4.0000000000000001e-03  1.7321018344996614e-03
3.6000000000000004e-02 -2.0999999999999998e-02 4.0000000000000001e-03  1.7255175976182344e-03
3.6000000000000004e-02 -1.7999999999999999e-02 4.0000000000000001e-03  1.7305458246720075e-03
3.6000000000000004e-02 -1.4999999999999999e-02 4.0000000000000001e-03  1.7126134447129390e-03
3.6000000000000004e-02 -1.1999999999999997e-02 4.0000000000000001e-03  1.6711108065482086e-03
3.6000000000000004e-02 -8.9999999999999941e-03 4.0000000000000001e-03  1.6347977537870177e-03
3.6000000000000004e-02 -5.9999999999999984e-03 4.0000000000000001e-03  1.6229257010606343e-03
3.6000000000000004e-02 -2.9999999999999957e-03 4.0000000000000001e-03  1.6307964779059623e-03
3.6000000000000004e-02 0.0000000000000000e+00 4.0000000000000001e-03  1.6225319678828741e-03
3.6000000000000004e-02 3.0000000000000027e-03 4.0000000000000001e-03  1.5991036638495668e-03
3.6000000000000004e-02 6.0000000000000053e-03 4.0000000000000001e-03  1.6014646016130126e-03
3.6000000000000004e-02 9.0000000000000011e-03 4.0000000000000001e-03  1.6051085772982648e-03
3.6000000000000004e-02 1.2000000000000004e-02 4.0000000000000001e-03  1.6100398496745273e-03
3.6000000000000004e-02 1.4999999999999999e-02 4.0000000000000001e-03  1.6162653313343336e-03
3.6000000000000004e-02 1.8000000000000002e-02 4.0000000000000001e-03  1.6237945886935538e-03
3.6000000000000004e-02 2.1000000000000005e-02 4.0000000000000001e-03  1.6326398419913841e-03
3.6000000000000004e-02 2.4000000000000007e-02 4.0000000000000001e-03  1.6702269383233887e-03
3.6000000000000004e-02 2.7000000000000010e-02 4.0000000000000001e-03  1.6857197211135910e-03
3.6000000000000004e-02 2.9999999999999999e-02 4.0000000000000001e-03  1.6929066540626312e-03
3.6000000000000004e-02 3.3000000000000002e-02 4.0000000000000001e-03  1.7213526082176655e-03
3.6000000000000004e-02 3.6000000000000004e-02 4.0000000000000001e-03  1.7535691323140408e-03
3.6000000000000004e-02 3.9000000000000007e-02 4.0000000000000001e-03  1.7896733180005041e-03
3.6000000000000004e-02 4.2000000000000010e-02 4.0000000000000001e-03  1.8798806947489220e-03
3.6000000000000004e-02 4.4999999999999998e-02 4.0000000000000001e-03  1.9424047281811417e-03
3.9000000000000007e-02 -4.4999999999999998e-02 4.0000000000000001e-03  2.2752866970570445e-03
3.9000000000000007e-02 -4.1999999999999996e-02 4.0000000000000001e-03  2.1828357429795817e-03
3.9000000000000007e-02 -3.9000000000000000e-02 4.0000000000000001e-03  2.0976361464257304e-03
3.9000000000000007e-02 -3.5999999999999997e-02 4.0000000000000001e-03  2.0194494438088065e-03
3.9000000000000007e-02 -3.3000000000000002e-02 4.0000000000000001e-03  1.9480513498622530e-03
3.9000000000000007e-02 -2.9999999999999999e-02 4.0000000000000001e-03  1.8832317576395973e-03
3.9000000000000007e-02 -2.6999999999999996e-02 4.0000000000000001e-03  1.8247947385144861e-03
3.9000000000000007e-02 -2.3999999999999997e-02 4.0000000000000001e-03  1.7993956100515812e-03
3.9000000000000007e-02 -2.0999999999999998e-02 4.0000000000000001e-03  1.7942823992738858e-03
3.9000000000000007e-02 -1.7999999999999999e-02 4.0000000000000001e-03  1.8010547553755315e-03
3.9000000000000007e-02 -1.4999999999999999e-02 4.0000000000000001e-03  1.8167799341122371e-03
3.9000000000000007e-02 -1.1999999999999997e-02 4.0000000000000001e-03  1.7688758667338907e-03
3.9000000000000007e-02 -8.9999999999999941e-03 4.0000000000000001e-03  1.7291032016059282e-03
3.9000000000000007e-02 -5.9999999999999984e-03 4.0000000000000001e-03  1.7312128976341944e-03
3.9000000000000007e-02 -2.9999999999999957e-03 4.0000000000000001e-03  1.7464237755489269e-03
3.9000000000000007e-02 0.0000000000000000e+00 4.0000000000000001e-03  1.7415715342567050e-03
3.9000000000000007e-02 3.0000000000000027e-03 4.0000000000000001e-03  1.7155328722261039e-03
3.9000000000000007e-02 6.0000000000000053e-03 4.0000000000000001e-03  1.7004902588240807e-03
3.9000000000000007e-02 9.0000000000000011e-03 4.0000000000000001e-03  1.7022696082216837e-03
3.9000000000000007e-02 1.2000000000000004e-02 4.0000000000000001e-03  1.7053437585946576e-03
3.9000000000000007e-02 1.4999999999999999e-02 4.0000000000000001e-03  1.7097229510879737e-03
3.9000000000000007e-02 1.8000000000000002e-02 4.0000000000000001e-03  1.7435978214375269e-03
3.9000000000000007e-02 2.1000000000000005e-02 4.0000000000000001e-03  1.7755012878641061e-03
3.9000000000000007e-02 2.4000000000000007e-02 4.0000000000000001e-03  1.7804903423135391e-03
3.9000000000000007e-02 2.7000000000000010e-02 4.0000000000000001e-03  1.7655518217411686e-03
3.9000000000000007e-02 2.9999999999999999e-02 4.0000000000000001e-03  1.7782282137278501e-03
3.9000000000000007e-02 3.3000000000000002e-02 4.0000000000000001e-03  1.7944274510799673e-03
3.9000000000000007e-02 3.6000000000000004e-02 4.0000000000000001e-03  1.8142351479734249e-03
3.9000000000000007e-02 3.9000000000000007e-02 4.0000000000000001e-03  1.8674507805785431e-03
3.9000000000000007e-02 4.2000000000000010e-02 4.0000000000000001e-03  2.0107233353964696e-03
3.9000000000000007e-02 4.4999999999999998e-02 4.0000000000000001e-03  2.0450883997869223e-03
4.2000000000000010e-02 -4.4999999999999998e-02 4.0000000000000001e-03  2.3676548628949151e-03
4.2000000000000010e-02 -4.1999999999999996e-02 4.0000000000000001e-03  2.2826189220335564e-03
4.2000000000000010e-02 -3.9000000000000000e-02 4.0000000000000001e-03  2.2047608222798905e-03
4.2000000000000010e-02 -3.5999999999999997e-02 4.0000000000000001e-03  2.1338393360881940e-03
4.2000000000000010e-02 -3.3000000000000002e-02 4.0000000000000001e-03  2.0696274142328369e-03
4.2000000000000010e-02 -2.9999999999999999e-02 4.0000000000000001e-03  2.0119121858083026e-03
4.2000000000000010e-02 -2.6999999999999996e-02 4.0000000000000001e-03  1.9604949582291641e-03
4.2000000000000010e-02 -2.3999999999999997e-02 4.0000000000000001e-03  1.9151912172301062e-03
4.2000000000000010e-02 -2.0999999999999998e-02 4.0000000000000001e-03  1.8758306268659077e-03
4.2000000000000010e-02 -1.7999999999999999e-02 4.0000000000000001e-03  1.8790560839135953e-03
4.2000000000000010e-02 -1.4999999999999999e-02 4.0000000000000001e-03  1.8991891310926974e-03
4.2000000000000010e-02 -1.1999999999999997e-02 4.0000000000000001e-03  1.8837940023238200e-03
4.2000000000000010e-02 -8.9999999999999941e-03 4.0000000000000001e-03  1.8464571171544805e-03
4.2000000000000010e-02 -5.9999999999999984e-03 4.0000000000000001e-03  1.8694486882780677e-03
4.2000000000000010e-02 -2.9999999999999957e-03 4.0000000000000001e-03  1.8872521520116405e-03
4.2000000000000010e-02 0.0000000000000000e+00 4.0000000000000001e-03  1.8857369729429615e-03
4.2000000000000010e-02 3.0000000000000027e-03 4.0000000000000001e-03  1.8638317797242988e-03
4.2000000000000010e-02 6.0000000000000053e-03 4.0000000000000001e-03  1.8254631498570682e-03
4.2000000000000010e-02 9.0000000000000011e-03 4.0000000000000001e-03  1.8253798927605834e-03
4.2000000000000010e-02 1.2000000000000004e-02 4.0000000000000001e-03  1.8455476797369216e-03
4.2000000000000010e-02 1.4999999999999999e-02 4.0000000000000001e-03  1.8933261700173729e-03
4.2000000000000010e-02 1.8000000000000002e-02 4.0000000000000001e-03  1.9143145568552861e-03
4.2000000000000010e-02 2.1000000000000005e-02 4.0000000000000001e-03  1.9089422528171616e-03
4.2000000000000010e-02 2.4000000000000007e-02 4.0000000000000001e-03  1.8781521016033561e-03
4.2000000000000010e-02 2.7000000000000010e-02 4.0000000000000001e-03  1.8702677683729242e-03
4.2000000000000010e-02 2.9999999999999999e-02 4.0000000000000001e-03  1.8705797582283486e-03
4.2000000000000010e-02 3.3000000000000002e-02 4.0000000000000001e-03  1.9011170119370539e-03
4.2000000000000010e-02 3.6000000000000004e-02 4.0000000000000001e-03  1.9553500852361946e-03
4.2000000000000010e-02 3.9000000000000007e-02 4.0000000000000001e-03  2.0045255813135616e-03
4.2000000000000010e-02 4.2000000000000010e-02 4.0000000000000001e-03  2.1451950352602855e-03
4.2000000000000010e-02 4.4999999999999998e-02 4.0000000000000001e-03  2.1507492168177599e-03
4.4999999999999998e-02 -4.4999999999999998e-02 4.0000000000000001e-03  2.4729875551171726e-03
4.4999999999999998e-02 -4.1999999999999996e-02 4.0000000000000001e-03  2.3952802012118428e-03
4.4999999999999998e-02 -3.9000000000000000e-02 4.0000000000000001e-03  2.3246708373506281e-03
4.4999999999999998e-02 -3.5999999999999997e-02 4.0000000000000001e-03  2.2609154720287434e-03
4.4999999999999998e-02 -3.3000000000000002e-02 4.0000000000000001e-03  2.2037842920615077e-03
4.4999999999999998e-02 -2.9999999999999999e-02 4.0000000000000001e-03  2.1530616625843419e-03
4.4999999999999998e-02 -2.6999999999999996e-02 4.0000000000000001e-03  2.1085461270527648e-03
4.4999999999999998e-02 -2.3999999999999997e-02 4.0000000000000001e-03  2.0700504072424060e-03
4.4999999999999998e-02 -2.0999999999999998e-02 4.0000000000000001e-03  2.0374014032489879e-03
4.4999999999999998e-02 -1.7999999999999999e-02 4.0000000000000001e-03  2.0104401934883309e-03
4.4999999999999998e-02 -1.4999999999999999e-02 4.0000000000000001e-03  1.9890220346963747e-03
4.4999999999999998e-02 -1.1999999999999997e-02 4.0000000000000001e-03  2.0176120485966504e-03
4.4999999999999998e-02 -8.9999999999999941e-03 4.0000000000000001e-03  1.9977727066378299e-03
4.4999999999999998e-02 -5.9999999999999984e-03 4.0000000000000001e-03  2.0342836734904956e-03
4.4999999999999998e-02 -2.9999999999999957e-03 4.0000000000000001e-03  2.0545307445183412e-03
4.4999999999999998e-02 0.0000000000000000e+00 4.0000000000000001e-03  2.0563427398485020e-03
4.4999999999999998e-02 3.0000000000000027e-03 4.0000000000000001e-03  2.0407050193135684e-03
4.4999999999999998e-02 6.0000000000000053e-03 4.0000000000000001e-03  2.0608404830804758e-03
4.4999999999999998e-02 9.0000000000000011e-03 4.0000000000000001e-03  2.0641779966944006e-03
4.4999999999999998e-02 1.2000000000000004e-02 4.0000000000000001e-03  2.0781395506787727e-03
4.4999999999999998e-02 1.4999999999999999e-02 4.0000000000000001e-03  2.0881518324248390e-03
4.4999999999999998e-02 1.8000000000000002e-02 4.0000000000000001e-03  2.0724735976896109e-03
4.4999999999999998e-02 2.1000000000000005e-02 4.0000000000000001e-03  2.0321000435275798e-03
4.4999999999999998e-02 2.4000000000000007e-02 4.0000000000000001e-03  1.9991728075401476e-03
4.4999999999999998e-02 2.7000000000000010e-02 4.0000000000000001e-03  1.9993371972422294e-03
4.4999999999999998e-02 2.9999999999999999e-02 4.0000000000000001e-03  2.0503045576723659e-03
4.4999999999999998e-02 3.3000000000000002e-02 4.0000000000000001e-03  2.0959933426574462e-03
4.4999999999999998e-02 3.6000000000000004e-02 4.0000000000000001e-03  2.1364992832364703e-03
4.4999999999999998e-02 3.9000000000000007e-02 4.0000000000000001e-03  2.1719436821189242e-03
4.4999999999999998e-02 4.2000000000000010e-02 4.0000000000000001e-03  2.2632435907050386e-03
4.4999999999999998e-02 4.4999999999999998e-02 4.0000000000000001e-03  2.2688487455510809e-03
