Grid Output Min: [-45mm -45mm 4mm] Max: [45mm 45mm 4mm] Grid Size: [3mm 3mm 0mm]
X, Y, Z, Scalar data "Mag_B"
-4.4999999999999998e-002 -4.4999999999999998e-002 4.0000000000000001e-003  2.3701284463612726e-003
-4.4999999999999998e-002 -4.1999999999999996e-002 4.0000000000000001e-003  2.2402340029185281e-003
-4.4999999999999998e-002 -3.9000000000000000e-002 4.0000000000000001e-003  2.1755097771221795e-003
-4.4999999999999998e-002 -3.5999999999999997e-002 4.0000000000000001e-003  2.0955310376520606e-003
-4.4999999999999998e-002 -3.3000000000000002e-002 4.0000000000000001e-003  2.0452070907557569e-003
-4.4999999999999998e-002 -2.9999999999999999e-002 4.0000000000000001e-003  2.0074890275026637e-003
-4.4999999999999998e-002 -2.6999999999999996e-002 4.0000000000000001e-003  1.9853433546187164e-003
-4.4999999999999998e-002 -2.3999999999999997e-002 4.0000000000000001e-003  1.9651134896596905e-003
-4.4999999999999998e-002 -2.0999999999999998e-002 4.0000000000000001e-003  1.9292631518391863e-003
-4.4999999999999998e-002 -1.7999999999999999e-002 4.0000000000000001e-003  1.9081136301694426e-003
-4.4999999999999998e-002 -1.4999999999999999e-002 4.0000000000000001e-003  1.8893156590934432e-003
-4.4999999999999998e-002 -1.1999999999999997e-002 4.0000000000000001e-003  1.8904708368643009e-003
-4.4999999999999998e-002 -8.9999999999999941e-003 4.0000000000000001e-003  1.8936991963265869e-003
-4.4999999999999998e-002 -5.9999999999999984e-003 4.0000000000000001e-003  1.8898331923955021e-003
-4.4999999999999998e-002 -2.9999999999999957e-003 4.0000000000000001e-003  1.8813725474644567e-003
-4.4999999999999998e-002 0.0000000000000000e+000 4.0000000000000001e-003  1.8752770915648400e-003
-4.4999999999999998e-002 3.0000000000000027e-003 4.0000000000000001e-003  1.8811367958389428e-003
-4.4999999999999998e-002 6.0000000000000053e-003 4.0000000000000001e-003  1.8872520556600281e-003
-4.4999999999999998e-002 9.0000000000000011e-003 4.0000000000000001e-003  1.8928545865902445e-003
-4.4999999999999998e-002 1.2000000000000004e-002 4.0000000000000001e-003  1.8979554157309362e-003
-4.4999999999999998e-002 1.4999999999999999e-002 4.0000000000000001e-003  1.9025789942016154e-003
-4.4999999999999998e-002 1.8000000000000002e-002 4.0000000000000001e-003  1.9375711995398687e-003
-4.4999999999999998e-002 2.1000000000000005e-002 4.0000000000000001e-003  1.9560387832933939e-003
-4.4999999999999998e-002 2.4000000000000007e-002 4.0000000000000001e-003  1.9748966972846851e-003
-4.4999999999999998e-002 2.7000000000000010e-002 4.0000000000000001e-003  1.9865922818975675e-003
-4.4999999999999998e-002 2.9999999999999999e-002 4.0000000000000001e-003  1.9999578732726331e-003
-4.4999999999999998e-002 3.3000000000000002e-002 4.0000000000000001e-003  2.0446860269291724e-003
-4.4999999999999998e-002 3.6000000000000004e-002 4.0000000000000001e-003  2.0868729908328464e-003
-4.4999999999999998e-002 3.9000000000000007e-002 4.0000000000000001e-003  2.1370041978766817e-003
-4.4999999999999998e-002 4.2000000000000010e-002 4.0000000000000001e-003  2.1941025599863388e-003
-4.4999999999999998e-002 4.4999999999999998e-002 4.0000000000000001e-003  2.2556292528575655e-003
-4.1999999999999996e-002 -4.4999999999999998e-002 4.0000000000000001e-003  2.3105041066187348e-003
-4.1999999999999996e-002 -4.1999999999999996e-002 4.0000000000000001e-003  2.1271561128403480e-003
-4.1999999999999996e-002 -3.9000000000000000e-002 4.0000000000000001e-003  2.0440379448370188e-003
-4.1999999999999996e-002 -3.5999999999999997e-002 4.0000000000000001e-003  1.9964057692992451e-003
-4.1999999999999996e-002 -3.3000000000000002e-002 4.0000000000000001e-003  1.9386947080324022e-003
-4.1999999999999996e-002 -2.9999999999999999e-002 4.0000000000000001e-003  1.8838840316580414e-003
-4.1999999999999996e-002 -2.6999999999999996e-002 4.0000000000000001e-003  1.8333989111147314e-003
-4.1999999999999996e-002 -2.3999999999999997e-002 4.0000000000000001e-003  1.8044705666732529e-003
-4.1999999999999996e-002 -2.0999999999999998e-002 4.0000000000000001e-003  1.7956822917224212e-003
-4.1999999999999996e-002 -1.7999999999999999e-002 4.0000000000000001e-003  1.7942615438123510e-003
-4.1999999999999996e-002 -1.4999999999999999e-002 4.0000000000000001e-003  1.7948530237985724e-003
-4.1999999999999996e-002 -1.1999999999999997e-002 4.0000000000000001e-003  1.7974497510953730e-003
-4.1999999999999996e-002 -8.9999999999999941e-003 4.0000000000000001e-003  1.8007333186747911e-003
-4.1999999999999996e-002 -5.9999999999999984e-003 4.0000000000000001e-003  1.7867277468289512e-003
-4.1999999999999996e-002 -2.9999999999999957e-003 4.0000000000000001e-003  1.7843519885728416e-003
-4.1999999999999996e-002 0.0000000000000000e+000 4.0000000000000001e-003  1.7800347623836406e-003
-4.1999999999999996e-002 3.0000000000000027e-003 4.0000000000000001e-003  1.7772019563516940e-003
-4.1999999999999996e-002 6.0000000000000053e-003 4.0000000000000001e-003  1.7805414850954426e-003
-4.1999999999999996e-002 9.0000000000000011e-003 4.0000000000000001e-003  1.7835465186003777e-003
-4.1999999999999996e-002 1.2000000000000004e-002 4.0000000000000001e-003  1.7862295734805197e-003
-4.1999999999999996e-002 1.4999999999999999e-002 4.0000000000000001e-003  1.8115233788693315e-003
-4.1999999999999996e-002 1.8000000000000002e-002 4.0000000000000001e-003  1.8356280592861903e-003
-4.1999999999999996e-002 2.1000000000000005e-002 4.0000000000000001e-003  1.8504300815907048e-003
-4.1999999999999996e-002 2.4000000000000007e-002 4.0000000000000001e-003  1.8682878578309872e-003
-4.1999999999999996e-002 2.7000000000000010e-002 4.0000000000000001e-003  1.8943460857477213e-003
-4.1999999999999996e-002 2.9999999999999999e-002 4.0000000000000001e-003  1.9079813071502779e-003
-4.1999999999999996e-002 3.3000000000000002e-002 4.0000000000000001e-003  1.9155255007671905e-003
-4.1999999999999996e-002 3.6000000000000004e-002 4.0000000000000001e-003  1.9528289493207255e-003
-4.1999999999999996e-002 3.9000000000000007e-002 4.0000000000000001e-003  1.9961009871591047e-003
-4.1999999999999996e-002 4.2000000000000010e-002 4.0000000000000001e-003  2.0657558295290785e-003
-4.1999999999999996e-002 4.4999999999999998e-002 4.0000000000000001e-003  2.1555567974837625e-003
-3.9000000000000000e-002 -4.4999999999999998e-002 4.0000000000000001e-003  2.2675022273401461e-003
-3.9000000000000000e-002 -4.1999999999999996e-002 4.0000000000000001e-003  2.0653926751238805e-003
-3.9000000000000000e-002 -3.9000000000000000e-002 4.0000000000000001e-003  1.9443406792105931e-003
-3.9000000000000000e-002 -3.5999999999999997e-002 4.0000000000000001e-003  1.9136192273099613e-003
-3.9000000000000000e-002 -3.3000000000000002e-002 4.0000000000000001e-003  1.8544604730586693e-003
-3.9000000000000000e-002 -2.9999999999999999e-002 4.0000000000000001e-003  1.7982704749934103e-003
-3.9000000000000000e-002 -2.6999999999999996e-002 4.0000000000000001e-003  1.7544969688595394e-003
-3.9000000000000000e-002 -2.3999999999999997e-002 4.0000000000000001e-003  1.7363340708524621e-003
-3.9000000000000000e-002 -2.0999999999999998e-002 4.0000000000000001e-003  1.7181906265016339e-003
-3.9000000000000000e-002 -1.7999999999999999e-002 4.0000000000000001e-003  1.7141556384887107e-003
-3.9000000000000000e-002 -1.4999999999999999e-002 4.0000000000000001e-003  1.7167536767849685e-003
-3.9000000000000000e-002 -1.1999999999999997e-002 4.0000000000000001e-003  1.7213081934826376e-003
-3.9000000000000000e-002 -8.9999999999999941e-003 4.0000000000000001e-003  1.7141957068209112e-003
-3.9000000000000000e-002 -5.9999999999999984e-003 4.0000000000000001e-003  1.7058594869492512e-003
-3.9000000000000000e-002 -2.9999999999999957e-003 4.0000000000000001e-003  1.7057315045673370e-003
-3.9000000000000000e-002 0.0000000000000000e+000 4.0000000000000001e-003  1.7032971391522285e-003
-3.9000000000000000e-002 3.0000000000000027e-003 4.0000000000000001e-003  1.6985554385193951e-003
-3.9000000000000000e-002 6.0000000000000053e-003 4.0000000000000001e-003  1.6974508256070973e-003
-3.9000000000000000e-002 9.0000000000000011e-003 4.0000000000000001e-003  1.6979145714835111e-003
-3.9000000000000000e-002 1.2000000000000004e-002 4.0000000000000001e-003  1.7143085184015438e-003
-3.9000000000000000e-002 1.4999999999999999e-002 4.0000000000000001e-003  1.7392980701895796e-003
-3.9000000000000000e-002 1.8000000000000002e-002 4.0000000000000001e-003  1.7497733894584790e-003
-3.9000000000000000e-002 2.1000000000000005e-002 4.0000000000000001e-003  1.7641837761278114e-003
-3.9000000000000000e-002 2.4000000000000007e-002 4.0000000000000001e-003  1.7810154769305039e-003
-3.9000000000000000e-002 2.7000000000000010e-002 4.0000000000000001e-003  1.8029562628232272e-003
-3.9000000000000000e-002 2.9999999999999999e-002 4.0000000000000001e-003  1.8369662490125668e-003
-3.9000000000000000e-002 3.3000000000000002e-002 4.0000000000000001e-003  1.8525583051203960e-003
-3.9000000000000000e-002 3.6000000000000004e-002 4.0000000000000001e-003  1.8850827020383400e-003
-3.9000000000000000e-002 3.9000000000000007e-002 4.0000000000000001e-003  1.9501406232389986e-003
-3.9000000000000000e-002 4.2000000000000010e-002 4.0000000000000001e-003  2.0241497161926436e-003
-3.9000000000000000e-002 4.4999999999999998e-002 4.0000000000000001e-003  2.1158122026065317e-003
-3.5999999999999997e-002 -4.4999999999999998e-002 4.0000000000000001e-003  2.1979053445430577e-003
-3.5999999999999997e-002 -4.1999999999999996e-002 4.0000000000000001e-003  2.0082254840892155e-003
-3.5999999999999997e-002 -3.9000000000000000e-002 4.0000000000000001e-003  1.8872923488536307e-003
-3.5999999999999997e-002 -3.5999999999999997e-002 4.0000000000000001e-003  1.8310695778002916e-003
-3.5999999999999997e-002 -3.3000000000000002e-002 4.0000000000000001e-003  1.7909741404405304e-003
-3.5999999999999997e-002 -2.9999999999999999e-002 4.0000000000000001e-003  1.7462012906652189e-003
-3.5999999999999997e-002 -2.6999999999999996e-002 4.0000000000000001e-003  1.7094949728711597e-003
-3.5999999999999997e-002 -2.3999999999999997e-002 4.0000000000000001e-003  1.6942139117962396e-003
-3.5999999999999997e-002 -2.0999999999999998e-002 4.0000000000000001e-003  1.6789623629227296e-003
-3.5999999999999997e-002 -1.7999999999999999e-002 4.0000000000000001e-003  1.6637448959598044e-003
-3.5999999999999997e-002 -1.4999999999999999e-002 4.0000000000000001e-003  1.6532076553789931e-003
-3.5999999999999997e-002 -1.1999999999999997e-002 4.0000000000000001e-003  1.6534157042770402e-003
-3.5999999999999997e-002 -8.9999999999999941e-003 4.0000000000000001e-003  1.6423548065541507e-003
-3.5999999999999997e-002 -5.9999999999999984e-003 4.0000000000000001e-003  1.6408670764190962e-003
-3.5999999999999997e-002 -2.9999999999999957e-003 4.0000000000000001e-003  1.6423243704104160e-003
-3.5999999999999997e-002 0.0000000000000000e+000 4.0000000000000001e-003  1.6418916279546162e-003
-3.5999999999999997e-002 3.0000000000000027e-003 4.0000000000000001e-003  1.6391541523535047e-003
-3.5999999999999997e-002 6.0000000000000053e-003 4.0000000000000001e-003  1.6347087527848118e-003
-3.5999999999999997e-002 9.0000000000000011e-003 4.0000000000000001e-003  1.6429389776311414e-003
-3.5999999999999997e-002 1.2000000000000004e-002 4.0000000000000001e-003  1.6645601964372762e-003
-3.5999999999999997e-002 1.4999999999999999e-002 4.0000000000000001e-003  1.6708351140629380e-003
-3.5999999999999997e-002 1.8000000000000002e-002 4.0000000000000001e-003  1.6809170732181831e-003
-3.5999999999999997e-002 2.1000000000000005e-002 4.0000000000000001e-003  1.6947354355962227e-003
-3.5999999999999997e-002 2.4000000000000007e-002 4.0000000000000001e-003  1.7109518995906815e-003
-3.5999999999999997e-002 2.7000000000000010e-002 4.0000000000000001e-003  1.7278792437414401e-003
-3.5999999999999997e-002 2.9999999999999999e-002 4.0000000000000001e-003  1.7574447430704027e-003
-3.5999999999999997e-002 3.3000000000000002e-002 4.0000000000000001e-003  1.8103415595376847e-003
-3.5999999999999997e-002 3.6000000000000004e-002 4.0000000000000001e-003  1.8495514119274028e-003
-3.5999999999999997e-002 3.9000000000000007e-002 4.0000000000000001e-003  1.8976429265115829e-003
-3.5999999999999997e-002 4.2000000000000010e-002 4.0000000000000001e-003  1.9766718472779016e-003
-3.5999999999999997e-002 4.4999999999999998e-002 4.0000000000000001e-003  2.0764554245116321e-003
-3.3000000000000002e-002 -4.4999999999999998e-002 4.0000000000000001e-003  2.1005845719373295e-003
-3.3000000000000002e-002 -4.1999999999999996e-002 4.0000000000000001e-003  1.9345404904293449e-003
-3.3000000000000002e-002 -3.9000000000000000e-002 4.0000000000000001e-003  1.8346372868685247e-003
-3.3000000000000002e-002 -3.5999999999999997e-002 4.0000000000000001e-003  1.7806203569869024e-003
-3.3000000000000002e-002 -3.3000000000000002e-002 4.0000000000000001e-003  1.7517947767763532e-003
-3.3000000000000002e-002 -2.9999999999999999e-002 4.0000000000000001e-003  1.7110232344737198e-003
-3.3000000000000002e-002 -2.6999999999999996e-002 4.0000000000000001e-003  1.6806151959157215e-003
-3.3000000000000002e-002 -2.3999999999999997e-002 4.0000000000000001e-003  1.6682273005433190e-003
-3.3000000000000002e-002 -2.0999999999999998e-002 4.0000000000000001e-003  1.6554097272340226e-003
-3.3000000000000002e-002 -1.7999999999999999e-002 4.0000000000000001e-003  1.6396073591116340e-003
-3.3000000000000002e-002 -1.4999999999999999e-002 4.0000000000000001e-003  1.6235233091411382e-003
-3.3000000000000002e-002 -1.1999999999999997e-002 4.0000000000000001e-003  1.6161678994799679e-003
-3.3000000000000002e-002 -8.9999999999999941e-003 4.0000000000000001e-003  1.6151726828174827e-003
-3.3000000000000002e-002 -5.9999999999999984e-003 4.0000000000000001e-003  1.6138614028334294e-003
-3.3000000000000002e-002 -2.9999999999999957e-003 4.0000000000000001e-003  1.6110396679514039e-003
-3.3000000000000002e-002 0.0000000000000000e+000 4.0000000000000001e-003  1.6068210943065667e-003
-3.3000000000000002e-002 3.0000000000000027e-003 4.0000000000000001e-003  1.6011993800285546e-003
-3.3000000000000002e-002 6.0000000000000053e-003 4.0000000000000001e-003  1.5986411999250416e-003
-3.3000000000000002e-002 9.0000000000000011e-003 4.0000000000000001e-003  1.6049416627825785e-003
-3.3000000000000002e-002 1.2000000000000004e-002 4.0000000000000001e-003  1.6112338674477786e-003
-3.3000000000000002e-002 1.4999999999999999e-002 4.0000000000000001e-003  1.6170505562461671e-003
-3.3000000000000002e-002 1.8000000000000002e-002 4.0000000000000001e-003  1.6265244995510447e-003
-3.3000000000000002e-002 2.1000000000000005e-002 4.0000000000000001e-003  1.6427051944196821e-003
-3.3000000000000002e-002 2.4000000000000007e-002 4.0000000000000001e-003  1.6627099081451368e-003
-3.3000000000000002e-002 2.7000000000000010e-002 4.0000000000000001e-003  1.6862572298800525e-003
-3.3000000000000002e-002 2.9999999999999999e-002 4.0000000000000001e-003  1.7202636265895440e-003
-3.3000000000000002e-002 3.3000000000000002e-002 4.0000000000000001e-003  1.7645288999700714e-003
-3.3000000000000002e-002 3.6000000000000004e-002 4.0000000000000001e-003  1.8147842803440818e-003
-3.3000000000000002e-002 3.9000000000000007e-002 4.0000000000000001e-003  1.8623205038376552e-003
-3.3000000000000002e-002 4.2000000000000010e-002 4.0000000000000001e-003  1.9198865198428708e-003
-3.3000000000000002e-002 4.4999999999999998e-002 4.0000000000000001e-003  2.0189663337388474e-003
-2.9999999999999999e-002 -4.4999999999999998e-002 4.0000000000000001e-003  2.0666987446286895e-003
-2.9999999999999999e-002 -4.1999999999999996e-002 4.0000000000000001e-003  1.9108572546576099e-003
-2.9999999999999999e-002 -3.9000000000000000e-002 4.0000000000000001e-003  1.8058140906005618e-003
-2.9999999999999999e-002 -3.5999999999999997e-002 4.0000000000000001e-003  1.7475651165293348e-003
-2.9999999999999999e-002 -3.3000000000000002e-002 4.0000000000000001e-003  1.7169188992667739e-003
-2.9999999999999999e-002 -2.9999999999999999e-002 4.0000000000000001e-003  1.6833571244516932e-003
-2.9999999999999999e-002 -2.6999999999999996e-002 4.0000000000000001e-003  1.6565742293221525e-003
-2.9999999999999999e-002 -2.3999999999999997e-002 4.0000000000000001e-003  1.6417357481870877e-003
-2.9999999999999999e-002 -2.0999999999999998e-002 4.0000000000000001e-003  1.6266142872284842e-003
-2.9999999999999999e-002 -1.7999999999999999e-002 4.0000000000000001e-003  1.6112077447106273e-003
-2.9999999999999999e-002 -1.4999999999999999e-002 4.0000000000000001e-003  1.5955158054350926e-003
-2.9999999999999999e-002 -1.1999999999999997e-002 4.0000000000000001e-003  1.5890674401554104e-003
-2.9999999999999999e-002 -8.9999999999999941e-003 4.0000000000000001e-003  1.5877739306444831e-003
-2.9999999999999999e-002 -5.9999999999999984e-003 4.0000000000000001e-003  1.5841145464817396e-003
-2.9999999999999999e-002 -2.9999999999999957e-003 4.0000000000000001e-003  1.5790377043753754e-003
-2.9999999999999999e-002 0.0000000000000000e+000 4.0000000000000001e-003  1.5729456785988014e-003
-2.9999999999999999e-002 3.0000000000000027e-003 4.0000000000000001e-003  1.5726789406444311e-003
-2.9999999999999999e-002 6.0000000000000053e-003 4.0000000000000001e-003  1.5765626251691958e-003
-2.9999999999999999e-002 9.0000000000000011e-003 4.0000000000000001e-003  1.5823941892321898e-003
-2.9999999999999999e-002 1.2000000000000004e-002 4.0000000000000001e-003  1.5822132217249425e-003
-2.9999999999999999e-002 1.4999999999999999e-002 4.0000000000000001e-003  1.5926525571768224e-003
-2.9999999999999999e-002 1.8000000000000002e-002 4.0000000000000001e-003  1.6075755570571779e-003
-2.9999999999999999e-002 2.1000000000000005e-002 4.0000000000000001e-003  1.6269592164011070e-003
-2.9999999999999999e-002 2.4000000000000007e-002 4.0000000000000001e-003  1.6467365665367118e-003
-2.9999999999999999e-002 2.7000000000000010e-002 4.0000000000000001e-003  1.6660123906864018e-003
-2.9999999999999999e-002 2.9999999999999999e-002 4.0000000000000001e-003  1.6915654140415130e-003
-2.9999999999999999e-002 3.3000000000000002e-002 4.0000000000000001e-003  1.7264451029972299e-003
-2.9999999999999999e-002 3.6000000000000004e-002 4.0000000000000001e-003  1.7717448523500991e-003
-2.9999999999999999e-002 3.9000000000000007e-002 4.0000000000000001e-003  1.8238279111472281e-003
-2.9999999999999999e-002 4.2000000000000010e-002 4.0000000000000001e-003  1.8797646611864993e-003
-2.9999999999999999e-002 4.4999999999999998e-002 4.0000000000000001e-003  1.9870151422062689e-003
-2.6999999999999996e-002 -4.4999999999999998e-002 4.0000000000000001e-003  2.0553279720483767e-003
-2.6999999999999996e-002 -4.1999999999999996e-002 4.0000000000000001e-003  1.9045377864960026e-003
-2.6999999999999996e-002 -3.9000000000000000e-002 4.0000000000000001e-003  1.8046793746245215e-003
-2.6999999999999996e-002 -3.5999999999999997e-002 4.0000000000000001e-003  1.7485810380925637e-003
-2.6999999999999996e-002 -3.3000000000000002e-002 4.0000000000000001e-003  1.6985400276132775e-003
-2.6999999999999996e-002 -2.9999999999999999e-002 4.0000000000000001e-003  1.6660133207662107e-003
-2.6999999999999996e-002 -2.6999999999999996e-002 4.0000000000000001e-003  1.6387971275711704e-003
-2.6999999999999996e-002 -2.3999999999999997e-002 4.0000000000000001e-003  1.6143225908473965e-003
-2.6999999999999996e-002 -2.0999999999999998e-002 4.0000000000000001e-003  1.5984372097412483e-003
-2.6999999999999996e-002 -1.7999999999999999e-002 4.0000000000000001e-003  1.5834209942396343e-003
-2.6999999999999996e-002 -1.4999999999999999e-002 4.0000000000000001e-003  1.5681171468117669e-003
-2.6999999999999996e-002 -1.1999999999999997e-002 4.0000000000000001e-003  1.5624353765808917e-003
-2.6999999999999996e-002 -8.9999999999999941e-003 4.0000000000000001e-003  1.5608324316704135e-003
-2.6999999999999996e-002 -5.9999999999999984e-003 4.0000000000000001e-003  1.5529840540674743e-003
-2.6999999999999996e-002 -2.9999999999999957e-003 4.0000000000000001e-003  1.5439504458362951e-003
-2.6999999999999996e-002 0.0000000000000000e+000 4.0000000000000001e-003  1.5511644382058972e-003
-2.6999999999999996e-002 3.0000000000000027e-003 4.0000000000000001e-003  1.5539052316286169e-003
-2.6999999999999996e-002 6.0000000000000053e-003 4.0000000000000001e-003  1.5605180622054429e-003
-2.6999999999999996e-002 9.0000000000000011e-003 4.0000000000000001e-003  1.5618062906294487e-003
-2.6999999999999996e-002 1.2000000000000004e-002 4.0000000000000001e-003  1.5575787479159503e-003
-2.6999999999999996e-002 1.4999999999999999e-002 4.0000000000000001e-003  1.5708552913669201e-003
-2.6999999999999996e-002 1.8000000000000002e-002 4.0000000000000001e-003  1.5889455128836954e-003
-2.6999999999999996e-002 2.1000000000000005e-002 4.0000000000000001e-003  1.6108445077849152e-003
-2.6999999999999996e-002 2.4000000000000007e-002 4.0000000000000001e-003  1.6294642863334174e-003
-2.6999999999999996e-002 2.7000000000000010e-002 4.0000000000000001e-003  1.6502122584805667e-003
-2.6999999999999996e-002 2.9999999999999999e-002 4.0000000000000001e-003  1.6746811412798220e-003
-2.6999999999999996e-002 3.3000000000000002e-002 4.0000000000000001e-003  1.7007304111510589e-003
-2.6999999999999996e-002 3.6000000000000004e-002 4.0000000000000001e-003  1.7349090420809095e-003
-2.6999999999999996e-002 3.9000000000000007e-002 4.0000000000000001e-003  1.7944693465549646e-003
-2.6999999999999996e-002 4.2000000000000010e-002 4.0000000000000001e-003  1.8801354930351709e-003
-2.6999999999999996e-002 4.4999999999999998e-002 4.0000000000000001e-003  1.9644789395823941e-003
-2.3999999999999997e-002 -4.4999999999999998e-002 4.0000000000000001e-003  2.0394943052973397e-003
-2.3999999999999997e-002 -4.1999999999999996e-002 4.0000000000000001e-003  1.8939974501524699e-003
-2.3999999999999997e-002 -3.9000000000000000e-002 4.0000000000000001e-003  1.7995723459717915e-003
-2.3999999999999997e-002 -3.5999999999999997e-002 4.0000000000000001e-003  1.7318005315415900e-003
-2.3999999999999997e-002 -3.3000000000000002e-002 4.0000000000000001e-003  1.6820588982081723e-003
-2.3999999999999997e-002 -2.9999999999999999e-002 4.0000000000000001e-003  1.6505816975608734e-003
-2.3999999999999997e-002 -2.6999999999999996e-002 4.0000000000000001e-003  1.6238416928498357e-003
-2.3999999999999997e-002 -2.3999999999999997e-002 4.0000000000000001e-003  1.5990856935008918e-003
-2.3999999999999997e-002 -2.0999999999999998e-002 4.0000000000000001e-003  1.5743567552142623e-003
-2.3999999999999997e-002 -1.7999999999999999e-002 4.0000000000000001e-003  1.5562395839850392e-003
-2.3999999999999997e-002 -1.4999999999999999e-002 4.0000000000000001e-003  1.5413227401401442e-003
-2.3999999999999997e-002 -1.1999999999999997e-002 4.0000000000000001e-003  1.5362755613702206e-003
-2.3999999999999997e-002 -8.9999999999999941e-003 4.0000000000000001e-003  1.5337246029310148e-003
-2.3999999999999997e-002 -5.9999999999999984e-003 4.0000000000000001e-003  1.5217322242682685e-003
-2.3999999999999997e-002 -2.9999999999999957e-003 4.0000000000000001e-003  1.5260361684207623e-003
-2.3999999999999997e-002 0.0000000000000000e+000 4.0000000000000001e-003  1.5324273327479213e-003
-2.3999999999999997e-002 3.0000000000000027e-003 4.0000000000000001e-003  1.5380674302972353e-003
-2.3999999999999997e-002 6.0000000000000053e-003 4.0000000000000001e-003  1.5393229369237214e-003
-2.3999999999999997e-002 9.0000000000000011e-003 4.0000000000000001e-003  1.5414887523320805e-003
-2.3999999999999997e-002 1.2000000000000004e-002 4.0000000000000001e-003  1.5415303323804050e-003
-2.3999999999999997e-002 1.4999999999999999e-002 4.0000000000000001e-003  1.5493097510685995e-003
-2.3999999999999997e-002 1.8000000000000002e-002 4.0000000000000001e-003  1.5705753090242075e-003
-2.3999999999999997e-002 2.1000000000000005e-002 4.0000000000000001e-003  1.5914188792716397e-003
-2.3999999999999997e-002 2.4000000000000007e-002 4.0000000000000001e-003  1.6108988006032776e-003
-2.3999999999999997e-002 2.7000000000000010e-002 4.0000000000000001e-003  1.6326909488466549e-003
-2.3999999999999997e-002 2.9999999999999999e-002 4.0000000000000001e-003  1.6567161593538250e-003
-2.3999999999999997e-002 3.3000000000000002e-002 4.0000000000000001e-003  1.6827336023721860e-003
-2.3999999999999997e-002 3.6000000000000004e-002 4.0000000000000001e-003  1.7107386712129657e-003
-2.3999999999999997e-002 3.9000000000000007e-002 4.0000000000000001e-003  1.7844349287683169e-003
-2.3999999999999997e-002 4.2000000000000010e-002 4.0000000000000001e-003  1.8687387519875174e-003
-2.3999999999999997e-002 4.4999999999999998e-002 4.0000000000000001e-003  1.9571620573734941e-003
-2.0999999999999998e-002 -4.4999999999999998e-002 4.0000000000000001e-003  2.0191860481327752e-003
-2.0999999999999998e-002 -4.1999999999999996e-002 4.0000000000000001e-003  1.8792405803682811e-003
-2.0999999999999998e-002 -3.9000000000000000e-002 4.0000000000000001e-003  1.7881118023320198e-003
-2.0999999999999998e-002 -3.5999999999999997e-002 4.0000000000000001e-003  1.7166251386018907e-003
-2.0999999999999998e-002 -3.3000000000000002e-002 4.0000000000000001e-003  1.6674692163305884e-003
-2.0999999999999998e-002 -2.9999999999999999e-002 4.0000000000000001e-003  1.6370585101670233e-003
-2.0999999999999998e-002 -2.6999999999999996e-002 4.0000000000000001e-003  1.6106744130673018e-003
-2.0999999999999998e-002 -2.3999999999999997e-002 4.0000000000000001e-003  1.5856365589026740e-003
-2.0999999999999998e-002 -2.0999999999999998e-002 4.0000000000000001e-003  1.5606255872656091e-003
-2.0999999999999998e-002 -1.7999999999999999e-002 4.0000000000000001e-003  1.5356377687451488e-003
-2.0999999999999998e-002 -1.4999999999999999e-002 4.0000000000000001e-003  1.5152946725614774e-003
-2.0999999999999998e-002 -1.1999999999999997e-002 4.0000000000000001e-003  1.5106055486973997e-003
-2.0999999999999998e-002 -8.9999999999999941e-003 4.0000000000000001e-003  1.5063418315344565e-003
-2.0999999999999998e-002 -5.9999999999999984e-003 4.0000000000000001e-003  1.5076283104499464e-003
-2.0999999999999998e-002 -2.9999999999999957e-003 4.0000000000000001e-003  1.5102325217034574e-003
-2.0999999999999998e-002 0.0000000000000000e+000 4.0000000000000001e-003  1.5139489130526916e-003
-2.0999999999999998e-002 3.0000000000000027e-003 4.0000000000000001e-003  1.5182366590012247e-003
-2.0999999999999998e-002 6.0000000000000053e-003 4.0000000000000001e-003  1.5206352614119919e-003
-2.0999999999999998e-002 9.0000000000000011e-003 4.0000000000000001e-003  1.5235630190913324e-003
-2.0999999999999998e-002 1.2000000000000004e-002 4.0000000000000001e-003  1.5269879948049334e-003
-2.0999999999999998e-002 1.4999999999999999e-002 4.0000000000000001e-003  1.5292141902339559e-003
-2.0999999999999998e-002 1.8000000000000002e-002 4.0000000000000001e-003  1.5518976339106249e-003
-2.0999999999999998e-002 2.1000000000000005e-002 4.0000000000000001e-003  1.5707009793302995e-003
-2.0999999999999998e-002 2.4000000000000007e-002 4.0000000000000001e-003  1.5909479627886191e-003
-2.0999999999999998e-002 2.7000000000000010e-002 4.0000000000000001e-003  1.6125436856793142e-003
-2.0999999999999998e-002 2.9999999999999999e-002 4.0000000000000001e-003  1.6361404160310851e-003
-2.0999999999999998e-002 3.3000000000000002e-002 4.0000000000000001e-003  1.6679539072689650e-003
-2.0999999999999998e-002 3.6000000000000004e-002 4.0000000000000001e-003  1.7040637520354292e-003
-2.0999999999999998e-002 3.9000000000000007e-002 4.0000000000000001e-003  1.7660521235216217e-003
-2.0999999999999998e-002 4.2000000000000010e-002 4.0000000000000001e-003  1.8426664672983584e-003
-2.0999999999999998e-002 4.4999999999999998e-002 4.0000000000000001e-003  1.9287822868187309e-003
-1.7999999999999999e-002 -4.4999999999999998e-002 4.0000000000000001e-003  1.9944108916853005e-003
-1.7999999999999999e-002 -4.1999999999999996e-002 4.0000000000000001e-003  1.8630472986732353e-003
-1.7999999999999999e-002 -3.9000000000000000e-002 4.0000000000000001e-003  1.7763650924942154e-003
-1.7999999999999999e-002 -3.5999999999999997e-002 4.0000000000000001e-003  1.7030477174331611e-003
-1.7999999999999999e-002 -3.3000000000000002e-002 4.0000000000000001e-003  1.6547722057766111e-003
-1.7999999999999999e-002 -2.9999999999999999e-002 4.0000000000000001e-003  1.6254475324329611e-003
-1.7999999999999999e-002 -2.6999999999999996e-002 4.0000000000000001e-003  1.5993017371392791e-003
-1.7999999999999999e-002 -2.3999999999999997e-002 4.0000000000000001e-003  1.5739878117662165e-003
-1.7999999999999999e-002 -2.0999999999999998e-002 4.0000000000000001e-003  1.5487026192085060e-003
-1.7999999999999999e-002 -1.7999999999999999e-002 4.0000000000000001e-003  1.5240209192004482e-003
-1.7999999999999999e-002 -1.4999999999999999e-002 4.0000000000000001e-003  1.5013831862036183e-003
-1.7999999999999999e-002 -1.1999999999999997e-002 4.0000000000000001e-003  1.4975227471048652e-003
-1.7999999999999999e-002 -8.9999999999999941e-003 4.0000000000000001e-003  1.4959852252821948e-003
-1.7999999999999999e-002 -5.9999999999999984e-003 4.0000000000000001e-003  1.4947740653659153e-003
-1.7999999999999999e-002 -2.9999999999999957e-003 4.0000000000000001e-003  1.4948603802113001e-003
-1.7999999999999999e-002 0.0000000000000000e+000 4.0000000000000001e-003  1.4971702146814069e-003
-1.7999999999999999e-002 3.0000000000000027e-003 4.0000000000000001e-003  1.5011988422280449e-003
-1.7999999999999999e-002 6.0000000000000053e-003 4.0000000000000001e-003  1.5057337062205918e-003
-1.7999999999999999e-002 9.0000000000000011e-003 4.0000000000000001e-003  1.5094211991490852e-003
-1.7999999999999999e-002 1.2000000000000004e-002 4.0000000000000001e-003  1.5139836430241630e-003
-1.7999999999999999e-002 1.4999999999999999e-002 4.0000000000000001e-003  1.5192426753667023e-003
-1.7999999999999999e-002 1.8000000000000002e-002 4.0000000000000001e-003  1.5289997894903278e-003
-1.7999999999999999e-002 2.1000000000000005e-002 4.0000000000000001e-003  1.5487454543284907e-003
-1.7999999999999999e-002 2.4000000000000007e-002 4.0000000000000001e-003  1.5686267849846110e-003
-1.7999999999999999e-002 2.7000000000000010e-002 4.0000000000000001e-003  1.5974071580324653e-003
-1.7999999999999999e-002 2.9999999999999999e-002 4.0000000000000001e-003  1.6305217805422522e-003
-1.7999999999999999e-002 3.3000000000000002e-002 4.0000000000000001e-003  1.6666208557933400e-003
-1.7999999999999999e-002 3.6000000000000004e-002 4.0000000000000001e-003  1.7025958348518739e-003
-1.7999999999999999e-002 3.9000000000000007e-002 4.0000000000000001e-003  1.7443347522038250e-003
-1.7999999999999999e-002 4.2000000000000010e-002 4.0000000000000001e-003  1.8183712312540576e-003
-1.7999999999999999e-002 4.4999999999999998e-002 4.0000000000000001e-003  1.9202784241807421e-003
-1.4999999999999999e-002 -4.4999999999999998e-002 4.0000000000000001e-003  1.9651959144589559e-003
-1.4999999999999999e-002 -4.1999999999999996e-002 4.0000000000000001e-003  1.8547005117312591e-003
-1.4999999999999999e-002 -3.9000000000000000e-002 4.0000000000000001e-003  1.7661848583883715e-003
-1.4999999999999999e-002 -3.5999999999999997e-002 4.0000000000000001e-003  1.6910702424364438e-003
-1.4999999999999999e-002 -3.3000000000000002e-002 4.0000000000000001e-003  1.6439766088592908e-003
-1.4999999999999999e-002 -2.9999999999999999e-002 4.0000000000000001e-003  1.6157600567239471e-003
-1.4999999999999999e-002 -2.6999999999999996e-002 4.0000000000000001e-003  1.5897502136980428e-003
-1.4999999999999999e-002 -2.3999999999999997e-002 4.0000000000000001e-003  1.5644652182083634e-003
-1.4999999999999999e-002 -2.0999999999999998e-002 4.0000000000000001e-003  1.5395786842390747e-003
-1.4999999999999999e-002 -1.7999999999999999e-002 4.0000000000000001e-003  1.5150770880166869e-003
-1.4999999999999999e-002 -1.4999999999999999e-002 4.0000000000000001e-003  1.4933628419550506e-003
-1.4999999999999999e-002 -1.1999999999999997e-002 4.0000000000000001e-003  1.4886890206948240e-003
-1.4999999999999999e-002 -8.9999999999999941e-003 4.0000000000000001e-003  1.4860911726750298e-003
-1.4999999999999999e-002 -5.9999999999999984e-003 4.0000000000000001e-003  1.4826889900781553e-003
-1.4999999999999999e-002 -2.9999999999999957e-003 4.0000000000000001e-003  1.4830201218982979e-003
-1.4999999999999999e-002 0.0000000000000000e+000 4.0000000000000001e-003  1.4850666525969630e-003
-1.4999999999999999e-002 3.0000000000000027e-003 4.0000000000000001e-003  1.4888270179051284e-003
-1.4999999999999999e-002 6.0000000000000053e-003 4.0000000000000001e-003  1.4942998524352909e-003
-1.4999999999999999e-002 9.0000000000000011e-003 4.0000000000000001e-003  1.4990902999151006e-003
-1.4999999999999999e-002 1.2000000000000004e-002 4.0000000000000001e-003  1.5044167518346288e-003
-1.4999999999999999e-002 1.4999999999999999e-002 4.0000000000000001e-003  1.5108783134701262e-003
-1.4999999999999999e-002 1.8000000000000002e-002 4.0000000000000001e-003  1.5231283774900278e-003
-1.4999999999999999e-002 2.1000000000000005e-002 4.0000000000000001e-003  1.5389928600039540e-003
-1.4999999999999999e-002 2.4000000000000007e-002 4.0000000000000001e-003  1.5570374596794747e-003
-1.4999999999999999e-002 2.7000000000000010e-002 4.0000000000000001e-003  1.5839597728223055e-003
-1.4999999999999999e-002 2.9999999999999999e-002 4.0000000000000001e-003  1.6132898966814571e-003
-1.4999999999999999e-002 3.3000000000000002e-002 4.0000000000000001e-003  1.6448495420878940e-003
-1.4999999999999999e-002 3.6000000000000004e-002 4.0000000000000001e-003  1.6786602356199005e-003
-1.4999999999999999e-002 3.9000000000000007e-002 4.0000000000000001e-003  1.7322804499236405e-003
-1.4999999999999999e-002 4.2000000000000010e-002 4.0000000000000001e-003  1.8074859514441218e-003
-1.4999999999999999e-002 4.4999999999999998e-002 4.0000000000000001e-003  1.9080157769946035e-003
-1.1999999999999997e-002 -4.4999999999999998e-002 4.0000000000000001e-003  1.9547063668885565e-003
-1.1999999999999997e-002 -4.1999999999999996e-002 4.0000000000000001e-003  1.8478714515986518e-003
-1.1999999999999997e-002 -3.9000000000000000e-002 4.0000000000000001e-003  1.7575712568156242e-003
-1.1999999999999997e-002 -3.5999999999999997e-002 4.0000000000000001e-003  1.6817386241293416e-003
-1.1999999999999997e-002 -3.3000000000000002e-002 4.0000000000000001e-003  1.6326483448672283e-003
-1.1999999999999997e-002 -2.9999999999999999e-002 4.0000000000000001e-003  1.6073949941090211e-003
-1.1999999999999997e-002 -2.6999999999999996e-002 4.0000000000000001e-003  1.5816979892557346e-003
-1.1999999999999997e-002 -2.3999999999999997e-002 4.0000000000000001e-003  1.5564214525476845e-003
-1.1999999999999997e-002 -2.0999999999999998e-002 4.0000000000000001e-003  1.5315451005415142e-003
-1.1999999999999997e-002 -1.7999999999999999e-002 4.0000000000000001e-003  1.5074762762427199e-003
-1.1999999999999997e-002 -1.4999999999999999e-002 4.0000000000000001e-003  1.4910000520746644e-003
-1.1999999999999997e-002 -1.1999999999999997e-002 4.0000000000000001e-003  1.4835709661161422e-003
-1.1999999999999997e-002 -8.9999999999999941e-003 4.0000000000000001e-003  1.4774756269994710e-003
-1.1999999999999997e-002 -5.9999999999999984e-003 4.0000000000000001e-003  1.4758515695781934e-003
-1.1999999999999997e-002 -2.9999999999999957e-003 4.0000000000000001e-003  1.4759480102743932e-003
-1.1999999999999997e-002 0.0000000000000000e+000 4.0000000000000001e-003  1.4777639633237660e-003
-1.1999999999999997e-002 3.0000000000000027e-003 4.0000000000000001e-003  1.4812986076626394e-003
-1.1999999999999997e-002 6.0000000000000053e-003 4.0000000000000001e-003  1.4865512869279441e-003
-1.1999999999999997e-002 9.0000000000000011e-003 4.0000000000000001e-003  1.4936691983566156e-003
-1.1999999999999997e-002 1.2000000000000004e-002 4.0000000000000001e-003  1.5010099420520546e-003
-1.1999999999999997e-002 1.4999999999999999e-002 4.0000000000000001e-003  1.5090370423608969e-003
-1.1999999999999997e-002 1.8000000000000002e-002 4.0000000000000001e-003  1.5230689931568437e-003
-1.1999999999999997e-002 2.1000000000000005e-002 4.0000000000000001e-003  1.5400080455193488e-003
-1.1999999999999997e-002 2.4000000000000007e-002 4.0000000000000001e-003  1.5591774721234759e-003
-1.1999999999999997e-002 2.7000000000000010e-002 4.0000000000000001e-003  1.5805118736789995e-003
-1.1999999999999997e-002 2.9999999999999999e-002 4.0000000000000001e-003  1.6046033112207491e-003
-1.1999999999999997e-002 3.3000000000000002e-002 4.0000000000000001e-003  1.6340491313152547e-003
-1.1999999999999997e-002 3.6000000000000004e-002 4.0000000000000001e-003  1.6676485759976336e-003
-1.1999999999999997e-002 3.9000000000000007e-002 4.0000000000000001e-003  1.7304005842709530e-003
-1.1999999999999997e-002 4.2000000000000010e-002 4.0000000000000001e-003  1.8054252913077967e-003
-1.1999999999999997e-002 4.4999999999999998e-002 4.0000000000000001e-003  1.8920140240290685e-003
-8.9999999999999941e-003 -4.4999999999999998e-002 4.0000000000000001e-003  1.9515349358948679e-003
-8.9999999999999941e-003 -4.1999999999999996e-002 4.0000000000000001e-003  1.8445463486015513e-003
-8.9999999999999941e-003 -3.9000000000000000e-002 4.0000000000000001e-003  1.7554295678548068e-003
-8.9999999999999941e-003 -3.5999999999999997e-002 4.0000000000000001e-003  1.6811169188144315e-003
-8.9999999999999941e-003 -3.3000000000000002e-002 4.0000000000000001e-003  1.6229067189182547e-003
-8.9999999999999941e-003 -2.9999999999999999e-002 4.0000000000000001e-003  1.6001760245938751e-003
-8.9999999999999941e-003 -2.6999999999999996e-002 4.0000000000000001e-003  1.5744958261865315e-003
-8.9999999999999941e-003 -2.3999999999999997e-002 4.0000000000000001e-003  1.5506292285644473e-003
-8.9999999999999941e-003 -2.0999999999999998e-002 4.0000000000000001e-003  1.5283236370526169e-003
-8.9999999999999941e-003 -1.7999999999999999e-002 4.0000000000000001e-003  1.5066104039660271e-003
-8.9999999999999941e-003 -1.4999999999999999e-002 4.0000000000000001e-003  1.4958727270756112e-003
-8.9999999999999941e-003 -1.1999999999999997e-002 4.0000000000000001e-003  1.4876892312955560e-003
-8.9999999999999941e-003 -8.9999999999999941e-003 4.0000000000000001e-003  1.4763103019183603e-003
-8.9999999999999941e-003 -5.9999999999999984e-003 4.0000000000000001e-003  1.4734382515617643e-003
-8.9999999999999941e-003 -2.9999999999999957e-003 4.0000000000000001e-003  1.4734565171211377e-003
-8.9999999999999941e-003 0.0000000000000000e+000 4.0000000000000001e-003  1.4751935192159752e-003
-8.9999999999999941e-003 3.0000000000000027e-003 4.0000000000000001e-003  1.4786485812143012e-003
-8.9999999999999941e-003 6.0000000000000053e-003 4.0000000000000001e-003  1.4841517244672372e-003
-8.9999999999999941e-003 9.0000000000000011e-003 4.0000000000000001e-003  1.4941089991732180e-003
-8.9999999999999941e-003 1.2000000000000004e-002 4.0000000000000001e-003  1.5014383234255059e-003
-8.9999999999999941e-003 1.4999999999999999e-002 4.0000000000000001e-003  1.5094559594482310e-003
-8.9999999999999941e-003 1.8000000000000002e-002 4.0000000000000001e-003  1.5230787959875632e-003
-8.9999999999999941e-003 2.1000000000000005e-002 4.0000000000000001e-003  1.5409428707903936e-003
-8.9999999999999941e-003 2.4000000000000007e-002 4.0000000000000001e-003  1.5608383917708061e-003
-8.9999999999999941e-003 2.7000000000000010e-002 4.0000000000000001e-003  1.5832274550693405e-003
-8.9999999999999941e-003 2.9999999999999999e-002 4.0000000000000001e-003  1.6078608660612238e-003
-8.9999999999999941e-003 3.3000000000000002e-002 4.0000000000000001e-003  1.6346390017923061e-003
-8.9999999999999941e-003 3.6000000000000004e-002 4.0000000000000001e-003  1.6768485525949148e-003
-8.9999999999999941e-003 3.9000000000000007e-002 4.0000000000000001e-003  1.7387319940473634e-003
-8.9999999999999941e-003 4.2000000000000010e-002 4.0000000000000001e-003  1.8132557316574208e-003
-8.9999999999999941e-003 4.4999999999999998e-002 4.0000000000000001e-003  1.9025011292276291e-003
-5.9999999999999984e-003 -4.4999999999999998e-002 4.0000000000000001e-003  1.9442143259408246e-003
-5.9999999999999984e-003 -4.1999999999999996e-002 4.0000000000000001e-003  1.8402875580938924e-003
-5.9999999999999984e-003 -3.9000000000000000e-002 4.0000000000000001e-003  1.7535638393967735e-003
-5.9999999999999984e-003 -3.5999999999999997e-002 4.0000000000000001e-003  1.6809485970990660e-003
-5.9999999999999984e-003 -3.3000000000000002e-002 4.0000000000000001e-003  1.6298817148019745e-003
-5.9999999999999984e-003 -2.9999999999999999e-002 4.0000000000000001e-003  1.5956872232934811e-003
-5.9999999999999984e-003 -2.6999999999999996e-002 4.0000000000000001e-003  1.5721057141560794e-003
-5.9999999999999984e-003 -2.3999999999999997e-002 4.0000000000000001e-003  1.5491369113084382e-003
-5.9999999999999984e-003 -2.0999999999999998e-002 4.0000000000000001e-003  1.5267646752045081e-003
-5.9999999999999984e-003 -1.7999999999999999e-002 4.0000000000000001e-003  1.5086937561241756e-003
-5.9999999999999984e-003 -1.4999999999999999e-002 4.0000000000000001e-003  1.4993867377482576e-003
-5.9999999999999984e-003 -1.1999999999999997e-002 4.0000000000000001e-003  1.4897079480471493e-003
-5.9999999999999984e-003 -8.9999999999999941e-003 4.0000000000000001e-003  1.4781292759866748e-003
-5.9999999999999984e-003 -5.9999999999999984e-003 4.0000000000000001e-003  1.4727641623549384e-003
-5.9999999999999984e-003 -2.9999999999999957e-003 4.0000000000000001e-003  1.4727038057368537e-003
-5.9999999999999984e-003 0.0000000000000000e+000 4.0000000000000001e-003  1.4743614834645607e-003
-5.9999999999999984e-003 3.0000000000000027e-003 4.0000000000000001e-003  1.4777366633377672e-003
-5.9999999999999984e-003 6.0000000000000053e-003 4.0000000000000001e-003  1.4855744732471731e-003
-5.9999999999999984e-003 9.0000000000000011e-003 4.0000000000000001e-003  1.4951244869595968e-003
-5.9999999999999984e-003 1.2000000000000004e-002 4.0000000000000001e-003  1.5025023389112796e-003
-5.9999999999999984e-003 1.4999999999999999e-002 4.0000000000000001e-003  1.5105081734045601e-003
-5.9999999999999984e-003 1.8000000000000002e-002 4.0000000000000001e-003  1.5232464362339574e-003
-5.9999999999999984e-003 2.1000000000000005e-002 4.0000000000000001e-003  1.5421765378824664e-003
-5.9999999999999984e-003 2.4000000000000007e-002 4.0000000000000001e-003  1.5631388788879962e-003
-5.9999999999999984e-003 2.7000000000000010e-002 4.0000000000000001e-003  1.5861325194446740e-003
-5.9999999999999984e-003 2.9999999999999999e-002 4.0000000000000001e-003  1.6111591613180763e-003
-5.9999999999999984e-003 3.3000000000000002e-002 4.0000000000000001e-003  1.6345837851601136e-003
-5.9999999999999984e-003 3.6000000000000004e-002 4.0000000000000001e-003  1.6661921793050761e-003
-5.9999999999999984e-003 3.9000000000000007e-002 4.0000000000000001e-003  1.7234998402127040e-003
-5.9999999999999984e-003 4.2000000000000010e-002 4.0000000000000001e-003  1.8280000214292043e-003
-5.9999999999999984e-003 4.4999999999999998e-002 4.0000000000000001e-003  1.9207181267133508e-003
-2.9999999999999957e-003 -4.4999999999999998e-002 4.0000000000000001e-003  1.9415793336310350e-003
-2.9999999999999957e-003 -4.1999999999999996e-002 4.0000000000000001e-003  1.8325241338764482e-003
-2.9999999999999957e-003 -3.9000000000000000e-002 4.0000000000000001e-003  1.7493379413532962e-003
-2.9999999999999957e-003 -3.5999999999999997e-002 4.0000000000000001e-003  1.6802787298353353e-003
-2.9999999999999957e-003 -3.3000000000000002e-002 4.0000000000000001e-003  1.6315170927850794e-003
-2.9999999999999957e-003 -2.9999999999999999e-002 4.0000000000000001e-003  1.5969309045113459e-003
-2.9999999999999957e-003 -2.6999999999999996e-002 4.0000000000000001e-003  1.5699176469941769e-003
-2.9999999999999957e-003 -2.3999999999999997e-002 4.0000000000000001e-003  1.5468809063671576e-003
-2.9999999999999957e-003 -2.0999999999999998e-002 4.0000000000000001e-003  1.5244404447726856e-003
-2.9999999999999957e-003 -1.7999999999999999e-002 4.0000000000000001e-003  1.5115906235307411e-003
-2.9999999999999957e-003 -1.4999999999999999e-002 4.0000000000000001e-003  1.5015430379569648e-003
-2.9999999999999957e-003 -1.1999999999999997e-002 4.0000000000000001e-003  1.4903917623495144e-003
-2.9999999999999957e-003 -8.9999999999999941e-003 4.0000000000000001e-003  1.4804437575424063e-003
-2.9999999999999957e-003 -5.9999999999999984e-003 4.0000000000000001e-003  1.4738296309403432e-003
-2.9999999999999957e-003 -2.9999999999999957e-003 4.0000000000000001e-003  1.4736902194097241e-003
-2.9999999999999957e-003 0.0000000000000000e+000 4.0000000000000001e-003  1.4752682136632547e-003
-2.9999999999999957e-003 3.0000000000000027e-003 4.0000000000000001e-003  1.4798563852591376e-003
-2.9999999999999957e-003 6.0000000000000053e-003 4.0000000000000001e-003  1.4880675698889321e-003
-2.9999999999999957e-003 9.0000000000000011e-003 4.0000000000000001e-003  1.4965480685918595e-003
-2.9999999999999957e-003 1.2000000000000004e-002 4.0000000000000001e-003  1.5042019541872933e-003
-2.9999999999999957e-003 1.4999999999999999e-002 4.0000000000000001e-003  1.5121932844672217e-003
-2.9999999999999957e-003 1.8000000000000002e-002 4.0000000000000001e-003  1.5235700586721853e-003
-2.9999999999999957e-003 2.1000000000000005e-002 4.0000000000000001e-003  1.5435662698123423e-003
-2.9999999999999957e-003 2.4000000000000007e-002 4.0000000000000001e-003  1.5655958283470970e-003
-2.9999999999999957e-003 2.7000000000000010e-002 4.0000000000000001e-003  1.5896581514795282e-003
-2.9999999999999957e-003 2.9999999999999999e-002 4.0000000000000001e-003  1.6110147904440663e-003
-2.9999999999999957e-003 3.3000000000000002e-002 4.0000000000000001e-003  1.6320441373544913e-003
-2.9999999999999957e-003 3.6000000000000004e-002 4.0000000000000001e-003  1.6665720594123820e-003
-2.9999999999999957e-003 3.9000000000000007e-002 4.0000000000000001e-003  1.7085836971398208e-003
-2.9999999999999957e-003 4.2000000000000010e-002 4.0000000000000001e-003  1.7719855501162854e-003
-2.9999999999999957e-003 4.4999999999999998e-002 4.0000000000000001e-003  1.8704812230650656e-003
0.0000000000000000e+000 -4.4999999999999998e-002 4.0000000000000001e-003  1.9703030551895761e-003
0.0000000000000000e+000 -4.1999999999999996e-002 4.0000000000000001e-003  1.8469271234166430e-003
0.0000000000000000e+000 -3.9000000000000000e-002 4.0000000000000001e-003  1.7469478915677391e-003
0.0000000000000000e+000 -3.5999999999999997e-002 4.0000000000000001e-003  1.6814691293164856e-003
0.0000000000000000e+000 -3.3000000000000002e-002 4.0000000000000001e-003  1.6323241435208052e-003
0.0000000000000000e+000 -2.9999999999999999e-002 4.0000000000000001e-003  1.5998852152883005e-003
0.0000000000000000e+000 -2.6999999999999996e-002 4.0000000000000001e-003  1.5702885736057536e-003
0.0000000000000000e+000 -2.3999999999999997e-002 4.0000000000000001e-003  1.5438546348010209e-003
0.0000000000000000e+000 -2.0999999999999998e-002 4.0000000000000001e-003  1.5242813610061136e-003
0.0000000000000000e+000 -1.7999999999999999e-002 4.0000000000000001e-003  1.5131351053645767e-003
0.0000000000000000e+000 -1.4999999999999999e-002 4.0000000000000001e-003  1.5021684577966321e-003
0.0000000000000000e+000 -1.1999999999999997e-002 4.0000000000000001e-003  1.4915700021954632e-003
0.0000000000000000e+000 -8.9999999999999941e-003 4.0000000000000001e-003  1.4832537203795118e-003
0.0000000000000000e+000 -5.9999999999999984e-003 4.0000000000000001e-003  1.4772286029509027e-003
0.0000000000000000e+000 -2.9999999999999957e-003 4.0000000000000001e-003  1.4764163939925885e-003
0.0000000000000000e+000 0.0000000000000000e+000 4.0000000000000001e-003  1.4779143599704409e-003
0.0000000000000000e+000 3.0000000000000027e-003 4.0000000000000001e-003  1.4844889610448795e-003
0.0000000000000000e+000 6.0000000000000053e-003 4.0000000000000001e-003  1.4916311240979279e-003
0.0000000000000000e+000 9.0000000000000011e-003 4.0000000000000001e-003  1.4990410725837485e-003
0.0000000000000000e+000 1.2000000000000004e-002 4.0000000000000001e-003  1.5065379061250867e-003
0.0000000000000000e+000 1.4999999999999999e-002 4.0000000000000001e-003  1.5145116640671757e-003
0.0000000000000000e+000 1.8000000000000002e-002 4.0000000000000001e-003  1.5240484285037655e-003
0.0000000000000000e+000 2.1000000000000005e-002 4.0000000000000001e-003  1.5451105582009882e-003
0.0000000000000000e+000 2.4000000000000007e-002 4.0000000000000001e-003  1.5682074581885189e-003
0.0000000000000000e+000 2.7000000000000010e-002 4.0000000000000001e-003  1.5878254988047468e-003
0.0000000000000000e+000 2.9999999999999999e-002 4.0000000000000001e-003  1.6081254292620935e-003
0.0000000000000000e+000 3.3000000000000002e-002 4.0000000000000001e-003  1.6380297792297936e-003
0.0000000000000000e+000 3.6000000000000004e-002 4.0000000000000001e-003  1.6742174343276246e-003
0.0000000000000000e+000 3.9000000000000007e-002 4.0000000000000001e-003  1.7185300382550511e-003
0.0000000000000000e+000 4.2000000000000010e-002 4.0000000000000001e-003  1.7894056790598502e-003
0.0000000000000000e+000 4.4999999999999998e-002 4.0000000000000001e-003  1.8866015697699709e-003
3.0000000000000027e-003 -4.4999999999999998e-002 4.0000000000000001e-003  1.9904212333570143e-003
3.0000000000000027e-003 -4.1999999999999996e-002 4.0000000000000001e-003  1.8713580341262028e-003
3.0000000000000027e-003 -3.9000000000000000e-002 4.0000000000000001e-003  1.7605329114050660e-003
3.0000000000000027e-003 -3.5999999999999997e-002 4.0000000000000001e-003  1.6845224242544705e-003
3.0000000000000027e-003 -3.3000000000000002e-002 4.0000000000000001e-003  1.6359679327881509e-003
3.0000000000000027e-003 -2.9999999999999999e-002 4.0000000000000001e-003  1.6029109495095631e-003
3.0000000000000027e-003 -2.6999999999999996e-002 4.0000000000000001e-003  1.5740208477253703e-003
3.0000000000000027e-003 -2.3999999999999997e-002 4.0000000000000001e-003  1.5430021378780372e-003
3.0000000000000027e-003 -2.0999999999999998e-002 4.0000000000000001e-003  1.5288565872926404e-003
3.0000000000000027e-003 -1.7999999999999999e-002 4.0000000000000001e-003  1.5170560178372535e-003
3.0000000000000027e-003 -1.4999999999999999e-002 4.0000000000000001e-003  1.5046402660244648e-003
3.0000000000000027e-003 -1.1999999999999997e-002 4.0000000000000001e-003  1.4944200514158434e-003
3.0000000000000027e-003 -8.9999999999999941e-003 4.0000000000000001e-003  1.4865599362721600e-003
3.0000000000000027e-003 -5.9999999999999984e-003 4.0000000000000001e-003  1.4821620428252240e-003
3.0000000000000027e-003 -2.9999999999999957e-003 4.0000000000000001e-003  1.4808832579029339e-003
3.0000000000000027e-003 0.0000000000000000e+000 4.0000000000000001e-003  1.4843881041287561e-003
3.0000000000000027e-003 3.0000000000000027e-003 4.0000000000000001e-003  1.4901934453392012e-003
3.0000000000000027e-003 6.0000000000000053e-003 4.0000000000000001e-003  1.4962654732863401e-003
3.0000000000000027e-003 9.0000000000000011e-003 4.0000000000000001e-003  1.5026040736032848e-003
3.0000000000000027e-003 1.2000000000000004e-002 4.0000000000000001e-003  1.5095117027898236e-003
3.0000000000000027e-003 1.4999999999999999e-002 4.0000000000000001e-003  1.5174644548290039e-003
3.0000000000000027e-003 1.8000000000000002e-002 4.0000000000000001e-003  1.5261190069138057e-003
3.0000000000000027e-003 2.1000000000000005e-002 4.0000000000000001e-003  1.5463555518607007e-003
3.0000000000000027e-003 2.4000000000000007e-002 4.0000000000000001e-003  1.5647827783634841e-003
3.0000000000000027e-003 2.7000000000000010e-002 4.0000000000000001e-003  1.5845150589565630e-003
3.0000000000000027e-003 2.9999999999999999e-002 4.0000000000000001e-003  1.6139822204329060e-003
3.0000000000000027e-003 3.3000000000000002e-002 4.0000000000000001e-003  1.6463715042309580e-003
3.0000000000000027e-003 3.6000000000000004e-002 4.0000000000000001e-003  1.6817083098954635e-003
3.0000000000000027e-003 3.9000000000000007e-002 4.0000000000000001e-003  1.7307166052730086e-003
3.0000000000000027e-003 4.2000000000000010e-002 4.0000000000000001e-003  1.8076430204215965e-003
3.0000000000000027e-003 4.4999999999999998e-002 4.0000000000000001e-003  1.9108965802529900e-003
6.0000000000000053e-003 -4.4999999999999998e-002 4.0000000000000001e-003  2.0018048284974189e-003
6.0000000000000053e-003 -4.1999999999999996e-002 4.0000000000000001e-003  1.8842447292619067e-003
6.0000000000000053e-003 -3.9000000000000000e-002 4.0000000000000001e-003  1.7750080456975987e-003
6.0000000000000053e-003 -3.5999999999999997e-002 4.0000000000000001e-003  1.6857378293663838e-003
6.0000000000000053e-003 -3.3000000000000002e-002 4.0000000000000001e-003  1.6449355079085760e-003
6.0000000000000053e-003 -2.9999999999999999e-002 4.0000000000000001e-003  1.6085094983224598e-003
6.0000000000000053e-003 -2.6999999999999996e-002 4.0000000000000001e-003  1.5761580258277209e-003
6.0000000000000053e-003 -2.3999999999999997e-002 4.0000000000000001e-003  1.5484794068442208e-003
6.0000000000000053e-003 -2.0999999999999998e-002 4.0000000000000001e-003  1.5329381140833415e-003
6.0000000000000053e-003 -1.7999999999999999e-002 4.0000000000000001e-003  1.5197700985558323e-003
6.0000000000000053e-003 -1.4999999999999999e-002 4.0000000000000001e-003  1.5087978037653770e-003
6.0000000000000053e-003 -1.1999999999999997e-002 4.0000000000000001e-003  1.5000230737661983e-003
6.0000000000000053e-003 -8.9999999999999941e-003 4.0000000000000001e-003  1.4934475706186311e-003
6.0000000000000053e-003 -5.9999999999999984e-003 4.0000000000000001e-003  1.4890727743891280e-003
6.0000000000000053e-003 -2.9999999999999957e-003 4.0000000000000001e-003  1.4876430851751569e-003
6.0000000000000053e-003 0.0000000000000000e+000 4.0000000000000001e-003  1.4917713635314946e-003
6.0000000000000053e-003 3.0000000000000027e-003 4.0000000000000001e-003  1.4964417504633601e-003
6.0000000000000053e-003 6.0000000000000053e-003 4.0000000000000001e-003  1.5016535282103450e-003
6.0000000000000053e-003 9.0000000000000011e-003 4.0000000000000001e-003  1.5074061270738349e-003
6.0000000000000053e-003 1.2000000000000004e-002 4.0000000000000001e-003  1.5136991254170191e-003
6.0000000000000053e-003 1.4999999999999999e-002 4.0000000000000001e-003  1.5210361893389849e-003
6.0000000000000053e-003 1.8000000000000002e-002 4.0000000000000001e-003  1.5298960219506713e-003
6.0000000000000053e-003 2.1000000000000005e-002 4.0000000000000001e-003  1.5418905056368032e-003
6.0000000000000053e-003 2.4000000000000007e-002 4.0000000000000001e-003  1.5619788740737362e-003
6.0000000000000053e-003 2.7000000000000010e-002 4.0000000000000001e-003  1.5896835687333264e-003
6.0000000000000053e-003 2.9999999999999999e-002 4.0000000000000001e-003  1.6202956575305134e-003
6.0000000000000053e-003 3.3000000000000002e-002 4.0000000000000001e-003  1.6538376197558222e-003
6.0000000000000053e-003 3.6000000000000004e-002 4.0000000000000001e-003  1.6903364769594888e-003
6.0000000000000053e-003 3.9000000000000007e-002 4.0000000000000001e-003  1.7438599869417607e-003
6.0000000000000053e-003 4.2000000000000010e-002 4.0000000000000001e-003  1.8262711568751782e-003
6.0000000000000053e-003 4.4999999999999998e-002 4.0000000000000001e-003  1.9274738199516531e-003
9.0000000000000011e-003 -4.4999999999999998e-002 4.0000000000000001e-003  2.0044562586270225e-003
9.0000000000000011e-003 -4.1999999999999996e-002 4.0000000000000001e-003  1.8892911863889381e-003
9.0000000000000011e-003 -3.9000000000000000e-002 4.0000000000000001e-003  1.7784162654059616e-003
9.0000000000000011e-003 -3.5999999999999997e-002 4.0000000000000001e-003  1.6917324024451734e-003
9.0000000000000011e-003 -3.3000000000000002e-002 4.0000000000000001e-003  1.6574131725213995e-003
9.0000000000000011e-003 -2.9999999999999999e-002 4.0000000000000001e-003  1.6196230930091821e-003
9.0000000000000011e-003 -2.6999999999999996e-002 4.0000000000000001e-003  1.5861469926772133e-003
9.0000000000000011e-003 -2.3999999999999997e-002 4.0000000000000001e-003  1.5600055025895461e-003
9.0000000000000011e-003 -2.0999999999999998e-002 4.0000000000000001e-003  1.5413270522505434e-003
9.0000000000000011e-003 -1.7999999999999999e-002 4.0000000000000001e-003  1.5242402042264435e-003
9.0000000000000011e-003 -1.4999999999999999e-002 4.0000000000000001e-003  1.5145338976871585e-003
9.0000000000000011e-003 -1.1999999999999997e-002 4.0000000000000001e-003  1.5071990281685871e-003
9.0000000000000011e-003 -8.9999999999999941e-003 4.0000000000000001e-003  1.5020657169199018e-003
9.0000000000000011e-003 -5.9999999999999984e-003 4.0000000000000001e-003  1.4988532853280534e-003
9.0000000000000011e-003 -2.9999999999999957e-003 4.0000000000000001e-003  1.4963937358500020e-003
9.0000000000000011e-003 0.0000000000000000e+000 4.0000000000000001e-003  1.4995141662810202e-003
9.0000000000000011e-003 3.0000000000000027e-003 4.0000000000000001e-003  1.5038384175827188e-003
9.0000000000000011e-003 6.0000000000000053e-003 4.0000000000000001e-003  1.5087018525427739e-003
9.0000000000000011e-003 9.0000000000000011e-003 4.0000000000000001e-003  1.5141041416885269e-003
9.0000000000000011e-003 1.2000000000000004e-002 4.0000000000000001e-003  1.5200451036091345e-003
9.0000000000000011e-003 1.4999999999999999e-002 4.0000000000000001e-003  1.5274885993413485e-003
9.0000000000000011e-003 1.8000000000000002e-002 4.0000000000000001e-003  1.5363728981759722e-003
9.0000000000000011e-003 2.1000000000000005e-002 4.0000000000000001e-003  1.5480026493604143e-003
9.0000000000000011e-003 2.4000000000000007e-002 4.0000000000000001e-003  1.5673237522995612e-003
9.0000000000000011e-003 2.7000000000000010e-002 4.0000000000000001e-003  1.5957640496381776e-003
9.0000000000000011e-003 2.9999999999999999e-002 4.0000000000000001e-003  1.6269545940288536e-003
9.0000000000000011e-003 3.3000000000000002e-002 4.0000000000000001e-003  1.6609270269949093e-003
9.0000000000000011e-003 3.6000000000000004e-002 4.0000000000000001e-003  1.6980620322865287e-003
9.0000000000000011e-003 3.9000000000000007e-002 4.0000000000000001e-003  1.7408821017485976e-003
9.0000000000000011e-003 4.2000000000000010e-002 4.0000000000000001e-003  1.8354315986646664e-003
9.0000000000000011e-003 4.4999999999999998e-002 4.0000000000000001e-003  1.9380448493144659e-003
1.2000000000000004e-002 -4.4999999999999998e-002 4.0000000000000001e-003  2.0050126291539468e-003
1.2000000000000004e-002 -4.1999999999999996e-002 4.0000000000000001e-003  1.8835841969686551e-003
1.2000000000000004e-002 -3.9000000000000000e-002 4.0000000000000001e-003  1.7898046789821360e-003
1.2000000000000004e-002 -3.5999999999999997e-002 4.0000000000000001e-003  1.7204439434508442e-003
1.2000000000000004e-002 -3.3000000000000002e-002 4.0000000000000001e-003  1.6721673598328731e-003
1.2000000000000004e-002 -2.9999999999999999e-002 4.0000000000000001e-003  1.6317079643869260e-003
1.2000000000000004e-002 -2.6999999999999996e-002 4.0000000000000001e-003  1.5960364976834356e-003
1.2000000000000004e-002 -2.3999999999999997e-002 4.0000000000000001e-003  1.5730432053433661e-003
1.2000000000000004e-002 -2.0999999999999998e-002 4.0000000000000001e-003  1.5564233708558156e-003
1.2000000000000004e-002 -1.7999999999999999e-002 4.0000000000000001e-003  1.5413905693181834e-003
1.2000000000000004e-002 -1.4999999999999999e-002 4.0000000000000001e-003  1.5279517928084789e-003
1.2000000000000004e-002 -1.1999999999999997e-002 4.0000000000000001e-003  1.5161155128117487e-003
1.2000000000000004e-002 -8.9999999999999941e-003 4.0000000000000001e-003  1.5121334088693660e-003
1.2000000000000004e-002 -5.9999999999999984e-003 4.0000000000000001e-003  1.5094021567063152e-003
1.2000000000000004e-002 -2.9999999999999957e-003 4.0000000000000001e-003  1.5075450219071555e-003
1.2000000000000004e-002 0.0000000000000000e+000 4.0000000000000001e-003  1.5091279527315166e-003
1.2000000000000004e-002 3.0000000000000027e-003 4.0000000000000001e-003  1.5131844008318058e-003
1.2000000000000004e-002 6.0000000000000053e-003 4.0000000000000001e-003  1.5189019890460285e-003
1.2000000000000004e-002 9.0000000000000011e-003 4.0000000000000001e-003  1.5262800830384321e-003
1.2000000000000004e-002 1.2000000000000004e-002 4.0000000000000001e-003  1.5353211055286985e-003
1.2000000000000004e-002 1.4999999999999999e-002 4.0000000000000001e-003  1.5436268552950817e-003
1.2000000000000004e-002 1.8000000000000002e-002 4.0000000000000001e-003  1.5479915481253082e-003
1.2000000000000004e-002 2.1000000000000005e-002 4.0000000000000001e-003  1.5585202083904983e-003
1.2000000000000004e-002 2.4000000000000007e-002 4.0000000000000001e-003  1.5781306004626593e-003
1.2000000000000004e-002 2.7000000000000010e-002 4.0000000000000001e-003  1.6035801440954067e-003
1.2000000000000004e-002 2.9999999999999999e-002 4.0000000000000001e-003  1.6368443379848883e-003
1.2000000000000004e-002 3.3000000000000002e-002 4.0000000000000001e-003  1.6728616961901640e-003
1.2000000000000004e-002 3.6000000000000004e-002 4.0000000000000001e-003  1.7098041424102037e-003
1.2000000000000004e-002 3.9000000000000007e-002 4.0000000000000001e-003  1.7597752531687311e-003
1.2000000000000004e-002 4.2000000000000010e-002 4.0000000000000001e-003  1.8409323969350597e-003
1.2000000000000004e-002 4.4999999999999998e-002 4.0000000000000001e-003  1.9447698269053841e-003
1.4999999999999999e-002 -4.4999999999999998e-002 4.0000000000000001e-003  2.0209308338841811e-003
1.4999999999999999e-002 -4.1999999999999996e-002 4.0000000000000001e-003  1.9036436550885943e-003
1.4999999999999999e-002 -3.9000000000000000e-002 4.0000000000000001e-003  1.8064481209938963e-003
1.4999999999999999e-002 -3.5999999999999997e-002 4.0000000000000001e-003  1.7342587859739470e-003
1.4999999999999999e-002 -3.3000000000000002e-002 4.0000000000000001e-003  1.6839657680145738e-003
1.4999999999999999e-002 -2.9999999999999999e-002 4.0000000000000001e-003  1.6424424461974568e-003
1.4999999999999999e-002 -2.6999999999999996e-002 4.0000000000000001e-003  1.6045447867578235e-003
1.4999999999999999e-002 -2.3999999999999997e-002 4.0000000000000001e-003  1.5875808706750482e-003
1.4999999999999999e-002 -2.0999999999999998e-002 4.0000000000000001e-003  1.5730222821684534e-003
1.4999999999999999e-002 -1.7999999999999999e-002 4.0000000000000001e-003  1.5600472607570043e-003
1.4999999999999999e-002 -1.4999999999999999e-002 4.0000000000000001e-003  1.5477534129255406e-003
1.4999999999999999e-002 -1.1999999999999997e-002 4.0000000000000001e-003  1.5368046304541183e-003
1.4999999999999999e-002 -8.9999999999999941e-003 4.0000000000000001e-003  1.5272170006177086e-003
1.4999999999999999e-002 -5.9999999999999984e-003 4.0000000000000001e-003  1.5189821824315953e-003
1.4999999999999999e-002 -2.9999999999999957e-003 4.0000000000000001e-003  1.5182312933439343e-003
1.4999999999999999e-002 0.0000000000000000e+000 4.0000000000000001e-003  1.5202939269765403e-003
1.4999999999999999e-002 3.0000000000000027e-003 4.0000000000000001e-003  1.5270108860011801e-003
1.4999999999999999e-002 6.0000000000000053e-003 4.0000000000000001e-003  1.5353881036092255e-003
1.4999999999999999e-002 9.0000000000000011e-003 4.0000000000000001e-003  1.5454315289547818e-003
1.4999999999999999e-002 1.2000000000000004e-002 4.0000000000000001e-003  1.5569041661597071e-003
1.4999999999999999e-002 1.4999999999999999e-002 4.0000000000000001e-003  1.5607621493110052e-003
1.4999999999999999e-002 1.8000000000000002e-002 4.0000000000000001e-003  1.5641806511114344e-003
1.4999999999999999e-002 2.1000000000000005e-002 4.0000000000000001e-003  1.5792485371654928e-003
1.4999999999999999e-002 2.4000000000000007e-002 4.0000000000000001e-003  1.5986356304809291e-003
1.4999999999999999e-002 2.7000000000000010e-002 4.0000000000000001e-003  1.6201396875734130e-003
1.4999999999999999e-002 2.9999999999999999e-002 4.0000000000000001e-003  1.6497197794654050e-003
1.4999999999999999e-002 3.3000000000000002e-002 4.0000000000000001e-003  1.6858595274395647e-003
1.4999999999999999e-002 3.6000000000000004e-002 4.0000000000000001e-003  1.7229129402354213e-003
1.4999999999999999e-002 3.9000000000000007e-002 4.0000000000000001e-003  1.7716573292236959e-003
1.4999999999999999e-002 4.2000000000000010e-002 4.0000000000000001e-003  1.8465215185105089e-003
1.4999999999999999e-002 4.4999999999999998e-002 4.0000000000000001e-003  1.9476348996375220e-003
1.8000000000000002e-002 -4.4999999999999998e-002 4.0000000000000001e-003  2.0414275734573009e-003
1.8000000000000002e-002 -4.1999999999999996e-002 4.0000000000000001e-003  1.9012295917937327e-003
1.8000000000000002e-002 -3.9000000000000000e-002 4.0000000000000001e-003  1.8168236277114522e-003
1.8000000000000002e-002 -3.5999999999999997e-002 4.0000000000000001e-003  1.7454327745416731e-003
1.8000000000000002e-002 -3.3000000000000002e-002 4.0000000000000001e-003  1.6926571932064645e-003
1.8000000000000002e-002 -2.9999999999999999e-002 4.0000000000000001e-003  1.6523302760625858e-003
1.8000000000000002e-002 -2.6999999999999996e-002 4.0000000000000001e-003  1.6176855924093102e-003
1.8000000000000002e-002 -2.3999999999999997e-002 4.0000000000000001e-003  1.6026991216104452e-003
1.8000000000000002e-002 -2.0999999999999998e-002 4.0000000000000001e-003  1.5887028516403095e-003
1.8000000000000002e-002 -1.7999999999999999e-002 4.0000000000000001e-003  1.5760715927454053e-003
1.8000000000000002e-002 -1.4999999999999999e-002 4.0000000000000001e-003  1.5647988809621338e-003
1.8000000000000002e-002 -1.1999999999999997e-002 4.0000000000000001e-003  1.5575514958982620e-003
1.8000000000000002e-002 -8.9999999999999941e-003 4.0000000000000001e-003  1.5531277102882630e-003
1.8000000000000002e-002 -5.9999999999999984e-003 4.0000000000000001e-003  1.5437110249932843e-003
1.8000000000000002e-002 -2.9999999999999957e-003 4.0000000000000001e-003  1.5340103611797714e-003
1.8000000000000002e-002 0.0000000000000000e+000 4.0000000000000001e-003  1.5383188467965236e-003
1.8000000000000002e-002 3.0000000000000027e-003 4.0000000000000001e-003  1.5467814348307149e-003
1.8000000000000002e-002 6.0000000000000053e-003 4.0000000000000001e-003  1.5578203522897379e-003
1.8000000000000002e-002 9.0000000000000011e-003 4.0000000000000001e-003  1.5705422595296808e-003
1.8000000000000002e-002 1.2000000000000004e-002 4.0000000000000001e-003  1.5770717824832264e-003
1.8000000000000002e-002 1.4999999999999999e-002 4.0000000000000001e-003  1.5799932174380635e-003
1.8000000000000002e-002 1.8000000000000002e-002 4.0000000000000001e-003  1.5878821680400212e-003
1.8000000000000002e-002 2.1000000000000005e-002 4.0000000000000001e-003  1.6049758372133867e-003
1.8000000000000002e-002 2.4000000000000007e-002 4.0000000000000001e-003  1.6236384370937004e-003
1.8000000000000002e-002 2.7000000000000010e-002 4.0000000000000001e-003  1.6440601891036034e-003
1.8000000000000002e-002 2.9999999999999999e-002 4.0000000000000001e-003  1.6713188813221450e-003
1.8000000000000002e-002 3.3000000000000002e-002 4.0000000000000001e-003  1.7009269115963418e-003
1.8000000000000002e-002 3.6000000000000004e-002 4.0000000000000001e-003  1.7371130295214018e-003
1.8000000000000002e-002 3.9000000000000007e-002 4.0000000000000001e-003  1.7846477788534829e-003
1.8000000000000002e-002 4.2000000000000010e-002 4.0000000000000001e-003  1.8585621451569735e-003
1.8000000000000002e-002 4.4999999999999998e-002 4.0000000000000001e-003  1.9559527842964546e-003
2.1000000000000005e-002 -4.4999999999999998e-002 4.0000000000000001e-003  2.1029471300510719e-003
2.1000000000000005e-002 -4.1999999999999996e-002 4.0000000000000001e-003  1.9297691912047458e-003
2.1000000000000005e-002 -3.9000000000000000e-002 4.0000000000000001e-003  1.8175313996659488e-003
2.1000000000000005e-002 -3.5999999999999997e-002 4.0000000000000001e-003  1.7542915110776408e-003
2.1000000000000005e-002 -3.3000000000000002e-002 4.0000000000000001e-003  1.7024257592141564e-003
2.1000000000000005e-002 -2.9999999999999999e-002 4.0000000000000001e-003  1.6621556316507226e-003
2.1000000000000005e-002 -2.6999999999999996e-002 4.0000000000000001e-003  1.6305636901467768e-003
2.1000000000000005e-002 -2.3999999999999997e-002 4.0000000000000001e-003  1.6142801677212877e-003
2.1000000000000005e-002 -2.0999999999999998e-002 4.0000000000000001e-003  1.6027918081145444e-003
2.1000000000000005e-002 -1.7999999999999999e-002 4.0000000000000001e-003  1.5959377068974394e-003
2.1000000000000005e-002 -1.4999999999999999e-002 4.0000000000000001e-003  1.5895783399505572e-003
2.1000000000000005e-002 -1.1999999999999997e-002 4.0000000000000001e-003  1.5837134465875081e-003
2.1000000000000005e-002 -8.9999999999999941e-003 4.0000000000000001e-003  1.5783466604361006e-003
2.1000000000000005e-002 -5.9999999999999984e-003 4.0000000000000001e-003  1.5637837656204128e-003
2.1000000000000005e-002 -2.9999999999999957e-003 4.0000000000000001e-003  1.5555241372730698e-003
2.1000000000000005e-002 0.0000000000000000e+000 4.0000000000000001e-003  1.5627858357784167e-003
2.1000000000000005e-002 3.0000000000000027e-003 4.0000000000000001e-003  1.5725021394959696e-003
2.1000000000000005e-002 6.0000000000000053e-003 4.0000000000000001e-003  1.5862149155705008e-003
2.1000000000000005e-002 9.0000000000000011e-003 4.0000000000000001e-003  1.5969162581470108e-003
2.1000000000000005e-002 1.2000000000000004e-002 4.0000000000000001e-003  1.5993435120603275e-003
2.1000000000000005e-002 1.4999999999999999e-002 4.0000000000000001e-003  1.6021186230177743e-003
2.1000000000000005e-002 1.8000000000000002e-002 4.0000000000000001e-003  1.6143858043143821e-003
2.1000000000000005e-002 2.1000000000000005e-002 4.0000000000000001e-003  1.6297965661133862e-003
2.1000000000000005e-002 2.4000000000000007e-002 4.0000000000000001e-003  1.6477545240039953e-003
2.1000000000000005e-002 2.7000000000000010e-002 4.0000000000000001e-003  1.6672988037164523e-003
2.1000000000000005e-002 2.9999999999999999e-002 4.0000000000000001e-003  1.6940621253559514e-003
2.1000000000000005e-002 3.3000000000000002e-002 4.0000000000000001e-003  1.7234495064970021e-003
2.1000000000000005e-002 3.6000000000000004e-002 4.0000000000000001e-003  1.7551848473149976e-003
2.1000000000000005e-002 3.9000000000000007e-002 4.0000000000000001e-003  1.7988185186942464e-003
2.1000000000000005e-002 4.2000000000000010e-002 4.0000000000000001e-003  1.8716781920419111e-003
2.1000000000000005e-002 4.4999999999999998e-002 4.0000000000000001e-003  1.9682717749622352e-003
2.4000000000000007e-002 -4.4999999999999998e-002 4.0000000000000001e-003  2.1457970139488400e-003
2.4000000000000007e-002 -4.1999999999999996e-002 4.0000000000000001e-003  1.9686902913464248e-003
2.4000000000000007e-002 -3.9000000000000000e-002 4.0000000000000001e-003  1.8431905529442552e-003
2.4000000000000007e-002 -3.5999999999999997e-002 4.0000000000000001e-003  1.7668970255312034e-003
2.4000000000000007e-002 -3.3000000000000002e-002 4.0000000000000001e-003  1.7222789880749171e-003
2.4000000000000007e-002 -2.9999999999999999e-002 4.0000000000000001e-003  1.6787032751138489e-003
2.4000000000000007e-002 -2.6999999999999996e-002 4.0000000000000001e-003  1.6514338311800854e-003
2.4000000000000007e-002 -2.3999999999999997e-002 4.0000000000000001e-003  1.6376287175799194e-003
2.4000000000000007e-002 -2.0999999999999998e-002 4.0000000000000001e-003  1.6251094207671627e-003
2.4000000000000007e-002 -1.7999999999999999e-002 4.0000000000000001e-003  1.6173087679376590e-003
2.4000000000000007e-002 -1.4999999999999999e-002 4.0000000000000001e-003  1.6099991829220280e-003
2.4000000000000007e-002 -1.1999999999999997e-002 4.0000000000000001e-003  1.6031807631232502e-003
2.4000000000000007e-002 -8.9999999999999941e-003 4.0000000000000001e-003  1.5968575002585079e-003
2.4000000000000007e-002 -5.9999999999999984e-003 4.0000000000000001e-003  1.5821779643262156e-003
2.4000000000000007e-002 -2.9999999999999957e-003 4.0000000000000001e-003  1.5823226799894408e-003
2.4000000000000007e-002 0.0000000000000000e+000 4.0000000000000001e-003  1.5929973745406085e-003
2.4000000000000007e-002 3.0000000000000027e-003 4.0000000000000001e-003  1.6046154526633189e-003
2.4000000000000007e-002 6.0000000000000053e-003 4.0000000000000001e-003  1.6203012389592443e-003
2.4000000000000007e-002 9.0000000000000011e-003 4.0000000000000001e-003  1.6222347187172617e-003
2.4000000000000007e-002 1.2000000000000004e-002 4.0000000000000001e-003  1.6237376942445474e-003
2.4000000000000007e-002 1.4999999999999999e-002 4.0000000000000001e-003  1.6297821875937216e-003
2.4000000000000007e-002 1.8000000000000002e-002 4.0000000000000001e-003  1.6401616906559279e-003
2.4000000000000007e-002 2.1000000000000005e-002 4.0000000000000001e-003  1.6537014397121231e-003
2.4000000000000007e-002 2.4000000000000007e-002 4.0000000000000001e-003  1.6709717644662980e-003
2.4000000000000007e-002 2.7000000000000010e-002 4.0000000000000001e-003  1.6898127787857080e-003
2.4000000000000007e-002 2.9999999999999999e-002 4.0000000000000001e-003  1.7158465938850120e-003
2.4000000000000007e-002 3.3000000000000002e-002 4.0000000000000001e-003  1.7451255522694593e-003
2.4000000000000007e-002 3.6000000000000004e-002 4.0000000000000001e-003  1.7797321130999173e-003
2.4000000000000007e-002 3.9000000000000007e-002 4.0000000000000001e-003  1.8254083506707933e-003
2.4000000000000007e-002 4.2000000000000010e-002 4.0000000000000001e-003  1.9004054059239177e-003
2.4000000000000007e-002 4.4999999999999998e-002 4.0000000000000001e-003  1.9974956603667237e-003
2.7000000000000010e-002 -4.4999999999999998e-002 4.0000000000000001e-003  2.1699627039807614e-003
2.7000000000000010e-002 -4.1999999999999996e-002 4.0000000000000001e-003  1.9886483851810073e-003
2.7000000000000010e-002 -3.9000000000000000e-002 4.0000000000000001e-003  1.8660016148175005e-003
2.7000000000000010e-002 -3.5999999999999997e-002 4.0000000000000001e-003  1.8061049469243282e-003
2.7000000000000010e-002 -3.3000000000000002e-002 4.0000000000000001e-003  1.7566120348482296e-003
2.7000000000000010e-002 -2.9999999999999999e-002 4.0000000000000001e-003  1.7049377636988632e-003
2.7000000000000010e-002 -2.6999999999999996e-002 4.0000000000000001e-003  1.6877574481399900e-003
2.7000000000000010e-002 -2.3999999999999997e-002 4.0000000000000001e-003  1.6741791288243475e-003
2.7000000000000010e-002 -2.0999999999999998e-002 4.0000000000000001e-003  1.6588127356179151e-003
2.7000000000000010e-002 -1.7999999999999999e-002 4.0000000000000001e-003  1.6429353163700566e-003
2.7000000000000010e-002 -1.4999999999999999e-002 4.0000000000000001e-003  1.6265467001969202e-003
2.7000000000000010e-002 -1.1999999999999997e-002 4.0000000000000001e-003  1.6159749058141770e-003
2.7000000000000010e-002 -8.9999999999999941e-003 4.0000000000000001e-003  1.6052121219886366e-003
2.7000000000000010e-002 -5.9999999999999984e-003 4.0000000000000001e-003  1.5988988399351703e-003
2.7000000000000010e-002 -2.9999999999999957e-003 4.0000000000000001e-003  1.6074771561337400e-003
2.7000000000000010e-002 0.0000000000000000e+000 4.0000000000000001e-003  1.6289695444673354e-003
2.7000000000000010e-002 3.0000000000000027e-003 4.0000000000000001e-003  1.6435996983586935e-003
2.7000000000000010e-002 6.0000000000000053e-003 4.0000000000000001e-003  1.6486798732997529e-003
2.7000000000000010e-002 9.0000000000000011e-003 4.0000000000000001e-003  1.6496918835095299e-003
2.7000000000000010e-002 1.2000000000000004e-002 4.0000000000000001e-003  1.6513557685172871e-003
2.7000000000000010e-002 1.4999999999999999e-002 4.0000000000000001e-003  1.6567232382647340e-003
2.7000000000000010e-002 1.8000000000000002e-002 4.0000000000000001e-003  1.6652112882616611e-003
2.7000000000000010e-002 2.1000000000000005e-002 4.0000000000000001e-003  1.6767390846652204e-003
2.7000000000000010e-002 2.4000000000000007e-002 4.0000000000000001e-003  1.6932854636378669e-003
2.7000000000000010e-002 2.7000000000000010e-002 4.0000000000000001e-003  1.7114406017286932e-003
2.7000000000000010e-002 2.9999999999999999e-002 4.0000000000000001e-003  1.7366720022774439e-003
2.7000000000000010e-002 3.3000000000000002e-002 4.0000000000000001e-003  1.7683638195805671e-003
2.7000000000000010e-002 3.6000000000000004e-002 4.0000000000000001e-003  1.8083886399299486e-003
2.7000000000000010e-002 3.9000000000000007e-002 4.0000000000000001e-003  1.8600087202774278e-003
2.7000000000000010e-002 4.2000000000000010e-002 4.0000000000000001e-003  1.9345522315834219e-003
2.7000000000000010e-002 4.4999999999999998e-002 4.0000000000000001e-003  2.0346835944644089e-003
2.9999999999999999e-002 -4.4999999999999998e-002 4.0000000000000001e-003  2.1607817861937807e-003
2.9999999999999999e-002 -4.1999999999999996e-002 4.0000000000000001e-003  2.0034398319724676e-003
2.9999999999999999e-002 -3.9000000000000000e-002 4.0000000000000001e-003  1.9119262417629410e-003
2.9999999999999999e-002 -3.5999999999999997e-002 4.0000000000000001e-003  1.8528273799054864e-003
2.9999999999999999e-002 -3.3000000000000002e-002 4.0000000000000001e-003  1.7925334105488790e-003
2.9999999999999999e-002 -2.9999999999999999e-002 4.0000000000000001e-003  1.7507563513623203e-003
2.9999999999999999e-002 -2.6999999999999996e-002 4.0000000000000001e-003  1.7285841189170453e-003
2.9999999999999999e-002 -2.3999999999999997e-002 4.0000000000000001e-003  1.7145306199864484e-003
2.9999999999999999e-002 -2.0999999999999998e-002 4.0000000000000001e-003  1.6978075627998199e-003
2.9999999999999999e-002 -1.7999999999999999e-002 4.0000000000000001e-003  1.6783846323507798e-003
2.9999999999999999e-002 -1.4999999999999999e-002 4.0000000000000001e-003  1.6605410338762208e-003
2.9999999999999999e-002 -1.1999999999999997e-002 4.0000000000000001e-003  1.6415137698714618e-003
2.9999999999999999e-002 -8.9999999999999941e-003 4.0000000000000001e-003  1.6391578144297177e-003
2.9999999999999999e-002 -5.9999999999999984e-003 4.0000000000000001e-003  1.6342020608094338e-003
2.9999999999999999e-002 -2.9999999999999957e-003 4.0000000000000001e-003  1.6448626843561494e-003
2.9999999999999999e-002 0.0000000000000000e+000 4.0000000000000001e-003  1.6712687431459192e-003
2.9999999999999999e-002 3.0000000000000027e-003 4.0000000000000001e-003  1.6746480429174068e-003
2.9999999999999999e-002 6.0000000000000053e-003 4.0000000000000001e-003  1.6781204367500612e-003
2.9999999999999999e-002 9.0000000000000011e-003 4.0000000000000001e-003  1.6791894318509912e-003
2.9999999999999999e-002 1.2000000000000004e-002 4.0000000000000001e-003  1.6794357695847626e-003
2.9999999999999999e-002 1.4999999999999999e-002 4.0000000000000001e-003  1.6829479980164680e-003
2.9999999999999999e-002 1.8000000000000002e-002 4.0000000000000001e-003  1.6895422182557436e-003
2.9999999999999999e-002 2.1000000000000005e-002 4.0000000000000001e-003  1.6991536431800412e-003
2.9999999999999999e-002 2.4000000000000007e-002 4.0000000000000001e-003  1.7159267466818377e-003
2.9999999999999999e-002 2.7000000000000010e-002 4.0000000000000001e-003  1.7378075979781807e-003
2.9999999999999999e-002 2.9999999999999999e-002 4.0000000000000001e-003  1.7643177962536327e-003
2.9999999999999999e-002 3.3000000000000002e-002 4.0000000000000001e-003  1.7954429965683447e-003
2.9999999999999999e-002 3.6000000000000004e-002 4.0000000000000001e-003  1.8444476719641863e-003
2.9999999999999999e-002 3.9000000000000007e-002 4.0000000000000001e-003  1.9026898655166899e-003
2.9999999999999999e-002 4.2000000000000010e-002 4.0000000000000001e-003  1.9724971103649656e-003
2.9999999999999999e-002 4.4999999999999998e-002 4.0000000000000001e-003  2.0678048112000658e-003
3.3000000000000002e-002 -4.4999999999999998e-002 4.0000000000000001e-003  2.1563809899617739e-003
3.3000000000000002e-002 -4.1999999999999996e-002 4.0000000000000001e-003  2.0315195024978982e-003
3.3000000000000002e-002 -3.9000000000000000e-002 4.0000000000000001e-003  1.9572168401626737e-003
3.3000000000000002e-002 -3.5999999999999997e-002 4.0000000000000001e-003  1.8841760148977753e-003
3.3000000000000002e-002 -3.3000000000000002e-002 4.0000000000000001e-003  1.8491226714839597e-003
3.3000000000000002e-002 -2.9999999999999999e-002 4.0000000000000001e-003  1.8120208681223307e-003
3.3000000000000002e-002 -2.6999999999999996e-002 4.0000000000000001e-003  1.7864330044287066e-003
3.3000000000000002e-002 -2.3999999999999997e-002 4.0000000000000001e-003  1.7708267905926886e-003
3.3000000000000002e-002 -2.0999999999999998e-002 4.0000000000000001e-003  1.7526666318138462e-003
3.3000000000000002e-002 -1.7999999999999999e-002 4.0000000000000001e-003  1.7319197996021364e-003
3.3000000000000002e-002 -1.4999999999999999e-002 4.0000000000000001e-003  1.6907905690953136e-003
3.3000000000000002e-002 -1.1999999999999997e-002 4.0000000000000001e-003  1.6854349776844778e-003
3.3000000000000002e-002 -8.9999999999999941e-003 4.0000000000000001e-003  1.7040770013201432e-003
3.3000000000000002e-002 -5.9999999999999984e-003 4.0000000000000001e-003  1.7038997076856504e-003
3.3000000000000002e-002 -2.9999999999999957e-003 4.0000000000000001e-003  1.7195654514477689e-003
3.3000000000000002e-002 0.0000000000000000e+000 4.0000000000000001e-003  1.7337747689877188e-003
3.3000000000000002e-002 3.0000000000000027e-003 4.0000000000000001e-003  1.6951549390307092e-003
3.3000000000000002e-002 6.0000000000000053e-003 4.0000000000000001e-003  1.6945008428273065e-003
3.3000000000000002e-002 9.0000000000000011e-003 4.0000000000000001e-003  1.7211191504453375e-003
3.3000000000000002e-002 1.2000000000000004e-002 4.0000000000000001e-003  1.7236000316595938e-003
3.3000000000000002e-002 1.4999999999999999e-002 4.0000000000000001e-003  1.7272689939846657e-003
3.3000000000000002e-002 1.8000000000000002e-002 4.0000000000000001e-003  1.7341907892141658e-003
3.3000000000000002e-002 2.1000000000000005e-002 4.0000000000000001e-003  1.7443472946804032e-003
3.3000000000000002e-002 2.4000000000000007e-002 4.0000000000000001e-003  1.7581819548357983e-003
3.3000000000000002e-002 2.7000000000000010e-002 4.0000000000000001e-003  1.7754611886854781e-003
3.3000000000000002e-002 2.9999999999999999e-002 4.0000000000000001e-003  1.7987034113591232e-003
3.3000000000000002e-002 3.3000000000000002e-002 4.0000000000000001e-003  1.8321503696337169e-003
3.3000000000000002e-002 3.6000000000000004e-002 4.0000000000000001e-003  1.8654101488982478e-003
3.3000000000000002e-002 3.9000000000000007e-002 4.0000000000000001e-003  1.9419240996331900e-003
3.3000000000000002e-002 4.2000000000000010e-002 4.0000000000000001e-003  2.0095491043540864e-003
3.3000000000000002e-002 4.4999999999999998e-002 4.0000000000000001e-003  2.0896791518857068e-003
3.6000000000000004e-002 -4.4999999999999998e-002 4.0000000000000001e-003  2.2260175057905742e-003
3.6000000000000004e-002 -4.1999999999999996e-002 4.0000000000000001e-003  2.0699163619340316e-003
3.6000000000000004e-002 -3.9000000000000000e-002 4.0000000000000001e-003  1.9869278929242591e-003
3.6000000000000004e-002 -3.5999999999999997e-002 4.0000000000000001e-003  1.9466878658410932e-003
3.6000000000000004e-002 -3.3000000000000002e-002 4.0000000000000001e-003  1.9211972602462713e-003
3.6000000000000004e-002 -2.9999999999999999e-002 4.0000000000000001e-003  1.8897362072302073e-003
3.6000000000000004e-002 -2.6999999999999996e-002 4.0000000000000001e-003  1.8629644285951103e-003
3.6000000000000004e-002 -2.3999999999999997e-002 4.0000000000000001e-003  1.8454085495815799e-003
3.6000000000000004e-002 -2.0999999999999998e-002 4.0000000000000001e-003  1.8254178844502675e-003
3.6000000000000004e-002 -1.7999999999999999e-002 4.0000000000000001e-003  1.7838017806988014e-003
3.6000000000000004e-002 -1.4999999999999999e-002 4.0000000000000001e-003  1.7436650702234975e-003
3.6000000000000004e-002 -1.1999999999999997e-002 4.0000000000000001e-003  1.7351792450205632e-003
3.6000000000000004e-002 -8.9999999999999941e-003 4.0000000000000001e-003  1.7712414230314317e-003
3.6000000000000004e-002 -5.9999999999999984e-003 4.0000000000000001e-003  1.7804272897650403e-003
3.6000000000000004e-002 -2.9999999999999957e-003 4.0000000000000001e-003  1.8008237400480981e-003
3.6000000000000004e-002 0.0000000000000000e+000 4.0000000000000001e-003  1.7852896791537517e-003
3.6000000000000004e-002 3.0000000000000027e-003 4.0000000000000001e-003  1.7567157398627466e-003
3.6000000000000004e-002 6.0000000000000053e-003 4.0000000000000001e-003  1.7439556758822848e-003
3.6000000000000004e-002 9.0000000000000011e-003 4.0000000000000001e-003  1.7525522821564678e-003
3.6000000000000004e-002 1.2000000000000004e-002 4.0000000000000001e-003  1.7892085201809385e-003
3.6000000000000004e-002 1.4999999999999999e-002 4.0000000000000001e-003  1.7915687997950682e-003
3.6000000000000004e-002 1.8000000000000002e-002 4.0000000000000001e-003  1.7974518128911893e-003
3.6000000000000004e-002 2.1000000000000005e-002 4.0000000000000001e-003  1.8068331205049633e-003
3.6000000000000004e-002 2.4000000000000007e-002 4.0000000000000001e-003  1.8237046437677212e-003
3.6000000000000004e-002 2.7000000000000010e-002 4.0000000000000001e-003  1.8441263118064654e-003
3.6000000000000004e-002 2.9999999999999999e-002 4.0000000000000001e-003  1.8661763076726861e-003
3.6000000000000004e-002 3.3000000000000002e-002 4.0000000000000001e-003  1.8929435434094210e-003
3.6000000000000004e-002 3.6000000000000004e-002 4.0000000000000001e-003  1.9214680584741851e-003
3.6000000000000004e-002 3.9000000000000007e-002 4.0000000000000001e-003  1.9717895103779797e-003
3.6000000000000004e-002 4.2000000000000010e-002 4.0000000000000001e-003  2.0424223181363644e-003
3.6000000000000004e-002 4.4999999999999998e-002 4.0000000000000001e-003  2.1223621450694708e-003
3.9000000000000007e-002 -4.4999999999999998e-002 4.0000000000000001e-003  2.3126217627791896e-003
3.9000000000000007e-002 -4.1999999999999996e-002 4.0000000000000001e-003  2.1903078569534165e-003
3.9000000000000007e-002 -3.9000000000000000e-002 4.0000000000000001e-003  2.0729542683377887e-003
3.9000000000000007e-002 -3.5999999999999997e-002 4.0000000000000001e-003  2.0295313828737624e-003
3.9000000000000007e-002 -3.3000000000000002e-002 4.0000000000000001e-003  2.0097820817662330e-003
3.9000000000000007e-002 -2.9999999999999999e-002 4.0000000000000001e-003  1.9851305859978803e-003
3.9000000000000007e-002 -2.6999999999999996e-002 4.0000000000000001e-003  1.9601960380763858e-003
3.9000000000000007e-002 -2.3999999999999997e-002 4.0000000000000001e-003  1.9402763796742958e-003
3.9000000000000007e-002 -2.0999999999999998e-002 4.0000000000000001e-003  1.9068048255206243e-003
3.9000000000000007e-002 -1.7999999999999999e-002 4.0000000000000001e-003  1.8555734523934765e-003
3.9000000000000007e-002 -1.4999999999999999e-002 4.0000000000000001e-003  1.8335446035572193e-003
3.9000000000000007e-002 -1.1999999999999997e-002 4.0000000000000001e-003  1.8058458603083870e-003
3.9000000000000007e-002 -8.9999999999999941e-003 4.0000000000000001e-003  1.8367973127476833e-003
3.9000000000000007e-002 -5.9999999999999984e-003 4.0000000000000001e-003  1.8654828591405013e-003
3.9000000000000007e-002 -2.9999999999999957e-003 4.0000000000000001e-003  1.8902413319478535e-003
3.9000000000000007e-002 0.0000000000000000e+000 4.0000000000000001e-003  1.8482897927850669e-003
3.9000000000000007e-002 3.0000000000000027e-003 4.0000000000000001e-003  1.8322602871802993e-003
3.9000000000000007e-002 6.0000000000000053e-003 4.0000000000000001e-003  1.8274924965081280e-003
3.9000000000000007e-002 9.0000000000000011e-003 4.0000000000000001e-003  1.8231269553092440e-003
3.9000000000000007e-002 1.2000000000000004e-002 4.0000000000000001e-003  1.8348735535877393e-003
3.9000000000000007e-002 1.4999999999999999e-002 4.0000000000000001e-003  1.8732522063683403e-003
3.9000000000000007e-002 1.8000000000000002e-002 4.0000000000000001e-003  1.8780662854411801e-003
3.9000000000000007e-002 2.1000000000000005e-002 4.0000000000000001e-003  1.8870425533378296e-003
3.9000000000000007e-002 2.4000000000000007e-002 4.0000000000000001e-003  1.9062910399540852e-003
3.9000000000000007e-002 2.7000000000000010e-002 4.0000000000000001e-003  1.9233828810493701e-003
3.9000000000000007e-002 2.9999999999999999e-002 4.0000000000000001e-003  1.9345903372113976e-003
3.9000000000000007e-002 3.3000000000000002e-002 4.0000000000000001e-003  1.9510939497387166e-003
3.9000000000000007e-002 3.6000000000000004e-002 4.0000000000000001e-003  1.9772810490109225e-003
3.9000000000000007e-002 3.9000000000000007e-002 4.0000000000000001e-003  2.0447356721135183e-003
3.9000000000000007e-002 4.2000000000000010e-002 4.0000000000000001e-003  2.1033781225608889e-003
3.9000000000000007e-002 4.4999999999999998e-002 4.0000000000000001e-003  2.1647033395899747e-003
4.2000000000000010e-002 -4.4999999999999998e-002 4.0000000000000001e-003  2.4552287822809590e-003
4.2000000000000010e-002 -4.1999999999999996e-002 4.0000000000000001e-003  2.3440843451735167e-003
4.2000000000000010e-002 -3.9000000000000000e-002 4.0000000000000001e-003  2.2650685467178393e-003
4.2000000000000010e-002 -3.5999999999999997e-002 4.0000000000000001e-003  2.1819652987523602e-003
4.2000000000000010e-002 -3.3000000000000002e-002 4.0000000000000001e-003  2.1161253650348877e-003
4.2000000000000010e-002 -2.9999999999999999e-002 4.0000000000000001e-003  2.0996555457979036e-003
4.2000000000000010e-002 -2.6999999999999996e-002 4.0000000000000001e-003  2.0805028022726508e-003
4.2000000000000010e-002 -2.3999999999999997e-002 4.0000000000000001e-003  2.0577880863319907e-003
4.2000000000000010e-002 -2.0999999999999998e-002 4.0000000000000001e-003  1.9987085241350028e-003
4.2000000000000010e-002 -1.7999999999999999e-002 4.0000000000000001e-003  1.9797652535267826e-003
4.2000000000000010e-002 -1.4999999999999999e-002 4.0000000000000001e-003  1.9551049827410101e-003
4.2000000000000010e-002 -1.1999999999999997e-002 4.0000000000000001e-003  1.9247148074774928e-003
4.2000000000000010e-002 -8.9999999999999941e-003 4.0000000000000001e-003  1.9083445987799815e-003
4.2000000000000010e-002 -5.9999999999999984e-003 4.0000000000000001e-003  1.9608215329820276e-003
4.2000000000000010e-002 -2.9999999999999957e-003 4.0000000000000001e-003  1.9549483730181105e-003
4.2000000000000010e-002 0.0000000000000000e+000 4.0000000000000001e-003  1.9316055702424133e-003
4.2000000000000010e-002 3.0000000000000027e-003 4.0000000000000001e-003  1.9304316146378751e-003
4.2000000000000010e-002 6.0000000000000053e-003 4.0000000000000001e-003  1.9296101933067539e-003
4.2000000000000010e-002 9.0000000000000011e-003 4.0000000000000001e-003  1.9291437663832285e-003
4.2000000000000010e-002 1.2000000000000004e-002 4.0000000000000001e-003  1.9290379469573112e-003
4.2000000000000010e-002 1.4999999999999999e-002 4.0000000000000001e-003  1.9421116099497637e-003
4.2000000000000010e-002 1.8000000000000002e-002 4.0000000000000001e-003  1.9784026625602937e-003
4.2000000000000010e-002 2.1000000000000005e-002 4.0000000000000001e-003  1.9872247322431408e-003
4.2000000000000010e-002 2.4000000000000007e-002 4.0000000000000001e-003  2.0068095802869383e-003
4.2000000000000010e-002 2.7000000000000010e-002 4.0000000000000001e-003  2.0032212005976682e-003
4.2000000000000010e-002 2.9999999999999999e-002 4.0000000000000001e-003  2.0044979291170390e-003
4.2000000000000010e-002 3.3000000000000002e-002 4.0000000000000001e-003  2.0235438498902832e-003
4.2000000000000010e-002 3.6000000000000004e-002 4.0000000000000001e-003  2.0748745064264247e-003
4.2000000000000010e-002 3.9000000000000007e-002 4.0000000000000001e-003  2.1042423910324140e-003
4.2000000000000010e-002 4.2000000000000010e-002 4.0000000000000001e-003  2.1560671133020507e-003
4.2000000000000010e-002 4.4999999999999998e-002 4.0000000000000001e-003  2.2321281866663238e-003
4.4999999999999998e-002 -4.4999999999999998e-002 4.0000000000000001e-003  2.5078865458920290e-003
4.4999999999999998e-002 -4.1999999999999996e-002 4.0000000000000001e-003  2.4437351880960074e-003
4.4999999999999998e-002 -3.9000000000000000e-002 4.0000000000000001e-003  2.4012820391321366e-003
4.4999999999999998e-002 -3.5999999999999997e-002 4.0000000000000001e-003  2.3537775666461341e-003
4.4999999999999998e-002 -3.3000000000000002e-002 4.0000000000000001e-003  2.3009006084250168e-003
4.4999999999999998e-002 -2.9999999999999999e-002 4.0000000000000001e-003  2.2425268076130419e-003
4.4999999999999998e-002 -2.6999999999999996e-002 4.0000000000000001e-003  2.2266170133240209e-003
4.4999999999999998e-002 -2.3999999999999997e-002 4.0000000000000001e-003  2.1773312818648446e-003
4.4999999999999998e-002 -2.0999999999999998e-002 4.0000000000000001e-003  2.1610762995286571e-003
4.4999999999999998e-002 -1.7999999999999999e-002 4.0000000000000001e-003  2.1391110243515546e-003
4.4999999999999998e-002 -1.4999999999999999e-002 4.0000000000000001e-003  2.1114048908063413e-003
4.4999999999999998e-002 -1.1999999999999997e-002 4.0000000000000001e-003  2.0779452077861944e-003
4.4999999999999998e-002 -8.9999999999999941e-003 4.0000000000000001e-003  2.0387371586046673e-003
4.4999999999999998e-002 -5.9999999999999984e-003 4.0000000000000001e-003  2.0682554935367151e-003
4.4999999999999998e-002 -2.9999999999999957e-003 4.0000000000000001e-003  2.0456078542192739e-003
4.4999999999999998e-002 0.0000000000000000e+000 4.0000000000000001e-003  2.0482067524033158e-003
4.4999999999999998e-002 3.0000000000000027e-003 4.0000000000000001e-003  2.0511034561709069e-003
4.4999999999999998e-002 6.0000000000000053e-003 4.0000000000000001e-003  2.0542978276166714e-003
4.4999999999999998e-002 9.0000000000000011e-003 4.0000000000000001e-003  2.0577928817910878e-003
4.4999999999999998e-002 1.2000000000000004e-002 4.0000000000000001e-003  2.0615947867004872e-003
4.4999999999999998e-002 1.4999999999999999e-002 4.0000000000000001e-003  2.0657128633070425e-003
4.4999999999999998e-002 1.8000000000000002e-002 4.0000000000000001e-003  2.0779231751776616e-003
4.4999999999999998e-002 2.1000000000000005e-002 4.0000000000000001e-003  2.1096190248617178e-003
4.4999999999999998e-002 2.4000000000000007e-002 4.0000000000000001e-003  2.1024011794644431e-003
4.4999999999999998e-002 2.7000000000000010e-002 4.0000000000000001e-003  2.1063167907128576e-003
4.4999999999999998e-002 2.9999999999999999e-002 4.0000000000000001e-003  2.1710798546228033e-003
4.4999999999999998e-002 3.3000000000000002e-002 4.0000000000000001e-003  2.2226852739818895e-003
4.4999999999999998e-002 3.6000000000000004e-002 4.0000000000000001e-003  2.2613038283943311e-003
4.4999999999999998e-002 3.9000000000000007e-002 4.0000000000000001e-003  2.2835569696490936e-003
4.4999999999999998e-002 4.2000000000000010e-002 4.0000000000000001e-003  2.3077352941944292e-003
4.4999999999999998e-002 4.4999999999999998e-002 4.0000000000000001e-003  2.3301010661621094e-003
