Grid Output Min: [-45mm -45mm 4mm] Max: [45mm 45mm 4mm] Grid Size: [3mm 3mm 0mm]
X, Y, Z, Scalar data "Mag_B"
-4.4999999999999998e-02 -4.4999999999999998e-02 4.0000000000000001e-03  2.4932079960493262e-03
-4.4999999999999998e-02 -4.1999999999999996e-02 4.0000000000000001e-03  2.3629599276947053e-03
-4.4999999999999998e-02 -3.9000000000000000e-02 4.0000000000000001e-03  2.2079795795100794e-03
-4.4999999999999998e-02 -3.5999999999999997e-02 4.0000000000000001e-03  2.0761899344763249e-03
-4.4999999999999998e-02 -3.3000000000000002e-02 4.0000000000000001e-03  1.9969329666404412e-03
-4.4999999999999998e-02 -2.9999999999999999e-02 4.0000000000000001e-03  1.9669521683133924e-03
-4.4999999999999998e-02 -2.6999999999999996e-02 4.0000000000000001e-03  1.9322271270147474e-03
-4.4999999999999998e-02 -2.3999999999999997e-02 4.0000000000000001e-03  1.9073255430654987e-03
-4.4999999999999998e-02 -2.0999999999999998e-02 4.0000000000000001e-03  1.8967313420763562e-03
-4.4999999999999998e-02 -1.7999999999999999e-02 4.0000000000000001e-03  1.8861079019736452e-03
-4.4999999999999998e-02 -1.4999999999999999e-02 4.0000000000000001e-03  1.8739344769573324e-03
-4.4999999999999998e-02 -1.1999999999999997e-02 4.0000000000000001e-03  1.8602100784076213e-03
-4.4999999999999998e-02 -8.9999999999999941e-03 4.0000000000000001e-03  1.8449340389215055e-03
-4.4999999999999998e-02 -5.9999999999999984e-03 4.0000000000000001e-03  1.8355223417116891e-03
-4.4999999999999998e-02 -2.9999999999999957e-03 4.0000000000000001e-03  1.8332981416358668e-03
-4.4999999999999998e-02 0.0000000000000000e+00 4.0000000000000001e-03  1.8512480035280346e-03
-4.4999999999999998e-02 3.0000000000000027e-03 4.0000000000000001e-03  1.8350840987602609e-03
-4.4999999999999998e-02 6.0000000000000053e-03 4.0000000000000001e-03  1.7927090095375879e-03
-4.4999999999999998e-02 9.0000000000000011e-03 4.0000000000000001e-03  1.8072338891765934e-03
-4.4999999999999998e-02 1.2000000000000004e-02 4.0000000000000001e-03  1.8192824408971295e-03
-4.4999999999999998e-02 1.4999999999999999e-02 4.0000000000000001e-03  1.8288208085156961e-03
-4.4999999999999998e-02 1.8000000000000002e-02 4.0000000000000001e-03  1.8420145741755935e-03
-4.4999999999999998e-02 2.1000000000000005e-02 4.0000000000000001e-03  1.8605215416756917e-03
-4.4999999999999998e-02 2.4000000000000007e-02 4.0000000000000001e-03  1.8619946651515962e-03
-4.4999999999999998e-02 2.7000000000000010e-02 4.0000000000000001e-03  1.8731793455577584e-03
-4.4999999999999998e-02 2.9999999999999999e-02 4.0000000000000001e-03  1.8961921058634975e-03
-4.4999999999999998e-02 3.3000000000000002e-02 4.0000000000000001e-03  1.9392721093957508e-03
-4.4999999999999998e-02 3.6000000000000004e-02 4.0000000000000001e-03  1.9806486220280482e-03
-4.4999999999999998e-02 3.9000000000000007e-02 4.0000000000000001e-03  2.0131765347753596e-03
-4.4999999999999998e-02 4.2000000000000010e-02 4.0000000000000001e-03  2.0612953682501108e-03
-4.4999999999999998e-02 4.4999999999999998e-02 4.0000000000000001e-03  2.1313931071057150e-03
-4.1999999999999996e-02 -4.4999999999999998e-02 4.0000000000000001e-03  2.2940775872366268e-03
-4.1999999999999996e-02 -4.1999999999999996e-02 4.0000000000000001e-03  2.2408434522390983e-03
-4.1999999999999996e-02 -3.9000000000000000e-02 4.0000000000000001e-03  2.0965048074464429e-03
-4.1999999999999996e-02 -3.5999999999999997e-02 4.0000000000000001e-03  1.9820298512259679e-03
-4.1999999999999996e-02 -3.3000000000000002e-02 4.0000000000000001e-03  1.8842871823589946e-03
-4.1999999999999996e-02 -2.9999999999999999e-02 4.0000000000000001e-03  1.7925689440739744e-03
-4.1999999999999996e-02 -2.6999999999999996e-02 4.0000000000000001e-03  1.8001537105001807e-03
-4.1999999999999996e-02 -2.3999999999999997e-02 4.0000000000000001e-03  1.7704824689866593e-03
-4.1999999999999996e-02 -2.0999999999999998e-02 4.0000000000000001e-03  1.7506212946957480e-03
-4.1999999999999996e-02 -1.7999999999999999e-02 4.0000000000000001e-03  1.7421090474854660e-03
-4.1999999999999996e-02 -1.4999999999999999e-02 4.0000000000000001e-03  1.7327157636212649e-03
-4.1999999999999996e-02 -1.1999999999999997e-02 4.0000000000000001e-03  1.7237357439074462e-03
-4.1999999999999996e-02 -8.9999999999999941e-03 4.0000000000000001e-03  1.7232253161879355e-03
-4.1999999999999996e-02 -5.9999999999999984e-03 4.0000000000000001e-03  1.7244775932880631e-03
-4.1999999999999996e-02 -2.9999999999999957e-03 4.0000000000000001e-03  1.6999859714856582e-03
-4.1999999999999996e-02 0.0000000000000000e+00 4.0000000000000001e-03  1.7013303471583540e-03
-4.1999999999999996e-02 3.0000000000000027e-03 4.0000000000000001e-03  1.6920585651972536e-03
-4.1999999999999996e-02 6.0000000000000053e-03 4.0000000000000001e-03  1.6889319625931797e-03
-4.1999999999999996e-02 9.0000000000000011e-03 4.0000000000000001e-03  1.6909516132665059e-03
-4.1999999999999996e-02 1.2000000000000004e-02 4.0000000000000001e-03  1.6903396379271990e-03
-4.1999999999999996e-02 1.4999999999999999e-02 4.0000000000000001e-03  1.6870893350169050e-03
-4.1999999999999996e-02 1.8000000000000002e-02 4.0000000000000001e-03  1.6828202188745906e-03
-4.1999999999999996e-02 2.1000000000000005e-02 4.0000000000000001e-03  1.6917256383924748e-03
-4.1999999999999996e-02 2.4000000000000007e-02 4.0000000000000001e-03  1.7020713364171028e-03
-4.1999999999999996e-02 2.7000000000000010e-02 4.0000000000000001e-03  1.7188927842125589e-03
-4.1999999999999996e-02 2.9999999999999999e-02 4.0000000000000001e-03  1.7615522354681740e-03
-4.1999999999999996e-02 3.3000000000000002e-02 4.0000000000000001e-03  1.8054424590793364e-03
-4.1999999999999996e-02 3.6000000000000004e-02 4.0000000000000001e-03  1.8506052747257855e-03
-4.1999999999999996e-02 3.9000000000000007e-02 4.0000000000000001e-03  1.8970955075623634e-03
-4.1999999999999996e-02 4.2000000000000010e-02 4.0000000000000001e-03  1.9265127562964211e-03
-4.1999999999999996e-02 4.4999999999999998e-02 4.0000000000000001e-03  2.0102874578786217e-03
-3.9000000000000000e-02 -4.4999999999999998e-02 4.0000000000000001e-03  2.2078046488582968e-03
-3.9000000000000000e-02 -4.1999999999999996e-02 4.0000000000000001e-03  2.1439812242651703e-03
-3.9000000000000000e-02 -3.9000000000000000e-02 4.0000000000000001e-03  2.0019040990550477e-03
-3.9000000000000000e-02 -3.5999999999999997e-02 4.0000000000000001e-03  1.9157575061851332e-03
-3.9000000000000000e-02 -3.3000000000000002e-02 4.0000000000000001e-03  1.8344930179805909e-03
-3.9000000000000000e-02 -2.9999999999999999e-02 4.0000000000000001e-03  1.7577698105807388e-03
-3.9000000000000000e-02 -2.6999999999999996e-02 4.0000000000000001e-03  1.6852719778344730e-03
-3.9000000000000000e-02 -2.3999999999999997e-02 4.0000000000000001e-03  1.6819781682608944e-03
-3.9000000000000000e-02 -2.0999999999999998e-02 4.0000000000000001e-03  1.6762375203805081e-03
-3.9000000000000000e-02 -1.7999999999999999e-02 4.0000000000000001e-03  1.6622195162978822e-03
-3.9000000000000000e-02 -1.4999999999999999e-02 4.0000000000000001e-03  1.6516309265599454e-03
-3.9000000000000000e-02 -1.1999999999999997e-02 4.0000000000000001e-03  1.6426549530793979e-03
-3.9000000000000000e-02 -8.9999999999999941e-03 4.0000000000000001e-03  1.6359690282268140e-03
-3.9000000000000000e-02 -5.9999999999999984e-03 4.0000000000000001e-03  1.6251203978639034e-03
-3.9000000000000000e-02 -2.9999999999999957e-03 4.0000000000000001e-03  1.6127542728531128e-03
-3.9000000000000000e-02 0.0000000000000000e+00 4.0000000000000001e-03  1.6140759848648726e-03
-3.9000000000000000e-02 3.0000000000000027e-03 4.0000000000000001e-03  1.6138644376921887e-03
-3.9000000000000000e-02 6.0000000000000053e-03 4.0000000000000001e-03  1.6074230893611385e-03
-3.9000000000000000e-02 9.0000000000000011e-03 4.0000000000000001e-03  1.6038449088522273e-03
-3.9000000000000000e-02 1.2000000000000004e-02 4.0000000000000001e-03  1.6030222233792905e-03
-3.9000000000000000e-02 1.4999999999999999e-02 4.0000000000000001e-03  1.6049377371592029e-03
-3.9000000000000000e-02 1.8000000000000002e-02 4.0000000000000001e-03  1.6114621696122690e-03
-3.9000000000000000e-02 2.1000000000000005e-02 4.0000000000000001e-03  1.6205827004945482e-03
-3.9000000000000000e-02 2.4000000000000007e-02 4.0000000000000001e-03  1.6311577581425247e-03
-3.9000000000000000e-02 2.7000000000000010e-02 4.0000000000000001e-03  1.6507543744740190e-03
-3.9000000000000000e-02 2.9999999999999999e-02 4.0000000000000001e-03  1.6796988394836663e-03
-3.9000000000000000e-02 3.3000000000000002e-02 4.0000000000000001e-03  1.7169467088861414e-03
-3.9000000000000000e-02 3.6000000000000004e-02 4.0000000000000001e-03  1.7580529841959823e-03
-3.9000000000000000e-02 3.9000000000000007e-02 4.0000000000000001e-03  1.8005183843047134e-03
-3.9000000000000000e-02 4.2000000000000010e-02 4.0000000000000001e-03  1.8557863171575727e-03
-3.9000000000000000e-02 4.4999999999999998e-02 4.0000000000000001e-03  1.9795373038115258e-03
-3.5999999999999997e-02 -4.4999999999999998e-02 4.0000000000000001e-03  2.1243239213344137e-03
-3.5999999999999997e-02 -4.1999999999999996e-02 4.0000000000000001e-03  2.0225261409173622e-03
-3.5999999999999997e-02 -3.9000000000000000e-02 4.0000000000000001e-03  1.9464025353690857e-03
-3.5999999999999997e-02 -3.5999999999999997e-02 4.0000000000000001e-03  1.8760399757946056e-03
-3.5999999999999997e-02 -3.3000000000000002e-02 4.0000000000000001e-03  1.8110197801933128e-03
-3.5999999999999997e-02 -2.9999999999999999e-02 4.0000000000000001e-03  1.7509481842741901e-03
-3.5999999999999997e-02 -2.6999999999999996e-02 4.0000000000000001e-03  1.6806844099618717e-03
-3.5999999999999997e-02 -2.3999999999999997e-02 4.0000000000000001e-03  1.6203007394335008e-03
-3.5999999999999997e-02 -2.0999999999999998e-02 4.0000000000000001e-03  1.6102258529328800e-03
-3.5999999999999997e-02 -1.7999999999999999e-02 4.0000000000000001e-03  1.5986427556188563e-03
-3.5999999999999997e-02 -1.4999999999999999e-02 4.0000000000000001e-03  1.5883158306199496e-03
-3.5999999999999997e-02 -1.1999999999999997e-02 4.0000000000000001e-03  1.5772689271688041e-03
-3.5999999999999997e-02 -8.9999999999999941e-03 4.0000000000000001e-03  1.5655306434338382e-03
-3.5999999999999997e-02 -5.9999999999999984e-03 4.0000000000000001e-03  1.5536247213454358e-03
-3.5999999999999997e-02 -2.9999999999999957e-03 4.0000000000000001e-03  1.5532179744558740e-03
-3.5999999999999997e-02 0.0000000000000000e+00 4.0000000000000001e-03  1.5541599723539257e-03
-3.5999999999999997e-02 3.0000000000000027e-03 4.0000000000000001e-03  1.5563308107031672e-03
-3.5999999999999997e-02 6.0000000000000053e-03 4.0000000000000001e-03  1.5481013217019523e-03
-3.5999999999999997e-02 9.0000000000000011e-03 4.0000000000000001e-03  1.5426389860762554e-03
-3.5999999999999997e-02 1.2000000000000004e-02 4.0000000000000001e-03  1.5399229878514038e-03
-3.5999999999999997e-02 1.4999999999999999e-02 4.0000000000000001e-03  1.5447718591344488e-03
-3.5999999999999997e-02 1.8000000000000002e-02 4.0000000000000001e-03  1.5526740700033178e-03
-3.5999999999999997e-02 2.1000000000000005e-02 4.0000000000000001e-03  1.5620147701195051e-03
-3.5999999999999997e-02 2.4000000000000007e-02 4.0000000000000001e-03  1.5728345784677791e-03
-3.5999999999999997e-02 2.7000000000000010e-02 4.0000000000000001e-03  1.5937771508148717e-03
-3.5999999999999997e-02 2.9999999999999999e-02 4.0000000000000001e-03  1.6199066667884987e-03
-3.5999999999999997e-02 3.3000000000000002e-02 4.0000000000000001e-03  1.6500091881730562e-03
-3.5999999999999997e-02 3.6000000000000004e-02 4.0000000000000001e-03  1.6846848886198492e-03
-3.5999999999999997e-02 3.9000000000000007e-02 4.0000000000000001e-03  1.7272865962327205e-03
-3.5999999999999997e-02 4.2000000000000010e-02 4.0000000000000001e-03  1.8129119420171220e-03
-3.5999999999999997e-02 4.4999999999999998e-02 4.0000000000000001e-03  1.9199531817888395e-03
-3.3000000000000002e-02 -4.4999999999999998e-02 4.0000000000000001e-03  2.0577948570884349e-03
-3.3000000000000002e-02 -4.1999999999999996e-02 4.0000000000000001e-03  1.9787860680768742e-03
-3.3000000000000002e-02 -3.9000000000000000e-02 4.0000000000000001e-03  1.9173256583337845e-03
-3.3000000000000002e-02 -3.5999999999999997e-02 4.0000000000000001e-03  1.8412978928194403e-03
-3.3000000000000002e-02 -3.3000000000000002e-02 4.0000000000000001e-03  1.7663996352283253e-03
-3.3000000000000002e-02 -2.9999999999999999e-02 4.0000000000000001e-03  1.7035925585313970e-03
-3.3000000000000002e-02 -2.6999999999999996e-02 4.0000000000000001e-03  1.6505880393395172e-03
-3.3000000000000002e-02 -2.3999999999999997e-02 4.0000000000000001e-03  1.6062713506826071e-03
-3.3000000000000002e-02 -2.0999999999999998e-02 4.0000000000000001e-03  1.5700715777093586e-03
-3.3000000000000002e-02 -1.7999999999999999e-02 4.0000000000000001e-03  1.5529903230295725e-03
-3.3000000000000002e-02 -1.4999999999999999e-02 4.0000000000000001e-03  1.5398864222506629e-03
-3.3000000000000002e-02 -1.1999999999999997e-02 4.0000000000000001e-03  1.5264210180768506e-03
-3.3000000000000002e-02 -8.9999999999999941e-03 4.0000000000000001e-03  1.5127596483373736e-03
-3.3000000000000002e-02 -5.9999999999999984e-03 4.0000000000000001e-03  1.5058168724806596e-03
-3.3000000000000002e-02 -2.9999999999999957e-03 4.0000000000000001e-03  1.5009632138253441e-03
-3.3000000000000002e-02 0.0000000000000000e+00 4.0000000000000001e-03  1.4980379379507321e-03
-3.3000000000000002e-02 3.0000000000000027e-03 4.0000000000000001e-03  1.4970076865825179e-03
-3.3000000000000002e-02 6.0000000000000053e-03 4.0000000000000001e-03  1.4951600700967356e-03
-3.3000000000000002e-02 9.0000000000000011e-03 4.0000000000000001e-03  1.4878139289845019e-03
-3.3000000000000002e-02 1.2000000000000004e-02 4.0000000000000001e-03  1.4916997358778450e-03
-3.3000000000000002e-02 1.4999999999999999e-02 4.0000000000000001e-03  1.4983924488193403e-03
-3.3000000000000002e-02 1.8000000000000002e-02 4.0000000000000001e-03  1.5065064126523263e-03
-3.3000000000000002e-02 2.1000000000000005e-02 4.0000000000000001e-03  1.5160823682103808e-03
-3.3000000000000002e-02 2.4000000000000007e-02 4.0000000000000001e-03  1.5280331164632900e-03
-3.3000000000000002e-02 2.7000000000000010e-02 4.0000000000000001e-03  1.5473589987440985e-03
-3.3000000000000002e-02 2.9999999999999999e-02 4.0000000000000001e-03  1.5706856653341329e-03
-3.3000000000000002e-02 3.3000000000000002e-02 4.0000000000000001e-03  1.5980086529952550e-03
-3.3000000000000002e-02 3.6000000000000004e-02 4.0000000000000001e-03  1.6364108082181357e-03
-3.3000000000000002e-02 3.9000000000000007e-02 4.0000000000000001e-03  1.6873439092219987e-03
-3.3000000000000002e-02 4.2000000000000010e-02 4.0000000000000001e-03  1.7685136272284092e-03
-3.3000000000000002e-02 4.4999999999999998e-02 4.0000000000000001e-03  1.8740019389853102e-03
-2.9999999999999999e-02 -4.4999999999999998e-02 4.0000000000000001e-03  2.0434099829266033e-03
-2.9999999999999999e-02 -4.1999999999999996e-02 4.0000000000000001e-03  1.9435221878571385e-03
-2.9999999999999999e-02 -3.9000000000000000e-02 4.0000000000000001e-03  1.8554089599008487e-03
-2.9999999999999999e-02 -3.5999999999999997e-02 4.0000000000000001e-03  1.7784261057673064e-03
-2.9999999999999999e-02 -3.3000000000000002e-02 4.0000000000000001e-03  1.7119355436762908e-03
-2.9999999999999999e-02 -2.9999999999999999e-02 4.0000000000000001e-03  1.6553053033577768e-03
-2.9999999999999999e-02 -2.6999999999999996e-02 4.0000000000000001e-03  1.6079095260519390e-03
-2.9999999999999999e-02 -2.3999999999999997e-02 4.0000000000000001e-03  1.5691284645091535e-03
-2.9999999999999999e-02 -2.0999999999999998e-02 4.0000000000000001e-03  1.5397691848155893e-03
-2.9999999999999999e-02 -1.7999999999999999e-02 4.0000000000000001e-03  1.5230467849140724e-03
-2.9999999999999999e-02 -1.4999999999999999e-02 4.0000000000000001e-03  1.5067218239338933e-03
-2.9999999999999999e-02 -1.1999999999999997e-02 4.0000000000000001e-03  1.4907786786549108e-03
-2.9999999999999999e-02 -8.9999999999999941e-03 4.0000000000000001e-03  1.4788722471592703e-03
-2.9999999999999999e-02 -5.9999999999999984e-03 4.0000000000000001e-03  1.4690886360655339e-03
-2.9999999999999999e-02 -2.9999999999999957e-03 4.0000000000000001e-03  1.4606495707795316e-03
-2.9999999999999999e-02 0.0000000000000000e+00 4.0000000000000001e-03  1.4552391639627697e-03
-2.9999999999999999e-02 3.0000000000000027e-03 4.0000000000000001e-03  1.4513715973866303e-03
-2.9999999999999999e-02 6.0000000000000053e-03 4.0000000000000001e-03  1.4490109258670303e-03
-2.9999999999999999e-02 9.0000000000000011e-03 4.0000000000000001e-03  1.4513239465840913e-03
-2.9999999999999999e-02 1.2000000000000004e-02 4.0000000000000001e-03  1.4571708312092718e-03
-2.9999999999999999e-02 1.4999999999999999e-02 4.0000000000000001e-03  1.4644558864567896e-03
-2.9999999999999999e-02 1.8000000000000002e-02 4.0000000000000001e-03  1.4730292975806160e-03
-2.9999999999999999e-02 2.1000000000000005e-02 4.0000000000000001e-03  1.4828604534180246e-03
-2.9999999999999999e-02 2.4000000000000007e-02 4.0000000000000001e-03  1.4951409988562445e-03
-2.9999999999999999e-02 2.7000000000000010e-02 4.0000000000000001e-03  1.5150695001971337e-03
-2.9999999999999999e-02 2.9999999999999999e-02 4.0000000000000001e-03  1.5414006283873411e-03
-2.9999999999999999e-02 3.3000000000000002e-02 4.0000000000000001e-03  1.5741082539649110e-03
-2.9999999999999999e-02 3.6000000000000004e-02 4.0000000000000001e-03  1.6131711537864283e-03
-2.9999999999999999e-02 3.9000000000000007e-02 4.0000000000000001e-03  1.6653339234678651e-03
-2.9999999999999999e-02 4.2000000000000010e-02 4.0000000000000001e-03  1.7373173961424415e-03
-2.9999999999999999e-02 4.4999999999999998e-02 4.0000000000000001e-03  1.8637873412074633e-03
-2.6999999999999996e-02 -4.4999999999999998e-02 4.0000000000000001e-03  2.0110437213449249e-03
-2.6999999999999996e-02 -4.1999999999999996e-02 4.0000000000000001e-03  1.9047011121427675e-03
-2.6999999999999996e-02 -3.9000000000000000e-02 4.0000000000000001e-03  1.8145729718135209e-03
-2.6999999999999996e-02 -3.5999999999999997e-02 4.0000000000000001e-03  1.7322516272053768e-03
-2.6999999999999996e-02 -3.3000000000000002e-02 4.0000000000000001e-03  1.6700591436305207e-03
-2.6999999999999996e-02 -2.9999999999999999e-02 4.0000000000000001e-03  1.6191174907229213e-03
-2.6999999999999996e-02 -2.6999999999999996e-02 4.0000000000000001e-03  1.5773696802558661e-03
-2.6999999999999996e-02 -2.3999999999999997e-02 4.0000000000000001e-03  1.5441532440916058e-03
-2.6999999999999996e-02 -2.0999999999999998e-02 4.0000000000000001e-03  1.5203510528983299e-03
-2.6999999999999996e-02 -1.7999999999999999e-02 4.0000000000000001e-03  1.5008221421394853e-03
-2.6999999999999996e-02 -1.4999999999999999e-02 4.0000000000000001e-03  1.4822755614878232e-03
-2.6999999999999996e-02 -1.1999999999999997e-02 4.0000000000000001e-03  1.4664596485314116e-03
-2.6999999999999996e-02 -8.9999999999999941e-03 4.0000000000000001e-03  1.4542400579087478e-03
-2.6999999999999996e-02 -5.9999999999999984e-03 4.0000000000000001e-03  1.4431323298073856e-03
-2.6999999999999996e-02 -2.9999999999999957e-03 4.0000000000000001e-03  1.4331394384043987e-03
-2.6999999999999996e-02 0.0000000000000000e+00 4.0000000000000001e-03  1.4242647486799251e-03
-2.6999999999999996e-02 3.0000000000000027e-03 4.0000000000000001e-03  1.4197351182148395e-03
-2.6999999999999996e-02 6.0000000000000053e-03 4.0000000000000001e-03  1.4176773453862962e-03
-2.6999999999999996e-02 9.0000000000000011e-03 4.0000000000000001e-03  1.4187421189365554e-03
-2.6999999999999996e-02 1.2000000000000004e-02 4.0000000000000001e-03  1.4249335031706807e-03
-2.6999999999999996e-02 1.4999999999999999e-02 4.0000000000000001e-03  1.4325513231246852e-03
-2.6999999999999996e-02 1.8000000000000002e-02 4.0000000000000001e-03  1.4416429604448503e-03
-2.6999999999999996e-02 2.1000000000000005e-02 4.0000000000000001e-03  1.4582366840379768e-03
-2.6999999999999996e-02 2.4000000000000007e-02 4.0000000000000001e-03  1.4751449316316582e-03
-2.6999999999999996e-02 2.7000000000000010e-02 4.0000000000000001e-03  1.4946581690518678e-03
-2.6999999999999996e-02 2.9999999999999999e-02 4.0000000000000001e-03  1.5205800113532101e-03
-2.6999999999999996e-02 3.3000000000000002e-02 4.0000000000000001e-03  1.5528867279844905e-03
-2.6999999999999996e-02 3.6000000000000004e-02 4.0000000000000001e-03  1.5915594947130338e-03
-2.6999999999999996e-02 3.9000000000000007e-02 4.0000000000000001e-03  1.6439238948872325e-03
-2.6999999999999996e-02 4.2000000000000010e-02 4.0000000000000001e-03  1.7087807421761751e-03
-2.6999999999999996e-02 4.4999999999999998e-02 4.0000000000000001e-03  1.8118899502497661e-03
-2.3999999999999997e-02 -4.4999999999999998e-02 4.0000000000000001e-03  2.0067510581609233e-03
-2.3999999999999997e-02 -4.1999999999999996e-02 4.0000000000000001e-03  1.8848071734612953e-03
-2.3999999999999997e-02 -3.9000000000000000e-02 4.0000000000000001e-03  1.7811169980528493e-03
-2.3999999999999997e-02 -3.5999999999999997e-02 4.0000000000000001e-03  1.7070299204697513e-03
-2.3999999999999997e-02 -3.3000000000000002e-02 4.0000000000000001e-03  1.6493004788626215e-03
-2.3999999999999997e-02 -2.9999999999999999e-02 4.0000000000000001e-03  1.5954638601711679e-03
-2.3999999999999997e-02 -2.6999999999999996e-02 4.0000000000000001e-03  1.5567093334969170e-03
-2.3999999999999997e-02 -2.3999999999999997e-02 4.0000000000000001e-03  1.5314635458343643e-03
-2.3999999999999997e-02 -2.0999999999999998e-02 4.0000000000000001e-03  1.5079106725887136e-03
-2.3999999999999997e-02 -1.7999999999999999e-02 4.0000000000000001e-03  1.4854714641243723e-03
-2.3999999999999997e-02 -1.4999999999999999e-02 4.0000000000000001e-03  1.4649337202399105e-03
-2.3999999999999997e-02 -1.1999999999999997e-02 4.0000000000000001e-03  1.4501348497870906e-03
-2.3999999999999997e-02 -8.9999999999999941e-03 4.0000000000000001e-03  1.4365586727764171e-03
-2.3999999999999997e-02 -5.9999999999999984e-03 4.0000000000000001e-03  1.4240942201466120e-03
-2.3999999999999997e-02 -2.9999999999999957e-03 4.0000000000000001e-03  1.4127433752268619e-03
-2.3999999999999997e-02 0.0000000000000000e+00 4.0000000000000001e-03  1.4025084121494279e-03
-2.3999999999999997e-02 3.0000000000000027e-03 4.0000000000000001e-03  1.3933919958496448e-03
-2.3999999999999997e-02 6.0000000000000053e-03 4.0000000000000001e-03  1.3880568087321357e-03
-2.3999999999999997e-02 9.0000000000000011e-03 4.0000000000000001e-03  1.3899483554975784e-03
-2.3999999999999997e-02 1.2000000000000004e-02 4.0000000000000001e-03  1.3949193964468852e-03
-2.3999999999999997e-02 1.4999999999999999e-02 4.0000000000000001e-03  1.4047788497528709e-03
-2.3999999999999997e-02 1.8000000000000002e-02 4.0000000000000001e-03  1.4214471157660336e-03
-2.3999999999999997e-02 2.1000000000000005e-02 4.0000000000000001e-03  1.4400193009752437e-03
-2.3999999999999997e-02 2.4000000000000007e-02 4.0000000000000001e-03  1.4566312467940703e-03
-2.3999999999999997e-02 2.7000000000000010e-02 4.0000000000000001e-03  1.4757465019679360e-03
-2.3999999999999997e-02 2.9999999999999999e-02 4.0000000000000001e-03  1.5012741950510369e-03
-2.3999999999999997e-02 3.3000000000000002e-02 4.0000000000000001e-03  1.5331929944029077e-03
-2.3999999999999997e-02 3.6000000000000004e-02 4.0000000000000001e-03  1.5714864747016328e-03
-2.3999999999999997e-02 3.9000000000000007e-02 4.0000000000000001e-03  1.6240538360605670e-03
-2.3999999999999997e-02 4.2000000000000010e-02 4.0000000000000001e-03  1.6838575384589926e-03
-2.3999999999999997e-02 4.4999999999999998e-02 4.0000000000000001e-03  1.7759625580684787e-03
-2.0999999999999998e-02 -4.4999999999999998e-02 4.0000000000000001e-03  2.0034314008253546e-03
-2.0999999999999998e-02 -4.1999999999999996e-02 4.0000000000000001e-03  1.8802152718086079e-03
-2.0999999999999998e-02 -3.9000000000000000e-02 4.0000000000000001e-03  1.7753538177011829e-03
-2.0999999999999998e-02 -3.5999999999999997e-02 4.0000000000000001e-03  1.6880203925365158e-03
-2.0999999999999998e-02 -3.3000000000000002e-02 4.0000000000000001e-03  1.6173566767754902e-03
-2.0999999999999998e-02 -2.9999999999999999e-02 4.0000000000000001e-03  1.5701204273885505e-03
-2.0999999999999998e-02 -2.6999999999999996e-02 4.0000000000000001e-03  1.5339564643283006e-03
-2.0999999999999998e-02 -2.3999999999999997e-02 4.0000000000000001e-03  1.5061722266289633e-03
-2.0999999999999998e-02 -2.0999999999999998e-02 4.0000000000000001e-03  1.4907226502735855e-03
-2.0999999999999998e-02 -1.7999999999999999e-02 4.0000000000000001e-03  1.4758664484573951e-03
-2.0999999999999998e-02 -1.4999999999999999e-02 4.0000000000000001e-03  1.4568002335034462e-03
-2.0999999999999998e-02 -1.1999999999999997e-02 4.0000000000000001e-03  1.4407248294421974e-03
-2.0999999999999998e-02 -8.9999999999999941e-03 4.0000000000000001e-03  1.4253986405380159e-03
-2.0999999999999998e-02 -5.9999999999999984e-03 4.0000000000000001e-03  1.4115478336316916e-03
-2.0999999999999998e-02 -2.9999999999999957e-03 4.0000000000000001e-03  1.3991838387812873e-03
-2.0999999999999998e-02 0.0000000000000000e+00 4.0000000000000001e-03  1.3883079059088730e-03
-2.0999999999999998e-02 3.0000000000000027e-03 4.0000000000000001e-03  1.3789223248928521e-03
-2.0999999999999998e-02 6.0000000000000053e-03 4.0000000000000001e-03  1.3720273610212761e-03
-2.0999999999999998e-02 9.0000000000000011e-03 4.0000000000000001e-03  1.3711847510784383e-03
-2.0999999999999998e-02 1.2000000000000004e-02 4.0000000000000001e-03  1.3731144088144035e-03
-2.0999999999999998e-02 1.4999999999999999e-02 4.0000000000000001e-03  1.3872299459049811e-03
-2.0999999999999998e-02 1.8000000000000002e-02 4.0000000000000001e-03  1.4042791718498601e-03
-2.0999999999999998e-02 2.1000000000000005e-02 4.0000000000000001e-03  1.4232395145268781e-03
-2.0999999999999998e-02 2.4000000000000007e-02 4.0000000000000001e-03  1.4395274584222905e-03
-2.0999999999999998e-02 2.7000000000000010e-02 4.0000000000000001e-03  1.4582597647294373e-03
-2.0999999999999998e-02 2.9999999999999999e-02 4.0000000000000001e-03  1.4834061969701718e-03
-2.0999999999999998e-02 3.3000000000000002e-02 4.0000000000000001e-03  1.5149478224148029e-03
-2.0999999999999998e-02 3.6000000000000004e-02 4.0000000000000001e-03  1.5528706146521493e-03
-2.0999999999999998e-02 3.9000000000000007e-02 4.0000000000000001e-03  1.6057824457279062e-03
-2.0999999999999998e-02 4.2000000000000010e-02 4.0000000000000001e-03  1.6640905449658518e-03
-2.0999999999999998e-02 4.4999999999999998e-02 4.0000000000000001e-03  1.7474541069778164e-03
-1.7999999999999999e-02 -4.4999999999999998e-02 4.0000000000000001e-03  2.0010821627869215e-03
-1.7999999999999999e-02 -4.1999999999999996e-02 4.0000000000000001e-03  1.8766142665399609e-03
-1.7999999999999999e-02 -3.9000000000000000e-02 4.0000000000000001e-03  1.7706020764127525e-03
-1.7999999999999999e-02 -3.5999999999999997e-02 4.0000000000000001e-03  1.6822137253841535e-03
-1.7999999999999999e-02 -3.3000000000000002e-02 4.0000000000000001e-03  1.6105856728604799e-03
-1.7999999999999999e-02 -2.9999999999999999e-02 4.0000000000000001e-03  1.5548227046755078e-03
-1.7999999999999999e-02 -2.6999999999999996e-02 4.0000000000000001e-03  1.5139979330904742e-03
-1.7999999999999999e-02 -2.3999999999999997e-02 4.0000000000000001e-03  1.4885665597475671e-03
-1.7999999999999999e-02 -2.0999999999999998e-02 4.0000000000000001e-03  1.4790999021822503e-03
-1.7999999999999999e-02 -1.7999999999999999e-02 4.0000000000000001e-03  1.4662647477993993e-03
-1.7999999999999999e-02 -1.4999999999999999e-02 4.0000000000000001e-03  1.4473015418869969e-03
-1.7999999999999999e-02 -1.1999999999999997e-02 4.0000000000000001e-03  1.4303939729347407e-03
-1.7999999999999999e-02 -8.9999999999999941e-03 4.0000000000000001e-03  1.4149925851007997e-03
-1.7999999999999999e-02 -5.9999999999999984e-03 4.0000000000000001e-03  1.4010798897664848e-03
-1.7999999999999999e-02 -2.9999999999999957e-03 4.0000000000000001e-03  1.3886563004743525e-03
-1.7999999999999999e-02 0.0000000000000000e+00 4.0000000000000001e-03  1.3777232707233250e-03
-1.7999999999999999e-02 3.0000000000000027e-03 4.0000000000000001e-03  1.3682832939686746e-03
-1.7999999999999999e-02 6.0000000000000053e-03 4.0000000000000001e-03  1.3630516985536458e-03
-1.7999999999999999e-02 9.0000000000000011e-03 4.0000000000000001e-03  1.3623005250483237e-03
-1.7999999999999999e-02 1.2000000000000004e-02 4.0000000000000001e-03  1.3662662518968177e-03
-1.7999999999999999e-02 1.4999999999999999e-02 4.0000000000000001e-03  1.3733990470644916e-03
-1.7999999999999999e-02 1.8000000000000002e-02 4.0000000000000001e-03  1.3891463810688396e-03
-1.7999999999999999e-02 2.1000000000000005e-02 4.0000000000000001e-03  1.4078359174088521e-03
-1.7999999999999999e-02 2.4000000000000007e-02 4.0000000000000001e-03  1.4237689577913592e-03
-1.7999999999999999e-02 2.7000000000000010e-02 4.0000000000000001e-03  1.4421311003166687e-03
-1.7999999999999999e-02 2.9999999999999999e-02 4.0000000000000001e-03  1.4677000276545470e-03
-1.7999999999999999e-02 3.3000000000000002e-02 4.0000000000000001e-03  1.4993053143272774e-03
-1.7999999999999999e-02 3.6000000000000004e-02 4.0000000000000001e-03  1.5357418565729376e-03
-1.7999999999999999e-02 3.9000000000000007e-02 4.0000000000000001e-03  1.5926610688384295e-03
-1.7999999999999999e-02 4.2000000000000010e-02 4.0000000000000001e-03  1.6522997561180194e-03
-1.7999999999999999e-02 4.4999999999999998e-02 4.0000000000000001e-03  1.7410605094246414e-03
-1.4999999999999999e-02 -4.4999999999999998e-02 4.0000000000000001e-03  1.9997012670003246e-03
-1.4999999999999999e-02 -4.1999999999999996e-02 4.0000000000000001e-03  1.8740030616326655e-03
-1.4999999999999999e-02 -3.9000000000000000e-02 4.0000000000000001e-03  1.7668616591874770e-03
-1.4999999999999999e-02 -3.5999999999999997e-02 4.0000000000000001e-03  1.6774399715890420e-03
-1.4999999999999999e-02 -3.3000000000000002e-02 4.0000000000000001e-03  1.6048692371891000e-03
-1.4999999999999999e-02 -2.9999999999999999e-02 4.0000000000000001e-03  1.5482490207668535e-03
-1.4999999999999999e-02 -2.6999999999999996e-02 4.0000000000000001e-03  1.5066472135289611e-03
-1.4999999999999999e-02 -2.3999999999999997e-02 4.0000000000000001e-03  1.4918072643457997e-03
-1.4999999999999999e-02 -2.0999999999999998e-02 4.0000000000000001e-03  1.4774426122308041e-03
-1.4999999999999999e-02 -1.7999999999999999e-02 4.0000000000000001e-03  1.4580482116330479e-03
-1.4999999999999999e-02 -1.4999999999999999e-02 4.0000000000000001e-03  1.4393303276777326e-03
-1.4999999999999999e-02 -1.1999999999999997e-02 4.0000000000000001e-03  1.4212943731571513e-03
-1.4999999999999999e-02 -8.9999999999999941e-03 4.0000000000000001e-03  1.4057384971683793e-03
-1.4999999999999999e-02 -5.9999999999999984e-03 4.0000000000000001e-03  1.3917601701816755e-03
-1.4999999999999999e-02 -2.9999999999999957e-03 4.0000000000000001e-03  1.3792741515849948e-03
-1.4999999999999999e-02 0.0000000000000000e+00 4.0000000000000001e-03  1.3682820984541148e-03
-1.4999999999999999e-02 3.0000000000000027e-03 4.0000000000000001e-03  1.3587867078211568e-03
-1.4999999999999999e-02 6.0000000000000053e-03 4.0000000000000001e-03  1.3553436821347957e-03
-1.4999999999999999e-02 9.0000000000000011e-03 4.0000000000000001e-03  1.3546827237004297e-03
-1.4999999999999999e-02 1.2000000000000004e-02 4.0000000000000001e-03  1.3610685041622853e-03
-1.4999999999999999e-02 1.4999999999999999e-02 4.0000000000000001e-03  1.3677237159747848e-03
-1.4999999999999999e-02 1.8000000000000002e-02 4.0000000000000001e-03  1.3775261827902133e-03
-1.4999999999999999e-02 2.1000000000000005e-02 4.0000000000000001e-03  1.3980997198483926e-03
-1.4999999999999999e-02 2.4000000000000007e-02 4.0000000000000001e-03  1.4150957086663028e-03
-1.4999999999999999e-02 2.7000000000000010e-02 4.0000000000000001e-03  1.4344356260137950e-03
-1.4999999999999999e-02 2.9999999999999999e-02 4.0000000000000001e-03  1.4586279895040090e-03
-1.4999999999999999e-02 3.3000000000000002e-02 4.0000000000000001e-03  1.4876626210355163e-03
-1.4999999999999999e-02 3.6000000000000004e-02 4.0000000000000001e-03  1.5258846135703702e-03
-1.4999999999999999e-02 3.9000000000000007e-02 4.0000000000000001e-03  1.5843678260091137e-03
-1.4999999999999999e-02 4.2000000000000010e-02 4.0000000000000001e-03  1.6453214483400974e-03
-1.4999999999999999e-02 4.4999999999999998e-02 4.0000000000000001e-03  1.7397298076637293e-03
-1.1999999999999997e-02 -4.4999999999999998e-02 4.0000000000000001e-03  1.9992871459262431e-03
-1.1999999999999997e-02 -4.1999999999999996e-02 4.0000000000000001e-03  1.8723810705700171e-03
-1.1999999999999997e-02 -3.9000000000000000e-02 4.0000000000000001e-03  1.7641329605312666e-03
-1.1999999999999997e-02 -3.5999999999999997e-02 4.0000000000000001e-03  1.6737005066796975e-03
-1.1999999999999997e-02 -3.3000000000000002e-02 4.0000000000000001e-03  1.6002097263124802e-03
-1.1999999999999997e-02 -2.9999999999999999e-02 4.0000000000000001e-03  1.5427549631542394e-03
-1.1999999999999997e-02 -2.6999999999999996e-02 4.0000000000000001e-03  1.5069052585778425e-03
-1.1999999999999997e-02 -2.3999999999999997e-02 4.0000000000000001e-03  1.4973647627860281e-03
-1.1999999999999997e-02 -2.0999999999999998e-02 4.0000000000000001e-03  1.4816119982107570e-03
-1.1999999999999997e-02 -1.7999999999999999e-02 4.0000000000000001e-03  1.4511985152647967e-03
-1.1999999999999997e-02 -1.4999999999999999e-02 4.0000000000000001e-03  1.4327234198889761e-03
-1.1999999999999997e-02 -1.1999999999999997e-02 4.0000000000000001e-03  1.4149310997326788e-03
-1.1999999999999997e-02 -8.9999999999999941e-03 4.0000000000000001e-03  1.3978272781480401e-03
-1.1999999999999997e-02 -5.9999999999999984e-03 4.0000000000000001e-03  1.3835850844929525e-03
-1.1999999999999997e-02 -2.9999999999999957e-03 4.0000000000000001e-03  1.3710344729542516e-03
-1.1999999999999997e-02 0.0000000000000000e+00 4.0000000000000001e-03  1.3599821411676182e-03
-1.1999999999999997e-02 3.0000000000000027e-03 4.0000000000000001e-03  1.3504309897420304e-03
-1.1999999999999997e-02 6.0000000000000053e-03 4.0000000000000001e-03  1.3489011944579166e-03
-1.1999999999999997e-02 9.0000000000000011e-03 4.0000000000000001e-03  1.3497101504559470e-03
-1.1999999999999997e-02 1.2000000000000004e-02 4.0000000000000001e-03  1.3575209488104964e-03
-1.1999999999999997e-02 1.4999999999999999e-02 4.0000000000000001e-03  1.3647922500846432e-03
-1.1999999999999997e-02 1.8000000000000002e-02 4.0000000000000001e-03  1.3715181439166286e-03
-1.1999999999999997e-02 2.1000000000000005e-02 4.0000000000000001e-03  1.3852323955953333e-03
-1.1999999999999997e-02 2.4000000000000007e-02 4.0000000000000001e-03  1.4106397027918961e-03
-1.1999999999999997e-02 2.7000000000000010e-02 4.0000000000000001e-03  1.4310106158879131e-03
-1.1999999999999997e-02 2.9999999999999999e-02 4.0000000000000001e-03  1.4526313207857331e-03
-1.1999999999999997e-02 3.3000000000000002e-02 4.0000000000000001e-03  1.4790962554616476e-03
-1.1999999999999997e-02 3.6000000000000004e-02 4.0000000000000001e-03  1.5218883686018189e-03
-1.1999999999999997e-02 3.9000000000000007e-02 4.0000000000000001e-03  1.5808625885191509e-03
-1.1999999999999997e-02 4.2000000000000010e-02 4.0000000000000001e-03  1.6431784029127621e-03
-1.1999999999999997e-02 4.4999999999999998e-02 4.0000000000000001e-03  1.7613053330827828e-03
-8.9999999999999941e-03 -4.4999999999999998e-02 4.0000000000000001e-03  1.9998387415313358e-03
-8.9999999999999941e-03 -4.1999999999999996e-02 4.0000000000000001e-03  1.8717482163412857e-03
-8.9999999999999941e-03 -3.9000000000000000e-02 4.0000000000000001e-03  1.7624168844560069e-03
-8.9999999999999941e-03 -3.5999999999999997e-02 4.0000000000000001e-03  1.6709972156906262e-03
-8.9999999999999941e-03 -3.3000000000000002e-02 4.0000000000000001e-03  1.5966100062877403e-03
-8.9999999999999941e-03 -2.9999999999999999e-02 4.0000000000000001e-03  1.5383443789174017e-03
-8.9999999999999941e-03 -2.6999999999999996e-02 4.0000000000000001e-03  1.5169557759897316e-03
-8.9999999999999941e-03 -2.3999999999999997e-02 4.0000000000000001e-03  1.5020060592450955e-03
-8.9999999999999941e-03 -2.0999999999999998e-02 4.0000000000000001e-03  1.4861783756737624e-03
-8.9999999999999941e-03 -1.7999999999999999e-02 4.0000000000000001e-03  1.4547456825980735e-03
-8.9999999999999941e-03 -1.4999999999999999e-02 4.0000000000000001e-03  1.4274667264245497e-03
-8.9999999999999941e-03 -1.1999999999999997e-02 4.0000000000000001e-03  1.4099171885292418e-03
-8.9999999999999941e-03 -8.9999999999999941e-03 4.0000000000000001e-03  1.3930582247021371e-03
-8.9999999999999941e-03 -5.9999999999999984e-03 4.0000000000000001e-03  1.3768958688552132e-03
-8.9999999999999941e-03 -2.9999999999999957e-03 4.0000000000000001e-03  1.3639348679707912e-03
-8.9999999999999941e-03 0.0000000000000000e+00 4.0000000000000001e-03  1.3528216734778513e-03
-8.9999999999999941e-03 3.0000000000000027e-03 4.0000000000000001e-03  1.3450340975314653e-03
-8.9999999999999941e-03 6.0000000000000053e-03 4.0000000000000001e-03  1.3437226740678977e-03
-8.9999999999999941e-03 9.0000000000000011e-03 4.0000000000000001e-03  1.3471947952950914e-03
-8.9999999999999941e-03 1.2000000000000004e-02 4.0000000000000001e-03  1.3556234804370311e-03
-8.9999999999999941e-03 1.4999999999999999e-02 4.0000000000000001e-03  1.3635122219456623e-03
-8.9999999999999941e-03 1.8000000000000002e-02 4.0000000000000001e-03  1.3708539024586920e-03
-8.9999999999999941e-03 2.1000000000000005e-02 4.0000000000000001e-03  1.3776460818341546e-03
-8.9999999999999941e-03 2.4000000000000007e-02 4.0000000000000001e-03  1.3965170364107012e-03
-8.9999999999999941e-03 2.7000000000000010e-02 4.0000000000000001e-03  1.4267633900846579e-03
-8.9999999999999941e-03 2.9999999999999999e-02 4.0000000000000001e-03  1.4497117975024085e-03
-8.9999999999999941e-03 3.3000000000000002e-02 4.0000000000000001e-03  1.4736080636845513e-03
-8.9999999999999941e-03 3.6000000000000004e-02 4.0000000000000001e-03  1.5228362050163236e-03
-8.9999999999999941e-03 3.9000000000000007e-02 4.0000000000000001e-03  1.5804150946043304e-03
-8.9999999999999941e-03 4.2000000000000010e-02 4.0000000000000001e-03  1.6485406575212952e-03
-8.9999999999999941e-03 4.4999999999999998e-02 4.0000000000000001e-03  1.7706434269388225e-03
-5.9999999999999984e-03 -4.4999999999999998e-02 4.0000000000000001e-03  2.0013555052882550e-03
-5.9999999999999984e-03 -4.1999999999999996e-02 4.0000000000000001e-03  1.8721049314417394e-03
-5.9999999999999984e-03 -3.9000000000000000e-02 4.0000000000000001e-03  1.7617148444795737e-03
-5.9999999999999984e-03 -3.5999999999999997e-02 4.0000000000000001e-03  1.6693324931623145e-03
-5.9999999999999984e-03 -3.3000000000000002e-02 4.0000000000000001e-03  1.5940734526779816e-03
-5.9999999999999984e-03 -2.9999999999999999e-02 4.0000000000000001e-03  1.5458926896166848e-03
-5.9999999999999984e-03 -2.6999999999999996e-02 4.0000000000000001e-03  1.5266622850621252e-03
-5.9999999999999984e-03 -2.3999999999999997e-02 4.0000000000000001e-03  1.5057311123412580e-03
-5.9999999999999984e-03 -2.0999999999999998e-02 4.0000000000000001e-03  1.4890043888545336e-03
-5.9999999999999984e-03 -1.7999999999999999e-02 4.0000000000000001e-03  1.4580499952683015e-03
-5.9999999999999984e-03 -1.4999999999999999e-02 4.0000000000000001e-03  1.4301651280758179e-03
-5.9999999999999984e-03 -1.1999999999999997e-02 4.0000000000000001e-03  1.4062897628027561e-03
-5.9999999999999984e-03 -8.9999999999999941e-03 4.0000000000000001e-03  1.3896268430402120e-03
-5.9999999999999984e-03 -5.9999999999999984e-03 4.0000000000000001e-03  1.3737134793301261e-03
-5.9999999999999984e-03 -2.9999999999999957e-03 4.0000000000000001e-03  1.3585063732803346e-03
-5.9999999999999984e-03 0.0000000000000000e+00 4.0000000000000001e-03  1.3467994925464614e-03
-5.9999999999999984e-03 3.0000000000000027e-03 4.0000000000000001e-03  1.3410323728008996e-03
-5.9999999999999984e-03 6.0000000000000053e-03 4.0000000000000001e-03  1.3398071153613276e-03
-5.9999999999999984e-03 9.0000000000000011e-03 4.0000000000000001e-03  1.3463284057814461e-03
-5.9999999999999984e-03 1.2000000000000004e-02 4.0000000000000001e-03  1.3553761050333580e-03
-5.9999999999999984e-03 1.4999999999999999e-02 4.0000000000000001e-03  1.3638838657844576e-03
-5.9999999999999984e-03 1.8000000000000002e-02 4.0000000000000001e-03  1.3718433636719114e-03
-5.9999999999999984e-03 2.1000000000000005e-02 4.0000000000000001e-03  1.3792509515532284e-03
-5.9999999999999984e-03 2.4000000000000007e-02 4.0000000000000001e-03  1.3861076595062438e-03
-5.9999999999999984e-03 2.7000000000000010e-02 4.0000000000000001e-03  1.4113811678405897e-03
-5.9999999999999984e-03 2.9999999999999999e-02 4.0000000000000001e-03  1.4464695535854148e-03
-5.9999999999999984e-03 3.3000000000000002e-02 4.0000000000000001e-03  1.4711998100800858e-03
-5.9999999999999984e-03 3.6000000000000004e-02 4.0000000000000001e-03  1.5286714665512266e-03
-5.9999999999999984e-03 3.9000000000000007e-02 4.0000000000000001e-03  1.5681510244760118e-03
-5.9999999999999984e-03 4.2000000000000010e-02 4.0000000000000001e-03  1.6298445733450666e-03
-5.9999999999999984e-03 4.4999999999999998e-02 4.0000000000000001e-03  1.7454606192429966e-03
-2.9999999999999957e-03 -4.4999999999999998e-02 4.0000000000000001e-03  2.0038373981756288e-03
-2.9999999999999957e-03 -4.1999999999999996e-02 4.0000000000000001e-03  1.8734521578726200e-03
-2.9999999999999957e-03 -3.9000000000000000e-02 4.0000000000000001e-03  1.7620287636258268e-03
-2.9999999999999957e-03 -3.5999999999999997e-02 4.0000000000000001e-03  1.6687092431412352e-03
-2.9999999999999957e-03 -3.3000000000000002e-02 4.0000000000000001e-03  1.5926039505522900e-03
-2.9999999999999957e-03 -2.9999999999999999e-02 4.0000000000000001e-03  1.5618566333240912e-03
-2.9999999999999957e-03 -2.6999999999999996e-02 4.0000000000000001e-03  1.5360246951969037e-03
-2.9999999999999957e-03 -2.3999999999999997e-02 4.0000000000000001e-03  1.5085400707709102e-03
-2.9999999999999957e-03 -2.0999999999999998e-02 4.0000000000000001e-03  1.4909107492293160e-03
-2.9999999999999957e-03 -1.7999999999999999e-02 4.0000000000000001e-03  1.4603745738717166e-03
-2.9999999999999957e-03 -1.4999999999999999e-02 4.0000000000000001e-03  1.4321210054338476e-03
-2.9999999999999957e-03 -1.1999999999999997e-02 4.0000000000000001e-03  1.4078688985834323e-03
-2.9999999999999957e-03 -8.9999999999999941e-03 4.0000000000000001e-03  1.3876295399043637e-03
-2.9999999999999957e-03 -5.9999999999999984e-03 4.0000000000000001e-03  1.3718603249143781e-03
-2.9999999999999957e-03 -2.9999999999999957e-03 4.0000000000000001e-03  1.3569092563667838e-03
-2.9999999999999957e-03 0.0000000000000000e+00 4.0000000000000001e-03  1.3426756354311966e-03
-2.9999999999999957e-03 3.0000000000000027e-03 4.0000000000000001e-03  1.3382925031204238e-03
-2.9999999999999957e-03 6.0000000000000053e-03 4.0000000000000001e-03  1.3371540685865116e-03
-2.9999999999999957e-03 9.0000000000000011e-03 4.0000000000000001e-03  1.3471108710672341e-03
-2.9999999999999957e-03 1.2000000000000004e-02 4.0000000000000001e-03  1.3567789399868441e-03
-2.9999999999999957e-03 1.4999999999999999e-02 4.0000000000000001e-03  1.3659075272235385e-03
-2.9999999999999957e-03 1.8000000000000002e-02 4.0000000000000001e-03  1.3744238979987761e-03
-2.9999999999999957e-03 2.1000000000000005e-02 4.0000000000000001e-03  1.3822228088203790e-03
-2.9999999999999957e-03 2.4000000000000007e-02 4.0000000000000001e-03  1.3900550979997085e-03
-2.9999999999999957e-03 2.7000000000000010e-02 4.0000000000000001e-03  1.3979169025359855e-03
-2.9999999999999957e-03 2.9999999999999999e-02 4.0000000000000001e-03  1.4268320052390254e-03
-2.9999999999999957e-03 3.3000000000000002e-02 4.0000000000000001e-03  1.4696632809411171e-03
-2.9999999999999957e-03 3.6000000000000004e-02 4.0000000000000001e-03  1.4917056415593654e-03
-2.9999999999999957e-03 3.9000000000000007e-02 4.0000000000000001e-03  1.5413169097952312e-03
-2.9999999999999957e-03 4.2000000000000010e-02 4.0000000000000001e-03  1.6125723036180472e-03
-2.9999999999999957e-03 4.4999999999999998e-02 4.0000000000000001e-03  1.7037265205888232e-03
0.0000000000000000e+00 -4.4999999999999998e-02 4.0000000000000001e-03  2.0072848906780780e-03
0.0000000000000000e+00 -4.1999999999999996e-02 4.0000000000000001e-03  1.8757913471411582e-03
0.0000000000000000e+00 -3.9000000000000000e-02 4.0000000000000001e-03  1.7633610744246129e-03
0.0000000000000000e+00 -3.5999999999999997e-02 4.0000000000000001e-03  1.6691308791798513e-03
0.0000000000000000e+00 -3.3000000000000002e-02 4.0000000000000001e-03  1.6084907866397631e-03
0.0000000000000000e+00 -2.9999999999999999e-02 4.0000000000000001e-03  1.5774824309874676e-03
0.0000000000000000e+00 -2.6999999999999996e-02 4.0000000000000001e-03  1.5450430024575141e-03
0.0000000000000000e+00 -2.3999999999999997e-02 4.0000000000000001e-03  1.5104332733085486e-03
0.0000000000000000e+00 -2.0999999999999998e-02 4.0000000000000001e-03  1.4918973125583618e-03
0.0000000000000000e+00 -1.7999999999999999e-02 4.0000000000000001e-03  1.4617176831527468e-03
0.0000000000000000e+00 -1.4999999999999999e-02 4.0000000000000001e-03  1.4331010364214203e-03
0.0000000000000000e+00 -1.1999999999999997e-02 4.0000000000000001e-03  1.4084806325464635e-03
0.0000000000000000e+00 -8.9999999999999941e-03 4.0000000000000001e-03  1.3878658396384194e-03
0.0000000000000000e+00 -5.9999999999999984e-03 4.0000000000000001e-03  1.3712706939596100e-03
0.0000000000000000e+00 -2.9999999999999957e-03 4.0000000000000001e-03  1.3566361916503441e-03
0.0000000000000000e+00 0.0000000000000000e+00 4.0000000000000001e-03  1.3430277605320684e-03
0.0000000000000000e+00 3.0000000000000027e-03 4.0000000000000001e-03  1.3378986808607128e-03
0.0000000000000000e+00 6.0000000000000053e-03 4.0000000000000001e-03  1.3387290117249870e-03
0.0000000000000000e+00 9.0000000000000011e-03 4.0000000000000001e-03  1.3489483580283405e-03
0.0000000000000000e+00 1.2000000000000004e-02 4.0000000000000001e-03  1.3579804819601209e-03
0.0000000000000000e+00 1.4999999999999999e-02 4.0000000000000001e-03  1.3670807690892950e-03
0.0000000000000000e+00 1.8000000000000002e-02 4.0000000000000001e-03  1.3762309569947419e-03
0.0000000000000000e+00 2.1000000000000005e-02 4.0000000000000001e-03  1.3854169661030402e-03
0.0000000000000000e+00 2.4000000000000007e-02 4.0000000000000001e-03  1.3915257363546270e-03
0.0000000000000000e+00 2.7000000000000010e-02 4.0000000000000001e-03  1.3934434103028198e-03
0.0000000000000000e+00 2.9999999999999999e-02 4.0000000000000001e-03  1.4170615345875449e-03
0.0000000000000000e+00 3.3000000000000002e-02 4.0000000000000001e-03  1.4608078401418063e-03
0.0000000000000000e+00 3.6000000000000004e-02 4.0000000000000001e-03  1.5045012212085657e-03
0.0000000000000000e+00 3.9000000000000007e-02 4.0000000000000001e-03  1.5665255581933087e-03
0.0000000000000000e+00 4.2000000000000010e-02 4.0000000000000001e-03  1.6470268307673343e-03
0.0000000000000000e+00 4.4999999999999998e-02 4.0000000000000001e-03  1.7453457879898029e-03
3.0000000000000027e-03 -4.4999999999999998e-02 4.0000000000000001e-03  2.0116989627861994e-03
3.0000000000000027e-03 -4.1999999999999996e-02 4.0000000000000001e-03  1.8791244602605706e-03
3.0000000000000027e-03 -3.9000000000000000e-02 4.0000000000000001e-03  1.7657147189117572e-03
3.0000000000000027e-03 -3.5999999999999997e-02 4.0000000000000001e-03  1.6706013243365926e-03
3.0000000000000027e-03 -3.3000000000000002e-02 4.0000000000000001e-03  1.6304332992377376e-03
3.0000000000000027e-03 -2.9999999999999999e-02 4.0000000000000001e-03  1.5927699118502264e-03
3.0000000000000027e-03 -2.6999999999999996e-02 4.0000000000000001e-03  1.5537172895689942e-03
3.0000000000000027e-03 -2.3999999999999997e-02 4.0000000000000001e-03  1.5125410418055836e-03
3.0000000000000027e-03 -2.0999999999999998e-02 4.0000000000000001e-03  1.4919641246800516e-03
3.0000000000000027e-03 -1.7999999999999999e-02 4.0000000000000001e-03  1.4620778712996719e-03
3.0000000000000027e-03 -1.4999999999999999e-02 4.0000000000000001e-03  1.4331027877944439e-03
3.0000000000000027e-03 -1.1999999999999997e-02 4.0000000000000001e-03  1.4081215500153931e-03
3.0000000000000027e-03 -8.9999999999999941e-03 4.0000000000000001e-03  1.3871416075997027e-03
3.0000000000000027e-03 -5.9999999999999984e-03 4.0000000000000001e-03  1.3701750783363415e-03
3.0000000000000027e-03 -2.9999999999999957e-03 4.0000000000000001e-03  1.3572387481660649e-03
3.0000000000000027e-03 0.0000000000000000e+00 4.0000000000000001e-03  1.3463115095673430e-03
3.0000000000000027e-03 3.0000000000000027e-03 4.0000000000000001e-03  1.3404883186591853e-03
3.0000000000000027e-03 6.0000000000000053e-03 4.0000000000000001e-03  1.3388532757935424e-03
3.0000000000000027e-03 9.0000000000000011e-03 4.0000000000000001e-03  1.3468463122155504e-03
3.0000000000000027e-03 1.2000000000000004e-02 4.0000000000000001e-03  1.3575259743813055e-03
3.0000000000000027e-03 1.4999999999999999e-02 4.0000000000000001e-03  1.3688627574522797e-03
3.0000000000000027e-03 1.8000000000000002e-02 4.0000000000000001e-03  1.3762893380853951e-03
3.0000000000000027e-03 2.1000000000000005e-02 4.0000000000000001e-03  1.3833566035846604e-03
3.0000000000000027e-03 2.4000000000000007e-02 4.0000000000000001e-03  1.3924743767763756e-03
3.0000000000000027e-03 2.7000000000000010e-02 4.0000000000000001e-03  1.4011774709991483e-03
3.0000000000000027e-03 2.9999999999999999e-02 4.0000000000000001e-03  1.4151937898910668e-03
3.0000000000000027e-03 3.3000000000000002e-02 4.0000000000000001e-03  1.4549591089149379e-03
3.0000000000000027e-03 3.6000000000000004e-02 4.0000000000000001e-03  1.5010643012586032e-03
3.0000000000000027e-03 3.9000000000000007e-02 4.0000000000000001e-03  1.5617316974103693e-03
3.0000000000000027e-03 4.2000000000000010e-02 4.0000000000000001e-03  1.6494475838378327e-03
3.0000000000000027e-03 4.4999999999999998e-02 4.0000000000000001e-03  1.7797762930590732e-03
6.0000000000000053e-03 -4.4999999999999998e-02 4.0000000000000001e-03  2.0170811039965809e-03
6.0000000000000053e-03 -4.1999999999999996e-02 4.0000000000000001e-03  1.8834539677500515e-03
6.0000000000000053e-03 -3.9000000000000000e-02 4.0000000000000001e-03  1.7690931486290704e-03
6.0000000000000053e-03 -3.5999999999999997e-02 4.0000000000000001e-03  1.6958818562451295e-03
6.0000000000000053e-03 -3.3000000000000002e-02 4.0000000000000001e-03  1.6520416779649740e-03
6.0000000000000053e-03 -2.9999999999999999e-02 4.0000000000000001e-03  1.6077189918173777e-03
6.0000000000000053e-03 -2.6999999999999996e-02 4.0000000000000001e-03  1.5620477259179707e-03
6.0000000000000053e-03 -2.3999999999999997e-02 4.0000000000000001e-03  1.5143112570586636e-03
6.0000000000000053e-03 -2.0999999999999998e-02 4.0000000000000001e-03  1.4911114215108920e-03
6.0000000000000053e-03 -1.7999999999999999e-02 4.0000000000000001e-03  1.4614539699446300e-03
6.0000000000000053e-03 -1.4999999999999999e-02 4.0000000000000001e-03  1.4321241097526832e-03
6.0000000000000053e-03 -1.1999999999999997e-02 4.0000000000000001e-03  1.4067885197576126e-03
6.0000000000000053e-03 -8.9999999999999941e-03 4.0000000000000001e-03  1.3854527311232393e-03
6.0000000000000053e-03 -5.9999999999999984e-03 4.0000000000000001e-03  1.3704105861724891e-03
6.0000000000000053e-03 -2.9999999999999957e-03 4.0000000000000001e-03  1.3621876800328735e-03
6.0000000000000053e-03 0.0000000000000000e+00 4.0000000000000001e-03  1.3501986024646150e-03
6.0000000000000053e-03 3.0000000000000027e-03 4.0000000000000001e-03  1.3440486974785418e-03
6.0000000000000053e-03 6.0000000000000053e-03 4.0000000000000001e-03  1.3410668160726913e-03
6.0000000000000053e-03 9.0000000000000011e-03 4.0000000000000001e-03  1.3536128845808297e-03
6.0000000000000053e-03 1.2000000000000004e-02 4.0000000000000001e-03  1.3646337167293710e-03
6.0000000000000053e-03 1.4999999999999999e-02 4.0000000000000001e-03  1.3754555926506651e-03
6.0000000000000053e-03 1.8000000000000002e-02 4.0000000000000001e-03  1.3858529809292568e-03
6.0000000000000053e-03 2.1000000000000005e-02 4.0000000000000001e-03  1.3958222978063353e-03
6.0000000000000053e-03 2.4000000000000007e-02 4.0000000000000001e-03  1.4053642598664240e-03
6.0000000000000053e-03 2.7000000000000010e-02 4.0000000000000001e-03  1.4144838840373952e-03
6.0000000000000053e-03 2.9999999999999999e-02 4.0000000000000001e-03  1.4240412032970225e-03
6.0000000000000053e-03 3.3000000000000002e-02 4.0000000000000001e-03  1.4528959329350450e-03
6.0000000000000053e-03 3.6000000000000004e-02 4.0000000000000001e-03  1.5005264845074113e-03
6.0000000000000053e-03 3.9000000000000007e-02 4.0000000000000001e-03  1.5637112541851568e-03
6.0000000000000053e-03 4.2000000000000010e-02 4.0000000000000001e-03  1.6418056642228641e-03
6.0000000000000053e-03 4.4999999999999998e-02 4.0000000000000001e-03  1.7410111426075690e-03
9.0000000000000011e-03 -4.4999999999999998e-02 4.0000000000000001e-03  2.0234333133117895e-03
9.0000000000000011e-03 -4.1999999999999996e-02 4.0000000000000001e-03  1.8887828496347888e-03
9.0000000000000011e-03 -3.9000000000000000e-02 4.0000000000000001e-03  1.7749030131448459e-03
9.0000000000000011e-03 -3.5999999999999997e-02 4.0000000000000001e-03  1.7238408674094649e-03
9.0000000000000011e-03 -3.3000000000000002e-02 4.0000000000000001e-03  1.6733156719064501e-03
9.0000000000000011e-03 -2.9999999999999999e-02 4.0000000000000001e-03  1.6223296734555184e-03
9.0000000000000011e-03 -2.6999999999999996e-02 4.0000000000000001e-03  1.5700345675526640e-03
9.0000000000000011e-03 -2.3999999999999997e-02 4.0000000000000001e-03  1.5157314983701626e-03
9.0000000000000011e-03 -2.0999999999999998e-02 4.0000000000000001e-03  1.4893396290455074e-03
9.0000000000000011e-03 -1.7999999999999999e-02 4.0000000000000001e-03  1.4607333879582908e-03
9.0000000000000011e-03 -1.4999999999999999e-02 4.0000000000000001e-03  1.4353989316390236e-03
9.0000000000000011e-03 -1.1999999999999997e-02 4.0000000000000001e-03  1.4144727860255313e-03
9.0000000000000011e-03 -8.9999999999999941e-03 4.0000000000000001e-03  1.3979651211932956e-03
9.0000000000000011e-03 -5.9999999999999984e-03 4.0000000000000001e-03  1.3858902655826660e-03
9.0000000000000011e-03 -2.9999999999999957e-03 4.0000000000000001e-03  1.3782667059988596e-03
9.0000000000000011e-03 0.0000000000000000e+00 4.0000000000000001e-03  1.3618527898651787e-03
9.0000000000000011e-03 3.0000000000000027e-03 4.0000000000000001e-03  1.3532632131854710e-03
9.0000000000000011e-03 6.0000000000000053e-03 4.0000000000000001e-03  1.3527681171046314e-03
9.0000000000000011e-03 9.0000000000000011e-03 4.0000000000000001e-03  1.3630013863808871e-03
9.0000000000000011e-03 1.2000000000000004e-02 4.0000000000000001e-03  1.3746647164374448e-03
9.0000000000000011e-03 1.4999999999999999e-02 4.0000000000000001e-03  1.3859071745222652e-03
9.0000000000000011e-03 1.8000000000000002e-02 4.0000000000000001e-03  1.3967212982716804e-03
9.0000000000000011e-03 2.1000000000000005e-02 4.0000000000000001e-03  1.4071039256653704e-03
9.0000000000000011e-03 2.4000000000000007e-02 4.0000000000000001e-03  1.4170561950263500e-03
9.0000000000000011e-03 2.7000000000000010e-02 4.0000000000000001e-03  1.4264971686395668e-03
9.0000000000000011e-03 2.9999999999999999e-02 4.0000000000000001e-03  1.4377257751805757e-03
9.0000000000000011e-03 3.3000000000000002e-02 4.0000000000000001e-03  1.4541157471995379e-03
9.0000000000000011e-03 3.6000000000000004e-02 4.0000000000000001e-03  1.5029081388149425e-03
9.0000000000000011e-03 3.9000000000000007e-02 4.0000000000000001e-03  1.5685941073431322e-03
9.0000000000000011e-03 4.2000000000000010e-02 4.0000000000000001e-03  1.6491708619133674e-03
9.0000000000000011e-03 4.4999999999999998e-02 4.0000000000000001e-03  1.7452203913199689e-03
1.2000000000000004e-02 -4.4999999999999998e-02 4.0000000000000001e-03  2.0307580992403795e-03
1.2000000000000004e-02 -4.1999999999999996e-02 4.0000000000000001e-03  1.8951145954459430e-03
1.2000000000000004e-02 -3.9000000000000000e-02 4.0000000000000001e-03  1.8092204016291909e-03
1.2000000000000004e-02 -3.5999999999999997e-02 4.0000000000000001e-03  1.7514679067542065e-03
1.2000000000000004e-02 -3.3000000000000002e-02 4.0000000000000001e-03  1.6942551168087202e-03
1.2000000000000004e-02 -2.9999999999999999e-02 4.0000000000000001e-03  1.6366020459928205e-03
1.2000000000000004e-02 -2.6999999999999996e-02 4.0000000000000001e-03  1.5776781571828682e-03
1.2000000000000004e-02 -2.3999999999999997e-02 4.0000000000000001e-03  1.5198949312109256e-03
1.2000000000000004e-02 -2.0999999999999998e-02 4.0000000000000001e-03  1.5005544132058620e-03
1.2000000000000004e-02 -1.7999999999999999e-02 4.0000000000000001e-03  1.4741658567964762e-03
1.2000000000000004e-02 -1.4999999999999999e-02 4.0000000000000001e-03  1.4494045014626141e-03
1.2000000000000004e-02 -1.1999999999999997e-02 4.0000000000000001e-03  1.4290604056630429e-03
1.2000000000000004e-02 -8.9999999999999941e-03 4.0000000000000001e-03  1.4131408976008420e-03
1.2000000000000004e-02 -5.9999999999999984e-03 4.0000000000000001e-03  1.4016574638439582e-03
1.2000000000000004e-02 -2.9999999999999957e-03 4.0000000000000001e-03  1.3915293567753765e-03
1.2000000000000004e-02 0.0000000000000000e+00 4.0000000000000001e-03  1.3672646366290049e-03
1.2000000000000004e-02 3.0000000000000027e-03 4.0000000000000001e-03  1.3522854147546930e-03
1.2000000000000004e-02 6.0000000000000053e-03 4.0000000000000001e-03  1.3731089701919394e-03
1.2000000000000004e-02 9.0000000000000011e-03 4.0000000000000001e-03  1.3776130062190311e-03
1.2000000000000004e-02 1.2000000000000004e-02 4.0000000000000001e-03  1.3835691422797456e-03
1.2000000000000004e-02 1.4999999999999999e-02 4.0000000000000001e-03  1.3952055234371531e-03
1.2000000000000004e-02 1.8000000000000002e-02 4.0000000000000001e-03  1.4064148010093998e-03
1.2000000000000004e-02 2.1000000000000005e-02 4.0000000000000001e-03  1.4171942347146564e-03
1.2000000000000004e-02 2.4000000000000007e-02 4.0000000000000001e-03  1.4275453846144361e-03
1.2000000000000004e-02 2.7000000000000010e-02 4.0000000000000001e-03  1.4375380661269636e-03
1.2000000000000004e-02 2.9999999999999999e-02 4.0000000000000001e-03  1.4504574382050673e-03
1.2000000000000004e-02 3.3000000000000002e-02 4.0000000000000001e-03  1.4680936170555212e-03
1.2000000000000004e-02 3.6000000000000004e-02 4.0000000000000001e-03  1.5082303746848905e-03
1.2000000000000004e-02 3.9000000000000007e-02 4.0000000000000001e-03  1.5763961203855840e-03
1.2000000000000004e-02 4.2000000000000010e-02 4.0000000000000001e-03  1.6594534424527101e-03
1.2000000000000004e-02 4.4999999999999998e-02 4.0000000000000001e-03  1.7579030094039480e-03
1.4999999999999999e-02 -4.4999999999999998e-02 4.0000000000000001e-03  2.0390584797968900e-03
1.4999999999999999e-02 -4.1999999999999996e-02 4.0000000000000001e-03  1.9093035569074381e-03
1.4999999999999999e-02 -3.9000000000000000e-02 4.0000000000000001e-03  1.8432066281164356e-03
1.4999999999999999e-02 -3.5999999999999997e-02 4.0000000000000001e-03  1.7787626432058808e-03
1.4999999999999999e-02 -3.3000000000000002e-02 4.0000000000000001e-03  1.7148599350799354e-03
1.4999999999999999e-02 -2.9999999999999999e-02 4.0000000000000001e-03  1.6505362853190570e-03
1.4999999999999999e-02 -2.6999999999999996e-02 4.0000000000000001e-03  1.5935097471554884e-03
1.4999999999999999e-02 -2.3999999999999997e-02 4.0000000000000001e-03  1.5438583887799463e-03
1.4999999999999999e-02 -2.0999999999999998e-02 4.0000000000000001e-03  1.5165937556239479e-03
1.4999999999999999e-02 -1.7999999999999999e-02 4.0000000000000001e-03  1.4879625441287121e-03
1.4999999999999999e-02 -1.4999999999999999e-02 4.0000000000000001e-03  1.4637587492853177e-03
1.4999999999999999e-02 -1.1999999999999997e-02 4.0000000000000001e-03  1.4439826990595679e-03
1.4999999999999999e-02 -8.9999999999999941e-03 4.0000000000000001e-03  1.4286388797821383e-03
1.4999999999999999e-02 -5.9999999999999984e-03 4.0000000000000001e-03  1.4159147717366653e-03
1.4999999999999999e-02 -2.9999999999999957e-03 4.0000000000000001e-03  1.3998729733928118e-03
1.4999999999999999e-02 0.0000000000000000e+00 4.0000000000000001e-03  1.3781416944170430e-03
1.4999999999999999e-02 3.0000000000000027e-03 4.0000000000000001e-03  1.3604551727801903e-03
1.4999999999999999e-02 6.0000000000000053e-03 4.0000000000000001e-03  1.3800733260668652e-03
1.4999999999999999e-02 9.0000000000000011e-03 4.0000000000000001e-03  1.3950295422951679e-03
1.4999999999999999e-02 1.2000000000000004e-02 4.0000000000000001e-03  1.4004063297155043e-03
1.4999999999999999e-02 1.4999999999999999e-02 4.0000000000000001e-03  1.4033393395605897e-03
1.4999999999999999e-02 1.8000000000000002e-02 4.0000000000000001e-03  1.4149246441130608e-03
1.4999999999999999e-02 2.1000000000000005e-02 4.0000000000000001e-03  1.4260868347302264e-03
1.4999999999999999e-02 2.4000000000000007e-02 4.0000000000000001e-03  1.4368278932120903e-03
1.4999999999999999e-02 2.7000000000000010e-02 4.0000000000000001e-03  1.4476278671677824e-03
1.4999999999999999e-02 2.9999999999999999e-02 4.0000000000000001e-03  1.4622349814974590e-03
1.4999999999999999e-02 3.3000000000000002e-02 4.0000000000000001e-03  1.4815632962319335e-03
1.4999999999999999e-02 3.6000000000000004e-02 4.0000000000000001e-03  1.5248017286040830e-03
1.4999999999999999e-02 3.9000000000000007e-02 4.0000000000000001e-03  1.5876045517259655e-03
1.4999999999999999e-02 4.2000000000000010e-02 4.0000000000000001e-03  1.6726647649835144e-03
1.4999999999999999e-02 4.4999999999999998e-02 4.0000000000000001e-03  1.7735269900836497e-03
1.8000000000000002e-02 -4.4999999999999998e-02 4.0000000000000001e-03  2.0483379825018437e-03
1.8000000000000002e-02 -4.1999999999999996e-02 4.0000000000000001e-03  1.9496331225867286e-03
1.8000000000000002e-02 -3.9000000000000000e-02 4.0000000000000001e-03  1.8768611947130754e-03
1.8000000000000002e-02 -3.5999999999999997e-02 4.0000000000000001e-03  1.8057248323525980e-03
1.8000000000000002e-02 -3.3000000000000002e-02 4.0000000000000001e-03  1.7360987446132963e-03
1.8000000000000002e-02 -2.9999999999999999e-02 4.0000000000000001e-03  1.6731368382262547e-03
1.8000000000000002e-02 -2.6999999999999996e-02 4.0000000000000001e-03  1.6172115522411555e-03
1.8000000000000002e-02 -2.3999999999999997e-02 4.0000000000000001e-03  1.5677312450609506e-03
1.8000000000000002e-02 -2.0999999999999998e-02 4.0000000000000001e-03  1.5302617334474664e-03
1.8000000000000002e-02 -1.7999999999999999e-02 4.0000000000000001e-03  1.5024916717850890e-03
1.8000000000000002e-02 -1.4999999999999999e-02 4.0000000000000001e-03  1.4789458985102017e-03
1.8000000000000002e-02 -1.1999999999999997e-02 4.0000000000000001e-03  1.4581008484985513e-03
1.8000000000000002e-02 -8.9999999999999941e-03 4.0000000000000001e-03  1.4399386296695480e-03
1.8000000000000002e-02 -5.9999999999999984e-03 4.0000000000000001e-03  1.4244613570645944e-03
1.8000000000000002e-02 -2.9999999999999957e-03 4.0000000000000001e-03  1.4119885525675424e-03
1.8000000000000002e-02 0.0000000000000000e+00 4.0000000000000001e-03  1.3946743552519496e-03
1.8000000000000002e-02 3.0000000000000027e-03 4.0000000000000001e-03  1.3809634469754905e-03
1.8000000000000002e-02 6.0000000000000053e-03 4.0000000000000001e-03  1.3942946505157607e-03
1.8000000000000002e-02 9.0000000000000011e-03 4.0000000000000001e-03  1.4100029116882614e-03
1.8000000000000002e-02 1.2000000000000004e-02 4.0000000000000001e-03  1.4189979933330735e-03
1.8000000000000002e-02 1.4999999999999999e-02 4.0000000000000001e-03  1.4210518137306816e-03
1.8000000000000002e-02 1.8000000000000002e-02 4.0000000000000001e-03  1.4222428447764517e-03
1.8000000000000002e-02 2.1000000000000005e-02 4.0000000000000001e-03  1.4337761977112494e-03
1.8000000000000002e-02 2.4000000000000007e-02 4.0000000000000001e-03  1.4449006476238704e-03
1.8000000000000002e-02 2.7000000000000010e-02 4.0000000000000001e-03  1.4567651067259159e-03
1.8000000000000002e-02 2.9999999999999999e-02 4.0000000000000001e-03  1.4730574989373433e-03
1.8000000000000002e-02 3.3000000000000002e-02 4.0000000000000001e-03  1.4941262981863891e-03
1.8000000000000002e-02 3.6000000000000004e-02 4.0000000000000001e-03  1.5418260812103753e-03
1.8000000000000002e-02 3.9000000000000007e-02 4.0000000000000001e-03  1.6069928745012867e-03
1.8000000000000002e-02 4.2000000000000010e-02 4.0000000000000001e-03  1.6898440768788579e-03
1.8000000000000002e-02 4.4999999999999998e-02 4.0000000000000001e-03  1.7920991881430197e-03
2.1000000000000005e-02 -4.4999999999999998e-02 4.0000000000000001e-03  2.0719190315964479e-03
2.1000000000000005e-02 -4.1999999999999996e-02 4.0000000000000001e-03  1.9896300682341892e-03
2.1000000000000005e-02 -3.9000000000000000e-02 4.0000000000000001e-03  1.9098120505787433e-03
2.1000000000000005e-02 -3.5999999999999997e-02 4.0000000000000001e-03  1.8304931510409116e-03
2.1000000000000005e-02 -3.3000000000000002e-02 4.0000000000000001e-03  1.7596825284691177e-03
2.1000000000000005e-02 -2.9999999999999999e-02 4.0000000000000001e-03  1.6966838855036802e-03
2.1000000000000005e-02 -2.6999999999999996e-02 4.0000000000000001e-03  1.6399729584471263e-03
2.1000000000000005e-02 -2.3999999999999997e-02 4.0000000000000001e-03  1.5891938051876026e-03
2.1000000000000005e-02 -2.0999999999999998e-02 4.0000000000000001e-03  1.5539737235450838e-03
2.1000000000000005e-02 -1.7999999999999999e-02 4.0000000000000001e-03  1.5261576449985316e-03
2.1000000000000005e-02 -1.4999999999999999e-02 4.0000000000000001e-03  1.5010626007638975e-03
2.1000000000000005e-02 -1.1999999999999997e-02 4.0000000000000001e-03  1.4786734865600666e-03
2.1000000000000005e-02 -8.9999999999999941e-03 4.0000000000000001e-03  1.4589905802947329e-03
2.1000000000000005e-02 -5.9999999999999984e-03 4.0000000000000001e-03  1.4424483809334851e-03
2.1000000000000005e-02 -2.9999999999999957e-03 4.0000000000000001e-03  1.4291858861625634e-03
2.1000000000000005e-02 0.0000000000000000e+00 4.0000000000000001e-03  1.4170614929992981e-03
2.1000000000000005e-02 3.0000000000000027e-03 4.0000000000000001e-03  1.4074546856224323e-03
2.1000000000000005e-02 6.0000000000000053e-03 4.0000000000000001e-03  1.4162110721287415e-03
2.1000000000000005e-02 9.0000000000000011e-03 4.0000000000000001e-03  1.4323828792206694e-03
2.1000000000000005e-02 1.2000000000000004e-02 4.0000000000000001e-03  1.4420643437865958e-03
2.1000000000000005e-02 1.4999999999999999e-02 4.0000000000000001e-03  1.4450285953970174e-03
2.1000000000000005e-02 1.8000000000000002e-02 4.0000000000000001e-03  1.4411142777505488e-03
2.1000000000000005e-02 2.1000000000000005e-02 4.0000000000000001e-03  1.4402576578800310e-03
2.1000000000000005e-02 2.4000000000000007e-02 4.0000000000000001e-03  1.4517614368774660e-03
2.1000000000000005e-02 2.7000000000000010e-02 4.0000000000000001e-03  1.4649486245178716e-03
2.1000000000000005e-02 2.9999999999999999e-02 4.0000000000000001e-03  1.4829243891569233e-03
2.1000000000000005e-02 3.3000000000000002e-02 4.0000000000000001e-03  1.5077938123342705e-03
2.1000000000000005e-02 3.6000000000000004e-02 4.0000000000000001e-03  1.5578380145103822e-03
2.1000000000000005e-02 3.9000000000000007e-02 4.0000000000000001e-03  1.6253722549882201e-03
2.1000000000000005e-02 4.2000000000000010e-02 4.0000000000000001e-03  1.7106133383090584e-03
2.1000000000000005e-02 4.4999999999999998e-02 4.0000000000000001e-03  1.8138607756628150e-03
2.4000000000000007e-02 -4.4999999999999998e-02 4.0000000000000001e-03  2.1182189155108905e-03
2.4000000000000007e-02 -4.1999999999999996e-02 4.0000000000000001e-03  2.0229621503699202e-03
2.4000000000000007e-02 -3.9000000000000000e-02 4.0000000000000001e-03  1.9338628124676905e-03
2.4000000000000007e-02 -3.5999999999999997e-02 4.0000000000000001e-03  1.8530146761346782e-03
2.4000000000000007e-02 -3.3000000000000002e-02 4.0000000000000001e-03  1.7805174198109869e-03
2.4000000000000007e-02 -2.9999999999999999e-02 4.0000000000000001e-03  1.7167193938400697e-03
2.4000000000000007e-02 -2.6999999999999996e-02 4.0000000000000001e-03  1.6605970771558444e-03
2.4000000000000007e-02 -2.3999999999999997e-02 4.0000000000000001e-03  1.6112223828208822e-03
2.4000000000000007e-02 -2.0999999999999998e-02 4.0000000000000001e-03  1.5882712377448456e-03
2.4000000000000007e-02 -1.7999999999999999e-02 4.0000000000000001e-03  1.5589610166871712e-03
2.4000000000000007e-02 -1.4999999999999999e-02 4.0000000000000001e-03  1.5323958166150644e-03
2.4000000000000007e-02 -1.1999999999999997e-02 4.0000000000000001e-03  1.5085787032357014e-03
2.4000000000000007e-02 -8.9999999999999941e-03 4.0000000000000001e-03  1.4875281244450674e-03
2.4000000000000007e-02 -5.9999999999999984e-03 4.0000000000000001e-03  1.4704738869320854e-03
2.4000000000000007e-02 -2.9999999999999957e-03 4.0000000000000001e-03  1.4564083046953310e-03
2.4000000000000007e-02 0.0000000000000000e+00 4.0000000000000001e-03  1.4455104633675875e-03
2.4000000000000007e-02 3.0000000000000027e-03 4.0000000000000001e-03  1.4401378948959091e-03
2.4000000000000007e-02 6.0000000000000053e-03 4.0000000000000001e-03  1.4462746843762894e-03
2.4000000000000007e-02 9.0000000000000011e-03 4.0000000000000001e-03  1.4626130251453491e-03
2.4000000000000007e-02 1.2000000000000004e-02 4.0000000000000001e-03  1.4727036854389264e-03
2.4000000000000007e-02 1.4999999999999999e-02 4.0000000000000001e-03  1.4762890027830331e-03
2.4000000000000007e-02 1.8000000000000002e-02 4.0000000000000001e-03  1.4731768288318010e-03
2.4000000000000007e-02 2.1000000000000005e-02 4.0000000000000001e-03  1.4632405293674784e-03
2.4000000000000007e-02 2.4000000000000007e-02 4.0000000000000001e-03  1.4593811549243111e-03
2.4000000000000007e-02 2.7000000000000010e-02 4.0000000000000001e-03  1.4721775650127797e-03
2.4000000000000007e-02 2.9999999999999999e-02 4.0000000000000001e-03  1.4918353555410265e-03
2.4000000000000007e-02 3.3000000000000002e-02 4.0000000000000001e-03  1.5204457398721443e-03
2.4000000000000007e-02 3.6000000000000004e-02 4.0000000000000001e-03  1.5728388255727087e-03
2.4000000000000007e-02 3.9000000000000007e-02 4.0000000000000001e-03  1.6406932912172410e-03
2.4000000000000007e-02 4.2000000000000010e-02 4.0000000000000001e-03  1.7213605254451576e-03
2.4000000000000007e-02 4.4999999999999998e-02 4.0000000000000001e-03  1.8150028096810143e-03
2.7000000000000010e-02 -4.4999999999999998e-02 4.0000000000000001e-03  2.1454094230125820e-03
2.7000000000000010e-02 -4.1999999999999996e-02 4.0000000000000001e-03  2.0426993947841978e-03
2.7000000000000010e-02 -3.9000000000000000e-02 4.0000000000000001e-03  1.9520254314102379e-03
2.7000000000000010e-02 -3.5999999999999997e-02 4.0000000000000001e-03  1.8720921595162085e-03
2.7000000000000010e-02 -3.3000000000000002e-02 4.0000000000000001e-03  1.8016996398562692e-03
2.7000000000000010e-02 -2.9999999999999999e-02 4.0000000000000001e-03  1.7397433673132388e-03
2.7000000000000010e-02 -2.6999999999999996e-02 4.0000000000000001e-03  1.6852142708985935e-03
2.7000000000000010e-02 -2.3999999999999997e-02 4.0000000000000001e-03  1.6458785567064376e-03
2.7000000000000010e-02 -2.0999999999999998e-02 4.0000000000000001e-03  1.6320686147249875e-03
2.7000000000000010e-02 -1.7999999999999999e-02 4.0000000000000001e-03  1.6014159021481894e-03
2.7000000000000010e-02 -1.4999999999999999e-02 4.0000000000000001e-03  1.5735153893748687e-03
2.7000000000000010e-02 -1.1999999999999997e-02 4.0000000000000001e-03  1.5484420698506141e-03
2.7000000000000010e-02 -8.9999999999999941e-03 4.0000000000000001e-03  1.5267336344716891e-03
2.7000000000000010e-02 -5.9999999999999984e-03 4.0000000000000001e-03  1.5089504782497055e-03
2.7000000000000010e-02 -2.9999999999999957e-03 4.0000000000000001e-03  1.4940646737226422e-03
2.7000000000000010e-02 0.0000000000000000e+00 4.0000000000000001e-03  1.4820700537711783e-03
2.7000000000000010e-02 3.0000000000000027e-03 4.0000000000000001e-03  1.4792305628137273e-03
2.7000000000000010e-02 6.0000000000000053e-03 4.0000000000000001e-03  1.4849515456092591e-03
2.7000000000000010e-02 9.0000000000000011e-03 4.0000000000000001e-03  1.5011508945956356e-03
2.7000000000000010e-02 1.2000000000000004e-02 4.0000000000000001e-03  1.5113650502058679e-03
2.7000000000000010e-02 1.4999999999999999e-02 4.0000000000000001e-03  1.5153055579214946e-03
2.7000000000000010e-02 1.8000000000000002e-02 4.0000000000000001e-03  1.5127494773521685e-03
2.7000000000000010e-02 2.1000000000000005e-02 4.0000000000000001e-03  1.4978884853305088e-03
2.7000000000000010e-02 2.4000000000000007e-02 4.0000000000000001e-03  1.4926926932489761e-03
2.7000000000000010e-02 2.7000000000000010e-02 4.0000000000000001e-03  1.5054317004700479e-03
2.7000000000000010e-02 2.9999999999999999e-02 4.0000000000000001e-03  1.5281048658980420e-03
2.7000000000000010e-02 3.3000000000000002e-02 4.0000000000000001e-03  1.5500657155266791e-03
2.7000000000000010e-02 3.6000000000000004e-02 4.0000000000000001e-03  1.5972837937021037e-03
2.7000000000000010e-02 3.9000000000000007e-02 4.0000000000000001e-03  1.6603005278659616e-03
2.7000000000000010e-02 4.2000000000000010e-02 4.0000000000000001e-03  1.7360287957909929e-03
2.7000000000000010e-02 4.4999999999999998e-02 4.0000000000000001e-03  1.8246106707237612e-03
2.9999999999999999e-02 -4.4999999999999998e-02 4.0000000000000001e-03  2.1902086995121660e-03
2.9999999999999999e-02 -4.1999999999999996e-02 4.0000000000000001e-03  2.0618472979268250e-03
2.9999999999999999e-02 -3.9000000000000000e-02 4.0000000000000001e-03  1.9728422726808998e-03
2.9999999999999999e-02 -3.5999999999999997e-02 4.0000000000000001e-03  1.8952674095435032e-03
2.9999999999999999e-02 -3.3000000000000002e-02 4.0000000000000001e-03  1.8269469366345788e-03
2.9999999999999999e-02 -2.9999999999999999e-02 4.0000000000000001e-03  1.7667907989145054e-03
2.9999999999999999e-02 -2.6999999999999996e-02 4.0000000000000001e-03  1.7138043754723114e-03
2.9999999999999999e-02 -2.3999999999999997e-02 4.0000000000000001e-03  1.6906175126926203e-03
2.9999999999999999e-02 -2.0999999999999998e-02 4.0000000000000001e-03  1.6829868120480818e-03
2.9999999999999999e-02 -1.7999999999999999e-02 4.0000000000000001e-03  1.6541287352396170e-03
2.9999999999999999e-02 -1.4999999999999999e-02 4.0000000000000001e-03  1.6250834809153354e-03
2.9999999999999999e-02 -1.1999999999999997e-02 4.0000000000000001e-03  1.5989814762908314e-03
2.9999999999999999e-02 -8.9999999999999941e-03 4.0000000000000001e-03  1.5769910989292179e-03
2.9999999999999999e-02 -5.9999999999999984e-03 4.0000000000000001e-03  1.5583154079635976e-03
2.9999999999999999e-02 -2.9999999999999957e-03 4.0000000000000001e-03  1.5425885086892417e-03
2.9999999999999999e-02 0.0000000000000000e+00 4.0000000000000001e-03  1.5298004197149520e-03
2.9999999999999999e-02 3.0000000000000027e-03 4.0000000000000001e-03  1.5249586592366068e-03
2.9999999999999999e-02 6.0000000000000053e-03 4.0000000000000001e-03  1.5330209137737469e-03
2.9999999999999999e-02 9.0000000000000011e-03 4.0000000000000001e-03  1.5484679975852084e-03
2.9999999999999999e-02 1.2000000000000004e-02 4.0000000000000001e-03  1.5585114348835882e-03
2.9999999999999999e-02 1.4999999999999999e-02 4.0000000000000001e-03  1.5625327443910522e-03
2.9999999999999999e-02 1.8000000000000002e-02 4.0000000000000001e-03  1.5602781936727721e-03
2.9999999999999999e-02 2.1000000000000005e-02 4.0000000000000001e-03  1.5326969339458530e-03
2.9999999999999999e-02 2.4000000000000007e-02 4.0000000000000001e-03  1.5326937794915214e-03
2.9999999999999999e-02 2.7000000000000010e-02 4.0000000000000001e-03  1.5564408596115747e-03
2.9999999999999999e-02 2.9999999999999999e-02 4.0000000000000001e-03  1.5818994110817376e-03
2.9999999999999999e-02 3.3000000000000002e-02 4.0000000000000001e-03  1.6057756241640920e-03
2.9999999999999999e-02 3.6000000000000004e-02 4.0000000000000001e-03  1.6411840299009920e-03
2.9999999999999999e-02 3.9000000000000007e-02 4.0000000000000001e-03  1.6977084715627249e-03
2.9999999999999999e-02 4.2000000000000010e-02 4.0000000000000001e-03  1.7685237871735240e-03
2.9999999999999999e-02 4.4999999999999998e-02 4.0000000000000001e-03  1.8661739338589483e-03
3.3000000000000002e-02 -4.4999999999999998e-02 4.0000000000000001e-03  2.2857937552984873e-03
3.3000000000000002e-02 -4.1999999999999996e-02 4.0000000000000001e-03  2.1467700833879260e-03
3.3000000000000002e-02 -3.9000000000000000e-02 4.0000000000000001e-03  2.0283795341734102e-03
3.3000000000000002e-02 -3.5999999999999997e-02 4.0000000000000001e-03  1.9301962723292231e-03
3.3000000000000002e-02 -3.3000000000000002e-02 4.0000000000000001e-03  1.8562755151856358e-03
3.3000000000000002e-02 -2.9999999999999999e-02 4.0000000000000001e-03  1.7978637394300014e-03
3.3000000000000002e-02 -2.6999999999999996e-02 4.0000000000000001e-03  1.7463552874095445e-03
3.3000000000000002e-02 -2.3999999999999997e-02 4.0000000000000001e-03  1.7433403626592211e-03
3.3000000000000002e-02 -2.0999999999999998e-02 4.0000000000000001e-03  1.7426006753723988e-03
3.3000000000000002e-02 -1.7999999999999999e-02 4.0000000000000001e-03  1.7177982683803503e-03
3.3000000000000002e-02 -1.4999999999999999e-02 4.0000000000000001e-03  1.6878545716693626e-03
3.3000000000000002e-02 -1.1999999999999997e-02 4.0000000000000001e-03  1.6612408905672090e-03
3.3000000000000002e-02 -8.9999999999999941e-03 4.0000000000000001e-03  1.6386222750282232e-03
3.3000000000000002e-02 -5.9999999999999984e-03 4.0000000000000001e-03  1.6190305790389533e-03
3.3000000000000002e-02 -2.9999999999999957e-03 4.0000000000000001e-03  1.6024379749278138e-03
3.3000000000000002e-02 0.0000000000000000e+00 4.0000000000000001e-03  1.5888306670317266e-03
3.3000000000000002e-02 3.0000000000000027e-03 4.0000000000000001e-03  1.5782088916961267e-03
3.3000000000000002e-02 6.0000000000000053e-03 4.0000000000000001e-03  1.5903634736779064e-03
3.3000000000000002e-02 9.0000000000000011e-03 4.0000000000000001e-03  1.6050498090081299e-03
3.3000000000000002e-02 1.2000000000000004e-02 4.0000000000000001e-03  1.6146198011486193e-03
3.3000000000000002e-02 1.4999999999999999e-02 4.0000000000000001e-03  1.6184390106507144e-03
3.3000000000000002e-02 1.8000000000000002e-02 4.0000000000000001e-03  1.5989309126981787e-03
3.3000000000000002e-02 2.1000000000000005e-02 4.0000000000000001e-03  1.5771389919261613e-03
3.3000000000000002e-02 2.4000000000000007e-02 4.0000000000000001e-03  1.5931816765039201e-03
3.3000000000000002e-02 2.7000000000000010e-02 4.0000000000000001e-03  1.6108522064628072e-03
3.3000000000000002e-02 2.9999999999999999e-02 4.0000000000000001e-03  1.6332559164442125e-03
3.3000000000000002e-02 3.3000000000000002e-02 4.0000000000000001e-03  1.6628869387702748e-03
3.3000000000000002e-02 3.6000000000000004e-02 4.0000000000000001e-03  1.7153816210934171e-03
3.3000000000000002e-02 3.9000000000000007e-02 4.0000000000000001e-03  1.7529185631422000e-03
3.3000000000000002e-02 4.2000000000000010e-02 4.0000000000000001e-03  1.8188442994465882e-03
3.3000000000000002e-02 4.4999999999999998e-02 4.0000000000000001e-03  1.9224798605022156e-03
3.6000000000000004e-02 -4.4999999999999998e-02 4.0000000000000001e-03  2.3950880712799122e-03
3.6000000000000004e-02 -4.1999999999999996e-02 4.0000000000000001e-03  2.2442906523240849e-03
3.6000000000000004e-02 -3.9000000000000000e-02 4.0000000000000001e-03  2.1135843308335714e-03
3.6000000000000004e-02 -3.5999999999999997e-02 4.0000000000000001e-03  2.0025921880381975e-03
3.6000000000000004e-02 -3.3000000000000002e-02 4.0000000000000001e-03  1.9108536581873884e-03
3.6000000000000004e-02 -2.9999999999999999e-02 4.0000000000000001e-03  1.8378245285501542e-03
3.6000000000000004e-02 -2.6999999999999996e-02 4.0000000000000001e-03  1.7996732050553430e-03
3.6000000000000004e-02 -2.3999999999999997e-02 4.0000000000000001e-03  1.8042923389412326e-03
3.6000000000000004e-02 -2.0999999999999998e-02 4.0000000000000001e-03  1.8112890069251610e-03
3.6000000000000004e-02 -1.7999999999999999e-02 4.0000000000000001e-03  1.7932155725501450e-03
3.6000000000000004e-02 -1.4999999999999999e-02 4.0000000000000001e-03  1.7626754606306929e-03
3.6000000000000004e-02 -1.1999999999999997e-02 4.0000000000000001e-03  1.7357322563787631e-03
3.6000000000000004e-02 -8.9999999999999941e-03 4.0000000000000001e-03  1.7121174532543490e-03
3.6000000000000004e-02 -5.9999999999999984e-03 4.0000000000000001e-03  1.6915825443289080e-03
3.6000000000000004e-02 -2.9999999999999957e-03 4.0000000000000001e-03  1.6740958876589884e-03
3.6000000000000004e-02 0.0000000000000000e+00 4.0000000000000001e-03  1.6596398733096256e-03
3.6000000000000004e-02 3.0000000000000027e-03 4.0000000000000001e-03  1.6482109233543806e-03
3.6000000000000004e-02 6.0000000000000053e-03 4.0000000000000001e-03  1.6549599524761070e-03
3.6000000000000004e-02 9.0000000000000011e-03 4.0000000000000001e-03  1.6713957686388208e-03
3.6000000000000004e-02 1.2000000000000004e-02 4.0000000000000001e-03  1.6801810755578644e-03
3.6000000000000004e-02 1.4999999999999999e-02 4.0000000000000001e-03  1.6833244596593242e-03
3.6000000000000004e-02 1.8000000000000002e-02 4.0000000000000001e-03  1.6391218179580783e-03
3.6000000000000004e-02 2.1000000000000005e-02 4.0000000000000001e-03  1.6478998137175165e-03
3.6000000000000004e-02 2.4000000000000007e-02 4.0000000000000001e-03  1.6606173164012534e-03
3.6000000000000004e-02 2.7000000000000010e-02 4.0000000000000001e-03  1.6748558358678867e-03
3.6000000000000004e-02 2.9999999999999999e-02 4.0000000000000001e-03  1.6905915075861545e-03
3.6000000000000004e-02 3.3000000000000002e-02 4.0000000000000001e-03  1.7200421217857832e-03
3.6000000000000004e-02 3.6000000000000004e-02 4.0000000000000001e-03  1.7886687059389596e-03
3.6000000000000004e-02 3.9000000000000007e-02 4.0000000000000001e-03  1.8509336458861520e-03
3.6000000000000004e-02 4.2000000000000010e-02 4.0000000000000001e-03  1.8869838340459673e-03
3.6000000000000004e-02 4.4999999999999998e-02 4.0000000000000001e-03  1.9864532586861502e-03
3.9000000000000007e-02 -4.4999999999999998e-02 4.0000000000000001e-03  2.5204051476777566e-03
3.9000000000000007e-02 -4.1999999999999996e-02 4.0000000000000001e-03  2.3569882924532786e-03
3.9000000000000007e-02 -3.9000000000000000e-02 4.0000000000000001e-03  2.2131334155518251e-03
3.9000000000000007e-02 -3.5999999999999997e-02 4.0000000000000001e-03  2.0885125147587684e-03
3.9000000000000007e-02 -3.3000000000000002e-02 4.0000000000000001e-03  1.9827139408790744e-03
3.9000000000000007e-02 -2.9999999999999999e-02 4.0000000000000001e-03  1.9345924396095894e-03
3.9000000000000007e-02 -2.6999999999999996e-02 4.0000000000000001e-03  1.8930318896770069e-03
3.9000000000000007e-02 -2.3999999999999997e-02 4.0000000000000001e-03  1.8737477183265055e-03
3.9000000000000007e-02 -2.0999999999999998e-02 4.0000000000000001e-03  1.8894596533864179e-03
3.9000000000000007e-02 -1.7999999999999999e-02 4.0000000000000001e-03  1.8812640372896151e-03
3.9000000000000007e-02 -1.4999999999999999e-02 4.0000000000000001e-03  1.8504543841345736e-03
3.9000000000000007e-02 -1.1999999999999997e-02 4.0000000000000001e-03  1.8226323704265705e-03
3.9000000000000007e-02 -8.9999999999999941e-03 4.0000000000000001e-03  1.7979915739811765e-03
3.9000000000000007e-02 -5.9999999999999984e-03 4.0000000000000001e-03  1.7764825065745425e-03
3.9000000000000007e-02 -2.9999999999999957e-03 4.0000000000000001e-03  1.7580697119913291e-03
3.9000000000000007e-02 0.0000000000000000e+00 4.0000000000000001e-03  1.7427317660247072e-03
3.9000000000000007e-02 3.0000000000000027e-03 4.0000000000000001e-03  1.7304612764763494e-03
3.9000000000000007e-02 6.0000000000000053e-03 4.0000000000000001e-03  1.7270634160242158e-03
3.9000000000000007e-02 9.0000000000000011e-03 4.0000000000000001e-03  1.7480192811320649e-03
3.9000000000000007e-02 1.2000000000000004e-02 4.0000000000000001e-03  1.7557001495485825e-03
3.9000000000000007e-02 1.4999999999999999e-02 4.0000000000000001e-03  1.7294975430969127e-03
3.9000000000000007e-02 1.8000000000000002e-02 4.0000000000000001e-03  1.7181747729783446e-03
3.9000000000000007e-02 2.1000000000000005e-02 4.0000000000000001e-03  1.7261277508407249e-03
3.9000000000000007e-02 2.4000000000000007e-02 4.0000000000000001e-03  1.7355284166520189e-03
3.9000000000000007e-02 2.7000000000000010e-02 4.0000000000000001e-03  1.7566862703703317e-03
3.9000000000000007e-02 2.9999999999999999e-02 4.0000000000000001e-03  1.7839852896269018e-03
3.9000000000000007e-02 3.3000000000000002e-02 4.0000000000000001e-03  1.8062188210047989e-03
3.9000000000000007e-02 3.6000000000000004e-02 4.0000000000000001e-03  1.8647454664976570e-03
3.9000000000000007e-02 3.9000000000000007e-02 4.0000000000000001e-03  1.9537408640638099e-03
3.9000000000000007e-02 4.2000000000000010e-02 4.0000000000000001e-03  1.9924304041903499e-03
3.9000000000000007e-02 4.4999999999999998e-02 4.0000000000000001e-03  2.0456550669219120e-03
4.2000000000000010e-02 -4.4999999999999998e-02 4.0000000000000001e-03  2.6650968440876509e-03
4.2000000000000010e-02 -4.1999999999999996e-02 4.0000000000000001e-03  2.4884806508677867e-03
4.2000000000000010e-02 -3.9000000000000000e-02 4.0000000000000001e-03  2.3309102229171039e-03
4.2000000000000010e-02 -3.5999999999999997e-02 4.0000000000000001e-03  2.2212824109951504e-03
4.2000000000000010e-02 -3.3000000000000002e-02 4.0000000000000001e-03  2.1564920156285673e-03
4.2000000000000010e-02 -2.9999999999999999e-02 4.0000000000000001e-03  2.0955186740923776e-03
4.2000000000000010e-02 -2.6999999999999996e-02 4.0000000000000001e-03  2.0381856775877247e-03
4.2000000000000010e-02 -2.3999999999999997e-02 4.0000000000000001e-03  1.9843342047604217e-03
4.2000000000000010e-02 -2.0999999999999998e-02 4.0000000000000001e-03  1.9775495058890953e-03
4.2000000000000010e-02 -1.7999999999999999e-02 4.0000000000000001e-03  1.9829193707002180e-03
4.2000000000000010e-02 -1.4999999999999999e-02 4.0000000000000001e-03  1.9514206203038815e-03
4.2000000000000010e-02 -1.1999999999999997e-02 4.0000000000000001e-03  1.9224845606046650e-03
4.2000000000000010e-02 -8.9999999999999941e-03 4.0000000000000001e-03  1.8967842274702335e-03
4.2000000000000010e-02 -5.9999999999999984e-03 4.0000000000000001e-03  1.8742663184048709e-03
4.2000000000000010e-02 -2.9999999999999957e-03 4.0000000000000001e-03  1.8548915629213536e-03
4.2000000000000010e-02 0.0000000000000000e+00 4.0000000000000001e-03  1.8386347225409743e-03
4.2000000000000010e-02 3.0000000000000027e-03 4.0000000000000001e-03  1.8254845907935298e-03
4.2000000000000010e-02 6.0000000000000053e-03 4.0000000000000001e-03  1.8154439932173232e-03
4.2000000000000010e-02 9.0000000000000011e-03 4.0000000000000001e-03  1.8354477160230165e-03
4.2000000000000010e-02 1.2000000000000004e-02 4.0000000000000001e-03  1.8408254796321265e-03
4.2000000000000010e-02 1.4999999999999999e-02 4.0000000000000001e-03  1.8052524861901587e-03
4.2000000000000010e-02 1.8000000000000002e-02 4.0000000000000001e-03  1.8086651058972678e-03
4.2000000000000010e-02 2.1000000000000005e-02 4.0000000000000001e-03  1.8190673601039945e-03
4.2000000000000010e-02 2.4000000000000007e-02 4.0000000000000001e-03  1.8566917303244920e-03
4.2000000000000010e-02 2.7000000000000010e-02 4.0000000000000001e-03  1.8891597153497424e-03
4.2000000000000010e-02 2.9999999999999999e-02 4.0000000000000001e-03  1.9164898605494515e-03
4.2000000000000010e-02 3.3000000000000002e-02 4.0000000000000001e-03  1.9387144949366379e-03
4.2000000000000010e-02 3.6000000000000004e-02 4.0000000000000001e-03  1.9558797311676245e-03
4.2000000000000010e-02 3.9000000000000007e-02 4.0000000000000001e-03  2.0601333687495470e-03
4.2000000000000010e-02 4.2000000000000010e-02 4.0000000000000001e-03  2.0919040677013184e-03
4.2000000000000010e-02 4.4999999999999998e-02 4.0000000000000001e-03  2.1166708665458075e-03
4.4999999999999998e-02 -4.4999999999999998e-02 4.0000000000000001e-03  2.8335533794795215e-03
4.4999999999999998e-02 -4.1999999999999996e-02 4.0000000000000001e-03  2.6434237340341948e-03
4.4999999999999998e-02 -3.9000000000000000e-02 4.0000000000000001e-03  2.5503560380773010e-03
4.4999999999999998e-02 -3.5999999999999997e-02 4.0000000000000001e-03  2.4665921521216739e-03
4.4999999999999998e-02 -3.3000000000000002e-02 4.0000000000000001e-03  2.3866842488691762e-03
4.4999999999999998e-02 -2.9999999999999999e-02 4.0000000000000001e-03  2.3104804733662535e-03
4.4999999999999998e-02 -2.6999999999999996e-02 4.0000000000000001e-03  2.2378468581040426e-03
4.4999999999999998e-02 -2.3999999999999997e-02 4.0000000000000001e-03  2.1686673230183464e-03
4.4999999999999998e-02 -2.0999999999999998e-02 4.0000000000000001e-03  2.1028436754896743e-03
4.4999999999999998e-02 -1.7999999999999999e-02 4.0000000000000001e-03  2.0992495994442994e-03
4.4999999999999998e-02 -1.4999999999999999e-02 4.0000000000000001e-03  2.0659430515765388e-03
4.4999999999999998e-02 -1.1999999999999997e-02 4.0000000000000001e-03  2.0358568046950202e-03
4.4999999999999998e-02 -8.9999999999999941e-03 4.0000000000000001e-03  2.0090596538709913e-03
4.4999999999999998e-02 -5.9999999999999984e-03 4.0000000000000001e-03  1.9854944823368558e-03
4.4999999999999998e-02 -2.9999999999999957e-03 4.0000000000000001e-03  1.9651182053335107e-03
4.4999999999999998e-02 0.0000000000000000e+00 4.0000000000000001e-03  1.9479017701103719e-03
4.4999999999999998e-02 3.0000000000000027e-03 4.0000000000000001e-03  1.9338301559253584e-03
4.4999999999999998e-02 6.0000000000000053e-03 4.0000000000000001e-03  1.9229023740448953e-03
4.4999999999999998e-02 9.0000000000000011e-03 4.0000000000000001e-03  1.9333398953538647e-03
4.4999999999999998e-02 1.2000000000000004e-02 4.0000000000000001e-03  1.9104669225547015e-03
4.4999999999999998e-02 1.4999999999999999e-02 4.0000000000000001e-03  1.9095990149848999e-03
4.4999999999999998e-02 1.8000000000000002e-02 4.0000000000000001e-03  1.9476119153246454e-03
4.4999999999999998e-02 2.1000000000000005e-02 4.0000000000000001e-03  1.9903766768913098e-03
4.4999999999999998e-02 2.4000000000000007e-02 4.0000000000000001e-03  2.0279256146623400e-03
4.4999999999999998e-02 2.7000000000000010e-02 4.0000000000000001e-03  2.0602721641075562e-03
4.4999999999999998e-02 2.9999999999999999e-02 4.0000000000000001e-03  2.0874435443400830e-03
4.4999999999999998e-02 3.3000000000000002e-02 4.0000000000000001e-03  2.1094807581163596e-03
4.4999999999999998e-02 3.6000000000000004e-02 4.0000000000000001e-03  2.1264385918361344e-03
4.4999999999999998e-02 3.9000000000000007e-02 4.0000000000000001e-03  2.1664663171733576e-03
4.4999999999999998e-02 4.2000000000000010e-02 4.0000000000000001e-03  2.1942565385816011e-03
4.4999999999999998e-02 4.4999999999999998e-02 4.0000000000000001e-03  2.2031093719757531e-03
