Grid Output Min: [-45mm -45mm 4mm] Max: [45mm 45mm 4mm] Grid Size: [3mm 3mm 0mm]
X, Y, Z, Scalar data "Mag_B"
-4.4999999999999998e-02 -4.4999999999999998e-02 4.0000000000000001e-03  2.2790092567170441e-03
-4.4999999999999998e-02 -4.1999999999999996e-02 4.0000000000000001e-03  2.2480047561415735e-03
-4.4999999999999998e-02 -3.9000000000000000e-02 4.0000000000000001e-03  2.0411991024268552e-03
-4.4999999999999998e-02 -3.5999999999999997e-02 4.0000000000000001e-03  1.9998246713017688e-03
-4.4999999999999998e-02 -3.3000000000000002e-02 4.0000000000000001e-03  1.9607634185808370e-03
-4.4999999999999998e-02 -2.9999999999999999e-02 4.0000000000000001e-03  1.9238120102135167e-03
-4.4999999999999998e-02 -2.6999999999999996e-02 4.0000000000000001e-03  1.8887938937479528e-03
-4.4999999999999998e-02 -2.3999999999999997e-02 4.0000000000000001e-03  1.8555592983309848e-03
-4.4999999999999998e-02 -2.0999999999999998e-02 4.0000000000000001e-03  1.8239852347081149e-03
-4.4999999999999998e-02 -1.7999999999999999e-02 4.0000000000000001e-03  1.7939754952235574e-03
-4.4999999999999998e-02 -1.4999999999999999e-02 4.0000000000000001e-03  1.7654606538201926e-03
-4.4999999999999998e-02 -1.1999999999999997e-02 4.0000000000000001e-03  1.7572308989825941e-03
-4.4999999999999998e-02 -8.9999999999999941e-03 4.0000000000000001e-03  1.7652834244615446e-03
-4.4999999999999998e-02 -5.9999999999999984e-03 4.0000000000000001e-03  1.7728610834954063e-03
-4.4999999999999998e-02 -2.9999999999999957e-03 4.0000000000000001e-03  1.7671889441031327e-03
-4.4999999999999998e-02 0.0000000000000000e+00 4.0000000000000001e-03  1.7514722340329933e-03
-4.4999999999999998e-02 3.0000000000000027e-03 4.0000000000000001e-03  1.7284629675440456e-03
-4.4999999999999998e-02 6.0000000000000053e-03 4.0000000000000001e-03  1.7462957575192504e-03
-4.4999999999999998e-02 9.0000000000000011e-03 4.0000000000000001e-03  1.7791939140332884e-03
-4.4999999999999998e-02 1.2000000000000004e-02 4.0000000000000001e-03  1.8046722915103616e-03
-4.4999999999999998e-02 1.4999999999999999e-02 4.0000000000000001e-03  1.8227123929946043e-03
-4.4999999999999998e-02 1.8000000000000002e-02 4.0000000000000001e-03  1.8332993810032351e-03
-4.4999999999999998e-02 2.1000000000000005e-02 4.0000000000000001e-03  1.8364220775265547e-03
-4.4999999999999998e-02 2.4000000000000007e-02 4.0000000000000001e-03  1.8344032451190863e-03
-4.4999999999999998e-02 2.7000000000000010e-02 4.0000000000000001e-03  1.8429075655707079e-03
-4.4999999999999998e-02 2.9999999999999999e-02 4.0000000000000001e-03  1.8783998446531144e-03
-4.4999999999999998e-02 3.3000000000000002e-02 4.0000000000000001e-03  1.9206210649196980e-03
-4.4999999999999998e-02 3.6000000000000004e-02 4.0000000000000001e-03  1.9687721159905901e-03
-4.4999999999999998e-02 3.9000000000000007e-02 4.0000000000000001e-03  2.0222667025805610e-03
-4.4999999999999998e-02 4.2000000000000010e-02 4.0000000000000001e-03  2.0807313444989929e-03
-4.4999999999999998e-02 4.4999999999999998e-02 4.0000000000000001e-03  2.1404517123819085e-03
-4.1999999999999996e-02 -4.4999999999999998e-02 4.0000000000000001e-03  2.2462552685581570e-03
-4.1999999999999996e-02 -4.1999999999999996e-02 4.0000000000000001e-03  2.0485592644862234e-03
-4.1999999999999996e-02 -3.9000000000000000e-02 4.0000000000000001e-03  2.0026548507330135e-03
-4.1999999999999996e-02 -3.5999999999999997e-02 4.0000000000000001e-03  1.8870274997997590e-03
-4.1999999999999996e-02 -3.3000000000000002e-02 4.0000000000000001e-03  1.8483462874692154e-03
-4.1999999999999996e-02 -2.9999999999999999e-02 4.0000000000000001e-03  1.8118227105715983e-03
-4.1999999999999996e-02 -2.6999999999999996e-02 4.0000000000000001e-03  1.7773024750345296e-03
-4.1999999999999996e-02 -2.3999999999999997e-02 4.0000000000000001e-03  1.7446580683843132e-03
-4.1999999999999996e-02 -2.0999999999999998e-02 4.0000000000000001e-03  1.7137887597459432e-03
-4.1999999999999996e-02 -1.7999999999999999e-02 4.0000000000000001e-03  1.6846205998430936e-03
-4.1999999999999996e-02 -1.4999999999999999e-02 4.0000000000000001e-03  1.6861341471130469e-03
-4.1999999999999996e-02 -1.1999999999999997e-02 4.0000000000000001e-03  1.6873980315637877e-03
-4.1999999999999996e-02 -8.9999999999999941e-03 4.0000000000000001e-03  1.6854502325458238e-03
-4.1999999999999996e-02 -5.9999999999999984e-03 4.0000000000000001e-03  1.6899751556285830e-03
-4.1999999999999996e-02 -2.9999999999999957e-03 4.0000000000000001e-03  1.6865272407677301e-03
-4.1999999999999996e-02 0.0000000000000000e+00 4.0000000000000001e-03  1.6734969998870304e-03
-4.1999999999999996e-02 3.0000000000000027e-03 4.0000000000000001e-03  1.6625571571790374e-03
-4.1999999999999996e-02 6.0000000000000053e-03 4.0000000000000001e-03  1.6476686406879928e-03
-4.1999999999999996e-02 9.0000000000000011e-03 4.0000000000000001e-03  1.6362755219691701e-03
-4.1999999999999996e-02 1.2000000000000004e-02 4.0000000000000001e-03  1.6639019633793947e-03
-4.1999999999999996e-02 1.4999999999999999e-02 4.0000000000000001e-03  1.6842056241820869e-03
-4.1999999999999996e-02 1.8000000000000002e-02 4.0000000000000001e-03  1.6971625439825470e-03
-4.1999999999999996e-02 2.1000000000000005e-02 4.0000000000000001e-03  1.7027524218591551e-03
-4.1999999999999996e-02 2.4000000000000007e-02 4.0000000000000001e-03  1.7041064416404759e-03
-4.1999999999999996e-02 2.7000000000000010e-02 4.0000000000000001e-03  1.7114188944711850e-03
-4.1999999999999996e-02 2.9999999999999999e-02 4.0000000000000001e-03  1.7341234855507278e-03
-4.1999999999999996e-02 3.3000000000000002e-02 4.0000000000000001e-03  1.7822365882737630e-03
-4.1999999999999996e-02 3.6000000000000004e-02 4.0000000000000001e-03  1.8359531761135241e-03
-4.1999999999999996e-02 3.9000000000000007e-02 4.0000000000000001e-03  1.8947283534713740e-03
-4.1999999999999996e-02 4.2000000000000010e-02 4.0000000000000001e-03  1.9557784516023276e-03
-4.1999999999999996e-02 4.4999999999999998e-02 4.0000000000000001e-03  2.0633287635304057e-03
-3.9000000000000000e-02 -4.4999999999999998e-02 4.0000000000000001e-03  2.1145576757096618e-03
-3.9000000000000000e-02 -4.1999999999999996e-02 4.0000000000000001e-03  2.0120337466524685e-03
-3.9000000000000000e-02 -3.9000000000000000e-02 4.0000000000000001e-03  1.8771216139048111e-03
-3.9000000000000000e-02 -3.5999999999999997e-02 4.0000000000000001e-03  1.8152954324131216e-03
-3.9000000000000000e-02 -3.3000000000000002e-02 4.0000000000000001e-03  1.7581344324380669e-03
-3.9000000000000000e-02 -2.9999999999999999e-02 4.0000000000000001e-03  1.7223604393125783e-03
-3.9000000000000000e-02 -2.6999999999999996e-02 4.0000000000000001e-03  1.6886546483517032e-03
-3.9000000000000000e-02 -2.3999999999999997e-02 4.0000000000000001e-03  1.6569118054612219e-03
-3.9000000000000000e-02 -2.0999999999999998e-02 4.0000000000000001e-03  1.6358956771553544e-03
-3.9000000000000000e-02 -1.7999999999999999e-02 4.0000000000000001e-03  1.6345188994573517e-03
-3.9000000000000000e-02 -1.4999999999999999e-02 4.0000000000000001e-03  1.6297521726017909e-03
-3.9000000000000000e-02 -1.1999999999999997e-02 4.0000000000000001e-03  1.6190824527770463e-03
-3.9000000000000000e-02 -8.9999999999999941e-03 4.0000000000000001e-03  1.6146640267006144e-03
-3.9000000000000000e-02 -5.9999999999999984e-03 4.0000000000000001e-03  1.6165495630789538e-03
-3.9000000000000000e-02 -2.9999999999999957e-03 4.0000000000000001e-03  1.6146422535965801e-03
-3.9000000000000000e-02 0.0000000000000000e+00 4.0000000000000001e-03  1.6041124690802878e-03
-3.9000000000000000e-02 3.0000000000000027e-03 4.0000000000000001e-03  1.5956079446515104e-03
-3.9000000000000000e-02 6.0000000000000053e-03 4.0000000000000001e-03  1.5891031107056603e-03
-3.9000000000000000e-02 9.0000000000000011e-03 4.0000000000000001e-03  1.5812367413884723e-03
-3.9000000000000000e-02 1.2000000000000004e-02 4.0000000000000001e-03  1.5710429216259081e-03
-3.9000000000000000e-02 1.4999999999999999e-02 4.0000000000000001e-03  1.5792127474393907e-03
-3.9000000000000000e-02 1.8000000000000002e-02 4.0000000000000001e-03  1.5943575461611888e-03
-3.9000000000000000e-02 2.1000000000000005e-02 4.0000000000000001e-03  1.6022578438059563e-03
-3.9000000000000000e-02 2.4000000000000007e-02 4.0000000000000001e-03  1.6030869124592890e-03
-3.9000000000000000e-02 2.7000000000000010e-02 4.0000000000000001e-03  1.6155057669320592e-03
-3.9000000000000000e-02 2.9999999999999999e-02 4.0000000000000001e-03  1.6321452401275741e-03
-3.9000000000000000e-02 3.3000000000000002e-02 4.0000000000000001e-03  1.6685246754020687e-03
-3.9000000000000000e-02 3.6000000000000004e-02 4.0000000000000001e-03  1.7275567698110132e-03
-3.9000000000000000e-02 3.9000000000000007e-02 4.0000000000000001e-03  1.7913672430909513e-03
-3.9000000000000000e-02 4.2000000000000010e-02 4.0000000000000001e-03  1.8839196833752912e-03
-3.9000000000000000e-02 4.4999999999999998e-02 4.0000000000000001e-03  2.0066770202318658e-03
-3.5999999999999997e-02 -4.4999999999999998e-02 4.0000000000000001e-03  2.0463280402380447e-03
-3.5999999999999997e-02 -4.1999999999999996e-02 4.0000000000000001e-03  1.9168607898579948e-03
-3.5999999999999997e-02 -3.9000000000000000e-02 4.0000000000000001e-03  1.8312265219924053e-03
-3.5999999999999997e-02 -3.5999999999999997e-02 4.0000000000000001e-03  1.7442675851268399e-03
-3.5999999999999997e-02 -3.3000000000000002e-02 4.0000000000000001e-03  1.6829147859010573e-03
-3.5999999999999997e-02 -2.9999999999999999e-02 4.0000000000000001e-03  1.6532567763133436e-03
-3.5999999999999997e-02 -2.6999999999999996e-02 4.0000000000000001e-03  1.6206049481646025e-03
-3.5999999999999997e-02 -2.3999999999999997e-02 4.0000000000000001e-03  1.6066130881000403e-03
-3.5999999999999997e-02 -2.0999999999999998e-02 4.0000000000000001e-03  1.6002388881485011e-03
-3.5999999999999997e-02 -1.7999999999999999e-02 4.0000000000000001e-03  1.5901062272963844e-03
-3.5999999999999997e-02 -1.4999999999999999e-02 4.0000000000000001e-03  1.5714414818431735e-03
-3.5999999999999997e-02 -1.1999999999999997e-02 4.0000000000000001e-03  1.5588166006530431e-03
-3.5999999999999997e-02 -8.9999999999999941e-03 4.0000000000000001e-03  1.5522896631685694e-03
-3.5999999999999997e-02 -5.9999999999999984e-03 4.0000000000000001e-03  1.5519135881244962e-03
-3.5999999999999997e-02 -2.9999999999999957e-03 4.0000000000000001e-03  1.5509745823410494e-03
-3.5999999999999997e-02 0.0000000000000000e+00 4.0000000000000001e-03  1.5427676182891480e-03
-3.5999999999999997e-02 3.0000000000000027e-03 4.0000000000000001e-03  1.5365235139723156e-03
-3.5999999999999997e-02 6.0000000000000053e-03 4.0000000000000001e-03  1.5322180630461544e-03
-3.5999999999999997e-02 9.0000000000000011e-03 4.0000000000000001e-03  1.5298279547342958e-03
-3.5999999999999997e-02 1.2000000000000004e-02 4.0000000000000001e-03  1.5279224591445409e-03
-3.5999999999999997e-02 1.4999999999999999e-02 4.0000000000000001e-03  1.5238733080406566e-03
-3.5999999999999997e-02 1.8000000000000002e-02 4.0000000000000001e-03  1.5232867753375290e-03
-3.5999999999999997e-02 2.1000000000000005e-02 4.0000000000000001e-03  1.5333343173438386e-03
-3.5999999999999997e-02 2.4000000000000007e-02 4.0000000000000001e-03  1.5362503031329283e-03
-3.5999999999999997e-02 2.7000000000000010e-02 4.0000000000000001e-03  1.5472863628749700e-03
-3.5999999999999997e-02 2.9999999999999999e-02 4.0000000000000001e-03  1.5683664725973882e-03
-3.5999999999999997e-02 3.3000000000000002e-02 4.0000000000000001e-03  1.5937696542007622e-03
-3.5999999999999997e-02 3.6000000000000004e-02 4.0000000000000001e-03  1.6432051554513640e-03
-3.5999999999999997e-02 3.9000000000000007e-02 4.0000000000000001e-03  1.7231561657025710e-03
-3.5999999999999997e-02 4.2000000000000010e-02 4.0000000000000001e-03  1.8243048567758537e-03
-3.5999999999999997e-02 4.4999999999999998e-02 4.0000000000000001e-03  1.9397312171470834e-03
-3.3000000000000002e-02 -4.4999999999999998e-02 4.0000000000000001e-03  2.0072551741460850e-03
-3.3000000000000002e-02 -4.1999999999999996e-02 4.0000000000000001e-03  1.8702604690626844e-03
-3.3000000000000002e-02 -3.9000000000000000e-02 4.0000000000000001e-03  1.7692638877822367e-03
-3.3000000000000002e-02 -3.5999999999999997e-02 4.0000000000000001e-03  1.7020471279880979e-03
-3.3000000000000002e-02 -3.3000000000000002e-02 4.0000000000000001e-03  1.6481785047575341e-03
-3.3000000000000002e-02 -2.9999999999999999e-02 4.0000000000000001e-03  1.6053472422752873e-03
-3.3000000000000002e-02 -2.6999999999999996e-02 4.0000000000000001e-03  1.5924787474077377e-03
-3.3000000000000002e-02 -2.3999999999999997e-02 4.0000000000000001e-03  1.5814207759042506e-03
-3.3000000000000002e-02 -2.0999999999999998e-02 4.0000000000000001e-03  1.5664967325135109e-03
-3.3000000000000002e-02 -1.7999999999999999e-02 4.0000000000000001e-03  1.5404872145434224e-03
-3.3000000000000002e-02 -1.4999999999999999e-02 4.0000000000000001e-03  1.5203161302183642e-03
-3.3000000000000002e-02 -1.1999999999999997e-02 4.0000000000000001e-03  1.5060469697170198e-03
-3.3000000000000002e-02 -8.9999999999999941e-03 4.0000000000000001e-03  1.4977380625102493e-03
-3.3000000000000002e-02 -5.9999999999999984e-03 4.0000000000000001e-03  1.4954425773610934e-03
-3.3000000000000002e-02 -2.9999999999999957e-03 4.0000000000000001e-03  1.4949988316409111e-03
-3.3000000000000002e-02 0.0000000000000000e+00 4.0000000000000001e-03  1.4889454290784080e-03
-3.3000000000000002e-02 3.0000000000000027e-03 4.0000000000000001e-03  1.4847952236312543e-03
-3.3000000000000002e-02 6.0000000000000053e-03 4.0000000000000001e-03  1.4825253722152601e-03
-3.3000000000000002e-02 9.0000000000000011e-03 4.0000000000000001e-03  1.4821139273142505e-03
-3.3000000000000002e-02 1.2000000000000004e-02 4.0000000000000001e-03  1.4835398369800743e-03
-3.3000000000000002e-02 1.4999999999999999e-02 4.0000000000000001e-03  1.4865542396490404e-03
-3.3000000000000002e-02 1.8000000000000002e-02 4.0000000000000001e-03  1.4883923896621938e-03
-3.3000000000000002e-02 2.1000000000000005e-02 4.0000000000000001e-03  1.4936574778698967e-03
-3.3000000000000002e-02 2.4000000000000007e-02 4.0000000000000001e-03  1.4994363252772394e-03
-3.3000000000000002e-02 2.7000000000000010e-02 4.0000000000000001e-03  1.5057947534851211e-03
-3.3000000000000002e-02 2.9999999999999999e-02 4.0000000000000001e-03  1.5307567620753209e-03
-3.3000000000000002e-02 3.3000000000000002e-02 4.0000000000000001e-03  1.5600864530312063e-03
-3.3000000000000002e-02 3.6000000000000004e-02 4.0000000000000001e-03  1.5925337134983439e-03
-3.3000000000000002e-02 3.9000000000000007e-02 4.0000000000000001e-03  1.6676029854314895e-03
-3.3000000000000002e-02 4.2000000000000010e-02 4.0000000000000001e-03  1.7661806776448675e-03
-3.3000000000000002e-02 4.4999999999999998e-02 4.0000000000000001e-03  1.8790056994277481e-03
-2.9999999999999999e-02 -4.4999999999999998e-02 4.0000000000000001e-03  1.9953005039508847e-03
-2.9999999999999999e-02 -4.1999999999999996e-02 4.0000000000000001e-03  1.8514681659586160e-03
-2.9999999999999999e-02 -3.9000000000000000e-02 4.0000000000000001e-03  1.7440906309446863e-03
-2.9999999999999999e-02 -3.5999999999999997e-02 4.0000000000000001e-03  1.6699182927218965e-03
-2.9999999999999999e-02 -3.3000000000000002e-02 4.0000000000000001e-03  1.6239453075641464e-03
-2.9999999999999999e-02 -2.9999999999999999e-02 4.0000000000000001e-03  1.5850393516218010e-03
-2.9999999999999999e-02 -2.6999999999999996e-02 4.0000000000000001e-03  1.5707465279877952e-03
-2.9999999999999999e-02 -2.3999999999999997e-02 4.0000000000000001e-03  1.5572363822642489e-03
-2.9999999999999999e-02 -2.0999999999999998e-02 4.0000000000000001e-03  1.5244557028221231e-03
-2.9999999999999999e-02 -1.7999999999999999e-02 4.0000000000000001e-03  1.4973220252741753e-03
-2.9999999999999999e-02 -1.4999999999999999e-02 4.0000000000000001e-03  1.4759042505351793e-03
-2.9999999999999999e-02 -1.1999999999999997e-02 4.0000000000000001e-03  1.4602661188121058e-03
-2.9999999999999999e-02 -8.9999999999999941e-03 4.0000000000000001e-03  1.4504662096040980e-03
-2.9999999999999999e-02 -5.9999999999999984e-03 4.0000000000000001e-03  1.4465579417025018e-03
-2.9999999999999999e-02 -2.9999999999999957e-03 4.0000000000000001e-03  1.4462236110243444e-03
-2.9999999999999999e-02 0.0000000000000000e+00 4.0000000000000001e-03  1.4421628879012550e-03
-2.9999999999999999e-02 3.0000000000000027e-03 4.0000000000000001e-03  1.4399484370065431e-03
-2.9999999999999999e-02 6.0000000000000053e-03 4.0000000000000001e-03  1.4395587785162112e-03
-2.9999999999999999e-02 9.0000000000000011e-03 4.0000000000000001e-03  1.4409733281742854e-03
-2.9999999999999999e-02 1.2000000000000004e-02 4.0000000000000001e-03  1.4441723972928090e-03
-2.9999999999999999e-02 1.4999999999999999e-02 4.0000000000000001e-03  1.4491371927518467e-03
-2.9999999999999999e-02 1.8000000000000002e-02 4.0000000000000001e-03  1.4558498169994873e-03
-2.9999999999999999e-02 2.1000000000000005e-02 4.0000000000000001e-03  1.4635457311669197e-03
-2.9999999999999999e-02 2.4000000000000007e-02 4.0000000000000001e-03  1.4745110480958354e-03
-2.9999999999999999e-02 2.7000000000000010e-02 4.0000000000000001e-03  1.4887256954895216e-03
-2.9999999999999999e-02 2.9999999999999999e-02 4.0000000000000001e-03  1.5030734912884248e-03
-2.9999999999999999e-02 3.3000000000000002e-02 4.0000000000000001e-03  1.5262829469352692e-03
-2.9999999999999999e-02 3.6000000000000004e-02 4.0000000000000001e-03  1.5683810933531574e-03
-2.9999999999999999e-02 3.9000000000000007e-02 4.0000000000000001e-03  1.6182964498780853e-03
-2.9999999999999999e-02 4.2000000000000010e-02 4.0000000000000001e-03  1.7142801737118729e-03
-2.9999999999999999e-02 4.4999999999999998e-02 4.0000000000000001e-03  1.8244893731722564e-03
-2.6999999999999996e-02 -4.4999999999999998e-02 4.0000000000000001e-03  1.9826939594003294e-03
-2.6999999999999996e-02 -4.1999999999999996e-02 4.0000000000000001e-03  1.8364868886504959e-03
-2.6999999999999996e-02 -3.9000000000000000e-02 4.0000000000000001e-03  1.7271168557656915e-03
-2.6999999999999996e-02 -3.5999999999999997e-02 4.0000000000000001e-03  1.6512700543376954e-03
-2.6999999999999996e-02 -3.3000000000000002e-02 4.0000000000000001e-03  1.6052561034311701e-03
-2.6999999999999996e-02 -2.9999999999999999e-02 4.0000000000000001e-03  1.5717919338605821e-03
-2.6999999999999996e-02 -2.6999999999999996e-02 4.0000000000000001e-03  1.5472876473186894e-03
-2.6999999999999996e-02 -2.3999999999999997e-02 4.0000000000000001e-03  1.5248136824556643e-03
-2.6999999999999996e-02 -2.0999999999999998e-02 4.0000000000000001e-03  1.4887680436255887e-03
-2.6999999999999996e-02 -1.7999999999999999e-02 4.0000000000000001e-03  1.4602204305790370e-03
-2.6999999999999996e-02 -1.4999999999999999e-02 4.0000000000000001e-03  1.4377800399193281e-03
-2.6999999999999996e-02 -1.1999999999999997e-02 4.0000000000000001e-03  1.4210126710993262e-03
-2.6999999999999996e-02 -8.9999999999999941e-03 4.0000000000000001e-03  1.4099771536464692e-03
-2.6999999999999996e-02 -5.9999999999999984e-03 4.0000000000000001e-03  1.4047271563803901e-03
-2.6999999999999996e-02 -2.9999999999999957e-03 4.0000000000000001e-03  1.4041915349079258e-03
-2.6999999999999996e-02 0.0000000000000000e+00 4.0000000000000001e-03  1.4019709860992890e-03
-2.6999999999999996e-02 3.0000000000000027e-03 4.0000000000000001e-03  1.4015425223647907e-03
-2.6999999999999996e-02 6.0000000000000053e-03 4.0000000000000001e-03  1.4028860271406355e-03
-2.6999999999999996e-02 9.0000000000000011e-03 4.0000000000000001e-03  1.4059822794310430e-03
-2.6999999999999996e-02 1.2000000000000004e-02 4.0000000000000001e-03  1.4108129538082550e-03
-2.6999999999999996e-02 1.4999999999999999e-02 4.0000000000000001e-03  1.4173606204125348e-03
-2.6999999999999996e-02 1.8000000000000002e-02 4.0000000000000001e-03  1.4256087449521677e-03
-2.6999999999999996e-02 2.1000000000000005e-02 4.0000000000000001e-03  1.4355416887034561e-03
-2.6999999999999996e-02 2.4000000000000007e-02 4.0000000000000001e-03  1.4483521534250383e-03
-2.6999999999999996e-02 2.7000000000000010e-02 4.0000000000000001e-03  1.4560826794685028e-03
-2.6999999999999996e-02 2.9999999999999999e-02 4.0000000000000001e-03  1.4698295209708396e-03
-2.6999999999999996e-02 3.3000000000000002e-02 4.0000000000000001e-03  1.5095341893671781e-03
-2.6999999999999996e-02 3.6000000000000004e-02 4.0000000000000001e-03  1.5460673754189309e-03
-2.6999999999999996e-02 3.9000000000000007e-02 4.0000000000000001e-03  1.5900385728253299e-03
-2.6999999999999996e-02 4.2000000000000010e-02 4.0000000000000001e-03  1.6685935933682355e-03
-2.6999999999999996e-02 4.4999999999999998e-02 4.0000000000000001e-03  1.7761696347239205e-03
-2.3999999999999997e-02 -4.4999999999999998e-02 4.0000000000000001e-03  1.9669145787762554e-03
-2.3999999999999997e-02 -4.1999999999999996e-02 4.0000000000000001e-03  1.8184775938458111e-03
-2.3999999999999997e-02 -3.9000000000000000e-02 4.0000000000000001e-03  1.7072976668865345e-03
-2.3999999999999997e-02 -3.5999999999999997e-02 4.0000000000000001e-03  1.6377554326808886e-03
-2.3999999999999997e-02 -3.3000000000000002e-02 4.0000000000000001e-03  1.5955086373271247e-03
-2.3999999999999997e-02 -2.9999999999999999e-02 4.0000000000000001e-03  1.5656122001268238e-03
-2.3999999999999997e-02 -2.6999999999999996e-02 4.0000000000000001e-03  1.5375187701182288e-03
-2.3999999999999997e-02 -2.3999999999999997e-02 4.0000000000000001e-03  1.4959200099759098e-03
-2.3999999999999997e-02 -2.0999999999999998e-02 4.0000000000000001e-03  1.4606219738334278e-03
-2.3999999999999997e-02 -1.7999999999999999e-02 4.0000000000000001e-03  1.4303415886992822e-03
-2.3999999999999997e-02 -1.4999999999999999e-02 4.0000000000000001e-03  1.4055637598144105e-03
-2.3999999999999997e-02 -1.1999999999999997e-02 4.0000000000000001e-03  1.3878713140576032e-03
-2.3999999999999997e-02 -8.9999999999999941e-03 4.0000000000000001e-03  1.3758200081515994e-03
-2.3999999999999997e-02 -5.9999999999999984e-03 4.0000000000000001e-03  1.3694637609443180e-03
-2.3999999999999997e-02 -2.9999999999999957e-03 4.0000000000000001e-03  1.3684792225966392e-03
-2.3999999999999997e-02 0.0000000000000000e+00 4.0000000000000001e-03  1.3679547199025070e-03
-2.3999999999999997e-02 3.0000000000000027e-03 4.0000000000000001e-03  1.3691708528610176e-03
-2.3999999999999997e-02 6.0000000000000053e-03 4.0000000000000001e-03  1.3721088681685678e-03
-2.3999999999999997e-02 9.0000000000000011e-03 4.0000000000000001e-03  1.3767509080895766e-03
-2.3999999999999997e-02 1.2000000000000004e-02 4.0000000000000001e-03  1.3830800104564854e-03
-2.3999999999999997e-02 1.4999999999999999e-02 4.0000000000000001e-03  1.3910801086697505e-03
-2.3999999999999997e-02 1.8000000000000002e-02 4.0000000000000001e-03  1.4007360316978556e-03
-2.3999999999999997e-02 2.1000000000000005e-02 4.0000000000000001e-03  1.4124703740313409e-03
-2.3999999999999997e-02 2.4000000000000007e-02 4.0000000000000001e-03  1.4274804291837856e-03
-2.3999999999999997e-02 2.7000000000000010e-02 4.0000000000000001e-03  1.4310078454099684e-03
-2.3999999999999997e-02 2.9999999999999999e-02 4.0000000000000001e-03  1.4571521998656529e-03
-2.3999999999999997e-02 3.3000000000000002e-02 4.0000000000000001e-03  1.4944756409151871e-03
-2.3999999999999997e-02 3.6000000000000004e-02 4.0000000000000001e-03  1.5255435411218223e-03
-2.3999999999999997e-02 3.9000000000000007e-02 4.0000000000000001e-03  1.5691486816273846e-03
-2.3999999999999997e-02 4.2000000000000010e-02 4.0000000000000001e-03  1.6311504198046707e-03
-2.3999999999999997e-02 4.4999999999999998e-02 4.0000000000000001e-03  1.7340323706709758e-03
-2.0999999999999998e-02 -4.4999999999999998e-02 4.0000000000000001e-03  1.9479476144076339e-03
-2.0999999999999998e-02 -4.1999999999999996e-02 4.0000000000000001e-03  1.7974585797925541e-03
-2.0999999999999998e-02 -3.9000000000000000e-02 4.0000000000000001e-03  1.6846844084742051e-03
-2.0999999999999998e-02 -3.5999999999999997e-02 4.0000000000000001e-03  1.6310148191985853e-03
-2.0999999999999998e-02 -3.3000000000000002e-02 4.0000000000000001e-03  1.5951640942657227e-03
-2.0999999999999998e-02 -2.9999999999999999e-02 4.0000000000000001e-03  1.5622264090310676e-03
-2.0999999999999998e-02 -2.6999999999999996e-02 4.0000000000000001e-03  1.5145069242461339e-03
-2.0999999999999998e-02 -2.3999999999999997e-02 4.0000000000000001e-03  1.4725256166569110e-03
-2.0999999999999998e-02 -2.0999999999999998e-02 4.0000000000000001e-03  1.4361546302689471e-03
-2.0999999999999998e-02 -1.7999999999999999e-02 4.0000000000000001e-03  1.4054663884788042e-03
-2.0999999999999998e-02 -1.4999999999999999e-02 4.0000000000000001e-03  1.3809592505024822e-03
-2.0999999999999998e-02 -1.1999999999999997e-02 4.0000000000000001e-03  1.3604727994837537e-03
-2.0999999999999998e-02 -8.9999999999999941e-03 4.0000000000000001e-03  1.3475899509516212e-03
-2.0999999999999998e-02 -5.9999999999999984e-03 4.0000000000000001e-03  1.3403273592617383e-03
-2.0999999999999998e-02 -2.9999999999999957e-03 4.0000000000000001e-03  1.3386972982838679e-03
-2.0999999999999998e-02 0.0000000000000000e+00 4.0000000000000001e-03  1.3397330904293128e-03
-2.0999999999999998e-02 3.0000000000000027e-03 4.0000000000000001e-03  1.3424608065386392e-03
-2.0999999999999998e-02 6.0000000000000053e-03 4.0000000000000001e-03  1.3468630565684439e-03
-2.0999999999999998e-02 9.0000000000000011e-03 4.0000000000000001e-03  1.3529233460433396e-03
-2.0999999999999998e-02 1.2000000000000004e-02 4.0000000000000001e-03  1.3606260760559686e-03
-2.0999999999999998e-02 1.4999999999999999e-02 4.0000000000000001e-03  1.3714079656283781e-03
-2.0999999999999998e-02 1.8000000000000002e-02 4.0000000000000001e-03  1.3855217174991710e-03
-2.0999999999999998e-02 2.1000000000000005e-02 4.0000000000000001e-03  1.4012739088281668e-03
-2.0999999999999998e-02 2.4000000000000007e-02 4.0000000000000001e-03  1.4148629271765567e-03
-2.0999999999999998e-02 2.7000000000000010e-02 4.0000000000000001e-03  1.4188088375738225e-03
-2.0999999999999998e-02 2.9999999999999999e-02 4.0000000000000001e-03  1.4447373280780146e-03
-2.0999999999999998e-02 3.3000000000000002e-02 4.0000000000000001e-03  1.4810529414950513e-03
-2.0999999999999998e-02 3.6000000000000004e-02 4.0000000000000001e-03  1.5067657018208969e-03
-2.0999999999999998e-02 3.9000000000000007e-02 4.0000000000000001e-03  1.5499859427193700e-03
-2.0999999999999998e-02 4.2000000000000010e-02 4.0000000000000001e-03  1.6116535451049584e-03
-2.0999999999999998e-02 4.4999999999999998e-02 4.0000000000000001e-03  1.6980619578465729e-03
-1.7999999999999999e-02 -4.4999999999999998e-02 4.0000000000000001e-03  1.9258036120003296e-03
-1.7999999999999999e-02 -4.1999999999999996e-02 4.0000000000000001e-03  1.7734734381155794e-03
-1.7999999999999999e-02 -3.9000000000000000e-02 4.0000000000000001e-03  1.6831264711857259e-03
-1.7999999999999999e-02 -3.5999999999999997e-02 4.0000000000000001e-03  1.6371110836299024e-03
-1.7999999999999999e-02 -3.3000000000000002e-02 4.0000000000000001e-03  1.5987589718766675e-03
-1.7999999999999999e-02 -2.9999999999999999e-02 4.0000000000000001e-03  1.5443604187315926e-03
-1.7999999999999999e-02 -2.6999999999999996e-02 4.0000000000000001e-03  1.4959890836625971e-03
-1.7999999999999999e-02 -2.3999999999999997e-02 4.0000000000000001e-03  1.4535017256861649e-03
-1.7999999999999999e-02 -2.0999999999999998e-02 4.0000000000000001e-03  1.4167590728988793e-03
-1.7999999999999999e-02 -1.7999999999999999e-02 4.0000000000000001e-03  1.3856258224774376e-03
-1.7999999999999999e-02 -1.4999999999999999e-02 4.0000000000000001e-03  1.3599706406786534e-03
-1.7999999999999999e-02 -1.1999999999999997e-02 4.0000000000000001e-03  1.3406431405930980e-03
-1.7999999999999999e-02 -8.9999999999999941e-03 4.0000000000000001e-03  1.3257176724255010e-03
-1.7999999999999999e-02 -5.9999999999999984e-03 4.0000000000000001e-03  1.3169236195179959e-03
-1.7999999999999999e-02 -2.9999999999999957e-03 4.0000000000000001e-03  1.3145293876534671e-03
-1.7999999999999999e-02 0.0000000000000000e+00 4.0000000000000001e-03  1.3169591036865120e-03
-1.7999999999999999e-02 3.0000000000000027e-03 4.0000000000000001e-03  1.3210737663294809e-03
-1.7999999999999999e-02 6.0000000000000053e-03 4.0000000000000001e-03  1.3268183521971022e-03
-1.7999999999999999e-02 9.0000000000000011e-03 4.0000000000000001e-03  1.3360628883599488e-03
-1.7999999999999999e-02 1.2000000000000004e-02 4.0000000000000001e-03  1.3473786848422348e-03
-1.7999999999999999e-02 1.4999999999999999e-02 4.0000000000000001e-03  1.3603313167281405e-03
-1.7999999999999999e-02 1.8000000000000002e-02 4.0000000000000001e-03  1.3749221908794483e-03
-1.7999999999999999e-02 2.1000000000000005e-02 4.0000000000000001e-03  1.3911531720652202e-03
-1.7999999999999999e-02 2.4000000000000007e-02 4.0000000000000001e-03  1.4033307546918404e-03
-1.7999999999999999e-02 2.7000000000000010e-02 4.0000000000000001e-03  1.4086928392865667e-03
-1.7999999999999999e-02 2.9999999999999999e-02 4.0000000000000001e-03  1.4320895820031634e-03
-1.7999999999999999e-02 3.3000000000000002e-02 4.0000000000000001e-03  1.4662786723895723e-03
-1.7999999999999999e-02 3.6000000000000004e-02 4.0000000000000001e-03  1.4896950988081111e-03
-1.7999999999999999e-02 3.9000000000000007e-02 4.0000000000000001e-03  1.5325105462527361e-03
-1.7999999999999999e-02 4.2000000000000010e-02 4.0000000000000001e-03  1.5938228554710011e-03
-1.7999999999999999e-02 4.4999999999999998e-02 4.0000000000000001e-03  1.6749453171039817e-03
-1.4999999999999999e-02 -4.4999999999999998e-02 4.0000000000000001e-03  1.9005184106370627e-03
-1.4999999999999999e-02 -4.1999999999999996e-02 4.0000000000000001e-03  1.7498729695218898e-03
-1.4999999999999999e-02 -3.9000000000000000e-02 4.0000000000000001e-03  1.6928761834345348e-03
-1.4999999999999999e-02 -3.5999999999999997e-02 4.0000000000000001e-03  1.6476708925979569e-03
-1.4999999999999999e-02 -3.3000000000000002e-02 4.0000000000000001e-03  1.5866905520216807e-03
-1.4999999999999999e-02 -2.9999999999999999e-02 4.0000000000000001e-03  1.5313031071541210e-03
-1.4999999999999999e-02 -2.6999999999999996e-02 4.0000000000000001e-03  1.4821183580997338e-03
-1.4999999999999999e-02 -2.3999999999999997e-02 4.0000000000000001e-03  1.4389816479660443e-03
-1.4999999999999999e-02 -2.0999999999999998e-02 4.0000000000000001e-03  1.4017422889406833e-03
-1.4999999999999999e-02 -1.7999999999999999e-02 4.0000000000000001e-03  1.3702535622913889e-03
-1.4999999999999999e-02 -1.4999999999999999e-02 4.0000000000000001e-03  1.3443727183660241e-03
-1.4999999999999999e-02 -1.1999999999999997e-02 4.0000000000000001e-03  1.3239609765925487e-03
-1.4999999999999999e-02 -8.9999999999999941e-03 4.0000000000000001e-03  1.3094220059177216e-03
-1.4999999999999999e-02 -5.9999999999999984e-03 4.0000000000000001e-03  1.3003040017060324e-03
-1.4999999999999999e-02 -2.9999999999999957e-03 4.0000000000000001e-03  1.2958535543273338e-03
-1.4999999999999999e-02 0.0000000000000000e+00 4.0000000000000001e-03  1.2995591436396256e-03
-1.4999999999999999e-02 3.0000000000000027e-03 4.0000000000000001e-03  1.3064406312146349e-03
-1.4999999999999999e-02 6.0000000000000053e-03 4.0000000000000001e-03  1.3149578836170826e-03
-1.4999999999999999e-02 9.0000000000000011e-03 4.0000000000000001e-03  1.3251111690852997e-03
-1.4999999999999999e-02 1.2000000000000004e-02 4.0000000000000001e-03  1.3369012137649007e-03
-1.4999999999999999e-02 1.4999999999999999e-02 4.0000000000000001e-03  1.3503292017087768e-03
-1.4999999999999999e-02 1.8000000000000002e-02 4.0000000000000001e-03  1.3653967748771011e-03
-1.4999999999999999e-02 2.1000000000000005e-02 4.0000000000000001e-03  1.3821060331373287e-03
-1.4999999999999999e-02 2.4000000000000007e-02 4.0000000000000001e-03  1.3928811356842014e-03
-1.4999999999999999e-02 2.7000000000000010e-02 4.0000000000000001e-03  1.4011593939882851e-03
-1.4999999999999999e-02 2.9999999999999999e-02 4.0000000000000001e-03  1.4248503860294251e-03
-1.4999999999999999e-02 3.3000000000000002e-02 4.0000000000000001e-03  1.4563042293154721e-03
-1.4999999999999999e-02 3.6000000000000004e-02 4.0000000000000001e-03  1.4821104240565768e-03
-1.4999999999999999e-02 3.9000000000000007e-02 4.0000000000000001e-03  1.5240818085205123e-03
-1.4999999999999999e-02 4.2000000000000010e-02 4.0000000000000001e-03  1.5822376988387011e-03
-1.4999999999999999e-02 4.4999999999999998e-02 4.0000000000000001e-03  1.6570299551570001e-03
-1.1999999999999997e-02 -4.4999999999999998e-02 4.0000000000000001e-03  1.8721531427774356e-03
-1.1999999999999997e-02 -4.1999999999999996e-02 4.0000000000000001e-03  1.7641376702154450e-03
-1.1999999999999997e-02 -3.9000000000000000e-02 4.0000000000000001e-03  1.7110950722108087e-03
-1.1999999999999997e-02 -3.5999999999999997e-02 4.0000000000000001e-03  1.6429652294948829e-03
-1.1999999999999997e-02 -3.3000000000000002e-02 4.0000000000000001e-03  1.5798227910793956e-03
-1.1999999999999997e-02 -2.9999999999999999e-02 4.0000000000000001e-03  1.5232468300270024e-03
-1.1999999999999997e-02 -2.6999999999999996e-02 4.0000000000000001e-03  1.4730673044561588e-03
-1.1999999999999997e-02 -2.3999999999999997e-02 4.0000000000000001e-03  1.4291181415654287e-03
-1.1999999999999997e-02 -2.0999999999999998e-02 4.0000000000000001e-03  1.3912372376334941e-03
-1.1999999999999997e-02 -1.7999999999999999e-02 4.0000000000000001e-03  1.3592664580191441e-03
-1.1999999999999997e-02 -1.4999999999999999e-02 4.0000000000000001e-03  1.3330516371612747e-03
-1.1999999999999997e-02 -1.1999999999999997e-02 4.0000000000000001e-03  1.3124425785789025e-03
-1.1999999999999997e-02 -8.9999999999999941e-03 4.0000000000000001e-03  1.2972930548711460e-03
-1.1999999999999997e-02 -5.9999999999999984e-03 4.0000000000000001e-03  1.2874608077172364e-03
-1.1999999999999997e-02 -2.9999999999999957e-03 4.0000000000000001e-03  1.2844040564192010e-03
-1.1999999999999997e-02 0.0000000000000000e+00 4.0000000000000001e-03  1.2882651305521063e-03
-1.1999999999999997e-02 3.0000000000000027e-03 4.0000000000000001e-03  1.2956186683910434e-03
-1.1999999999999997e-02 6.0000000000000053e-03 4.0000000000000001e-03  1.3046082841040795e-03
-1.1999999999999997e-02 9.0000000000000011e-03 4.0000000000000001e-03  1.3152344810279351e-03
-1.1999999999999997e-02 1.2000000000000004e-02 4.0000000000000001e-03  1.3274982204066125e-03
-1.1999999999999997e-02 1.4999999999999999e-02 4.0000000000000001e-03  1.3414009213913933e-03
-1.1999999999999997e-02 1.8000000000000002e-02 4.0000000000000001e-03  1.3569444610408415e-03
-1.1999999999999997e-02 2.1000000000000005e-02 4.0000000000000001e-03  1.3741311743208006e-03
-1.1999999999999997e-02 2.4000000000000007e-02 4.0000000000000001e-03  1.3835123686520118e-03
-1.1999999999999997e-02 2.7000000000000010e-02 4.0000000000000001e-03  1.3946653567534694e-03
-1.1999999999999997e-02 2.9999999999999999e-02 4.0000000000000001e-03  1.4186511597547981e-03
-1.1999999999999997e-02 3.3000000000000002e-02 4.0000000000000001e-03  1.4473549004632340e-03
-1.1999999999999997e-02 3.6000000000000004e-02 4.0000000000000001e-03  1.4768245551797148e-03
-1.1999999999999997e-02 3.9000000000000007e-02 4.0000000000000001e-03  1.5224184218327085e-03
-1.1999999999999997e-02 4.2000000000000010e-02 4.0000000000000001e-03  1.5841490195030010e-03
-1.1999999999999997e-02 4.4999999999999998e-02 4.0000000000000001e-03  1.6728773231920715e-03
-8.9999999999999941e-03 -4.4999999999999998e-02 4.0000000000000001e-03  1.8564811931829201e-03
-8.9999999999999941e-03 -4.1999999999999996e-02 4.0000000000000001e-03  1.7910304192195129e-03
-8.9999999999999941e-03 -3.9000000000000000e-02 4.0000000000000001e-03  1.7149102033187618e-03
-8.9999999999999941e-03 -3.5999999999999997e-02 4.0000000000000001e-03  1.6431610861754196e-03
-8.9999999999999941e-03 -3.3000000000000002e-02 4.0000000000000001e-03  1.5783872907743973e-03
-8.9999999999999941e-03 -2.9999999999999999e-02 4.0000000000000001e-03  1.5204033902450802e-03
-8.9999999999999941e-03 -2.6999999999999996e-02 4.0000000000000001e-03  1.4690279267969722e-03
-8.9999999999999941e-03 -2.3999999999999997e-02 4.0000000000000001e-03  1.4240834117196909e-03
-8.9999999999999941e-03 -2.0999999999999998e-02 4.0000000000000001e-03  1.3853963253829551e-03
-8.9999999999999941e-03 -1.7999999999999999e-02 4.0000000000000001e-03  1.3527971172366032e-03
-8.9999999999999941e-03 -1.4999999999999999e-02 4.0000000000000001e-03  1.3261202058105768e-03
-8.9999999999999941e-03 -1.1999999999999997e-02 4.0000000000000001e-03  1.3052039787149348e-03
-8.9999999999999941e-03 -8.9999999999999941e-03 4.0000000000000001e-03  1.2895997601704448e-03
-8.9999999999999941e-03 -5.9999999999999984e-03 4.0000000000000001e-03  1.2795685392858476e-03
-8.9999999999999941e-03 -2.9999999999999957e-03 4.0000000000000001e-03  1.2764742313291083e-03
-8.9999999999999941e-03 0.0000000000000000e+00 4.0000000000000001e-03  1.2804774133075693e-03
-8.9999999999999941e-03 3.0000000000000027e-03 4.0000000000000001e-03  1.2858739260169145e-03
-8.9999999999999941e-03 6.0000000000000053e-03 4.0000000000000001e-03  1.2953352213075616e-03
-8.9999999999999941e-03 9.0000000000000011e-03 4.0000000000000001e-03  1.3064335564352493e-03
-8.9999999999999941e-03 1.2000000000000004e-02 4.0000000000000001e-03  1.3191701277423707e-03
-8.9999999999999941e-03 1.4999999999999999e-02 4.0000000000000001e-03  1.3335465894785906e-03
-8.9999999999999941e-03 1.8000000000000002e-02 4.0000000000000001e-03  1.3495650538008709e-03
-8.9999999999999941e-03 2.1000000000000005e-02 4.0000000000000001e-03  1.3672280907734390e-03
-8.9999999999999941e-03 2.4000000000000007e-02 4.0000000000000001e-03  1.3752238266374456e-03
-8.9999999999999941e-03 2.7000000000000010e-02 4.0000000000000001e-03  1.3892088883341847e-03
-8.9999999999999941e-03 2.9999999999999999e-02 4.0000000000000001e-03  1.4134891998648258e-03
-8.9999999999999941e-03 3.3000000000000002e-02 4.0000000000000001e-03  1.4388288996171731e-03
-8.9999999999999941e-03 3.6000000000000004e-02 4.0000000000000001e-03  1.4725462402523223e-03
-8.9999999999999941e-03 3.9000000000000007e-02 4.0000000000000001e-03  1.5220389119923001e-03
-8.9999999999999941e-03 4.2000000000000010e-02 4.0000000000000001e-03  1.5912827441693608e-03
-8.9999999999999941e-03 4.4999999999999998e-02 4.0000000000000001e-03  1.6805069440444897e-03
-5.9999999999999984e-03 -4.4999999999999998e-02 4.0000000000000001e-03  1.8895690820552057e-03
-5.9999999999999984e-03 -4.1999999999999996e-02 4.0000000000000001e-03  1.8045090724499535e-03
-5.9999999999999984e-03 -3.9000000000000000e-02 4.0000000000000001e-03  1.7231887899682647e-03
-5.9999999999999984e-03 -3.5999999999999997e-02 4.0000000000000001e-03  1.6492977364374176e-03
-5.9999999999999984e-03 -3.3000000000000002e-02 4.0000000000000001e-03  1.5826350999977492e-03
-5.9999999999999984e-03 -2.9999999999999999e-02 4.0000000000000001e-03  1.5230040378696862e-03
-5.9999999999999984e-03 -2.6999999999999996e-02 4.0000000000000001e-03  1.4695481817121351e-03
-5.9999999999999984e-03 -2.3999999999999997e-02 4.0000000000000001e-03  1.4220447194758215e-03
-5.9999999999999984e-03 -2.0999999999999998e-02 4.0000000000000001e-03  1.3816230871982174e-03
-5.9999999999999984e-03 -1.7999999999999999e-02 4.0000000000000001e-03  1.3479490477555887e-03
-5.9999999999999984e-03 -1.4999999999999999e-02 4.0000000000000001e-03  1.3207040041995259e-03
-5.9999999999999984e-03 -1.1999999999999997e-02 4.0000000000000001e-03  1.2995849997569529e-03
-5.9999999999999984e-03 -8.9999999999999941e-03 4.0000000000000001e-03  1.2843047178301141e-03
-5.9999999999999984e-03 -5.9999999999999984e-03 4.0000000000000001e-03  1.2745914819965848e-03
-5.9999999999999984e-03 -2.9999999999999957e-03 4.0000000000000001e-03  1.2725412160290649e-03
-5.9999999999999984e-03 0.0000000000000000e+00 4.0000000000000001e-03  1.2751405994711478e-03
-5.9999999999999984e-03 3.0000000000000027e-03 4.0000000000000001e-03  1.2802663867166478e-03
-5.9999999999999984e-03 6.0000000000000053e-03 4.0000000000000001e-03  1.2871405496288073e-03
-5.9999999999999984e-03 9.0000000000000011e-03 4.0000000000000001e-03  1.2987099404361230e-03
-5.9999999999999984e-03 1.2000000000000004e-02 4.0000000000000001e-03  1.3119181716286512e-03
-5.9999999999999984e-03 1.4999999999999999e-02 4.0000000000000001e-03  1.3267671325544559e-03
-5.9999999999999984e-03 1.8000000000000002e-02 4.0000000000000001e-03  1.3432591704688789e-03
-5.9999999999999984e-03 2.1000000000000005e-02 4.0000000000000001e-03  1.3613970905345413e-03
-5.9999999999999984e-03 2.4000000000000007e-02 4.0000000000000001e-03  1.3680159572264806e-03
-5.9999999999999984e-03 2.7000000000000010e-02 4.0000000000000001e-03  1.3847883760580897e-03
-5.9999999999999984e-03 2.9999999999999999e-02 4.0000000000000001e-03  1.4093620296206492e-03
-5.9999999999999984e-03 3.3000000000000002e-02 4.0000000000000001e-03  1.4345039498024697e-03
-5.9999999999999984e-03 3.6000000000000004e-02 4.0000000000000001e-03  1.4636401461599891e-03
-5.9999999999999984e-03 3.9000000000000007e-02 4.0000000000000001e-03  1.5204289527204842e-03
-5.9999999999999984e-03 4.2000000000000010e-02 4.0000000000000001e-03  1.5971489695997430e-03
-5.9999999999999984e-03 4.4999999999999998e-02 4.0000000000000001e-03  1.6938767343893770e-03
-2.9999999999999957e-03 -4.4999999999999998e-02 4.0000000000000001e-03  1.9140032826341752e-03
-2.9999999999999957e-03 -4.1999999999999996e-02 4.0000000000000001e-03  1.8180505197774727e-03
-2.9999999999999957e-03 -3.9000000000000000e-02 4.0000000000000001e-03  1.7303638038184768e-03
-2.9999999999999957e-03 -3.5999999999999997e-02 4.0000000000000001e-03  1.6516232570372813e-03
-2.9999999999999957e-03 -3.3000000000000002e-02 4.0000000000000001e-03  1.5814161349798808e-03
-2.9999999999999957e-03 -2.9999999999999999e-02 4.0000000000000001e-03  1.5193453333675977e-03
-2.9999999999999957e-03 -2.6999999999999996e-02 4.0000000000000001e-03  1.4650293880970897e-03
-2.9999999999999957e-03 -2.3999999999999997e-02 4.0000000000000001e-03  1.4181024752403283e-03
-2.9999999999999957e-03 -2.0999999999999998e-02 4.0000000000000001e-03  1.3782144110446256e-03
-2.9999999999999957e-03 -1.7999999999999999e-02 4.0000000000000001e-03  1.3450306519326174e-03
-2.9999999999999957e-03 -1.4999999999999999e-02 4.0000000000000001e-03  1.3182322945022586e-03
-2.9999999999999957e-03 -1.1999999999999997e-02 4.0000000000000001e-03  1.2975160755268438e-03
-2.9999999999999957e-03 -8.9999999999999941e-03 4.0000000000000001e-03  1.2825943719549826e-03
-2.9999999999999957e-03 -5.9999999999999984e-03 4.0000000000000001e-03  1.2731952009106221e-03
-2.9999999999999957e-03 -2.9999999999999957e-03 4.0000000000000001e-03  1.2721680348353379e-03
-2.9999999999999957e-03 0.0000000000000000e+00 4.0000000000000001e-03  1.2746065538118021e-03
-2.9999999999999957e-03 3.0000000000000027e-03 4.0000000000000001e-03  1.2776635315181013e-03
-2.9999999999999957e-03 6.0000000000000053e-03 4.0000000000000001e-03  1.2837707020892425e-03
-2.9999999999999957e-03 9.0000000000000011e-03 4.0000000000000001e-03  1.2922261079365161e-03
-2.9999999999999957e-03 1.2000000000000004e-02 4.0000000000000001e-03  1.3057444008034384e-03
-2.9999999999999957e-03 1.4999999999999999e-02 4.0000000000000001e-03  1.3210642900845656e-03
-2.9999999999999957e-03 1.8000000000000002e-02 4.0000000000000001e-03  1.3380282412380445e-03
-2.9999999999999957e-03 2.1000000000000005e-02 4.0000000000000001e-03  1.3556146404836711e-03
-2.9999999999999957e-03 2.4000000000000007e-02 4.0000000000000001e-03  1.3618902825488892e-03
-2.9999999999999957e-03 2.7000000000000010e-02 4.0000000000000001e-03  1.3814024338284262e-03
-2.9999999999999957e-03 2.9999999999999999e-02 4.0000000000000001e-03  1.4062673988589885e-03
-2.9999999999999957e-03 3.3000000000000002e-02 4.0000000000000001e-03  1.4302282001626024e-03
-2.9999999999999957e-03 3.6000000000000004e-02 4.0000000000000001e-03  1.4586913279314290e-03
-2.9999999999999957e-03 3.9000000000000007e-02 4.0000000000000001e-03  1.5158187704571865e-03
-2.9999999999999957e-03 4.2000000000000010e-02 4.0000000000000001e-03  1.6000150923012773e-03
-2.9999999999999957e-03 4.4999999999999998e-02 4.0000000000000001e-03  1.7042551447835174e-03
0.0000000000000000e+00 -4.4999999999999998e-02 4.0000000000000001e-03  1.8977458252411076e-03
0.0000000000000000e+00 -4.1999999999999996e-02 4.0000000000000001e-03  1.8138580685691913e-03
0.0000000000000000e+00 -3.9000000000000000e-02 4.0000000000000001e-03  1.7269170780364943e-03
0.0000000000000000e+00 -3.5999999999999997e-02 4.0000000000000001e-03  1.6488842722500105e-03
0.0000000000000000e+00 -3.3000000000000002e-02 4.0000000000000001e-03  1.5793466003021141e-03
0.0000000000000000e+00 -2.9999999999999999e-02 4.0000000000000001e-03  1.5179066514604924e-03
0.0000000000000000e+00 -2.6999999999999996e-02 4.0000000000000001e-03  1.4641826551681637e-03
0.0000000000000000e+00 -2.3999999999999997e-02 4.0000000000000001e-03  1.4178084810434854e-03
0.0000000000000000e+00 -2.0999999999999998e-02 4.0000000000000001e-03  1.3784336388801236e-03
0.0000000000000000e+00 -1.7999999999999999e-02 4.0000000000000001e-03  1.3457232786470814e-03
0.0000000000000000e+00 -1.4999999999999999e-02 4.0000000000000001e-03  1.3193581904886935e-03
0.0000000000000000e+00 -1.1999999999999997e-02 4.0000000000000001e-03  1.2990348047246096e-03
0.0000000000000000e+00 -8.9999999999999941e-03 4.0000000000000001e-03  1.2844651918498178e-03
0.0000000000000000e+00 -5.9999999999999984e-03 4.0000000000000001e-03  1.2753770625346288e-03
0.0000000000000000e+00 -2.9999999999999957e-03 4.0000000000000001e-03  1.2753523273285740e-03
0.0000000000000000e+00 0.0000000000000000e+00 4.0000000000000001e-03  1.2776352358116944e-03
0.0000000000000000e+00 3.0000000000000027e-03 4.0000000000000001e-03  1.2805318263635688e-03
0.0000000000000000e+00 6.0000000000000053e-03 4.0000000000000001e-03  1.2840423036325939e-03
0.0000000000000000e+00 9.0000000000000011e-03 4.0000000000000001e-03  1.2909903376419828e-03
0.0000000000000000e+00 1.2000000000000004e-02 4.0000000000000001e-03  1.3010956314912028e-03
0.0000000000000000e+00 1.4999999999999999e-02 4.0000000000000001e-03  1.3164406144159895e-03
0.0000000000000000e+00 1.8000000000000002e-02 4.0000000000000001e-03  1.3338745091830367e-03
0.0000000000000000e+00 2.1000000000000005e-02 4.0000000000000001e-03  1.3501648055865697e-03
0.0000000000000000e+00 2.4000000000000007e-02 4.0000000000000001e-03  1.3568493992782539e-03
0.0000000000000000e+00 2.7000000000000010e-02 4.0000000000000001e-03  1.3790499021240285e-03
0.0000000000000000e+00 2.9999999999999999e-02 4.0000000000000001e-03  1.4042032839921581e-03
0.0000000000000000e+00 3.3000000000000002e-02 4.0000000000000001e-03  1.4272144201701652e-03
0.0000000000000000e+00 3.6000000000000004e-02 4.0000000000000001e-03  1.4585604756908272e-03
0.0000000000000000e+00 3.9000000000000007e-02 4.0000000000000001e-03  1.5146093203184249e-03
0.0000000000000000e+00 4.2000000000000010e-02 4.0000000000000001e-03  1.5998723385200991e-03
0.0000000000000000e+00 4.4999999999999998e-02 4.0000000000000001e-03  1.7116346668109156e-03
3.0000000000000027e-03 -4.4999999999999998e-02 4.0000000000000001e-03  1.8890087586662071e-03
3.0000000000000027e-03 -4.1999999999999996e-02 4.0000000000000001e-03  1.7853634177567236e-03
3.0000000000000027e-03 -3.9000000000000000e-02 4.0000000000000001e-03  1.7194092156251255e-03
3.0000000000000027e-03 -3.5999999999999997e-02 4.0000000000000001e-03  1.6499001823580817e-03
3.0000000000000027e-03 -3.3000000000000002e-02 4.0000000000000001e-03  1.5809986532803698e-03
3.0000000000000027e-03 -2.9999999999999999e-02 4.0000000000000001e-03  1.5201597145680084e-03
3.0000000000000027e-03 -2.6999999999999996e-02 4.0000000000000001e-03  1.4670012892103804e-03
3.0000000000000027e-03 -2.3999999999999997e-02 4.0000000000000001e-03  1.4211569403722053e-03
3.0000000000000027e-03 -2.0999999999999998e-02 4.0000000000000001e-03  1.3822758713935217e-03
3.0000000000000027e-03 -1.7999999999999999e-02 4.0000000000000001e-03  1.3500229257897036e-03
3.0000000000000027e-03 -1.4999999999999999e-02 4.0000000000000001e-03  1.3240785872514465e-03
3.0000000000000027e-03 -1.1999999999999997e-02 4.0000000000000001e-03  1.3041389796447792e-03
3.0000000000000027e-03 -8.9999999999999941e-03 4.0000000000000001e-03  1.2899158670110489e-03
3.0000000000000027e-03 -5.9999999999999984e-03 4.0000000000000001e-03  1.2811366535669380e-03
3.0000000000000027e-03 -2.9999999999999957e-03 4.0000000000000001e-03  1.2820931473552903e-03
3.0000000000000027e-03 0.0000000000000000e+00 4.0000000000000001e-03  1.2842246398420524e-03
3.0000000000000027e-03 3.0000000000000027e-03 4.0000000000000001e-03  1.2869657367111759e-03
3.0000000000000027e-03 6.0000000000000053e-03 4.0000000000000001e-03  1.2903162642744687e-03
3.0000000000000027e-03 9.0000000000000011e-03 4.0000000000000001e-03  1.2942766535373963e-03
3.0000000000000027e-03 1.2000000000000004e-02 4.0000000000000001e-03  1.3019255243653255e-03
3.0000000000000027e-03 1.4999999999999999e-02 4.0000000000000001e-03  1.3136821423364870e-03
3.0000000000000027e-03 1.8000000000000002e-02 4.0000000000000001e-03  1.3308010302600158e-03
3.0000000000000027e-03 2.1000000000000005e-02 4.0000000000000001e-03  1.3458045741747693e-03
3.0000000000000027e-03 2.4000000000000007e-02 4.0000000000000001e-03  1.3528969786319595e-03
3.0000000000000027e-03 2.7000000000000010e-02 4.0000000000000001e-03  1.3777298479993184e-03
3.0000000000000027e-03 2.9999999999999999e-02 4.0000000000000001e-03  1.4031678880080558e-03
3.0000000000000027e-03 3.3000000000000002e-02 4.0000000000000001e-03  1.4254870762877342e-03
3.0000000000000027e-03 3.6000000000000004e-02 4.0000000000000001e-03  1.4597192112118750e-03
3.0000000000000027e-03 3.9000000000000007e-02 4.0000000000000001e-03  1.5186618829006915e-03
3.0000000000000027e-03 4.2000000000000010e-02 4.0000000000000001e-03  1.6024439717350360e-03
3.0000000000000027e-03 4.4999999999999998e-02 4.0000000000000001e-03  1.7160177103863166e-03
6.0000000000000053e-03 -4.4999999999999998e-02 4.0000000000000001e-03  1.8944295823223227e-03
6.0000000000000053e-03 -4.1999999999999996e-02 4.0000000000000001e-03  1.7879008482109366e-03
6.0000000000000053e-03 -3.9000000000000000e-02 4.0000000000000001e-03  1.6971957734553008e-03
6.0000000000000053e-03 -3.5999999999999997e-02 4.0000000000000001e-03  1.6302930321365522e-03
6.0000000000000053e-03 -3.3000000000000002e-02 4.0000000000000001e-03  1.5819510258750331e-03
6.0000000000000053e-03 -2.9999999999999999e-02 4.0000000000000001e-03  1.5260991519649202e-03
6.0000000000000053e-03 -2.6999999999999996e-02 4.0000000000000001e-03  1.4734808167004055e-03
6.0000000000000053e-03 -2.3999999999999997e-02 4.0000000000000001e-03  1.4281442769050619e-03
6.0000000000000053e-03 -2.0999999999999998e-02 4.0000000000000001e-03  1.3897384294653016e-03
6.0000000000000053e-03 -1.7999999999999999e-02 4.0000000000000001e-03  1.3579278114428605e-03
6.0000000000000053e-03 -1.4999999999999999e-02 4.0000000000000001e-03  1.3323926000748066e-03
6.0000000000000053e-03 -1.1999999999999997e-02 4.0000000000000001e-03  1.3128286127735331e-03
6.0000000000000053e-03 -8.9999999999999941e-03 4.0000000000000001e-03  1.2989473071267591e-03
6.0000000000000053e-03 -5.9999999999999984e-03 4.0000000000000001e-03  1.2910151339048271e-03
6.0000000000000053e-03 -2.9999999999999957e-03 4.0000000000000001e-03  1.2923909630278571e-03
6.0000000000000053e-03 0.0000000000000000e+00 4.0000000000000001e-03  1.2943741745399776e-03
6.0000000000000053e-03 3.0000000000000027e-03 4.0000000000000001e-03  1.2969636117227455e-03
6.0000000000000053e-03 6.0000000000000053e-03 4.0000000000000001e-03  1.3001587225513762e-03
6.0000000000000053e-03 9.0000000000000011e-03 4.0000000000000001e-03  1.3039595596947586e-03
6.0000000000000053e-03 1.2000000000000004e-02 4.0000000000000001e-03  1.3083667805154446e-03
6.0000000000000053e-03 1.4999999999999999e-02 4.0000000000000001e-03  1.3165767460235455e-03
6.0000000000000053e-03 1.8000000000000002e-02 4.0000000000000001e-03  1.3299872955165797e-03
6.0000000000000053e-03 2.1000000000000005e-02 4.0000000000000001e-03  1.3425384606649787e-03
6.0000000000000053e-03 2.4000000000000007e-02 4.0000000000000001e-03  1.3523124802796256e-03
6.0000000000000053e-03 2.7000000000000010e-02 4.0000000000000001e-03  1.3774415650843037e-03
6.0000000000000053e-03 2.9999999999999999e-02 4.0000000000000001e-03  1.4031596404701747e-03
6.0000000000000053e-03 3.3000000000000002e-02 4.0000000000000001e-03  1.4250474191323120e-03
6.0000000000000053e-03 3.6000000000000004e-02 4.0000000000000001e-03  1.4621678986069362e-03
6.0000000000000053e-03 3.9000000000000007e-02 4.0000000000000001e-03  1.5240050251044566e-03
6.0000000000000053e-03 4.2000000000000010e-02 4.0000000000000001e-03  1.6106984420869962e-03
6.0000000000000053e-03 4.4999999999999998e-02 4.0000000000000001e-03  1.7224381813449826e-03
9.0000000000000011e-03 -4.4999999999999998e-02 4.0000000000000001e-03  1.9034746097429289e-03
9.0000000000000011e-03 -4.1999999999999996e-02 4.0000000000000001e-03  1.7940138848629944e-03
9.0000000000000011e-03 -3.9000000000000000e-02 4.0000000000000001e-03  1.7003622708338675e-03
9.0000000000000011e-03 -3.5999999999999997e-02 4.0000000000000001e-03  1.6219907210460835e-03
9.0000000000000011e-03 -3.3000000000000002e-02 4.0000000000000001e-03  1.5585370962804919e-03
9.0000000000000011e-03 -2.9999999999999999e-02 4.0000000000000001e-03  1.5180303777880943e-03
9.0000000000000011e-03 -2.6999999999999996e-02 4.0000000000000001e-03  1.4816801811922639e-03
9.0000000000000011e-03 -2.3999999999999997e-02 4.0000000000000001e-03  1.4387691345122936e-03
9.0000000000000011e-03 -2.0999999999999998e-02 4.0000000000000001e-03  1.4008208541676016e-03
9.0000000000000011e-03 -1.7999999999999999e-02 4.0000000000000001e-03  1.3694383738805959e-03
9.0000000000000011e-03 -1.4999999999999999e-02 4.0000000000000001e-03  1.3443015644347179e-03
9.0000000000000011e-03 -1.1999999999999997e-02 4.0000000000000001e-03  1.3251059367887269e-03
9.0000000000000011e-03 -8.9999999999999941e-03 4.0000000000000001e-03  1.3115626420767080e-03
9.0000000000000011e-03 -5.9999999999999984e-03 4.0000000000000001e-03  1.3050157316292297e-03
9.0000000000000011e-03 -2.9999999999999957e-03 4.0000000000000001e-03  1.3062476567245063e-03
9.0000000000000011e-03 0.0000000000000000e+00 4.0000000000000001e-03  1.3080846628084231e-03
9.0000000000000011e-03 3.0000000000000027e-03 4.0000000000000001e-03  1.3105252148259512e-03
9.0000000000000011e-03 6.0000000000000053e-03 4.0000000000000001e-03  1.3135683824157184e-03
9.0000000000000011e-03 9.0000000000000011e-03 4.0000000000000001e-03  1.3172138399100294e-03
9.0000000000000011e-03 1.2000000000000004e-02 4.0000000000000001e-03  1.3214618663348499e-03
9.0000000000000011e-03 1.4999999999999999e-02 4.0000000000000001e-03  1.3263133454098157e-03
9.0000000000000011e-03 1.8000000000000002e-02 4.0000000000000001e-03  1.3349447391547394e-03
9.0000000000000011e-03 2.1000000000000005e-02 4.0000000000000001e-03  1.3439808839999737e-03
9.0000000000000011e-03 2.4000000000000007e-02 4.0000000000000001e-03  1.3528180239908035e-03
9.0000000000000011e-03 2.7000000000000010e-02 4.0000000000000001e-03  1.3781845735845780e-03
9.0000000000000011e-03 2.9999999999999999e-02 4.0000000000000001e-03  1.4041771975175866e-03
9.0000000000000011e-03 3.3000000000000002e-02 4.0000000000000001e-03  1.4258974564202887e-03
9.0000000000000011e-03 3.6000000000000004e-02 4.0000000000000001e-03  1.4659076590877703e-03
9.0000000000000011e-03 3.9000000000000007e-02 4.0000000000000001e-03  1.5306389816368436e-03
9.0000000000000011e-03 4.2000000000000010e-02 4.0000000000000001e-03  1.6202418306109029e-03
9.0000000000000011e-03 4.4999999999999998e-02 4.0000000000000001e-03  1.7378864925681951e-03
1.2000000000000004e-02 -4.4999999999999998e-02 4.0000000000000001e-03  1.9161159835829865e-03
1.2000000000000004e-02 -4.1999999999999996e-02 4.0000000000000001e-03  1.8036729443891212e-03
1.2000000000000004e-02 -3.9000000000000000e-02 4.0000000000000001e-03  1.7070237290752173e-03
1.2000000000000004e-02 -3.5999999999999997e-02 4.0000000000000001e-03  1.6256503828554110e-03
1.2000000000000004e-02 -3.3000000000000002e-02 4.0000000000000001e-03  1.5590446306966159e-03
1.2000000000000004e-02 -2.9999999999999999e-02 4.0000000000000001e-03  1.5067078773185396e-03
1.2000000000000004e-02 -2.6999999999999996e-02 4.0000000000000001e-03  1.4701471714526661e-03
1.2000000000000004e-02 -2.3999999999999997e-02 4.0000000000000001e-03  1.4408346481282468e-03
1.2000000000000004e-02 -2.0999999999999998e-02 4.0000000000000001e-03  1.4152131590934656e-03
1.2000000000000004e-02 -1.7999999999999999e-02 4.0000000000000001e-03  1.3845572715686172e-03
1.2000000000000004e-02 -1.4999999999999999e-02 4.0000000000000001e-03  1.3598090359987873e-03
1.2000000000000004e-02 -1.1999999999999997e-02 4.0000000000000001e-03  1.3409754045598645e-03
1.2000000000000004e-02 -8.9999999999999941e-03 4.0000000000000001e-03  1.3277672219323038e-03
1.2000000000000004e-02 -5.9999999999999984e-03 4.0000000000000001e-03  1.3225781869253262e-03
1.2000000000000004e-02 -2.9999999999999957e-03 4.0000000000000001e-03  1.3236665250893295e-03
1.2000000000000004e-02 0.0000000000000000e+00 4.0000000000000001e-03  1.3253583418162043e-03
1.2000000000000004e-02 3.0000000000000027e-03 4.0000000000000001e-03  1.3276517237143289e-03
1.2000000000000004e-02 6.0000000000000053e-03 4.0000000000000001e-03  1.3305453620857544e-03
1.2000000000000004e-02 9.0000000000000011e-03 4.0000000000000001e-03  1.3340385529261947e-03
1.2000000000000004e-02 1.2000000000000004e-02 4.0000000000000001e-03  1.3379894628047645e-03
1.2000000000000004e-02 1.4999999999999999e-02 4.0000000000000001e-03  1.3405447177050900e-03
1.2000000000000004e-02 1.8000000000000002e-02 4.0000000000000001e-03  1.3439883568111090e-03
1.2000000000000004e-02 2.1000000000000005e-02 4.0000000000000001e-03  1.3490305708157007e-03
1.2000000000000004e-02 2.4000000000000007e-02 4.0000000000000001e-03  1.3572383084158673e-03
1.2000000000000004e-02 2.7000000000000010e-02 4.0000000000000001e-03  1.3799586202813293e-03
1.2000000000000004e-02 2.9999999999999999e-02 4.0000000000000001e-03  1.4062194418649576e-03
1.2000000000000004e-02 3.3000000000000002e-02 4.0000000000000001e-03  1.4280399529674548e-03
1.2000000000000004e-02 3.6000000000000004e-02 4.0000000000000001e-03  1.4709403709655307e-03
1.2000000000000004e-02 3.9000000000000007e-02 4.0000000000000001e-03  1.5426913511964210e-03
1.2000000000000004e-02 4.2000000000000010e-02 4.0000000000000001e-03  1.6385735325423006e-03
1.2000000000000004e-02 4.4999999999999998e-02 4.0000000000000001e-03  1.7584028892252809e-03
1.4999999999999999e-02 -4.4999999999999998e-02 4.0000000000000001e-03  1.9323342491033521e-03
1.4999999999999999e-02 -4.1999999999999996e-02 4.0000000000000001e-03  1.8168568460714236e-03
1.4999999999999999e-02 -3.9000000000000000e-02 4.0000000000000001e-03  1.7171572414827199e-03
1.4999999999999999e-02 -3.5999999999999997e-02 4.0000000000000001e-03  1.6327285723749729e-03
1.4999999999999999e-02 -3.3000000000000002e-02 4.0000000000000001e-03  1.5630736555386864e-03
1.4999999999999999e-02 -2.9999999999999999e-02 4.0000000000000001e-03  1.5077049875171706e-03
1.4999999999999999e-02 -2.6999999999999996e-02 4.0000000000000001e-03  1.4661447446065125e-03
1.4999999999999999e-02 -2.3999999999999997e-02 4.0000000000000001e-03  1.4375962556890626e-03
1.4999999999999999e-02 -2.0999999999999998e-02 4.0000000000000001e-03  1.4148708468380651e-03
1.4999999999999999e-02 -1.7999999999999999e-02 4.0000000000000001e-03  1.3955527574355988e-03
1.4999999999999999e-02 -1.4999999999999999e-02 4.0000000000000001e-03  1.3789207906262878e-03
1.4999999999999999e-02 -1.1999999999999997e-02 4.0000000000000001e-03  1.3604436891481216e-03
1.4999999999999999e-02 -8.9999999999999941e-03 4.0000000000000001e-03  1.3475686169566212e-03
1.4999999999999999e-02 -5.9999999999999984e-03 4.0000000000000001e-03  1.3437082701783462e-03
1.4999999999999999e-02 -2.9999999999999957e-03 4.0000000000000001e-03  1.3446522790322793e-03
1.4999999999999999e-02 0.0000000000000000e+00 4.0000000000000001e-03  1.3461988629979913e-03
1.4999999999999999e-02 3.0000000000000027e-03 4.0000000000000001e-03  1.3482277603436496e-03
1.4999999999999999e-02 6.0000000000000053e-03 4.0000000000000001e-03  1.3479472136349560e-03
1.4999999999999999e-02 9.0000000000000011e-03 4.0000000000000001e-03  1.3485546460630003e-03
1.4999999999999999e-02 1.2000000000000004e-02 4.0000000000000001e-03  1.3500481682480376e-03
1.4999999999999999e-02 1.4999999999999999e-02 4.0000000000000001e-03  1.3524265356195664e-03
1.4999999999999999e-02 1.8000000000000002e-02 4.0000000000000001e-03  1.3556891484163124e-03
1.4999999999999999e-02 2.1000000000000005e-02 4.0000000000000001e-03  1.3598360516862281e-03
1.4999999999999999e-02 2.4000000000000007e-02 4.0000000000000001e-03  1.3680948363610588e-03
1.4999999999999999e-02 2.7000000000000010e-02 4.0000000000000001e-03  1.3878037560171425e-03
1.4999999999999999e-02 2.9999999999999999e-02 4.0000000000000001e-03  1.4106207212184619e-03
1.4999999999999999e-02 3.3000000000000002e-02 4.0000000000000001e-03  1.4368273967265319e-03
1.4999999999999999e-02 3.6000000000000004e-02 4.0000000000000001e-03  1.4863954315833617e-03
1.4999999999999999e-02 3.9000000000000007e-02 4.0000000000000001e-03  1.5596456992108738e-03
1.4999999999999999e-02 4.2000000000000010e-02 4.0000000000000001e-03  1.6567292946974177e-03
1.4999999999999999e-02 4.4999999999999998e-02 4.0000000000000001e-03  1.7778076653772760e-03
1.8000000000000002e-02 -4.4999999999999998e-02 4.0000000000000001e-03  1.9521183541707627e-03
1.8000000000000002e-02 -4.1999999999999996e-02 4.0000000000000001e-03  1.8335528117979136e-03
1.8000000000000002e-02 -3.9000000000000000e-02 4.0000000000000001e-03  1.7307483039656491e-03
1.8000000000000002e-02 -3.5999999999999997e-02 4.0000000000000001e-03  1.6432090595352932e-03
1.8000000000000002e-02 -3.3000000000000002e-02 4.0000000000000001e-03  1.5704489871209582e-03
1.8000000000000002e-02 -2.9999999999999999e-02 4.0000000000000001e-03  1.5119916750895432e-03
1.8000000000000002e-02 -2.6999999999999996e-02 4.0000000000000001e-03  1.4673703915607341e-03
1.8000000000000002e-02 -2.3999999999999997e-02 4.0000000000000001e-03  1.4361280844070049e-03
1.8000000000000002e-02 -2.0999999999999998e-02 4.0000000000000001e-03  1.4178173812536125e-03
1.8000000000000002e-02 -1.7999999999999999e-02 4.0000000000000001e-03  1.4032019002254822e-03
1.8000000000000002e-02 -1.4999999999999999e-02 4.0000000000000001e-03  1.3897854734771836e-03
1.8000000000000002e-02 -1.1999999999999997e-02 4.0000000000000001e-03  1.3793391723039381e-03
1.8000000000000002e-02 -8.9999999999999941e-03 4.0000000000000001e-03  1.3709766176043983e-03
1.8000000000000002e-02 -5.9999999999999984e-03 4.0000000000000001e-03  1.3683627489495132e-03
1.8000000000000002e-02 -2.9999999999999957e-03 4.0000000000000001e-03  1.3652371703140125e-03
1.8000000000000002e-02 0.0000000000000000e+00 4.0000000000000001e-03  1.3630082729341234e-03
1.8000000000000002e-02 3.0000000000000027e-03 4.0000000000000001e-03  1.3616717657185878e-03
1.8000000000000002e-02 6.0000000000000053e-03 4.0000000000000001e-03  1.3612240023853982e-03
1.8000000000000002e-02 9.0000000000000011e-03 4.0000000000000001e-03  1.3616619814617646e-03
1.8000000000000002e-02 1.2000000000000004e-02 4.0000000000000001e-03  1.3629833462841360e-03
1.8000000000000002e-02 1.4999999999999999e-02 4.0000000000000001e-03  1.3656787197994565e-03
1.8000000000000002e-02 1.8000000000000002e-02 4.0000000000000001e-03  1.3718002182769172e-03
1.8000000000000002e-02 2.1000000000000005e-02 4.0000000000000001e-03  1.3815203662732754e-03
1.8000000000000002e-02 2.4000000000000007e-02 4.0000000000000001e-03  1.3948240968839408e-03
1.8000000000000002e-02 2.7000000000000010e-02 4.0000000000000001e-03  1.4080636618644538e-03
1.8000000000000002e-02 2.9999999999999999e-02 4.0000000000000001e-03  1.4305016934255538e-03
1.8000000000000002e-02 3.3000000000000002e-02 4.0000000000000001e-03  1.4500935336551736e-03
1.8000000000000002e-02 3.6000000000000004e-02 4.0000000000000001e-03  1.5008570791824678e-03
1.8000000000000002e-02 3.9000000000000007e-02 4.0000000000000001e-03  1.5753647695421753e-03
1.8000000000000002e-02 4.2000000000000010e-02 4.0000000000000001e-03  1.6737599477729848e-03
1.8000000000000002e-02 4.4999999999999998e-02 4.0000000000000001e-03  1.7961963091595273e-03
2.1000000000000005e-02 -4.4999999999999998e-02 4.0000000000000001e-03  1.9754656492578606e-03
2.1000000000000005e-02 -4.1999999999999996e-02 4.0000000000000001e-03  1.8537564660624875e-03
2.1000000000000005e-02 -3.9000000000000000e-02 4.0000000000000001e-03  1.7477908150391581e-03
2.1000000000000005e-02 -3.5999999999999997e-02 4.0000000000000001e-03  1.6570840168727958e-03
2.1000000000000005e-02 -3.3000000000000002e-02 4.0000000000000001e-03  1.5811610720011110e-03
2.1000000000000005e-02 -2.9999999999999999e-02 4.0000000000000001e-03  1.5195566606145967e-03
2.1000000000000005e-02 -2.6999999999999996e-02 4.0000000000000001e-03  1.4718151426565407e-03
2.1000000000000005e-02 -2.3999999999999997e-02 4.0000000000000001e-03  1.4374905578230096e-03
2.1000000000000005e-02 -2.0999999999999998e-02 4.0000000000000001e-03  1.4161466255628672e-03
2.1000000000000005e-02 -1.7999999999999999e-02 4.0000000000000001e-03  1.4073567450777519e-03
2.1000000000000005e-02 -1.4999999999999999e-02 4.0000000000000001e-03  1.4053230699471156e-03
2.1000000000000005e-02 -1.1999999999999997e-02 4.0000000000000001e-03  1.3974427042054585e-03
2.1000000000000005e-02 -8.9999999999999941e-03 4.0000000000000001e-03  1.3834197281663268e-03
2.1000000000000005e-02 -5.9999999999999984e-03 4.0000000000000001e-03  1.3831644109453080e-03
2.1000000000000005e-02 -2.9999999999999957e-03 4.0000000000000001e-03  1.3798732672200200e-03
2.1000000000000005e-02 0.0000000000000000e+00 4.0000000000000001e-03  1.3774784700764735e-03
2.1000000000000005e-02 3.0000000000000027e-03 4.0000000000000001e-03  1.3759752611395913e-03
2.1000000000000005e-02 6.0000000000000053e-03 4.0000000000000001e-03  1.3730417709875342e-03
2.1000000000000005e-02 9.0000000000000011e-03 4.0000000000000001e-03  1.3724602724699475e-03
2.1000000000000005e-02 1.2000000000000004e-02 4.0000000000000001e-03  1.3754723845694873e-03
2.1000000000000005e-02 1.4999999999999999e-02 4.0000000000000001e-03  1.3820743512721590e-03
2.1000000000000005e-02 1.8000000000000002e-02 4.0000000000000001e-03  1.3922636448799356e-03
2.1000000000000005e-02 2.1000000000000005e-02 4.0000000000000001e-03  1.4060389660107656e-03
2.1000000000000005e-02 2.4000000000000007e-02 4.0000000000000001e-03  1.4247518082146464e-03
2.1000000000000005e-02 2.7000000000000010e-02 4.0000000000000001e-03  1.4302982470514446e-03
2.1000000000000005e-02 2.9999999999999999e-02 4.0000000000000001e-03  1.4520925897511614e-03
2.1000000000000005e-02 3.3000000000000002e-02 4.0000000000000001e-03  1.4853676948954355e-03
2.1000000000000005e-02 3.6000000000000004e-02 4.0000000000000001e-03  1.5141429414592543e-03
2.1000000000000005e-02 3.9000000000000007e-02 4.0000000000000001e-03  1.5900108928201873e-03
2.1000000000000005e-02 4.2000000000000010e-02 4.0000000000000001e-03  1.6898193001704943e-03
2.1000000000000005e-02 4.4999999999999998e-02 4.0000000000000001e-03  1.8137141067451556e-03
2.4000000000000007e-02 -4.4999999999999998e-02 4.0000000000000001e-03  2.0044208387502188e-03
2.4000000000000007e-02 -4.1999999999999996e-02 4.0000000000000001e-03  1.8810424696981607e-03
2.4000000000000007e-02 -3.9000000000000000e-02 4.0000000000000001e-03  1.7736018308786500e-03
2.4000000000000007e-02 -3.5999999999999997e-02 4.0000000000000001e-03  1.6815737182811492e-03
2.4000000000000007e-02 -3.3000000000000002e-02 4.0000000000000001e-03  1.6044457417142099e-03
2.4000000000000007e-02 -2.9999999999999999e-02 4.0000000000000001e-03  1.5417183248054120e-03
2.4000000000000007e-02 -2.6999999999999996e-02 4.0000000000000001e-03  1.4929047050014209e-03
2.4000000000000007e-02 -2.3999999999999997e-02 4.0000000000000001e-03  1.4575309335679513e-03
2.4000000000000007e-02 -2.0999999999999998e-02 4.0000000000000001e-03  1.4351358755897747e-03
2.4000000000000007e-02 -1.7999999999999999e-02 4.0000000000000001e-03  1.4252712099707323e-03
2.4000000000000007e-02 -1.4999999999999999e-02 4.0000000000000001e-03  1.4269777189269599e-03
2.4000000000000007e-02 -1.1999999999999997e-02 4.0000000000000001e-03  1.4067537587199909e-03
2.4000000000000007e-02 -8.9999999999999941e-03 4.0000000000000001e-03  1.3905585353217781e-03
2.4000000000000007e-02 -5.9999999999999984e-03 4.0000000000000001e-03  1.3951603675773970e-03
2.4000000000000007e-02 -2.9999999999999957e-03 4.0000000000000001e-03  1.3904368038895132e-03
2.4000000000000007e-02 0.0000000000000000e+00 4.0000000000000001e-03  1.3831548058837434e-03
2.4000000000000007e-02 3.0000000000000027e-03 4.0000000000000001e-03  1.3794694547351895e-03
2.4000000000000007e-02 6.0000000000000053e-03 4.0000000000000001e-03  1.3793754143725356e-03
2.4000000000000007e-02 9.0000000000000011e-03 4.0000000000000001e-03  1.3828685770404503e-03
2.4000000000000007e-02 1.2000000000000004e-02 4.0000000000000001e-03  1.3899460632995652e-03
2.4000000000000007e-02 1.4999999999999999e-02 4.0000000000000001e-03  1.4006062220264844e-03
2.4000000000000007e-02 1.8000000000000002e-02 4.0000000000000001e-03  1.4148486304137863e-03
2.4000000000000007e-02 2.1000000000000005e-02 4.0000000000000001e-03  1.4326740939700146e-03
2.4000000000000007e-02 2.4000000000000007e-02 4.0000000000000001e-03  1.4578252894975874e-03
2.4000000000000007e-02 2.7000000000000010e-02 4.0000000000000001e-03  1.4661355510036235e-03
2.4000000000000007e-02 2.9999999999999999e-02 4.0000000000000001e-03  1.4758740678786602e-03
2.4000000000000007e-02 3.3000000000000002e-02 4.0000000000000001e-03  1.5274370927472233e-03
2.4000000000000007e-02 3.6000000000000004e-02 4.0000000000000001e-03  1.5479070458877817e-03
2.4000000000000007e-02 3.9000000000000007e-02 4.0000000000000001e-03  1.6037961977125635e-03
2.4000000000000007e-02 4.2000000000000010e-02 4.0000000000000001e-03  1.7051109583292310e-03
2.4000000000000007e-02 4.4999999999999998e-02 4.0000000000000001e-03  1.8305561423450642e-03
2.7000000000000010e-02 -4.4999999999999998e-02 4.0000000000000001e-03  2.0959670719333488e-03
2.7000000000000010e-02 -4.1999999999999996e-02 4.0000000000000001e-03  1.9541493482391832e-03
2.7000000000000010e-02 -3.9000000000000000e-02 4.0000000000000001e-03  1.8287994282148289e-03
2.7000000000000010e-02 -3.5999999999999997e-02 4.0000000000000001e-03  1.7307245096865923e-03
2.7000000000000010e-02 -3.3000000000000002e-02 4.0000000000000001e-03  1.6520469281474746e-03
2.7000000000000010e-02 -2.9999999999999999e-02 4.0000000000000001e-03  1.5874422593115522e-03
2.7000000000000010e-02 -2.6999999999999996e-02 4.0000000000000001e-03  1.5364550213979552e-03
2.7000000000000010e-02 -2.3999999999999997e-02 4.0000000000000001e-03  1.4986425464448780e-03
2.7000000000000010e-02 -2.0999999999999998e-02 4.0000000000000001e-03  1.4735749803095708e-03
2.7000000000000010e-02 -1.7999999999999999e-02 4.0000000000000001e-03  1.4608352826683475e-03
2.7000000000000010e-02 -1.4999999999999999e-02 4.0000000000000001e-03  1.4436744883977119e-03
2.7000000000000010e-02 -1.1999999999999997e-02 4.0000000000000001e-03  1.4220568268868336e-03
2.7000000000000010e-02 -8.9999999999999941e-03 4.0000000000000001e-03  1.4039514111751441e-03
2.7000000000000010e-02 -5.9999999999999984e-03 4.0000000000000001e-03  1.4117107629295761e-03
2.7000000000000010e-02 -2.9999999999999957e-03 4.0000000000000001e-03  1.4266088847983418e-03
2.7000000000000010e-02 0.0000000000000000e+00 4.0000000000000001e-03  1.4054469807041842e-03
2.7000000000000010e-02 3.0000000000000027e-03 4.0000000000000001e-03  1.3839002945876362e-03
2.7000000000000010e-02 6.0000000000000053e-03 4.0000000000000001e-03  1.3878642261389196e-03
2.7000000000000010e-02 9.0000000000000011e-03 4.0000000000000001e-03  1.3954136184459560e-03
2.7000000000000010e-02 1.2000000000000004e-02 4.0000000000000001e-03  1.4065476969599741e-03
2.7000000000000010e-02 1.4999999999999999e-02 4.0000000000000001e-03  1.4212669154481849e-03
2.7000000000000010e-02 1.8000000000000002e-02 4.0000000000000001e-03  1.4395729559937597e-03
2.7000000000000010e-02 2.1000000000000005e-02 4.0000000000000001e-03  1.4614687289958505e-03
2.7000000000000010e-02 2.4000000000000007e-02 4.0000000000000001e-03  1.4941355576983291e-03
2.7000000000000010e-02 2.7000000000000010e-02 4.0000000000000001e-03  1.5069444839345936e-03
2.7000000000000010e-02 2.9999999999999999e-02 4.0000000000000001e-03  1.5024014737014216e-03
2.7000000000000010e-02 3.3000000000000002e-02 4.0000000000000001e-03  1.5609783599252977e-03
2.7000000000000010e-02 3.6000000000000004e-02 4.0000000000000001e-03  1.6002605772737844e-03
2.7000000000000010e-02 3.9000000000000007e-02 4.0000000000000001e-03  1.6312876413103197e-03
2.7000000000000010e-02 4.2000000000000010e-02 4.0000000000000001e-03  1.7198883267262428e-03
2.7000000000000010e-02 4.4999999999999998e-02 4.0000000000000001e-03  1.8469672982079366e-03
2.9999999999999999e-02 -4.4999999999999998e-02 4.0000000000000001e-03  2.1867207609749676e-03
2.9999999999999999e-02 -4.1999999999999996e-02 4.0000000000000001e-03  2.0238657144677442e-03
2.9999999999999999e-02 -3.9000000000000000e-02 4.0000000000000001e-03  1.8942564522078308e-03
2.9999999999999999e-02 -3.5999999999999997e-02 4.0000000000000001e-03  1.7893906105453296e-03
2.9999999999999999e-02 -3.3000000000000002e-02 4.0000000000000001e-03  1.7009213385263703e-03
2.9999999999999999e-02 -2.9999999999999999e-02 4.0000000000000001e-03  1.6287473611462445e-03
2.9999999999999999e-02 -2.6999999999999996e-02 4.0000000000000001e-03  1.5727708207693447e-03
2.9999999999999999e-02 -2.3999999999999997e-02 4.0000000000000001e-03  1.5328972771291489e-03
2.9999999999999999e-02 -2.0999999999999998e-02 4.0000000000000001e-03  1.5061828757082071e-03
2.9999999999999999e-02 -1.7999999999999999e-02 4.0000000000000001e-03  1.4859156068962051e-03
2.9999999999999999e-02 -1.4999999999999999e-02 4.0000000000000001e-03  1.4655892425938578e-03
2.9999999999999999e-02 -1.1999999999999997e-02 4.0000000000000001e-03  1.4481293446629913e-03
2.9999999999999999e-02 -8.9999999999999941e-03 4.0000000000000001e-03  1.4335652527882386e-03
2.9999999999999999e-02 -5.9999999999999984e-03 4.0000000000000001e-03  1.4368114756404483e-03
2.9999999999999999e-02 -2.9999999999999957e-03 4.0000000000000001e-03  1.4516505862577982e-03
2.9999999999999999e-02 0.0000000000000000e+00 4.0000000000000001e-03  1.4708994333139417e-03
2.9999999999999999e-02 3.0000000000000027e-03 4.0000000000000001e-03  1.4634682867087395e-03
2.9999999999999999e-02 6.0000000000000053e-03 4.0000000000000001e-03  1.4360829459621556e-03
2.9999999999999999e-02 9.0000000000000011e-03 4.0000000000000001e-03  1.4100888305420547e-03
2.9999999999999999e-02 1.2000000000000004e-02 4.0000000000000001e-03  1.4252959171358523e-03
2.9999999999999999e-02 1.4999999999999999e-02 4.0000000000000001e-03  1.4441002608519360e-03
2.9999999999999999e-02 1.8000000000000002e-02 4.0000000000000001e-03  1.4665056486640820e-03
2.9999999999999999e-02 2.1000000000000005e-02 4.0000000000000001e-03  1.4943703274944693e-03
2.9999999999999999e-02 2.4000000000000007e-02 4.0000000000000001e-03  1.5338045835798502e-03
2.9999999999999999e-02 2.7000000000000010e-02 4.0000000000000001e-03  1.5512077646267278e-03
2.9999999999999999e-02 2.9999999999999999e-02 4.0000000000000001e-03  1.5467309894249479e-03
2.9999999999999999e-02 3.3000000000000002e-02 4.0000000000000001e-03  1.5972475028980652e-03
2.9999999999999999e-02 3.6000000000000004e-02 4.0000000000000001e-03  1.6607595756195251e-03
2.9999999999999999e-02 3.9000000000000007e-02 4.0000000000000001e-03  1.6907301684662632e-03
2.9999999999999999e-02 4.2000000000000010e-02 4.0000000000000001e-03  1.7379046421520028e-03
2.9999999999999999e-02 4.4999999999999998e-02 4.0000000000000001e-03  1.8632422546202337e-03
3.3000000000000002e-02 -4.4999999999999998e-02 4.0000000000000001e-03  2.2654832619989269e-03
3.3000000000000002e-02 -4.1999999999999996e-02 4.0000000000000001e-03  2.0885558703611804e-03
3.3000000000000002e-02 -3.9000000000000000e-02 4.0000000000000001e-03  1.8883310466554740e-03
3.3000000000000002e-02 -3.5999999999999997e-02 4.0000000000000001e-03  1.7912620169722657e-03
3.3000000000000002e-02 -3.3000000000000002e-02 4.0000000000000001e-03  1.7128230392449561e-03
3.3000000000000002e-02 -2.9999999999999999e-02 4.0000000000000001e-03  1.6504635060657464e-03
3.3000000000000002e-02 -2.6999999999999996e-02 4.0000000000000001e-03  1.6040658625189462e-03
3.3000000000000002e-02 -2.3999999999999997e-02 4.0000000000000001e-03  1.5735266888323171e-03
3.3000000000000002e-02 -2.0999999999999998e-02 4.0000000000000001e-03  1.5587567003770594e-03
3.3000000000000002e-02 -1.7999999999999999e-02 4.0000000000000001e-03  1.5212225033923740e-03
3.3000000000000002e-02 -1.4999999999999999e-02 4.0000000000000001e-03  1.5029100471893888e-03
3.3000000000000002e-02 -1.1999999999999997e-02 4.0000000000000001e-03  1.4889437983498684e-03
3.3000000000000002e-02 -8.9999999999999941e-03 4.0000000000000001e-03  1.4778248374328310e-03
3.3000000000000002e-02 -5.9999999999999984e-03 4.0000000000000001e-03  1.4777579169109453e-03
3.3000000000000002e-02 -2.9999999999999957e-03 4.0000000000000001e-03  1.4882993920376174e-03
3.3000000000000002e-02 0.0000000000000000e+00 4.0000000000000001e-03  1.5042859352668132e-03
3.3000000000000002e-02 3.0000000000000027e-03 4.0000000000000001e-03  1.5281124183091697e-03
3.3000000000000002e-02 6.0000000000000053e-03 4.0000000000000001e-03  1.5350921065542271e-03
3.3000000000000002e-02 9.0000000000000011e-03 4.0000000000000001e-03  1.5259968753892524e-03
3.3000000000000002e-02 1.2000000000000004e-02 4.0000000000000001e-03  1.5035038854218790e-03
3.3000000000000002e-02 1.4999999999999999e-02 4.0000000000000001e-03  1.4692013334813357e-03
3.3000000000000002e-02 1.8000000000000002e-02 4.0000000000000001e-03  1.4957669813978900e-03
3.3000000000000002e-02 2.1000000000000005e-02 4.0000000000000001e-03  1.5329153329499030e-03
3.3000000000000002e-02 2.4000000000000007e-02 4.0000000000000001e-03  1.5769852917025193e-03
3.3000000000000002e-02 2.7000000000000010e-02 4.0000000000000001e-03  1.5990749317507955e-03
3.3000000000000002e-02 2.9999999999999999e-02 4.0000000000000001e-03  1.5993495870479265e-03
3.3000000000000002e-02 3.3000000000000002e-02 4.0000000000000001e-03  1.6367886824191907e-03
3.3000000000000002e-02 3.6000000000000004e-02 4.0000000000000001e-03  1.7317778369219221e-03
3.3000000000000002e-02 3.9000000000000007e-02 4.0000000000000001e-03  1.7583915992918100e-03
3.3000000000000002e-02 4.2000000000000010e-02 4.0000000000000001e-03  1.8028040727592917e-03
3.3000000000000002e-02 4.4999999999999998e-02 4.0000000000000001e-03  1.8797254899062007e-03
3.6000000000000004e-02 -4.4999999999999998e-02 4.0000000000000001e-03  2.3340117580480956e-03
3.6000000000000004e-02 -4.1999999999999996e-02 4.0000000000000001e-03  2.1308568562668348e-03
3.6000000000000004e-02 -3.9000000000000000e-02 4.0000000000000001e-03  1.9707057672945305e-03
3.6000000000000004e-02 -3.5999999999999997e-02 4.0000000000000001e-03  1.8444303780619153e-03
3.6000000000000004e-02 -3.3000000000000002e-02 4.0000000000000001e-03  1.7852965136584725e-03
3.6000000000000004e-02 -2.9999999999999999e-02 4.0000000000000001e-03  1.7288072914078590e-03
3.6000000000000004e-02 -2.6999999999999996e-02 4.0000000000000001e-03  1.6882571239870119e-03
3.6000000000000004e-02 -2.3999999999999997e-02 4.0000000000000001e-03  1.6635453710476158e-03
3.6000000000000004e-02 -2.0999999999999998e-02 4.0000000000000001e-03  1.6435136695819648e-03
3.6000000000000004e-02 -1.7999999999999999e-02 4.0000000000000001e-03  1.6030040053162410e-03
3.6000000000000004e-02 -1.4999999999999999e-02 4.0000000000000001e-03  1.5557712119095885e-03
3.6000000000000004e-02 -1.1999999999999997e-02 4.0000000000000001e-03  1.5455385483766344e-03
3.6000000000000004e-02 -8.9999999999999941e-03 4.0000000000000001e-03  1.5380952013663723e-03
3.6000000000000004e-02 -5.9999999999999984e-03 4.0000000000000001e-03  1.5364069217640350e-03
3.6000000000000004e-02 -2.9999999999999957e-03 4.0000000000000001e-03  1.5427294198412189e-03
3.6000000000000004e-02 0.0000000000000000e+00 4.0000000000000001e-03  1.5545357388272905e-03
3.6000000000000004e-02 3.0000000000000027e-03 4.0000000000000001e-03  1.5718299566479849e-03
3.6000000000000004e-02 6.0000000000000053e-03 4.0000000000000001e-03  1.5992374009847594e-03
3.6000000000000004e-02 9.0000000000000011e-03 4.0000000000000001e-03  1.6212128930832004e-03
3.6000000000000004e-02 1.2000000000000004e-02 4.0000000000000001e-03  1.6300807113615154e-03
3.6000000000000004e-02 1.4999999999999999e-02 4.0000000000000001e-03  1.6258935950139765e-03
3.6000000000000004e-02 1.8000000000000002e-02 4.0000000000000001e-03  1.6082968665491327e-03
3.6000000000000004e-02 2.1000000000000005e-02 4.0000000000000001e-03  1.5750737925916318e-03
3.6000000000000004e-02 2.4000000000000007e-02 4.0000000000000001e-03  1.6238615604241148e-03
3.6000000000000004e-02 2.7000000000000010e-02 4.0000000000000001e-03  1.6507264777749623e-03
3.6000000000000004e-02 2.9999999999999999e-02 4.0000000000000001e-03  1.6663398055571394e-03
3.6000000000000004e-02 3.3000000000000002e-02 4.0000000000000001e-03  1.7111316627737522e-03
3.6000000000000004e-02 3.6000000000000004e-02 4.0000000000000001e-03  1.7855991621889178e-03
3.6000000000000004e-02 3.9000000000000007e-02 4.0000000000000001e-03  1.8357286596989944e-03
3.6000000000000004e-02 4.2000000000000010e-02 4.0000000000000001e-03  1.8768314507574655e-03
3.6000000000000004e-02 4.4999999999999998e-02 4.0000000000000001e-03  1.9386597539493846e-03
3.9000000000000007e-02 -4.4999999999999998e-02 4.0000000000000001e-03  2.3932040571475197e-03
3.9000000000000007e-02 -4.1999999999999996e-02 4.0000000000000001e-03  2.1970835339680706e-03
3.9000000000000007e-02 -3.9000000000000000e-02 4.0000000000000001e-03  2.1035965023614780e-03
3.9000000000000007e-02 -3.5999999999999997e-02 4.0000000000000001e-03  1.9789782939227474e-03
3.9000000000000007e-02 -3.3000000000000002e-02 4.0000000000000001e-03  1.8891441726343551e-03
3.9000000000000007e-02 -2.9999999999999999e-02 4.0000000000000001e-03  1.8400556759371480e-03
3.9000000000000007e-02 -2.6999999999999996e-02 4.0000000000000001e-03  1.8054839636528748e-03
3.9000000000000007e-02 -2.3999999999999997e-02 4.0000000000000001e-03  1.7868612930870300e-03
3.9000000000000007e-02 -2.0999999999999998e-02 4.0000000000000001e-03  1.7637558293558248e-03
3.9000000000000007e-02 -1.7999999999999999e-02 4.0000000000000001e-03  1.7209961554979197e-03
3.9000000000000007e-02 -1.4999999999999999e-02 4.0000000000000001e-03  1.6592230982175268e-03
3.9000000000000007e-02 -1.1999999999999997e-02 4.0000000000000001e-03  1.6192746228114738e-03
3.9000000000000007e-02 -8.9999999999999941e-03 4.0000000000000001e-03  1.6157709566151522e-03
3.9000000000000007e-02 -5.9999999999999984e-03 4.0000000000000001e-03  1.6142857107021269e-03
3.9000000000000007e-02 -2.9999999999999957e-03 4.0000000000000001e-03  1.6162467953834553e-03
3.9000000000000007e-02 0.0000000000000000e+00 4.0000000000000001e-03  1.6237277385854323e-03
3.9000000000000007e-02 3.0000000000000027e-03 4.0000000000000001e-03  1.6367281367286191e-03
3.9000000000000007e-02 6.0000000000000053e-03 4.0000000000000001e-03  1.6552511822320313e-03
3.9000000000000007e-02 9.0000000000000011e-03 4.0000000000000001e-03  1.6852295127553114e-03
3.9000000000000007e-02 1.2000000000000004e-02 4.0000000000000001e-03  1.7226863957085215e-03
3.9000000000000007e-02 1.4999999999999999e-02 4.0000000000000001e-03  1.7491689124686490e-03
3.9000000000000007e-02 1.8000000000000002e-02 4.0000000000000001e-03  1.7630416820088749e-03
3.9000000000000007e-02 2.1000000000000005e-02 4.0000000000000001e-03  1.7359465679586026e-03
3.9000000000000007e-02 2.4000000000000007e-02 4.0000000000000001e-03  1.6923636221535580e-03
3.9000000000000007e-02 2.7000000000000010e-02 4.0000000000000001e-03  1.7063738489648012e-03
3.9000000000000007e-02 2.9999999999999999e-02 4.0000000000000001e-03  1.7427664518731595e-03
3.9000000000000007e-02 3.3000000000000002e-02 4.0000000000000001e-03  1.8027649559141498e-03
3.9000000000000007e-02 3.6000000000000004e-02 4.0000000000000001e-03  1.8444120682331562e-03
3.9000000000000007e-02 3.9000000000000007e-02 4.0000000000000001e-03  1.9252602417993226e-03
3.9000000000000007e-02 4.2000000000000010e-02 4.0000000000000001e-03  1.9604661629781233e-03
3.9000000000000007e-02 4.4999999999999998e-02 4.0000000000000001e-03  2.0175579060713079e-03
4.2000000000000010e-02 -4.4999999999999998e-02 4.0000000000000001e-03  2.4478719642651477e-03
4.2000000000000010e-02 -4.1999999999999996e-02 4.0000000000000001e-03  2.3732551793237064e-03
4.2000000000000010e-02 -3.9000000000000000e-02 4.0000000000000001e-03  2.2908402764053614e-03
4.2000000000000010e-02 -3.5999999999999997e-02 4.0000000000000001e-03  2.1735965050224465e-03
4.2000000000000010e-02 -3.3000000000000002e-02 4.0000000000000001e-03  2.0196825307268627e-03
4.2000000000000010e-02 -2.9999999999999999e-02 4.0000000000000001e-03  2.0067515855719583e-03
4.2000000000000010e-02 -2.6999999999999996e-02 4.0000000000000001e-03  1.9810880499642834e-03
4.2000000000000010e-02 -2.3999999999999997e-02 4.0000000000000001e-03  1.9458200813448053e-03
4.2000000000000010e-02 -2.0999999999999998e-02 4.0000000000000001e-03  1.9203805608818433e-03
4.2000000000000010e-02 -1.7999999999999999e-02 4.0000000000000001e-03  1.8755768462575294e-03
4.2000000000000010e-02 -1.4999999999999999e-02 4.0000000000000001e-03  1.8120999442327878e-03
4.2000000000000010e-02 -1.1999999999999997e-02 4.0000000000000001e-03  1.7309969289470233e-03
4.2000000000000010e-02 -8.9999999999999941e-03 4.0000000000000001e-03  1.7122762909742750e-03
4.2000000000000010e-02 -5.9999999999999984e-03 4.0000000000000001e-03  1.7129681468717162e-03
4.2000000000000010e-02 -2.9999999999999957e-03 4.0000000000000001e-03  1.7104192998998674e-03
4.2000000000000010e-02 0.0000000000000000e+00 4.0000000000000001e-03  1.7134236338658291e-03
4.2000000000000010e-02 3.0000000000000027e-03 4.0000000000000001e-03  1.7219762636849812e-03
4.2000000000000010e-02 6.0000000000000053e-03 4.0000000000000001e-03  1.7360759002711670e-03
4.2000000000000010e-02 9.0000000000000011e-03 4.0000000000000001e-03  1.7557248505366805e-03
4.2000000000000010e-02 1.2000000000000004e-02 4.0000000000000001e-03  1.7870094552493183e-03
4.2000000000000010e-02 1.4999999999999999e-02 4.0000000000000001e-03  1.8403296604133563e-03
4.2000000000000010e-02 1.8000000000000002e-02 4.0000000000000001e-03  1.8840572338706554e-03
4.2000000000000010e-02 2.1000000000000005e-02 4.0000000000000001e-03  1.8602926912499908e-03
4.2000000000000010e-02 2.4000000000000007e-02 4.0000000000000001e-03  1.8279040229733261e-03
4.2000000000000010e-02 2.7000000000000010e-02 4.0000000000000001e-03  1.7932521999120057e-03
4.2000000000000010e-02 2.9999999999999999e-02 4.0000000000000001e-03  1.8274207933314357e-03
4.2000000000000010e-02 3.3000000000000002e-02 4.0000000000000001e-03  1.9024992768783679e-03
4.2000000000000010e-02 3.6000000000000004e-02 4.0000000000000001e-03  1.9493122765736001e-03
4.2000000000000010e-02 3.9000000000000007e-02 4.0000000000000001e-03  2.0305674039037902e-03
4.2000000000000010e-02 4.2000000000000010e-02 4.0000000000000001e-03  2.0552497624523386e-03
4.2000000000000010e-02 4.4999999999999998e-02 4.0000000000000001e-03  2.1068307040679746e-03
4.4999999999999998e-02 -4.4999999999999998e-02 4.0000000000000001e-03  2.6167107744836894e-03
4.4999999999999998e-02 -4.1999999999999996e-02 4.0000000000000001e-03  2.6105296551398450e-03
4.4999999999999998e-02 -3.9000000000000000e-02 4.0000000000000001e-03  2.5359115875431817e-03
4.4999999999999998e-02 -3.5999999999999997e-02 4.0000000000000001e-03  2.4261693783664581e-03
4.4999999999999998e-02 -3.3000000000000002e-02 4.0000000000000001e-03  2.2794530010969722e-03
4.4999999999999998e-02 -2.9999999999999999e-02 4.0000000000000001e-03  2.0950467990271844e-03
4.4999999999999998e-02 -2.6999999999999996e-02 4.0000000000000001e-03  2.1792396518288946e-03
4.4999999999999998e-02 -2.3999999999999997e-02 4.0000000000000001e-03  2.1608913095451953e-03
4.4999999999999998e-02 -2.0999999999999998e-02 4.0000000000000001e-03  2.1251376998307784e-03
4.4999999999999998e-02 -1.7999999999999999e-02 4.0000000000000001e-03  2.0722150569379037e-03
4.4999999999999998e-02 -1.4999999999999999e-02 4.0000000000000001e-03  2.0027427274348923e-03
4.4999999999999998e-02 -1.1999999999999997e-02 4.0000000000000001e-03  1.9198798604156677e-03
4.4999999999999998e-02 -8.9999999999999941e-03 4.0000000000000001e-03  1.8290649680076838e-03
4.4999999999999998e-02 -5.9999999999999984e-03 4.0000000000000001e-03  1.8340747360634092e-03
4.4999999999999998e-02 -2.9999999999999957e-03 4.0000000000000001e-03  1.8268613572701090e-03
4.4999999999999998e-02 0.0000000000000000e+00 4.0000000000000001e-03  1.8252317666371798e-03
4.4999999999999998e-02 3.0000000000000027e-03 4.0000000000000001e-03  1.8291765975748189e-03
4.4999999999999998e-02 6.0000000000000053e-03 4.0000000000000001e-03  1.8386900794916926e-03
4.4999999999999998e-02 9.0000000000000011e-03 4.0000000000000001e-03  1.8537700377949220e-03
4.4999999999999998e-02 1.2000000000000004e-02 4.0000000000000001e-03  1.8744178938900795e-03
4.4999999999999998e-02 1.4999999999999999e-02 4.0000000000000001e-03  1.9054635003091453e-03
4.4999999999999998e-02 1.8000000000000002e-02 4.0000000000000001e-03  1.9639659989803995e-03
4.4999999999999998e-02 2.1000000000000005e-02 4.0000000000000001e-03  1.9463010309225630e-03
4.4999999999999998e-02 2.4000000000000007e-02 4.0000000000000001e-03  1.9496824976785159e-03
4.4999999999999998e-02 2.7000000000000010e-02 4.0000000000000001e-03  1.9888136976051142e-03
4.4999999999999998e-02 2.9999999999999999e-02 4.0000000000000001e-03  2.0195334944297012e-03
4.4999999999999998e-02 3.3000000000000002e-02 4.0000000000000001e-03  2.0422407719249613e-03
4.4999999999999998e-02 3.6000000000000004e-02 4.0000000000000001e-03  2.0722851873989836e-03
4.4999999999999998e-02 3.9000000000000007e-02 4.0000000000000001e-03  2.1162254340432391e-03
4.4999999999999998e-02 4.2000000000000010e-02 4.0000000000000001e-03  2.1598520194076238e-03
4.4999999999999998e-02 4.4999999999999998e-02 4.0000000000000001e-03  2.1852020222980634e-03
