Grid Output Min: [-45mm -45mm 4mm] Max: [45mm 45mm 4mm] Grid Size: [3mm 3mm 0mm]
X, Y, Z, Scalar data "Mag_B"
-4.4999999999999998e-002 -4.4999999999999998e-002 4.0000000000000001e-003  2.3302178557625410e-003
-4.4999999999999998e-002 -4.1999999999999996e-002 4.0000000000000001e-003  2.2980467073384558e-003
-4.4999999999999998e-002 -3.9000000000000000e-002 4.0000000000000001e-003  2.2187770411546534e-003
-4.4999999999999998e-002 -3.5999999999999997e-002 4.0000000000000001e-003  2.1072431192046106e-003
-4.4999999999999998e-002 -3.3000000000000002e-002 4.0000000000000001e-003  2.0426774924749056e-003
-4.4999999999999998e-002 -2.9999999999999999e-002 4.0000000000000001e-003  2.0012078436501403e-003
-4.4999999999999998e-002 -2.6999999999999996e-002 4.0000000000000001e-003  1.9642077098040228e-003
-4.4999999999999998e-002 -2.3999999999999997e-002 4.0000000000000001e-003  1.9288867076556117e-003
-4.4999999999999998e-002 -2.0999999999999998e-002 4.0000000000000001e-003  1.8951474266353931e-003
-4.4999999999999998e-002 -1.7999999999999999e-002 4.0000000000000001e-003  1.8629185606985881e-003
-4.4999999999999998e-002 -1.4999999999999999e-002 4.0000000000000001e-003  1.8389280322180410e-003
-4.4999999999999998e-002 -1.1999999999999997e-002 4.0000000000000001e-003  1.8317010306278113e-003
-4.4999999999999998e-002 -8.9999999999999941e-003 4.0000000000000001e-003  1.8446402832837730e-003
-4.4999999999999998e-002 -5.9999999999999984e-003 4.0000000000000001e-003  1.8970137812862544e-003
-4.4999999999999998e-002 -2.9999999999999957e-003 4.0000000000000001e-003  1.9492452536560116e-003
-4.4999999999999998e-002 0.0000000000000000e+000 4.0000000000000001e-003  1.9621450543163932e-003
-4.4999999999999998e-002 3.0000000000000027e-003 4.0000000000000001e-003  1.9737155132632175e-003
-4.4999999999999998e-002 6.0000000000000053e-003 4.0000000000000001e-003  1.9883314480589544e-003
-4.4999999999999998e-002 9.0000000000000011e-003 4.0000000000000001e-003  1.9957514258140026e-003
-4.4999999999999998e-002 1.2000000000000004e-002 4.0000000000000001e-003  1.9891241214596189e-003
-4.4999999999999998e-002 1.4999999999999999e-002 4.0000000000000001e-003  1.9945829324773336e-003
-4.4999999999999998e-002 1.8000000000000002e-002 4.0000000000000001e-003  2.0125132623689643e-003
-4.4999999999999998e-002 2.1000000000000005e-002 4.0000000000000001e-003  1.9976754050565369e-003
-4.4999999999999998e-002 2.4000000000000007e-002 4.0000000000000001e-003  1.9128594229938171e-003
-4.4999999999999998e-002 2.7000000000000010e-002 4.0000000000000001e-003  1.9221004456115368e-003
-4.4999999999999998e-002 2.9999999999999999e-002 4.0000000000000001e-003  1.9481923492342280e-003
-4.4999999999999998e-002 3.3000000000000002e-002 4.0000000000000001e-003  1.9869002546092046e-003
-4.4999999999999998e-002 3.6000000000000004e-002 4.0000000000000001e-003  2.0377017547663218e-003
-4.4999999999999998e-002 3.9000000000000007e-002 4.0000000000000001e-003  2.0976128677355215e-003
-4.4999999999999998e-002 4.2000000000000010e-002 4.0000000000000001e-003  2.1666938531683393e-003
-4.4999999999999998e-002 4.4999999999999998e-002 4.0000000000000001e-003  2.2326764543182994e-003
-4.1999999999999996e-002 -4.4999999999999998e-002 4.0000000000000001e-003  2.2547000115694994e-003
-4.1999999999999996e-002 -4.1999999999999996e-002 4.0000000000000001e-003  2.1046264048452229e-003
-4.1999999999999996e-002 -3.9000000000000000e-002 4.0000000000000001e-003  2.0877160127613032e-003
-4.1999999999999996e-002 -3.5999999999999997e-002 4.0000000000000001e-003  2.0107254948166626e-003
-4.1999999999999996e-002 -3.3000000000000002e-002 4.0000000000000001e-003  1.9330782843182475e-003
-4.1999999999999996e-002 -2.9999999999999999e-002 4.0000000000000001e-003  1.8832746078111704e-003
-4.1999999999999996e-002 -2.6999999999999996e-002 4.0000000000000001e-003  1.8395022667800881e-003
-4.1999999999999996e-002 -2.3999999999999997e-002 4.0000000000000001e-003  1.8072093814579097e-003
-4.1999999999999996e-002 -2.0999999999999998e-002 4.0000000000000001e-003  1.7766780640394121e-003
-4.1999999999999996e-002 -1.7999999999999999e-002 4.0000000000000001e-003  1.7577954299219096e-003
-4.1999999999999996e-002 -1.4999999999999999e-002 4.0000000000000001e-003  1.7436064943446652e-003
-4.1999999999999996e-002 -1.1999999999999997e-002 4.0000000000000001e-003  1.7274178224298688e-003
-4.1999999999999996e-002 -8.9999999999999941e-003 4.0000000000000001e-003  1.7389592044474522e-003
-4.1999999999999996e-002 -5.9999999999999984e-003 4.0000000000000001e-003  1.7707936811961250e-003
-4.1999999999999996e-002 -2.9999999999999957e-003 4.0000000000000001e-003  1.8055830265371188e-003
-4.1999999999999996e-002 0.0000000000000000e+000 4.0000000000000001e-003  1.7992749188384860e-003
-4.1999999999999996e-002 3.0000000000000027e-003 4.0000000000000001e-003  1.7500077627106033e-003
-4.1999999999999996e-002 6.0000000000000053e-003 4.0000000000000001e-003  1.7445358931224809e-003
-4.1999999999999996e-002 9.0000000000000011e-003 4.0000000000000001e-003  1.7374578227980742e-003
-4.1999999999999996e-002 1.2000000000000004e-002 4.0000000000000001e-003  1.7428956585424729e-003
-4.1999999999999996e-002 1.4999999999999999e-002 4.0000000000000001e-003  1.7609349240889636e-003
-4.1999999999999996e-002 1.8000000000000002e-002 4.0000000000000001e-003  1.7882193955385073e-003
-4.1999999999999996e-002 2.1000000000000005e-002 4.0000000000000001e-003  1.8695213559793936e-003
-4.1999999999999996e-002 2.4000000000000007e-002 4.0000000000000001e-003  1.8077599061907144e-003
-4.1999999999999996e-002 2.7000000000000010e-002 4.0000000000000001e-003  1.8121683489666703e-003
-4.1999999999999996e-002 2.9999999999999999e-002 4.0000000000000001e-003  1.8392394510678527e-003
-4.1999999999999996e-002 3.3000000000000002e-002 4.0000000000000001e-003  1.8697857590559677e-003
-4.1999999999999996e-002 3.6000000000000004e-002 4.0000000000000001e-003  1.9040327337419187e-003
-4.1999999999999996e-002 3.9000000000000007e-002 4.0000000000000001e-003  1.9694232029762180e-003
-4.1999999999999996e-002 4.2000000000000010e-002 4.0000000000000001e-003  2.0438594149174405e-003
-4.1999999999999996e-002 4.4999999999999998e-002 4.0000000000000001e-003  2.0985374376896568e-003
-3.9000000000000000e-002 -4.4999999999999998e-002 4.0000000000000001e-003  2.1965136823919617e-003
-3.9000000000000000e-002 -4.1999999999999996e-002 4.0000000000000001e-003  2.0573351038674277e-003
-3.9000000000000000e-002 -3.9000000000000000e-002 4.0000000000000001e-003  1.9756256156161379e-003
-3.9000000000000000e-002 -3.5999999999999997e-002 4.0000000000000001e-003  1.9055199754183369e-003
-3.9000000000000000e-002 -3.3000000000000002e-002 4.0000000000000001e-003  1.8401324994645196e-003
-3.9000000000000000e-002 -2.9999999999999999e-002 4.0000000000000001e-003  1.7829327116469541e-003
-3.9000000000000000e-002 -2.6999999999999996e-002 4.0000000000000001e-003  1.7553913220764955e-003
-3.9000000000000000e-002 -2.3999999999999997e-002 4.0000000000000001e-003  1.7257783316244086e-003
-3.9000000000000000e-002 -2.0999999999999998e-002 4.0000000000000001e-003  1.7109373752745812e-003
-3.9000000000000000e-002 -1.7999999999999999e-002 4.0000000000000001e-003  1.6914836586310986e-003
-3.9000000000000000e-002 -1.4999999999999999e-002 4.0000000000000001e-003  1.6695689746248055e-003
-3.9000000000000000e-002 -1.1999999999999997e-002 4.0000000000000001e-003  1.6507975197259683e-003
-3.9000000000000000e-002 -8.9999999999999941e-003 4.0000000000000001e-003  1.6539613629369951e-003
-3.9000000000000000e-002 -5.9999999999999984e-003 4.0000000000000001e-003  1.6676846310328935e-003
-3.9000000000000000e-002 -2.9999999999999957e-003 4.0000000000000001e-003  1.6840379066001322e-003
-3.9000000000000000e-002 0.0000000000000000e+000 4.0000000000000001e-003  1.6577632069831299e-003
-3.9000000000000000e-002 3.0000000000000027e-003 4.0000000000000001e-003  1.6458913786383696e-003
-3.9000000000000000e-002 6.0000000000000053e-003 4.0000000000000001e-003  1.6448711307190549e-003
-3.9000000000000000e-002 9.0000000000000011e-003 4.0000000000000001e-003  1.6359305622620970e-003
-3.9000000000000000e-002 1.2000000000000004e-002 4.0000000000000001e-003  1.6397690813074043e-003
-3.9000000000000000e-002 1.4999999999999999e-002 4.0000000000000001e-003  1.6564525992278992e-003
-3.9000000000000000e-002 1.8000000000000002e-002 4.0000000000000001e-003  1.6767254247012423e-003
-3.9000000000000000e-002 2.1000000000000005e-002 4.0000000000000001e-003  1.7409215939412049e-003
-3.9000000000000000e-002 2.4000000000000007e-002 4.0000000000000001e-003  1.7180322193189280e-003
-3.9000000000000000e-002 2.7000000000000010e-002 4.0000000000000001e-003  1.7281697157514558e-003
-3.9000000000000000e-002 2.9999999999999999e-002 4.0000000000000001e-003  1.7454357178496762e-003
-3.9000000000000000e-002 3.3000000000000002e-002 4.0000000000000001e-003  1.7812811931821298e-003
-3.9000000000000000e-002 3.6000000000000004e-002 4.0000000000000001e-003  1.8148241296757075e-003
-3.9000000000000000e-002 3.9000000000000007e-002 4.0000000000000001e-003  1.8459450669194629e-003
-3.9000000000000000e-002 4.2000000000000010e-002 4.0000000000000001e-003  1.9005835432743211e-003
-3.9000000000000000e-002 4.4999999999999998e-002 4.0000000000000001e-003  2.0380488663575128e-003
-3.5999999999999997e-002 -4.4999999999999998e-002 4.0000000000000001e-003  2.1101223579102352e-003
-3.5999999999999997e-002 -4.1999999999999996e-002 4.0000000000000001e-003  1.9993008139645232e-003
-3.5999999999999997e-002 -3.9000000000000000e-002 4.0000000000000001e-003  1.9091040398643089e-003
-3.5999999999999997e-002 -3.5999999999999997e-002 4.0000000000000001e-003  1.8556250076859448e-003
-3.5999999999999997e-002 -3.3000000000000002e-002 4.0000000000000001e-003  1.7731570222717097e-003
-3.5999999999999997e-002 -2.9999999999999999e-002 4.0000000000000001e-003  1.7276057979987388e-003
-3.5999999999999997e-002 -2.6999999999999996e-002 4.0000000000000001e-003  1.6979369678966918e-003
-3.5999999999999997e-002 -2.3999999999999997e-002 4.0000000000000001e-003  1.6733782842060152e-003
-3.5999999999999997e-002 -2.0999999999999998e-002 4.0000000000000001e-003  1.6590640537821504e-003
-3.5999999999999997e-002 -1.7999999999999999e-002 4.0000000000000001e-003  1.6398251665789322e-003
-3.5999999999999997e-002 -1.4999999999999999e-002 4.0000000000000001e-003  1.6152108491265286e-003
-3.5999999999999997e-002 -1.1999999999999997e-002 4.0000000000000001e-003  1.5947716283809309e-003
-3.5999999999999997e-002 -8.9999999999999941e-003 4.0000000000000001e-003  1.5878190404849083e-003
-3.5999999999999997e-002 -5.9999999999999984e-003 4.0000000000000001e-003  1.5868382070153746e-003
-3.5999999999999997e-002 -2.9999999999999957e-003 4.0000000000000001e-003  1.5838159148949607e-003
-3.5999999999999997e-002 0.0000000000000000e+000 4.0000000000000001e-003  1.5568245639669409e-003
-3.5999999999999997e-002 3.0000000000000027e-003 4.0000000000000001e-003  1.5651543483442875e-003
-3.5999999999999997e-002 6.0000000000000053e-003 4.0000000000000001e-003  1.5647844895317910e-003
-3.5999999999999997e-002 9.0000000000000011e-003 4.0000000000000001e-003  1.5539758208201638e-003
-3.5999999999999997e-002 1.2000000000000004e-002 4.0000000000000001e-003  1.5561850592801236e-003
-3.5999999999999997e-002 1.4999999999999999e-002 4.0000000000000001e-003  1.5713118188358413e-003
-3.5999999999999997e-002 1.8000000000000002e-002 4.0000000000000001e-003  1.5897520308294766e-003
-3.5999999999999997e-002 2.1000000000000005e-002 4.0000000000000001e-003  1.6093680037385547e-003
-3.5999999999999997e-002 2.4000000000000007e-002 4.0000000000000001e-003  1.6418504130414607e-003
-3.5999999999999997e-002 2.7000000000000010e-002 4.0000000000000001e-003  1.6573700617937561e-003
-3.5999999999999997e-002 2.9999999999999999e-002 4.0000000000000001e-003  1.6740350319133187e-003
-3.5999999999999997e-002 3.3000000000000002e-002 4.0000000000000001e-003  1.7064190905572902e-003
-3.5999999999999997e-002 3.6000000000000004e-002 4.0000000000000001e-003  1.7444277327196300e-003
-3.5999999999999997e-002 3.9000000000000007e-002 4.0000000000000001e-003  1.7797478639228039e-003
-3.5999999999999997e-002 4.2000000000000010e-002 4.0000000000000001e-003  1.8593220323541361e-003
-3.5999999999999997e-002 4.4999999999999998e-002 4.0000000000000001e-003  1.9634620096441809e-003
-3.3000000000000002e-002 -4.4999999999999998e-002 4.0000000000000001e-003  2.0629018503403986e-003
-3.3000000000000002e-002 -4.1999999999999996e-002 4.0000000000000001e-003  1.9423472244049075e-003
-3.3000000000000002e-002 -3.9000000000000000e-002 4.0000000000000001e-003  1.8559127105614991e-003
-3.3000000000000002e-002 -3.5999999999999997e-002 4.0000000000000001e-003  1.8067226666148536e-003
-3.3000000000000002e-002 -3.3000000000000002e-002 4.0000000000000001e-003  1.7427324274206918e-003
-3.3000000000000002e-002 -2.9999999999999999e-002 4.0000000000000001e-003  1.7038072818367017e-003
-3.3000000000000002e-002 -2.6999999999999996e-002 4.0000000000000001e-003  1.6794112860607805e-003
-3.3000000000000002e-002 -2.3999999999999997e-002 4.0000000000000001e-003  1.6490404187349333e-003
-3.3000000000000002e-002 -2.0999999999999998e-002 4.0000000000000001e-003  1.6176509225674966e-003
-3.3000000000000002e-002 -1.7999999999999999e-002 4.0000000000000001e-003  1.5888668324738591e-003
-3.3000000000000002e-002 -1.4999999999999999e-002 4.0000000000000001e-003  1.5644330582227505e-003
-3.3000000000000002e-002 -1.1999999999999997e-002 4.0000000000000001e-003  1.5511307699561645e-003
-3.3000000000000002e-002 -8.9999999999999941e-003 4.0000000000000001e-003  1.5387295019929665e-003
-3.3000000000000002e-002 -5.9999999999999984e-003 4.0000000000000001e-003  1.5278316574974069e-003
-3.3000000000000002e-002 -2.9999999999999957e-003 4.0000000000000001e-003  1.5040679445185254e-003
-3.3000000000000002e-002 0.0000000000000000e+000 4.0000000000000001e-003  1.5034456976397426e-003
-3.3000000000000002e-002 3.0000000000000027e-003 4.0000000000000001e-003  1.5054679994786172e-003
-3.3000000000000002e-002 6.0000000000000053e-003 4.0000000000000001e-003  1.5039123598016859e-003
-3.3000000000000002e-002 9.0000000000000011e-003 4.0000000000000001e-003  1.4912479458469869e-003
-3.3000000000000002e-002 1.2000000000000004e-002 4.0000000000000001e-003  1.4918158969690620e-003
-3.3000000000000002e-002 1.4999999999999999e-002 4.0000000000000001e-003  1.5096345457022741e-003
-3.3000000000000002e-002 1.8000000000000002e-002 4.0000000000000001e-003  1.5271849349648198e-003
-3.3000000000000002e-002 2.1000000000000005e-002 4.0000000000000001e-003  1.5439340811896414e-003
-3.3000000000000002e-002 2.4000000000000007e-002 4.0000000000000001e-003  1.5775234572466578e-003
-3.3000000000000002e-002 2.7000000000000010e-002 4.0000000000000001e-003  1.5981366650705407e-003
-3.3000000000000002e-002 2.9999999999999999e-002 4.0000000000000001e-003  1.6198702430256888e-003
-3.3000000000000002e-002 3.3000000000000002e-002 4.0000000000000001e-003  1.6443900358410265e-003
-3.3000000000000002e-002 3.6000000000000004e-002 4.0000000000000001e-003  1.6870055469063066e-003
-3.3000000000000002e-002 3.9000000000000007e-002 4.0000000000000001e-003  1.7442359073472705e-003
-3.3000000000000002e-002 4.2000000000000010e-002 4.0000000000000001e-003  1.8231214984757201e-003
-3.3000000000000002e-002 4.4999999999999998e-002 4.0000000000000001e-003  1.9263361238109830e-003
-2.9999999999999999e-002 -4.4999999999999998e-002 4.0000000000000001e-003  2.0519900180157886e-003
-2.9999999999999999e-002 -4.1999999999999996e-002 4.0000000000000001e-003  1.9227149292340849e-003
-2.9999999999999999e-002 -3.9000000000000000e-002 4.0000000000000001e-003  1.8266579386866605e-003
-2.9999999999999999e-002 -3.5999999999999997e-002 4.0000000000000001e-003  1.7608178187668588e-003
-2.9999999999999999e-002 -3.3000000000000002e-002 4.0000000000000001e-003  1.7156811077696172e-003
-2.9999999999999999e-002 -2.9999999999999999e-002 4.0000000000000001e-003  1.6755842064840819e-003
-2.9999999999999999e-002 -2.6999999999999996e-002 4.0000000000000001e-003  1.6461677943133107e-003
-2.9999999999999999e-002 -2.3999999999999997e-002 4.0000000000000001e-003  1.6165534508826634e-003
-2.9999999999999999e-002 -2.0999999999999998e-002 4.0000000000000001e-003  1.5863041420077944e-003
-2.9999999999999999e-002 -1.7999999999999999e-002 4.0000000000000001e-003  1.5551140631388611e-003
-2.9999999999999999e-002 -1.4999999999999999e-002 4.0000000000000001e-003  1.5253536165532654e-003
-2.9999999999999999e-002 -1.1999999999999997e-002 4.0000000000000001e-003  1.5105519529349245e-003
-2.9999999999999999e-002 -8.9999999999999941e-003 4.0000000000000001e-003  1.4956416725525651e-003
-2.9999999999999999e-002 -5.9999999999999984e-003 4.0000000000000001e-003  1.4848720356478767e-003
-2.9999999999999999e-002 -2.9999999999999957e-003 4.0000000000000001e-003  1.4737448404606246e-003
-2.9999999999999999e-002 0.0000000000000000e+000 4.0000000000000001e-003  1.4707245819920891e-003
-2.9999999999999999e-002 3.0000000000000027e-003 4.0000000000000001e-003  1.4665249609925543e-003
-2.9999999999999999e-002 6.0000000000000053e-003 4.0000000000000001e-003  1.4611483297259512e-003
-2.9999999999999999e-002 9.0000000000000011e-003 4.0000000000000001e-003  1.4474559016653056e-003
-2.9999999999999999e-002 1.2000000000000004e-002 4.0000000000000001e-003  1.4548277102455348e-003
-2.9999999999999999e-002 1.4999999999999999e-002 4.0000000000000001e-003  1.4722719911337539e-003
-2.9999999999999999e-002 1.8000000000000002e-002 4.0000000000000001e-003  1.4889118025791209e-003
-2.9999999999999999e-002 2.1000000000000005e-002 4.0000000000000001e-003  1.5047427245697218e-003
-2.9999999999999999e-002 2.4000000000000007e-002 4.0000000000000001e-003  1.5234952410481941e-003
-2.9999999999999999e-002 2.7000000000000010e-002 4.0000000000000001e-003  1.5504061824006222e-003
-2.9999999999999999e-002 2.9999999999999999e-002 4.0000000000000001e-003  1.5781927706525528e-003
-2.9999999999999999e-002 3.3000000000000002e-002 4.0000000000000001e-003  1.6069398302081734e-003
-2.9999999999999999e-002 3.6000000000000004e-002 4.0000000000000001e-003  1.6440843285466865e-003
-2.9999999999999999e-002 3.9000000000000007e-002 4.0000000000000001e-003  1.7000130537543699e-003
-2.9999999999999999e-002 4.2000000000000010e-002 4.0000000000000001e-003  1.7798028788895597e-003
-2.9999999999999999e-002 4.4999999999999998e-002 4.0000000000000001e-003  1.8841253456459892e-003
-2.6999999999999996e-002 -4.4999999999999998e-002 4.0000000000000001e-003  2.0236246255906339e-003
-2.6999999999999996e-002 -4.1999999999999996e-002 4.0000000000000001e-003  1.8903447449047145e-003
-2.6999999999999996e-002 -3.9000000000000000e-002 4.0000000000000001e-003  1.8023613772357101e-003
-2.6999999999999996e-002 -3.5999999999999997e-002 4.0000000000000001e-003  1.7423268737559216e-003
-2.6999999999999996e-002 -3.3000000000000002e-002 4.0000000000000001e-003  1.6949191621376189e-003
-2.6999999999999996e-002 -2.9999999999999999e-002 4.0000000000000001e-003  1.6545895550348457e-003
-2.6999999999999996e-002 -2.6999999999999996e-002 4.0000000000000001e-003  1.6169592934310367e-003
-2.6999999999999996e-002 -2.3999999999999997e-002 4.0000000000000001e-003  1.5887168596158763e-003
-2.6999999999999996e-002 -2.0999999999999998e-002 4.0000000000000001e-003  1.5595386240106280e-003
-2.6999999999999996e-002 -1.7999999999999999e-002 4.0000000000000001e-003  1.5294211907771710e-003
-2.6999999999999996e-002 -1.4999999999999999e-002 4.0000000000000001e-003  1.5074709635524131e-003
-2.6999999999999996e-002 -1.1999999999999997e-002 4.0000000000000001e-003  1.4935589930598957e-003
-2.6999999999999996e-002 -8.9999999999999941e-003 4.0000000000000001e-003  1.4795046645323970e-003
-2.6999999999999996e-002 -5.9999999999999984e-003 4.0000000000000001e-003  1.4654253307654873e-003
-2.6999999999999996e-002 -2.9999999999999957e-003 4.0000000000000001e-003  1.4610623194505623e-003
-2.6999999999999996e-002 0.0000000000000000e+000 4.0000000000000001e-003  1.4569701994631792e-003
-2.6999999999999996e-002 3.0000000000000027e-003 4.0000000000000001e-003  1.4480845562594759e-003
-2.6999999999999996e-002 6.0000000000000053e-003 4.0000000000000001e-003  1.4365382773808440e-003
-2.6999999999999996e-002 9.0000000000000011e-003 4.0000000000000001e-003  1.4252674176343817e-003
-2.6999999999999996e-002 1.2000000000000004e-002 4.0000000000000001e-003  1.4425951861361298e-003
-2.6999999999999996e-002 1.4999999999999999e-002 4.0000000000000001e-003  1.4591148999584670e-003
-2.6999999999999996e-002 1.8000000000000002e-002 4.0000000000000001e-003  1.4710367529550525e-003
-2.6999999999999996e-002 2.1000000000000005e-002 4.0000000000000001e-003  1.4842619874066605e-003
-2.6999999999999996e-002 2.4000000000000007e-002 4.0000000000000001e-003  1.4991711596088779e-003
-2.6999999999999996e-002 2.7000000000000010e-002 4.0000000000000001e-003  1.5184716324427141e-003
-2.6999999999999996e-002 2.9999999999999999e-002 4.0000000000000001e-003  1.5474491916902271e-003
-2.6999999999999996e-002 3.3000000000000002e-002 4.0000000000000001e-003  1.5863255827939066e-003
-2.6999999999999996e-002 3.6000000000000004e-002 4.0000000000000001e-003  1.6323925652580091e-003
-2.6999999999999996e-002 3.9000000000000007e-002 4.0000000000000001e-003  1.6865936277983588e-003
-2.6999999999999996e-002 4.2000000000000010e-002 4.0000000000000001e-003  1.7499550215434841e-003
-2.6999999999999996e-002 4.4999999999999998e-002 4.0000000000000001e-003  1.8437864325476167e-003
-2.3999999999999997e-002 -4.4999999999999998e-002 4.0000000000000001e-003  2.0151087814833058e-003
-2.3999999999999997e-002 -4.1999999999999996e-002 4.0000000000000001e-003  1.8813181076221550e-003
-2.3999999999999997e-002 -3.9000000000000000e-002 4.0000000000000001e-003  1.7851663839664380e-003
-2.3999999999999997e-002 -3.5999999999999997e-002 4.0000000000000001e-003  1.7227175056009185e-003
-2.3999999999999997e-002 -3.3000000000000002e-002 4.0000000000000001e-003  1.6812325550196272e-003
-2.3999999999999997e-002 -2.9999999999999999e-002 4.0000000000000001e-003  1.6414381571426199e-003
-2.3999999999999997e-002 -2.6999999999999996e-002 4.0000000000000001e-003  1.6019290705944370e-003
-2.3999999999999997e-002 -2.3999999999999997e-002 4.0000000000000001e-003  1.5626849256493993e-003
-2.3999999999999997e-002 -2.0999999999999998e-002 4.0000000000000001e-003  1.5328554287793517e-003
-2.3999999999999997e-002 -1.7999999999999999e-002 4.0000000000000001e-003  1.5038126535596866e-003
-2.3999999999999997e-002 -1.4999999999999999e-002 4.0000000000000001e-003  1.4894294879680219e-003
-2.3999999999999997e-002 -1.1999999999999997e-002 4.0000000000000001e-003  1.4763991483396095e-003
-2.3999999999999997e-002 -8.9999999999999941e-003 4.0000000000000001e-003  1.4631991341584308e-003
-2.3999999999999997e-002 -5.9999999999999984e-003 4.0000000000000001e-003  1.4522041725865444e-003
-2.3999999999999997e-002 -2.9999999999999957e-003 4.0000000000000001e-003  1.4449166976719776e-003
-2.3999999999999997e-002 0.0000000000000000e+000 4.0000000000000001e-003  1.4378963321732057e-003
-2.3999999999999997e-002 3.0000000000000027e-003 4.0000000000000001e-003  1.4311379424776969e-003
-2.3999999999999997e-002 6.0000000000000053e-003 4.0000000000000001e-003  1.4246372795455439e-003
-2.3999999999999997e-002 9.0000000000000011e-003 4.0000000000000001e-003  1.4268896167589226e-003
-2.3999999999999997e-002 1.2000000000000004e-002 4.0000000000000001e-003  1.4336202695259699e-003
-2.3999999999999997e-002 1.4999999999999999e-002 4.0000000000000001e-003  1.4420503743386136e-003
-2.3999999999999997e-002 1.8000000000000002e-002 4.0000000000000001e-003  1.4521692590310738e-003
-2.3999999999999997e-002 2.1000000000000005e-002 4.0000000000000001e-003  1.4639674552839555e-003
-2.3999999999999997e-002 2.4000000000000007e-002 4.0000000000000001e-003  1.4776144445080473e-003
-2.3999999999999997e-002 2.7000000000000010e-002 4.0000000000000001e-003  1.4949489963354521e-003
-2.3999999999999997e-002 2.9999999999999999e-002 4.0000000000000001e-003  1.5141713878110156e-003
-2.3999999999999997e-002 3.3000000000000002e-002 4.0000000000000001e-003  1.5713970796675690e-003
-2.3999999999999997e-002 3.6000000000000004e-002 4.0000000000000001e-003  1.6299924249598148e-003
-2.3999999999999997e-002 3.9000000000000007e-002 4.0000000000000001e-003  1.6931877564771321e-003
-2.3999999999999997e-002 4.2000000000000010e-002 4.0000000000000001e-003  1.7668056559450116e-003
-2.3999999999999997e-002 4.4999999999999998e-002 4.0000000000000001e-003  1.8513306661181329e-003
-2.0999999999999998e-002 -4.4999999999999998e-002 4.0000000000000001e-003  2.0089501252425089e-003
-2.0999999999999998e-002 -4.1999999999999996e-002 4.0000000000000001e-003  1.8748339450238741e-003
-2.0999999999999998e-002 -3.9000000000000000e-002 4.0000000000000001e-003  1.7789101283494217e-003
-2.0999999999999998e-002 -3.5999999999999997e-002 4.0000000000000001e-003  1.7170262363490857e-003
-2.0999999999999998e-002 -3.3000000000000002e-002 4.0000000000000001e-003  1.6689784073706086e-003
-2.0999999999999998e-002 -2.9999999999999999e-002 4.0000000000000001e-003  1.6276758924808630e-003
-2.0999999999999998e-002 -2.6999999999999996e-002 4.0000000000000001e-003  1.5887028410134423e-003
-2.0999999999999998e-002 -2.3999999999999997e-002 4.0000000000000001e-003  1.5499915893613877e-003
-2.0999999999999998e-002 -2.0999999999999998e-002 4.0000000000000001e-003  1.5115266018799001e-003
-2.0999999999999998e-002 -1.7999999999999999e-002 4.0000000000000001e-003  1.4831867903458351e-003
-2.0999999999999998e-002 -1.4999999999999999e-002 4.0000000000000001e-003  1.4712309903350861e-003
-2.0999999999999998e-002 -1.1999999999999997e-002 4.0000000000000001e-003  1.4590767059400544e-003
-2.0999999999999998e-002 -8.9999999999999941e-003 4.0000000000000001e-003  1.4467318552276402e-003
-2.0999999999999998e-002 -5.9999999999999984e-003 4.0000000000000001e-003  1.4358498912630919e-003
-2.0999999999999998e-002 -2.9999999999999957e-003 4.0000000000000001e-003  1.4256361400654309e-003
-2.0999999999999998e-002 0.0000000000000000e+000 4.0000000000000001e-003  1.4205912059771049e-003
-2.0999999999999998e-002 3.0000000000000027e-003 4.0000000000000001e-003  1.4166227608651198e-003
-2.0999999999999998e-002 6.0000000000000053e-003 4.0000000000000001e-003  1.4133785756885605e-003
-2.0999999999999998e-002 9.0000000000000011e-003 4.0000000000000001e-003  1.4109695301597134e-003
-2.0999999999999998e-002 1.2000000000000004e-002 4.0000000000000001e-003  1.4163126617409291e-003
-2.0999999999999998e-002 1.4999999999999999e-002 4.0000000000000001e-003  1.4236267603073322e-003
-2.0999999999999998e-002 1.8000000000000002e-002 4.0000000000000001e-003  1.4360520731252502e-003
-2.0999999999999998e-002 2.1000000000000005e-002 4.0000000000000001e-003  1.4496251689562676e-003
-2.0999999999999998e-002 2.4000000000000007e-002 4.0000000000000001e-003  1.4643461853611412e-003
-2.0999999999999998e-002 2.7000000000000010e-002 4.0000000000000001e-003  1.4802152544110005e-003
-2.0999999999999998e-002 2.9999999999999999e-002 4.0000000000000001e-003  1.4897746067532704e-003
-2.0999999999999998e-002 3.3000000000000002e-002 4.0000000000000001e-003  1.5268861627556240e-003
-2.0999999999999998e-002 3.6000000000000004e-002 4.0000000000000001e-003  1.6157338732545109e-003
-2.0999999999999998e-002 3.9000000000000007e-002 4.0000000000000001e-003  1.7101615548567361e-003
-2.0999999999999998e-002 4.2000000000000010e-002 4.0000000000000001e-003  1.8076627567065494e-003
-2.0999999999999998e-002 4.4999999999999998e-002 4.0000000000000001e-003  1.9101663842872279e-003
-1.7999999999999999e-002 -4.4999999999999998e-002 4.0000000000000001e-003  2.0051764811608165e-003
-1.7999999999999999e-002 -4.1999999999999996e-002 4.0000000000000001e-003  1.8709429720815433e-003
-1.7999999999999999e-002 -3.9000000000000000e-002 4.0000000000000001e-003  1.7766263690826376e-003
-1.7999999999999999e-002 -3.5999999999999997e-002 4.0000000000000001e-003  1.7154574903395080e-003
-1.7999999999999999e-002 -3.3000000000000002e-002 4.0000000000000001e-003  1.6615704732224298e-003
-1.7999999999999999e-002 -2.9999999999999999e-002 4.0000000000000001e-003  1.6147402136517657e-003
-1.7999999999999999e-002 -2.6999999999999996e-002 4.0000000000000001e-003  1.5747627122243495e-003
-1.7999999999999999e-002 -2.3999999999999997e-002 4.0000000000000001e-003  1.5367109708881747e-003
-1.7999999999999999e-002 -2.0999999999999998e-002 4.0000000000000001e-003  1.4988049319613285e-003
-1.7999999999999999e-002 -1.7999999999999999e-002 4.0000000000000001e-003  1.4716923681797880e-003
-1.7999999999999999e-002 -1.4999999999999999e-002 4.0000000000000001e-003  1.4568804836236934e-003
-1.7999999999999999e-002 -1.1999999999999997e-002 4.0000000000000001e-003  1.4442603443870590e-003
-1.7999999999999999e-002 -8.9999999999999941e-003 4.0000000000000001e-003  1.4344662778274970e-003
-1.7999999999999999e-002 -5.9999999999999984e-003 4.0000000000000001e-003  1.4265289097346058e-003
-1.7999999999999999e-002 -2.9999999999999957e-003 4.0000000000000001e-003  1.4193002767457325e-003
-1.7999999999999999e-002 0.0000000000000000e+000 4.0000000000000001e-003  1.4127891349870057e-003
-1.7999999999999999e-002 3.0000000000000027e-003 4.0000000000000001e-003  1.4070109083075340e-003
-1.7999999999999999e-002 6.0000000000000053e-003 4.0000000000000001e-003  1.4021457175740614e-003
-1.7999999999999999e-002 9.0000000000000011e-003 4.0000000000000001e-003  1.4007941426332417e-003
-1.7999999999999999e-002 1.2000000000000004e-002 4.0000000000000001e-003  1.4081990631321494e-003
-1.7999999999999999e-002 1.4999999999999999e-002 4.0000000000000001e-003  1.4180139919566198e-003
-1.7999999999999999e-002 1.8000000000000002e-002 4.0000000000000001e-003  1.4289759439511738e-003
-1.7999999999999999e-002 2.1000000000000005e-002 4.0000000000000001e-003  1.4410850384850061e-003
-1.7999999999999999e-002 2.4000000000000007e-002 4.0000000000000001e-003  1.4543413894376612e-003
-1.7999999999999999e-002 2.7000000000000010e-002 4.0000000000000001e-003  1.4659243410548360e-003
-1.7999999999999999e-002 2.9999999999999999e-002 4.0000000000000001e-003  1.4727831219827350e-003
-1.7999999999999999e-002 3.3000000000000002e-002 4.0000000000000001e-003  1.5082564359454786e-003
-1.7999999999999999e-002 3.6000000000000004e-002 4.0000000000000001e-003  1.5727082505604900e-003
-1.7999999999999999e-002 3.9000000000000007e-002 4.0000000000000001e-003  1.6860715096024387e-003
-1.7999999999999999e-002 4.2000000000000010e-002 4.0000000000000001e-003  1.8166295948036824e-003
-1.7999999999999999e-002 4.4999999999999998e-002 4.0000000000000001e-003  1.9502797585657040e-003
-1.4999999999999999e-002 -4.4999999999999998e-002 4.0000000000000001e-003  2.0038290245690273e-003
-1.4999999999999999e-002 -4.1999999999999996e-002 4.0000000000000001e-003  1.8697092548050828e-003
-1.4999999999999999e-002 -3.9000000000000000e-002 4.0000000000000001e-003  1.7859960195916718e-003
-1.4999999999999999e-002 -3.5999999999999997e-002 4.0000000000000001e-003  1.7184602314743367e-003
-1.4999999999999999e-002 -3.3000000000000002e-002 4.0000000000000001e-003  1.6584856824913596e-003
-1.4999999999999999e-002 -2.9999999999999999e-002 4.0000000000000001e-003  1.6058162097103293e-003
-1.4999999999999999e-002 -2.6999999999999996e-002 4.0000000000000001e-003  1.5602167548753032e-003
-1.4999999999999999e-002 -2.3999999999999997e-002 4.0000000000000001e-003  1.5214733644067964e-003
-1.4999999999999999e-002 -2.0999999999999998e-002 4.0000000000000001e-003  1.4882740087088966e-003
-1.4999999999999999e-002 -1.7999999999999999e-002 4.0000000000000001e-003  1.4661979376395565e-003
-1.4999999999999999e-002 -1.4999999999999999e-002 4.0000000000000001e-003  1.4459553659008594e-003
-1.4999999999999999e-002 -1.1999999999999997e-002 4.0000000000000001e-003  1.4381533194824788e-003
-1.4999999999999999e-002 -8.9999999999999941e-003 4.0000000000000001e-003  1.4309790775443971e-003
-1.4999999999999999e-002 -5.9999999999999984e-003 4.0000000000000001e-003  1.4217821968266560e-003
-1.4999999999999999e-002 -2.9999999999999957e-003 4.0000000000000001e-003  1.4127494719830245e-003
-1.4999999999999999e-002 0.0000000000000000e+000 4.0000000000000001e-003  1.4055801203073737e-003
-1.4999999999999999e-002 3.0000000000000027e-003 4.0000000000000001e-003  1.4004704053693828e-003
-1.4999999999999999e-002 6.0000000000000053e-003 4.0000000000000001e-003  1.3974263979408443e-003
-1.4999999999999999e-002 9.0000000000000011e-003 4.0000000000000001e-003  1.3964560762282031e-003
-1.4999999999999999e-002 1.2000000000000004e-002 4.0000000000000001e-003  1.4058340173516250e-003
-1.4999999999999999e-002 1.4999999999999999e-002 4.0000000000000001e-003  1.4156079946193712e-003
-1.4999999999999999e-002 1.8000000000000002e-002 4.0000000000000001e-003  1.4251626471197454e-003
-1.4999999999999999e-002 2.1000000000000005e-002 4.0000000000000001e-003  1.4358077655832642e-003
-1.4999999999999999e-002 2.4000000000000007e-002 4.0000000000000001e-003  1.4475995795657183e-003
-1.4999999999999999e-002 2.7000000000000010e-002 4.0000000000000001e-003  1.4530326032299434e-003
-1.4999999999999999e-002 2.9999999999999999e-002 4.0000000000000001e-003  1.4582453049586772e-003
-1.4999999999999999e-002 3.3000000000000002e-002 4.0000000000000001e-003  1.4920884711630601e-003
-1.4999999999999999e-002 3.6000000000000004e-002 4.0000000000000001e-003  1.5549228527853753e-003
-1.4999999999999999e-002 3.9000000000000007e-002 4.0000000000000001e-003  1.6471702909676455e-003
-1.4999999999999999e-002 4.2000000000000010e-002 4.0000000000000001e-003  1.7831030374942435e-003
-1.4999999999999999e-002 4.4999999999999998e-002 4.0000000000000001e-003  1.9499416877347675e-003
-1.1999999999999997e-002 -4.4999999999999998e-002 4.0000000000000001e-003  2.0049622818361728e-003
-1.1999999999999997e-002 -4.1999999999999996e-002 4.0000000000000001e-003  1.8828443139463087e-003
-1.1999999999999997e-002 -3.9000000000000000e-002 4.0000000000000001e-003  1.8004656860891733e-003
-1.1999999999999997e-002 -3.5999999999999997e-002 4.0000000000000001e-003  1.7262712977721677e-003
-1.1999999999999997e-002 -3.3000000000000002e-002 4.0000000000000001e-003  1.6599528225336461e-003
-1.1999999999999997e-002 -2.9999999999999999e-002 4.0000000000000001e-003  1.6012230385884171e-003
-1.1999999999999997e-002 -2.6999999999999996e-002 4.0000000000000001e-003  1.5501016930293441e-003
-1.1999999999999997e-002 -2.3999999999999997e-002 4.0000000000000001e-003  1.5123065493621887e-003
-1.1999999999999997e-002 -2.0999999999999998e-002 4.0000000000000001e-003  1.4878436294484252e-003
-1.1999999999999997e-002 -1.7999999999999999e-002 4.0000000000000001e-003  1.4654058249000789e-003
-1.1999999999999997e-002 -1.4999999999999999e-002 4.0000000000000001e-003  1.4485349200479686e-003
-1.1999999999999997e-002 -1.1999999999999997e-002 4.0000000000000001e-003  1.4388743428691635e-003
-1.1999999999999997e-002 -8.9999999999999941e-003 4.0000000000000001e-003  1.4299683797372182e-003
-1.1999999999999997e-002 -5.9999999999999984e-003 4.0000000000000001e-003  1.4164006908682796e-003
-1.1999999999999997e-002 -2.9999999999999957e-003 4.0000000000000001e-003  1.4075460854638371e-003
-1.1999999999999997e-002 0.0000000000000000e+000 4.0000000000000001e-003  1.4007492534252851e-003
-1.1999999999999997e-002 3.0000000000000027e-003 4.0000000000000001e-003  1.3960143027709829e-003
-1.1999999999999997e-002 6.0000000000000053e-003 4.0000000000000001e-003  1.3933472489539734e-003
-1.1999999999999997e-002 9.0000000000000011e-003 4.0000000000000001e-003  1.3933723765690593e-003
-1.1999999999999997e-002 1.2000000000000004e-002 4.0000000000000001e-003  1.4041585879156963e-003
-1.1999999999999997e-002 1.4999999999999999e-002 4.0000000000000001e-003  1.4144838370384028e-003
-1.1999999999999997e-002 1.8000000000000002e-002 4.0000000000000001e-003  1.4243484503969281e-003
-1.1999999999999997e-002 2.1000000000000005e-002 4.0000000000000001e-003  1.4337928329457698e-003
-1.1999999999999997e-002 2.4000000000000007e-002 4.0000000000000001e-003  1.4441203406881317e-003
-1.1999999999999997e-002 2.7000000000000010e-002 4.0000000000000001e-003  1.4425902034563051e-003
-1.1999999999999997e-002 2.9999999999999999e-002 4.0000000000000001e-003  1.4461669279144049e-003
-1.1999999999999997e-002 3.3000000000000002e-002 4.0000000000000001e-003  1.4783897246651041e-003
-1.1999999999999997e-002 3.6000000000000004e-002 4.0000000000000001e-003  1.5396161279755537e-003
-1.1999999999999997e-002 3.9000000000000007e-002 4.0000000000000001e-003  1.6302647623126416e-003
-1.1999999999999997e-002 4.2000000000000010e-002 4.0000000000000001e-003  1.7508153423429953e-003
-1.1999999999999997e-002 4.4999999999999998e-002 4.0000000000000001e-003  1.9311067923442325e-003
-8.9999999999999941e-003 -4.4999999999999998e-002 4.0000000000000001e-003  2.0086441303695181e-003
-8.9999999999999941e-003 -4.1999999999999996e-002 4.0000000000000001e-003  1.9099974766622553e-003
-8.9999999999999941e-003 -3.9000000000000000e-002 4.0000000000000001e-003  1.8202794778849228e-003
-8.9999999999999941e-003 -3.5999999999999997e-002 4.0000000000000001e-003  1.7391267478804344e-003
-8.9999999999999941e-003 -3.3000000000000002e-002 4.0000000000000001e-003  1.6629340774129715e-003
-8.9999999999999941e-003 -2.9999999999999999e-002 4.0000000000000001e-003  1.5980964716780764e-003
-8.9999999999999941e-003 -2.6999999999999996e-002 4.0000000000000001e-003  1.5487357943868181e-003
-8.9999999999999941e-003 -2.3999999999999997e-002 4.0000000000000001e-003  1.5138601240741038e-003
-8.9999999999999941e-003 -2.0999999999999998e-002 4.0000000000000001e-003  1.4903623122949003e-003
-8.9999999999999941e-003 -1.7999999999999999e-002 4.0000000000000001e-003  1.4666165097103540e-003
-8.9999999999999941e-003 -1.4999999999999999e-002 4.0000000000000001e-003  1.4533740747824902e-003
-8.9999999999999941e-003 -1.1999999999999997e-002 4.0000000000000001e-003  1.4431489287140779e-003
-8.9999999999999941e-003 -8.9999999999999941e-003 4.0000000000000001e-003  1.4316837294988838e-003
-8.9999999999999941e-003 -5.9999999999999984e-003 4.0000000000000001e-003  1.4155979598869163e-003
-8.9999999999999941e-003 -2.9999999999999957e-003 4.0000000000000001e-003  1.4035349670253315e-003
-8.9999999999999941e-003 0.0000000000000000e+000 4.0000000000000001e-003  1.3965608844995730e-003
-8.9999999999999941e-003 3.0000000000000027e-003 4.0000000000000001e-003  1.3921987448226689e-003
-8.9999999999999941e-003 6.0000000000000053e-003 4.0000000000000001e-003  1.3899066662010847e-003
-8.9999999999999941e-003 9.0000000000000011e-003 4.0000000000000001e-003  1.3918811353615325e-003
-8.9999999999999941e-003 1.2000000000000004e-002 4.0000000000000001e-003  1.4032198607883360e-003
-8.9999999999999941e-003 1.4999999999999999e-002 4.0000000000000001e-003  1.4140969640530087e-003
-8.9999999999999941e-003 1.8000000000000002e-002 4.0000000000000001e-003  1.4245125355847412e-003
-8.9999999999999941e-003 2.1000000000000005e-002 4.0000000000000001e-003  1.4344667968784557e-003
-8.9999999999999941e-003 2.4000000000000007e-002 4.0000000000000001e-003  1.4439033198624118e-003
-8.9999999999999941e-003 2.7000000000000010e-002 4.0000000000000001e-003  1.4346023114506401e-003
-8.9999999999999941e-003 2.9999999999999999e-002 4.0000000000000001e-003  1.4365548445900551e-003
-8.9999999999999941e-003 3.3000000000000002e-002 4.0000000000000001e-003  1.4704573581097293e-003
-8.9999999999999941e-003 3.6000000000000004e-002 4.0000000000000001e-003  1.5330649988089082e-003
-8.9999999999999941e-003 3.9000000000000007e-002 4.0000000000000001e-003  1.6221705736815485e-003
-8.9999999999999941e-003 4.2000000000000010e-002 4.0000000000000001e-003  1.7382248981957489e-003
-8.9999999999999941e-003 4.4999999999999998e-002 4.0000000000000001e-003  1.9137070028961236e-003
-5.9999999999999984e-003 -4.4999999999999998e-002 4.0000000000000001e-003  2.0498547847695825e-003
-5.9999999999999984e-003 -4.1999999999999996e-002 4.0000000000000001e-003  1.9430811832010281e-003
-5.9999999999999984e-003 -3.9000000000000000e-002 4.0000000000000001e-003  1.8306403332289903e-003
-5.9999999999999984e-003 -3.5999999999999997e-002 4.0000000000000001e-003  1.7353518714760599e-003
-5.9999999999999984e-003 -3.3000000000000002e-002 4.0000000000000001e-003  1.6576890696255128e-003
-5.9999999999999984e-003 -2.9999999999999999e-002 4.0000000000000001e-003  1.5962892112500093e-003
-5.9999999999999984e-003 -2.6999999999999996e-002 4.0000000000000001e-003  1.5500297962458345e-003
-5.9999999999999984e-003 -2.3999999999999997e-002 4.0000000000000001e-003  1.5186857434583570e-003
-5.9999999999999984e-003 -2.0999999999999998e-002 4.0000000000000001e-003  1.4943680608621307e-003
-5.9999999999999984e-003 -1.7999999999999999e-002 4.0000000000000001e-003  1.4715614630634629e-003
-5.9999999999999984e-003 -1.4999999999999999e-002 4.0000000000000001e-003  1.4600129248609978e-003
-5.9999999999999984e-003 -1.1999999999999997e-002 4.0000000000000001e-003  1.4492206267634456e-003
-5.9999999999999984e-003 -8.9999999999999941e-003 4.0000000000000001e-003  1.4333666919920725e-003
-5.9999999999999984e-003 -5.9999999999999984e-003 4.0000000000000001e-003  1.4161830344933458e-003
-5.9999999999999984e-003 -2.9999999999999957e-003 4.0000000000000001e-003  1.4030237117251454e-003
-5.9999999999999984e-003 0.0000000000000000e+000 4.0000000000000001e-003  1.3938902455779896e-003
-5.9999999999999984e-003 3.0000000000000027e-003 4.0000000000000001e-003  1.3890223666463287e-003
-5.9999999999999984e-003 6.0000000000000053e-003 4.0000000000000001e-003  1.3871034468857276e-003
-5.9999999999999984e-003 9.0000000000000011e-003 4.0000000000000001e-003  1.3911262123647700e-003
-5.9999999999999984e-003 1.2000000000000004e-002 4.0000000000000001e-003  1.4030176770799517e-003
-5.9999999999999984e-003 1.4999999999999999e-002 4.0000000000000001e-003  1.4144471665866582e-003
-5.9999999999999984e-003 1.8000000000000002e-002 4.0000000000000001e-003  1.4254145352835207e-003
-5.9999999999999984e-003 2.1000000000000005e-002 4.0000000000000001e-003  1.4356204609069175e-003
-5.9999999999999984e-003 2.4000000000000007e-002 4.0000000000000001e-003  1.4433390330391275e-003
-5.9999999999999984e-003 2.7000000000000010e-002 4.0000000000000001e-003  1.4458482068576610e-003
-5.9999999999999984e-003 2.9999999999999999e-002 4.0000000000000001e-003  1.4531272673069182e-003
-5.9999999999999984e-003 3.3000000000000002e-002 4.0000000000000001e-003  1.4827197453535590e-003
-5.9999999999999984e-003 3.6000000000000004e-002 4.0000000000000001e-003  1.5384077550392725e-003
-5.9999999999999984e-003 3.9000000000000007e-002 4.0000000000000001e-003  1.6205796812427103e-003
-5.9999999999999984e-003 4.2000000000000010e-002 4.0000000000000001e-003  1.7296949776288608e-003
-5.9999999999999984e-003 4.4999999999999998e-002 4.0000000000000001e-003  1.8967929661194429e-003
-2.9999999999999957e-003 -4.4999999999999998e-002 4.0000000000000001e-003  2.0602080501895756e-003
-2.9999999999999957e-003 -4.1999999999999996e-002 4.0000000000000001e-003  1.9301157202681173e-003
-2.9999999999999957e-003 -3.9000000000000000e-002 4.0000000000000001e-003  1.8203826863909974e-003
-2.9999999999999957e-003 -3.5999999999999997e-002 4.0000000000000001e-003  1.7292754371686246e-003
-2.9999999999999957e-003 -3.3000000000000002e-002 4.0000000000000001e-003  1.6553006775350432e-003
-2.9999999999999957e-003 -2.9999999999999999e-002 4.0000000000000001e-003  1.5972053287479245e-003
-2.9999999999999957e-003 -2.6999999999999996e-002 4.0000000000000001e-003  1.5539765283885565e-003
-2.9999999999999957e-003 -2.3999999999999997e-002 4.0000000000000001e-003  1.5254911046922136e-003
-2.9999999999999957e-003 -2.0999999999999998e-002 4.0000000000000001e-003  1.4998553027261675e-003
-2.9999999999999957e-003 -1.7999999999999999e-002 4.0000000000000001e-003  1.4805750301706826e-003
-2.9999999999999957e-003 -1.4999999999999999e-002 4.0000000000000001e-003  1.4684534822302592e-003
-2.9999999999999957e-003 -1.1999999999999997e-002 4.0000000000000001e-003  1.4570908616822129e-003
-2.9999999999999957e-003 -8.9999999999999941e-003 4.0000000000000001e-003  1.4360937214798898e-003
-2.9999999999999957e-003 -5.9999999999999984e-003 4.0000000000000001e-003  1.4178105656722133e-003
-2.9999999999999957e-003 -2.9999999999999957e-003 4.0000000000000001e-003  1.4035537938530231e-003
-2.9999999999999957e-003 0.0000000000000000e+000 4.0000000000000001e-003  1.3933252406554946e-003
-2.9999999999999957e-003 3.0000000000000027e-003 4.0000000000000001e-003  1.3871269136767389e-003
-2.9999999999999957e-003 6.0000000000000053e-003 4.0000000000000001e-003  1.3849367898273650e-003
-2.9999999999999957e-003 9.0000000000000011e-003 4.0000000000000001e-003  1.3911077396637894e-003
-2.9999999999999957e-003 1.2000000000000004e-002 4.0000000000000001e-003  1.4029418767919444e-003
-2.9999999999999957e-003 1.4999999999999999e-002 4.0000000000000001e-003  1.4126522513976877e-003
-2.9999999999999957e-003 1.8000000000000002e-002 4.0000000000000001e-003  1.4220994248452063e-003
-2.9999999999999957e-003 2.1000000000000005e-002 4.0000000000000001e-003  1.4312783184765097e-003
-2.9999999999999957e-003 2.4000000000000007e-002 4.0000000000000001e-003  1.4401847809409518e-003
-2.9999999999999957e-003 2.7000000000000010e-002 4.0000000000000001e-003  1.4484658091374739e-003
-2.9999999999999957e-003 2.9999999999999999e-002 4.0000000000000001e-003  1.4679978526851302e-003
-2.9999999999999957e-003 3.3000000000000002e-002 4.0000000000000001e-003  1.4992976283148239e-003
-2.9999999999999957e-003 3.6000000000000004e-002 4.0000000000000001e-003  1.5474127279809309e-003
-2.9999999999999957e-003 3.9000000000000007e-002 4.0000000000000001e-003  1.6227111527146393e-003
-2.9999999999999957e-003 4.2000000000000010e-002 4.0000000000000001e-003  1.7249506522031104e-003
-2.9999999999999957e-003 4.4999999999999998e-002 4.0000000000000001e-003  1.8837570480983155e-003
0.0000000000000000e+000 -4.4999999999999998e-002 4.0000000000000001e-003  2.0464239596791412e-003
0.0000000000000000e+000 -4.1999999999999996e-002 4.0000000000000001e-003  1.9211617515569007e-003
0.0000000000000000e+000 -3.9000000000000000e-002 4.0000000000000001e-003  1.8149625883607718e-003
0.0000000000000000e+000 -3.5999999999999997e-002 4.0000000000000001e-003  1.7261556323729481e-003
0.0000000000000000e+000 -3.3000000000000002e-002 4.0000000000000001e-003  1.6557100879977084e-003
0.0000000000000000e+000 -2.9999999999999999e-002 4.0000000000000001e-003  1.6008230119690771e-003
0.0000000000000000e+000 -2.6999999999999996e-002 4.0000000000000001e-003  1.5605911795533588e-003
0.0000000000000000e+000 -2.3999999999999997e-002 4.0000000000000001e-003  1.5337878933450930e-003
0.0000000000000000e+000 -2.0999999999999998e-002 4.0000000000000001e-003  1.5068199317429443e-003
0.0000000000000000e+000 -1.7999999999999999e-002 4.0000000000000001e-003  1.4913970501455700e-003
0.0000000000000000e+000 -1.4999999999999999e-002 4.0000000000000001e-003  1.4786980807126623e-003
0.0000000000000000e+000 -1.1999999999999997e-002 4.0000000000000001e-003  1.4632790753153948e-003
0.0000000000000000e+000 -8.9999999999999941e-003 4.0000000000000001e-003  1.4398673640445816e-003
0.0000000000000000e+000 -5.9999999999999984e-003 4.0000000000000001e-003  1.4204826028861536e-003
0.0000000000000000e+000 -2.9999999999999957e-003 4.0000000000000001e-003  1.4051267662519989e-003
0.0000000000000000e+000 0.0000000000000000e+000 4.0000000000000001e-003  1.3939735002493985e-003
0.0000000000000000e+000 3.0000000000000027e-003 4.0000000000000001e-003  1.3892958937588875e-003
0.0000000000000000e+000 6.0000000000000053e-003 4.0000000000000001e-003  1.3897061700687166e-003
0.0000000000000000e+000 9.0000000000000011e-003 4.0000000000000001e-003  1.3884885017127848e-003
0.0000000000000000e+000 1.2000000000000004e-002 4.0000000000000001e-003  1.3978165097120721e-003
0.0000000000000000e+000 1.4999999999999999e-002 4.0000000000000001e-003  1.4087286730716912e-003
0.0000000000000000e+000 1.8000000000000002e-002 4.0000000000000001e-003  1.4193732623398623e-003
0.0000000000000000e+000 2.1000000000000005e-002 4.0000000000000001e-003  1.4297462360782903e-003
0.0000000000000000e+000 2.4000000000000007e-002 4.0000000000000001e-003  1.4398066725899643e-003
0.0000000000000000e+000 2.7000000000000010e-002 4.0000000000000001e-003  1.4558724119462176e-003
0.0000000000000000e+000 2.9999999999999999e-002 4.0000000000000001e-003  1.4835128703725344e-003
0.0000000000000000e+000 3.3000000000000002e-002 4.0000000000000001e-003  1.5229407520973696e-003
0.0000000000000000e+000 3.6000000000000004e-002 4.0000000000000001e-003  1.5744470199264616e-003
0.0000000000000000e+000 3.9000000000000007e-002 4.0000000000000001e-003  1.6384008952428331e-003
0.0000000000000000e+000 4.2000000000000010e-002 4.0000000000000001e-003  1.7239238297839640e-003
0.0000000000000000e+000 4.4999999999999998e-002 4.0000000000000001e-003  1.8745982390544378e-003
3.0000000000000027e-003 -4.4999999999999998e-002 4.0000000000000001e-003  2.0356058962216822e-003
3.0000000000000027e-003 -4.1999999999999996e-002 4.0000000000000001e-003  1.9171815660445914e-003
3.0000000000000027e-003 -3.9000000000000000e-002 4.0000000000000001e-003  1.8171321909205454e-003
3.0000000000000027e-003 -3.5999999999999997e-002 4.0000000000000001e-003  1.7339735189842499e-003
3.0000000000000027e-003 -3.3000000000000002e-002 4.0000000000000001e-003  1.6663212886429421e-003
3.0000000000000027e-003 -2.9999999999999999e-002 4.0000000000000001e-003  1.6130965248656612e-003
3.0000000000000027e-003 -2.6999999999999996e-002 4.0000000000000001e-003  1.5702216251322811e-003
3.0000000000000027e-003 -2.3999999999999997e-002 4.0000000000000001e-003  1.5431146539027682e-003
3.0000000000000027e-003 -2.0999999999999998e-002 4.0000000000000001e-003  1.5180714314268523e-003
3.0000000000000027e-003 -1.7999999999999999e-002 4.0000000000000001e-003  1.5040307659679542e-003
3.0000000000000027e-003 -1.4999999999999999e-002 4.0000000000000001e-003  1.4907493760062077e-003
3.0000000000000027e-003 -1.1999999999999997e-002 4.0000000000000001e-003  1.4691425415822793e-003
3.0000000000000027e-003 -8.9999999999999941e-003 4.0000000000000001e-003  1.4452024494240559e-003
3.0000000000000027e-003 -5.9999999999999984e-003 4.0000000000000001e-003  1.4263538702018353e-003
3.0000000000000027e-003 -2.9999999999999957e-003 4.0000000000000001e-003  1.4125950713646202e-003
3.0000000000000027e-003 0.0000000000000000e+000 4.0000000000000001e-003  1.4039246057499307e-003
3.0000000000000027e-003 3.0000000000000027e-003 4.0000000000000001e-003  1.4003413115838191e-003
3.0000000000000027e-003 6.0000000000000053e-003 4.0000000000000001e-003  1.3996166266593715e-003
3.0000000000000027e-003 9.0000000000000011e-003 4.0000000000000001e-003  1.3987528730190560e-003
3.0000000000000027e-003 1.2000000000000004e-002 4.0000000000000001e-003  1.3990158621110303e-003
3.0000000000000027e-003 1.4999999999999999e-002 4.0000000000000001e-003  1.4076026646376364e-003
3.0000000000000027e-003 1.8000000000000002e-002 4.0000000000000001e-003  1.4194444655622254e-003
3.0000000000000027e-003 2.1000000000000005e-002 4.0000000000000001e-003  1.4310125401209885e-003
3.0000000000000027e-003 2.4000000000000007e-002 4.0000000000000001e-003  1.4438935657690736e-003
3.0000000000000027e-003 2.7000000000000010e-002 4.0000000000000001e-003  1.4680502258264847e-003
3.0000000000000027e-003 2.9999999999999999e-002 4.0000000000000001e-003  1.5038109479972555e-003
3.0000000000000027e-003 3.3000000000000002e-002 4.0000000000000001e-003  1.5513882475175526e-003
3.0000000000000027e-003 3.6000000000000004e-002 4.0000000000000001e-003  1.6110728982008245e-003
3.0000000000000027e-003 3.9000000000000007e-002 4.0000000000000001e-003  1.6832339324378144e-003
3.0000000000000027e-003 4.2000000000000010e-002 4.0000000000000001e-003  1.7520602858553758e-003
3.0000000000000027e-003 4.4999999999999998e-002 4.0000000000000001e-003  1.8156715284725147e-003
6.0000000000000053e-003 -4.4999999999999998e-002 4.0000000000000001e-003  2.0392096260610270e-003
6.0000000000000053e-003 -4.1999999999999996e-002 4.0000000000000001e-003  1.9141530558387369e-003
6.0000000000000053e-003 -3.9000000000000000e-002 4.0000000000000001e-003  1.8206458978664152e-003
6.0000000000000053e-003 -3.5999999999999997e-002 4.0000000000000001e-003  1.7430963678621491e-003
6.0000000000000053e-003 -3.3000000000000002e-002 4.0000000000000001e-003  1.6807067162278337e-003
6.0000000000000053e-003 -2.9999999999999999e-002 4.0000000000000001e-003  1.6324591170493105e-003
6.0000000000000053e-003 -2.6999999999999996e-002 4.0000000000000001e-003  1.5883162390199416e-003
6.0000000000000053e-003 -2.3999999999999997e-002 4.0000000000000001e-003  1.5475374936485527e-003
6.0000000000000053e-003 -2.0999999999999998e-002 4.0000000000000001e-003  1.5286367953067518e-003
6.0000000000000053e-003 -1.7999999999999999e-002 4.0000000000000001e-003  1.5146334505219028e-003
6.0000000000000053e-003 -1.4999999999999999e-002 4.0000000000000001e-003  1.5015748360219716e-003
6.0000000000000053e-003 -1.1999999999999997e-002 4.0000000000000001e-003  1.4749912879319794e-003
6.0000000000000053e-003 -8.9999999999999941e-003 4.0000000000000001e-003  1.4521528933228586e-003
6.0000000000000053e-003 -5.9999999999999984e-003 4.0000000000000001e-003  1.4344035467062266e-003
6.0000000000000053e-003 -2.9999999999999957e-003 4.0000000000000001e-003  1.4217416755511626e-003
6.0000000000000053e-003 0.0000000000000000e+000 4.0000000000000001e-003  1.4141659927152626e-003
6.0000000000000053e-003 3.0000000000000027e-003 4.0000000000000001e-003  1.4115319914762264e-003
6.0000000000000053e-003 6.0000000000000053e-003 4.0000000000000001e-003  1.4104798802957914e-003
6.0000000000000053e-003 9.0000000000000011e-003 4.0000000000000001e-003  1.4105539438410710e-003
6.0000000000000053e-003 1.2000000000000004e-002 4.0000000000000001e-003  1.4117499315199073e-003
6.0000000000000053e-003 1.4999999999999999e-002 4.0000000000000001e-003  1.4140649433799764e-003
6.0000000000000053e-003 1.8000000000000002e-002 4.0000000000000001e-003  1.4223090759390325e-003
6.0000000000000053e-003 2.1000000000000005e-002 4.0000000000000001e-003  1.4350716263409865e-003
6.0000000000000053e-003 2.4000000000000007e-002 4.0000000000000001e-003  1.4527372184190783e-003
6.0000000000000053e-003 2.7000000000000010e-002 4.0000000000000001e-003  1.4849871467993755e-003
6.0000000000000053e-003 2.9999999999999999e-002 4.0000000000000001e-003  1.5288799431708564e-003
6.0000000000000053e-003 3.3000000000000002e-002 4.0000000000000001e-003  1.5846279337773958e-003
6.0000000000000053e-003 3.6000000000000004e-002 4.0000000000000001e-003  1.6296335428070965e-003
6.0000000000000053e-003 3.9000000000000007e-002 4.0000000000000001e-003  1.6795872898001975e-003
6.0000000000000053e-003 4.2000000000000010e-002 4.0000000000000001e-003  1.7354272923025057e-003
6.0000000000000053e-003 4.4999999999999998e-002 4.0000000000000001e-003  1.7974321442814059e-003
9.0000000000000011e-003 -4.4999999999999998e-002 4.0000000000000001e-003  2.0526258397697917e-003
9.0000000000000011e-003 -4.1999999999999996e-002 4.0000000000000001e-003  1.9107023764690610e-003
9.0000000000000011e-003 -3.9000000000000000e-002 4.0000000000000001e-003  1.8254702803527137e-003
9.0000000000000011e-003 -3.5999999999999997e-002 4.0000000000000001e-003  1.7534124649138262e-003
9.0000000000000011e-003 -3.3000000000000002e-002 4.0000000000000001e-003  1.6961818967449968e-003
9.0000000000000011e-003 -2.9999999999999999e-002 4.0000000000000001e-003  1.6516699667865637e-003
9.0000000000000011e-003 -2.6999999999999996e-002 4.0000000000000001e-003  1.6059980043685834e-003
9.0000000000000011e-003 -2.3999999999999997e-002 4.0000000000000001e-003  1.5625164158073316e-003
9.0000000000000011e-003 -2.0999999999999998e-002 4.0000000000000001e-003  1.5396002337443747e-003
9.0000000000000011e-003 -1.7999999999999999e-002 4.0000000000000001e-003  1.5254849776151654e-003
9.0000000000000011e-003 -1.4999999999999999e-002 4.0000000000000001e-003  1.5079559920259148e-003
9.0000000000000011e-003 -1.1999999999999997e-002 4.0000000000000001e-003  1.4811305667809835e-003
9.0000000000000011e-003 -8.9999999999999941e-003 4.0000000000000001e-003  1.4593931853583793e-003
9.0000000000000011e-003 -5.9999999999999984e-003 4.0000000000000001e-003  1.4439292947245508e-003
9.0000000000000011e-003 -2.9999999999999957e-003 4.0000000000000001e-003  1.4344914629722809e-003
9.0000000000000011e-003 0.0000000000000000e+000 4.0000000000000001e-003  1.4294939910606146e-003
9.0000000000000011e-003 3.0000000000000027e-003 4.0000000000000001e-003  1.4255457442635094e-003
9.0000000000000011e-003 6.0000000000000053e-003 4.0000000000000001e-003  1.4228793189979667e-003
9.0000000000000011e-003 9.0000000000000011e-003 4.0000000000000001e-003  1.4238884595734528e-003
9.0000000000000011e-003 1.2000000000000004e-002 4.0000000000000001e-003  1.4260154318376534e-003
9.0000000000000011e-003 1.4999999999999999e-002 4.0000000000000001e-003  1.4292583196623735e-003
9.0000000000000011e-003 1.8000000000000002e-002 4.0000000000000001e-003  1.4336165575592451e-003
9.0000000000000011e-003 2.1000000000000005e-002 4.0000000000000001e-003  1.4419239598022912e-003
9.0000000000000011e-003 2.4000000000000007e-002 4.0000000000000001e-003  1.4663312504491501e-003
9.0000000000000011e-003 2.7000000000000010e-002 4.0000000000000001e-003  1.5010830803027389e-003
9.0000000000000011e-003 2.9999999999999999e-002 4.0000000000000001e-003  1.5337241322975997e-003
9.0000000000000011e-003 3.3000000000000002e-002 4.0000000000000001e-003  1.5714864194275090e-003
9.0000000000000011e-003 3.6000000000000004e-002 4.0000000000000001e-003  1.6145691069919344e-003
9.0000000000000011e-003 3.9000000000000007e-002 4.0000000000000001e-003  1.6631890770425841e-003
9.0000000000000011e-003 4.2000000000000010e-002 4.0000000000000001e-003  1.7204971270368694e-003
9.0000000000000011e-003 4.4999999999999998e-002 4.0000000000000001e-003  1.7855706770746403e-003
1.2000000000000004e-002 -4.4999999999999998e-002 4.0000000000000001e-003  2.0658600361163626e-003
1.2000000000000004e-002 -4.1999999999999996e-002 4.0000000000000001e-003  1.9238724765645210e-003
1.2000000000000004e-002 -3.9000000000000000e-002 4.0000000000000001e-003  1.8280233380872984e-003
1.2000000000000004e-002 -3.5999999999999997e-002 4.0000000000000001e-003  1.7648897882884620e-003
1.2000000000000004e-002 -3.3000000000000002e-002 4.0000000000000001e-003  1.7127163826500139e-003
1.2000000000000004e-002 -2.9999999999999999e-002 4.0000000000000001e-003  1.6688619307677678e-003
1.2000000000000004e-002 -2.6999999999999996e-002 4.0000000000000001e-003  1.6232772255966867e-003
1.2000000000000004e-002 -2.3999999999999997e-002 4.0000000000000001e-003  1.5903464973592450e-003
1.2000000000000004e-002 -2.0999999999999998e-002 4.0000000000000001e-003  1.5680532868094063e-003
1.2000000000000004e-002 -1.7999999999999999e-002 4.0000000000000001e-003  1.5460978344995181e-003
1.2000000000000004e-002 -1.4999999999999999e-002 4.0000000000000001e-003  1.5197811212141806e-003
1.2000000000000004e-002 -1.1999999999999997e-002 4.0000000000000001e-003  1.4968364245284726e-003
1.2000000000000004e-002 -8.9999999999999941e-003 4.0000000000000001e-003  1.4783349541337418e-003
1.2000000000000004e-002 -5.9999999999999984e-003 4.0000000000000001e-003  1.4642751498752673e-003
1.2000000000000004e-002 -2.9999999999999957e-003 4.0000000000000001e-003  1.4546555295575458e-003
1.2000000000000004e-002 0.0000000000000000e+000 4.0000000000000001e-003  1.4494746889442977e-003
1.2000000000000004e-002 3.0000000000000027e-003 4.0000000000000001e-003  1.4433947658275439e-003
1.2000000000000004e-002 6.0000000000000053e-003 4.0000000000000001e-003  1.4394066228425441e-003
1.2000000000000004e-002 9.0000000000000011e-003 4.0000000000000001e-003  1.4387532024641375e-003
1.2000000000000004e-002 1.2000000000000004e-002 4.0000000000000001e-003  1.4418095699620490e-003
1.2000000000000004e-002 1.4999999999999999e-002 4.0000000000000001e-003  1.4459794705536523e-003
1.2000000000000004e-002 1.8000000000000002e-002 4.0000000000000001e-003  1.4512633225747115e-003
1.2000000000000004e-002 2.1000000000000005e-002 4.0000000000000001e-003  1.4566502695839815e-003
1.2000000000000004e-002 2.4000000000000007e-002 4.0000000000000001e-003  1.4622785053648563e-003
1.2000000000000004e-002 2.7000000000000010e-002 4.0000000000000001e-003  1.4887102873139043e-003
1.2000000000000004e-002 2.9999999999999999e-002 4.0000000000000001e-003  1.5200949916312524e-003
1.2000000000000004e-002 3.3000000000000002e-002 4.0000000000000001e-003  1.5574182449849359e-003
1.2000000000000004e-002 3.6000000000000004e-002 4.0000000000000001e-003  1.6062425831947561e-003
1.2000000000000004e-002 3.9000000000000007e-002 4.0000000000000001e-003  1.6611060073466258e-003
1.2000000000000004e-002 4.2000000000000010e-002 4.0000000000000001e-003  1.7222260478928311e-003
1.2000000000000004e-002 4.4999999999999998e-002 4.0000000000000001e-003  1.7898581744600454e-003
1.4999999999999999e-002 -4.4999999999999998e-002 4.0000000000000001e-003  2.0789020490135555e-003
1.4999999999999999e-002 -4.1999999999999996e-002 4.0000000000000001e-003  1.9388783890034872e-003
1.4999999999999999e-002 -3.9000000000000000e-002 4.0000000000000001e-003  1.8345654586484047e-003
1.4999999999999999e-002 -3.5999999999999997e-002 4.0000000000000001e-003  1.7744076413984441e-003
1.4999999999999999e-002 -3.3000000000000002e-002 4.0000000000000001e-003  1.7302191121873743e-003
1.4999999999999999e-002 -2.9999999999999999e-002 4.0000000000000001e-003  1.6856578765869613e-003
1.4999999999999999e-002 -2.6999999999999996e-002 4.0000000000000001e-003  1.6401645925693739e-003
1.4999999999999999e-002 -2.3999999999999997e-002 4.0000000000000001e-003  1.6180126150256960e-003
1.4999999999999999e-002 -2.0999999999999998e-002 4.0000000000000001e-003  1.5963409870044601e-003
1.4999999999999999e-002 -1.7999999999999999e-002 4.0000000000000001e-003  1.5744292643885469e-003
1.4999999999999999e-002 -1.4999999999999999e-002 4.0000000000000001e-003  1.5446405477343547e-003
1.4999999999999999e-002 -1.1999999999999997e-002 4.0000000000000001e-003  1.5187478312050553e-003
1.4999999999999999e-002 -8.9999999999999941e-003 4.0000000000000001e-003  1.5000710900953086e-003
1.4999999999999999e-002 -5.9999999999999984e-003 4.0000000000000001e-003  1.4858344838136672e-003
1.4999999999999999e-002 -2.9999999999999957e-003 4.0000000000000001e-003  1.4760366899860607e-003
1.4999999999999999e-002 0.0000000000000000e+000 4.0000000000000001e-003  1.4695892960474642e-003
1.4999999999999999e-002 3.0000000000000027e-003 4.0000000000000001e-003  1.4627756132646055e-003
1.4999999999999999e-002 6.0000000000000053e-003 4.0000000000000001e-003  1.4587468535736696e-003
1.4999999999999999e-002 9.0000000000000011e-003 4.0000000000000001e-003  1.4575021292499413e-003
1.4999999999999999e-002 1.2000000000000004e-002 4.0000000000000001e-003  1.4591295896441870e-003
1.4999999999999999e-002 1.4999999999999999e-002 4.0000000000000001e-003  1.4642260644547472e-003
1.4999999999999999e-002 1.8000000000000002e-002 4.0000000000000001e-003  1.4696611108971664e-003
1.4999999999999999e-002 2.1000000000000005e-002 4.0000000000000001e-003  1.4694816617749162e-003
1.4999999999999999e-002 2.4000000000000007e-002 4.0000000000000001e-003  1.4730436781489830e-003
1.4999999999999999e-002 2.7000000000000010e-002 4.0000000000000001e-003  1.4833056146136417e-003
1.4999999999999999e-002 2.9999999999999999e-002 4.0000000000000001e-003  1.5208214573877795e-003
1.4999999999999999e-002 3.3000000000000002e-002 4.0000000000000001e-003  1.5666378512927904e-003
1.4999999999999999e-002 3.6000000000000004e-002 4.0000000000000001e-003  1.6182654969575513e-003
1.4999999999999999e-002 3.9000000000000007e-002 4.0000000000000001e-003  1.6758546783414670e-003
1.4999999999999999e-002 4.2000000000000010e-002 4.0000000000000001e-003  1.7395936185783244e-003
1.4999999999999999e-002 4.4999999999999998e-002 4.0000000000000001e-003  1.8097084799763119e-003
1.8000000000000002e-002 -4.4999999999999998e-002 4.0000000000000001e-003  2.0917504211610473e-003
1.8000000000000002e-002 -4.1999999999999996e-002 4.0000000000000001e-003  1.9537023190091588e-003
1.8000000000000002e-002 -3.9000000000000000e-002 4.0000000000000001e-003  1.8512564803120173e-003
1.8000000000000002e-002 -3.5999999999999997e-002 4.0000000000000001e-003  1.7845107598589780e-003
1.8000000000000002e-002 -3.3000000000000002e-002 4.0000000000000001e-003  1.7456779404342794e-003
1.8000000000000002e-002 -2.9999999999999999e-002 4.0000000000000001e-003  1.7020688020318929e-003
1.8000000000000002e-002 -2.6999999999999996e-002 4.0000000000000001e-003  1.6668962974460920e-003
1.8000000000000002e-002 -2.3999999999999997e-002 4.0000000000000001e-003  1.6455103803473070e-003
1.8000000000000002e-002 -2.0999999999999998e-002 4.0000000000000001e-003  1.6244600291176695e-003
1.8000000000000002e-002 -1.7999999999999999e-002 4.0000000000000001e-003  1.5985041285662240e-003
1.8000000000000002e-002 -1.4999999999999999e-002 4.0000000000000001e-003  1.5697521826477739e-003
1.8000000000000002e-002 -1.1999999999999997e-002 4.0000000000000001e-003  1.5445825636888726e-003
1.8000000000000002e-002 -8.9999999999999941e-003 4.0000000000000001e-003  1.5230149772404865e-003
1.8000000000000002e-002 -5.9999999999999984e-003 4.0000000000000001e-003  1.5086044524134212e-003
1.8000000000000002e-002 -2.9999999999999957e-003 4.0000000000000001e-003  1.4986317370245061e-003
1.8000000000000002e-002 0.0000000000000000e+000 4.0000000000000001e-003  1.4905312788945412e-003
1.8000000000000002e-002 3.0000000000000027e-003 4.0000000000000001e-003  1.4836801254834598e-003
1.8000000000000002e-002 6.0000000000000053e-003 4.0000000000000001e-003  1.4796098924822359e-003
1.8000000000000002e-002 9.0000000000000011e-003 4.0000000000000001e-003  1.4783204997149784e-003
1.8000000000000002e-002 1.2000000000000004e-002 4.0000000000000001e-003  1.4798126959426378e-003
1.8000000000000002e-002 1.4999999999999999e-002 4.0000000000000001e-003  1.4825227920885764e-003
1.8000000000000002e-002 1.8000000000000002e-002 4.0000000000000001e-003  1.4868765035181645e-003
1.8000000000000002e-002 2.1000000000000005e-002 4.0000000000000001e-003  1.4902880349941694e-003
1.8000000000000002e-002 2.4000000000000007e-002 4.0000000000000001e-003  1.4986179275638001e-003
1.8000000000000002e-002 2.7000000000000010e-002 4.0000000000000001e-003  1.5175612564101442e-003
1.8000000000000002e-002 2.9999999999999999e-002 4.0000000000000001e-003  1.5458272877331206e-003
1.8000000000000002e-002 3.3000000000000002e-002 4.0000000000000001e-003  1.5803171016121570e-003
1.8000000000000002e-002 3.6000000000000004e-002 4.0000000000000001e-003  1.6424559113969489e-003
1.8000000000000002e-002 3.9000000000000007e-002 4.0000000000000001e-003  1.7090020276563430e-003
1.8000000000000002e-002 4.2000000000000010e-002 4.0000000000000001e-003  1.7727110574701722e-003
1.8000000000000002e-002 4.4999999999999998e-002 4.0000000000000001e-003  1.8453025723871527e-003
2.1000000000000005e-002 -4.4999999999999998e-002 4.0000000000000001e-003  2.1044124040453800e-003
2.1000000000000005e-002 -4.1999999999999996e-002 4.0000000000000001e-003  1.9683450857317288e-003
2.1000000000000005e-002 -3.9000000000000000e-002 4.0000000000000001e-003  1.8677780580467959e-003
2.1000000000000005e-002 -3.5999999999999997e-002 4.0000000000000001e-003  1.7994476261419450e-003
2.1000000000000005e-002 -3.3000000000000002e-002 4.0000000000000001e-003  1.7595762102899000e-003
2.1000000000000005e-002 -2.9999999999999999e-002 4.0000000000000001e-003  1.7181060903369398e-003
2.1000000000000005e-002 -2.6999999999999996e-002 4.0000000000000001e-003  1.6936057033627664e-003
2.1000000000000005e-002 -2.3999999999999997e-002 4.0000000000000001e-003  1.6728413380405914e-003
2.1000000000000005e-002 -2.0999999999999998e-002 4.0000000000000001e-003  1.6524130411130456e-003
2.1000000000000005e-002 -1.7999999999999999e-002 4.0000000000000001e-003  1.6221690417471694e-003
2.1000000000000005e-002 -1.4999999999999999e-002 4.0000000000000001e-003  1.5944520042802460e-003
2.1000000000000005e-002 -1.1999999999999997e-002 4.0000000000000001e-003  1.5703161121865847e-003
2.1000000000000005e-002 -8.9999999999999941e-003 4.0000000000000001e-003  1.5497673535570587e-003
2.1000000000000005e-002 -5.9999999999999984e-003 4.0000000000000001e-003  1.5328126416898568e-003
2.1000000000000005e-002 -2.9999999999999957e-003 4.0000000000000001e-003  1.5224376994281052e-003
2.1000000000000005e-002 0.0000000000000000e+000 4.0000000000000001e-003  1.5129911422608556e-003
2.1000000000000005e-002 3.0000000000000027e-003 4.0000000000000001e-003  1.5061012499965293e-003
2.1000000000000005e-002 6.0000000000000053e-003 4.0000000000000001e-003  1.4968546885774420e-003
2.1000000000000005e-002 9.0000000000000011e-003 4.0000000000000001e-003  1.4896177526177324e-003
2.1000000000000005e-002 1.2000000000000004e-002 4.0000000000000001e-003  1.4860082080054185e-003
2.1000000000000005e-002 1.4999999999999999e-002 4.0000000000000001e-003  1.4987584288738407e-003
2.1000000000000005e-002 1.8000000000000002e-002 4.0000000000000001e-003  1.5073535429353546e-003
2.1000000000000005e-002 2.1000000000000005e-002 4.0000000000000001e-003  1.5109636553878969e-003
2.1000000000000005e-002 2.4000000000000007e-002 4.0000000000000001e-003  1.5268716165869559e-003
2.1000000000000005e-002 2.7000000000000010e-002 4.0000000000000001e-003  1.5476706186092835e-003
2.1000000000000005e-002 2.9999999999999999e-002 4.0000000000000001e-003  1.5760456085439074e-003
2.1000000000000005e-002 3.3000000000000002e-002 4.0000000000000001e-003  1.6140058836928146e-003
2.1000000000000005e-002 3.6000000000000004e-002 4.0000000000000001e-003  1.6625920051344320e-003
2.1000000000000005e-002 3.9000000000000007e-002 4.0000000000000001e-003  1.7169381942856838e-003
2.1000000000000005e-002 4.2000000000000010e-002 4.0000000000000001e-003  1.7897112640412672e-003
2.1000000000000005e-002 4.4999999999999998e-002 4.0000000000000001e-003  1.9109093111305978e-003
2.4000000000000007e-002 -4.4999999999999998e-002 4.0000000000000001e-003  2.1338619242676762e-003
2.4000000000000007e-002 -4.1999999999999996e-002 4.0000000000000001e-003  2.0025161445565189e-003
2.4000000000000007e-002 -3.9000000000000000e-002 4.0000000000000001e-003  1.9027376920829210e-003
2.4000000000000007e-002 -3.5999999999999997e-002 4.0000000000000001e-003  1.8313420307632493e-003
2.4000000000000007e-002 -3.3000000000000002e-002 4.0000000000000001e-003  1.7834187450030327e-003
2.4000000000000007e-002 -2.9999999999999999e-002 4.0000000000000001e-003  1.7405839026023019e-003
2.4000000000000007e-002 -2.6999999999999996e-002 4.0000000000000001e-003  1.7198720039229526e-003
2.4000000000000007e-002 -2.3999999999999997e-002 4.0000000000000001e-003  1.6995615106060341e-003
2.4000000000000007e-002 -2.0999999999999998e-002 4.0000000000000001e-003  1.6775827891966552e-003
2.4000000000000007e-002 -1.7999999999999999e-002 4.0000000000000001e-003  1.6472144243795258e-003
2.4000000000000007e-002 -1.4999999999999999e-002 4.0000000000000001e-003  1.6203442304125550e-003
2.4000000000000007e-002 -1.1999999999999997e-002 4.0000000000000001e-003  1.5969778838109613e-003
2.4000000000000007e-002 -8.9999999999999941e-003 4.0000000000000001e-003  1.5771221875411972e-003
2.4000000000000007e-002 -5.9999999999999984e-003 4.0000000000000001e-003  1.5607850710209292e-003
2.4000000000000007e-002 -2.9999999999999957e-003 4.0000000000000001e-003  1.5398681845799078e-003
2.4000000000000007e-002 0.0000000000000000e+000 4.0000000000000001e-003  1.5259790983706346e-003
2.4000000000000007e-002 3.0000000000000027e-003 4.0000000000000001e-003  1.5155972694508128e-003
2.4000000000000007e-002 6.0000000000000053e-003 4.0000000000000001e-003  1.5088372091538868e-003
2.4000000000000007e-002 9.0000000000000011e-003 4.0000000000000001e-003  1.5056998248515736e-003
2.4000000000000007e-002 1.2000000000000004e-002 4.0000000000000001e-003  1.5061858429412150e-003
2.4000000000000007e-002 1.4999999999999999e-002 4.0000000000000001e-003  1.5310235481597338e-003
2.4000000000000007e-002 1.8000000000000002e-002 4.0000000000000001e-003  1.5375694463121265e-003
2.4000000000000007e-002 2.1000000000000005e-002 4.0000000000000001e-003  1.5362899888010750e-003
2.4000000000000007e-002 2.4000000000000007e-002 4.0000000000000001e-003  1.5446315585199944e-003
2.4000000000000007e-002 2.7000000000000010e-002 4.0000000000000001e-003  1.5672466743096919e-003
2.4000000000000007e-002 2.9999999999999999e-002 4.0000000000000001e-003  1.6055129674683751e-003
2.4000000000000007e-002 3.3000000000000002e-002 4.0000000000000001e-003  1.6407706267995712e-003
2.4000000000000007e-002 3.6000000000000004e-002 4.0000000000000001e-003  1.6856354494751108e-003
2.4000000000000007e-002 3.9000000000000007e-002 4.0000000000000001e-003  1.7420252091126238e-003
2.4000000000000007e-002 4.2000000000000010e-002 4.0000000000000001e-003  1.8130003566338843e-003
2.4000000000000007e-002 4.4999999999999998e-002 4.0000000000000001e-003  1.8988925852383928e-003
2.7000000000000010e-002 -4.4999999999999998e-002 4.0000000000000001e-003  2.1895391668982390e-003
2.7000000000000010e-002 -4.1999999999999996e-002 4.0000000000000001e-003  2.0585673323480322e-003
2.7000000000000010e-002 -3.9000000000000000e-002 4.0000000000000001e-003  1.9535600351861583e-003
2.7000000000000010e-002 -3.5999999999999997e-002 4.0000000000000001e-003  1.8721024568466691e-003
2.7000000000000010e-002 -3.3000000000000002e-002 4.0000000000000001e-003  1.8146178917967924e-003
2.7000000000000010e-002 -2.9999999999999999e-002 4.0000000000000001e-003  1.7795111989632236e-003
2.7000000000000010e-002 -2.6999999999999996e-002 4.0000000000000001e-003  1.7500307342442807e-003
2.7000000000000010e-002 -2.3999999999999997e-002 4.0000000000000001e-003  1.7291566051789897e-003
2.7000000000000010e-002 -2.0999999999999998e-002 4.0000000000000001e-003  1.7086855492022442e-003
2.7000000000000010e-002 -1.7999999999999999e-002 4.0000000000000001e-003  1.6832425206129704e-003
2.7000000000000010e-002 -1.4999999999999999e-002 4.0000000000000001e-003  1.6557668596196421e-003
2.7000000000000010e-002 -1.1999999999999997e-002 4.0000000000000001e-003  1.6318087145863766e-003
2.7000000000000010e-002 -8.9999999999999941e-003 4.0000000000000001e-003  1.6113766905366032e-003
2.7000000000000010e-002 -5.9999999999999984e-003 4.0000000000000001e-003  1.5724707456651148e-003
2.7000000000000010e-002 -2.9999999999999957e-003 4.0000000000000001e-003  1.5542282282533951e-003
2.7000000000000010e-002 0.0000000000000000e+000 4.0000000000000001e-003  1.5499660623617653e-003
2.7000000000000010e-002 3.0000000000000027e-003 4.0000000000000001e-003  1.5436976606758239e-003
2.7000000000000010e-002 6.0000000000000053e-003 4.0000000000000001e-003  1.5410499690386723e-003
2.7000000000000010e-002 9.0000000000000011e-003 4.0000000000000001e-003  1.5420236304551414e-003
2.7000000000000010e-002 1.2000000000000004e-002 4.0000000000000001e-003  1.5562943008855428e-003
2.7000000000000010e-002 1.4999999999999999e-002 4.0000000000000001e-003  1.5794890134068068e-003
2.7000000000000010e-002 1.8000000000000002e-002 4.0000000000000001e-003  1.5808642054313182e-003
2.7000000000000010e-002 2.1000000000000005e-002 4.0000000000000001e-003  1.5745135345713221e-003
2.7000000000000010e-002 2.4000000000000007e-002 4.0000000000000001e-003  1.5753803984637784e-003
2.7000000000000010e-002 2.7000000000000010e-002 4.0000000000000001e-003  1.5923940781353871e-003
2.7000000000000010e-002 2.9999999999999999e-002 4.0000000000000001e-003  1.6282391675804188e-003
2.7000000000000010e-002 3.3000000000000002e-002 4.0000000000000001e-003  1.6773735057787956e-003
2.7000000000000010e-002 3.6000000000000004e-002 4.0000000000000001e-003  1.7214128611951825e-003
2.7000000000000010e-002 3.9000000000000007e-002 4.0000000000000001e-003  1.7760702876417362e-003
2.7000000000000010e-002 4.2000000000000010e-002 4.0000000000000001e-003  1.8427826957590123e-003
2.7000000000000010e-002 4.4999999999999998e-002 4.0000000000000001e-003  1.9232649190977489e-003
2.9999999999999999e-002 -4.4999999999999998e-002 4.0000000000000001e-003  2.2375205754138327e-003
2.9999999999999999e-002 -4.1999999999999996e-002 4.0000000000000001e-003  2.1126755973038779e-003
2.9999999999999999e-002 -3.9000000000000000e-002 4.0000000000000001e-003  2.0126297871414160e-003
2.9999999999999999e-002 -3.5999999999999997e-002 4.0000000000000001e-003  1.9350625421617302e-003
2.9999999999999999e-002 -3.3000000000000002e-002 4.0000000000000001e-003  1.8666969298026714e-003
2.9999999999999999e-002 -2.9999999999999999e-002 4.0000000000000001e-003  1.8210363480878414e-003
2.9999999999999999e-002 -2.6999999999999996e-002 4.0000000000000001e-003  1.7904160459266041e-003
2.9999999999999999e-002 -2.3999999999999997e-002 4.0000000000000001e-003  1.7667490389153670e-003
2.9999999999999999e-002 -2.0999999999999998e-002 4.0000000000000001e-003  1.7457283341406713e-003
2.9999999999999999e-002 -1.7999999999999999e-002 4.0000000000000001e-003  1.7251218575796753e-003
2.9999999999999999e-002 -1.4999999999999999e-002 4.0000000000000001e-003  1.6980497180029480e-003
2.9999999999999999e-002 -1.1999999999999997e-002 4.0000000000000001e-003  1.6729169558819667e-003
2.9999999999999999e-002 -8.9999999999999941e-003 4.0000000000000001e-003  1.6413824946880447e-003
2.9999999999999999e-002 -5.9999999999999984e-003 4.0000000000000001e-003  1.6024214730755370e-003
2.9999999999999999e-002 -2.9999999999999957e-003 4.0000000000000001e-003  1.5968236183437736e-003
2.9999999999999999e-002 0.0000000000000000e+000 4.0000000000000001e-003  1.5939021897928673e-003
2.9999999999999999e-002 3.0000000000000027e-003 4.0000000000000001e-003  1.5921287537326509e-003
2.9999999999999999e-002 6.0000000000000053e-003 4.0000000000000001e-003  1.5936162316240391e-003
2.9999999999999999e-002 9.0000000000000011e-003 4.0000000000000001e-003  1.5987261412756068e-003
2.9999999999999999e-002 1.2000000000000004e-002 4.0000000000000001e-003  1.6271760640928666e-003
2.9999999999999999e-002 1.4999999999999999e-002 4.0000000000000001e-003  1.6443299821937475e-003
2.9999999999999999e-002 1.8000000000000002e-002 4.0000000000000001e-003  1.6400725019422254e-003
2.9999999999999999e-002 2.1000000000000005e-002 4.0000000000000001e-003  1.6262963867318206e-003
2.9999999999999999e-002 2.4000000000000007e-002 4.0000000000000001e-003  1.6198228930859599e-003
2.9999999999999999e-002 2.7000000000000010e-002 4.0000000000000001e-003  1.6320303065212717e-003
2.9999999999999999e-002 2.9999999999999999e-002 4.0000000000000001e-003  1.6626224889512732e-003
2.9999999999999999e-002 3.3000000000000002e-002 4.0000000000000001e-003  1.7205336025126491e-003
2.9999999999999999e-002 3.6000000000000004e-002 4.0000000000000001e-003  1.7606513746862948e-003
2.9999999999999999e-002 3.9000000000000007e-002 4.0000000000000001e-003  1.8088374823930985e-003
2.9999999999999999e-002 4.2000000000000010e-002 4.0000000000000001e-003  1.8707584317528394e-003
2.9999999999999999e-002 4.4999999999999998e-002 4.0000000000000001e-003  1.9477369346600848e-003
3.3000000000000002e-002 -4.4999999999999998e-002 4.0000000000000001e-003  2.2894675231641360e-003
3.3000000000000002e-002 -4.1999999999999996e-002 4.0000000000000001e-003  2.1604549851081643e-003
3.3000000000000002e-002 -3.9000000000000000e-002 4.0000000000000001e-003  2.0648194446629101e-003
3.3000000000000002e-002 -3.5999999999999997e-002 4.0000000000000001e-003  1.9904835675778384e-003
3.3000000000000002e-002 -3.3000000000000002e-002 4.0000000000000001e-003  1.9255851749633238e-003
3.3000000000000002e-002 -2.9999999999999999e-002 4.0000000000000001e-003  1.8667414340221200e-003
3.3000000000000002e-002 -2.6999999999999996e-002 4.0000000000000001e-003  1.8379801281396576e-003
3.3000000000000002e-002 -2.3999999999999997e-002 4.0000000000000001e-003  1.8123343027902786e-003
3.3000000000000002e-002 -2.0999999999999998e-002 4.0000000000000001e-003  1.7907830229247342e-003
3.3000000000000002e-002 -1.7999999999999999e-002 4.0000000000000001e-003  1.7696575166806978e-003
3.3000000000000002e-002 -1.4999999999999999e-002 4.0000000000000001e-003  1.7523287280974923e-003
3.3000000000000002e-002 -1.1999999999999997e-002 4.0000000000000001e-003  1.7309178161338554e-003
3.3000000000000002e-002 -8.9999999999999941e-003 4.0000000000000001e-003  1.7017522073489212e-003
3.3000000000000002e-002 -5.9999999999999984e-003 4.0000000000000001e-003  1.6758431079580273e-003
3.3000000000000002e-002 -2.9999999999999957e-003 4.0000000000000001e-003  1.6678739044092418e-003
3.3000000000000002e-002 0.0000000000000000e+000 4.0000000000000001e-003  1.6624635609343314e-003
3.3000000000000002e-002 3.0000000000000027e-003 4.0000000000000001e-003  1.6610403715811165e-003
3.3000000000000002e-002 6.0000000000000053e-003 4.0000000000000001e-003  1.6666995283247383e-003
3.3000000000000002e-002 9.0000000000000011e-003 4.0000000000000001e-003  1.6815683578230158e-003
3.3000000000000002e-002 1.2000000000000004e-002 4.0000000000000001e-003  1.7144428285834688e-003
3.3000000000000002e-002 1.4999999999999999e-002 4.0000000000000001e-003  1.7257259062173473e-003
3.3000000000000002e-002 1.8000000000000002e-002 4.0000000000000001e-003  1.7160360049343893e-003
3.3000000000000002e-002 2.1000000000000005e-002 4.0000000000000001e-003  1.6923622461714478e-003
3.3000000000000002e-002 2.4000000000000007e-002 4.0000000000000001e-003  1.6787257978184789e-003
3.3000000000000002e-002 2.7000000000000010e-002 4.0000000000000001e-003  1.6868376690857888e-003
3.3000000000000002e-002 2.9999999999999999e-002 4.0000000000000001e-003  1.7222109127056002e-003
3.3000000000000002e-002 3.3000000000000002e-002 4.0000000000000001e-003  1.7486606740357768e-003
3.3000000000000002e-002 3.6000000000000004e-002 4.0000000000000001e-003  1.7760347293505458e-003
3.3000000000000002e-002 3.9000000000000007e-002 4.0000000000000001e-003  1.8318249570615159e-003
3.3000000000000002e-002 4.2000000000000010e-002 4.0000000000000001e-003  1.9005946900773588e-003
3.3000000000000002e-002 4.4999999999999998e-002 4.0000000000000001e-003  1.9834742681321235e-003
3.6000000000000004e-002 -4.4999999999999998e-002 4.0000000000000001e-003  2.3514951484103186e-003
3.6000000000000004e-002 -4.1999999999999996e-002 4.0000000000000001e-003  2.2015841526260411e-003
3.6000000000000004e-002 -3.9000000000000000e-002 4.0000000000000001e-003  2.1112647554632239e-003
3.6000000000000004e-002 -3.5999999999999997e-002 4.0000000000000001e-003  2.0446637189002496e-003
3.6000000000000004e-002 -3.3000000000000002e-002 4.0000000000000001e-003  1.9839772843064187e-003
3.6000000000000004e-002 -2.9999999999999999e-002 4.0000000000000001e-003  1.9293063973217918e-003
3.6000000000000004e-002 -2.6999999999999996e-002 4.0000000000000001e-003  1.8878849411405037e-003
3.6000000000000004e-002 -2.3999999999999997e-002 4.0000000000000001e-003  1.8710568452541424e-003
3.6000000000000004e-002 -2.0999999999999998e-002 4.0000000000000001e-003  1.8340270118698460e-003
3.6000000000000004e-002 -1.7999999999999999e-002 4.0000000000000001e-003  1.8367814123080306e-003
3.6000000000000004e-002 -1.4999999999999999e-002 4.0000000000000001e-003  1.8366005703388530e-003
3.6000000000000004e-002 -1.1999999999999997e-002 4.0000000000000001e-003  1.8221280972416406e-003
3.6000000000000004e-002 -8.9999999999999941e-003 4.0000000000000001e-003  1.7954574390806133e-003
3.6000000000000004e-002 -5.9999999999999984e-003 4.0000000000000001e-003  1.7779240057277147e-003
3.6000000000000004e-002 -2.9999999999999957e-003 4.0000000000000001e-003  1.7676523830791790e-003
3.6000000000000004e-002 0.0000000000000000e+000 4.0000000000000001e-003  1.7598189944469562e-003
3.6000000000000004e-002 3.0000000000000027e-003 4.0000000000000001e-003  1.7544227083277396e-003
3.6000000000000004e-002 6.0000000000000053e-003 4.0000000000000001e-003  1.7605036585780407e-003
3.6000000000000004e-002 9.0000000000000011e-003 4.0000000000000001e-003  1.7914397625419542e-003
3.6000000000000004e-002 1.2000000000000004e-002 4.0000000000000001e-003  1.8182775708376802e-003
3.6000000000000004e-002 1.4999999999999999e-002 4.0000000000000001e-003  1.8238605312924970e-003
3.6000000000000004e-002 1.8000000000000002e-002 4.0000000000000001e-003  1.8089392295572728e-003
3.6000000000000004e-002 2.1000000000000005e-002 4.0000000000000001e-003  1.7749977869564316e-003
3.6000000000000004e-002 2.4000000000000007e-002 4.0000000000000001e-003  1.7546146535144960e-003
3.6000000000000004e-002 2.7000000000000010e-002 4.0000000000000001e-003  1.7576966721088282e-003
3.6000000000000004e-002 2.9999999999999999e-002 4.0000000000000001e-003  1.7980957746089924e-003
3.6000000000000004e-002 3.3000000000000002e-002 4.0000000000000001e-003  1.8244571049515464e-003
3.6000000000000004e-002 3.6000000000000004e-002 4.0000000000000001e-003  1.8284232383614426e-003
3.6000000000000004e-002 3.9000000000000007e-002 4.0000000000000001e-003  1.8833547867793811e-003
3.6000000000000004e-002 4.2000000000000010e-002 4.0000000000000001e-003  1.9587609013238796e-003
3.6000000000000004e-002 4.4999999999999998e-002 4.0000000000000001e-003  2.0403905382075007e-003
3.9000000000000007e-002 -4.4999999999999998e-002 4.0000000000000001e-003  2.4215529421842204e-003
3.9000000000000007e-002 -4.1999999999999996e-002 4.0000000000000001e-003  2.2714920109230311e-003
3.9000000000000007e-002 -3.9000000000000000e-002 4.0000000000000001e-003  2.2043292083997875e-003
3.9000000000000007e-002 -3.5999999999999997e-002 4.0000000000000001e-003  2.1536767971630294e-003
3.9000000000000007e-002 -3.3000000000000002e-002 4.0000000000000001e-003  2.1015254238436281e-003
3.9000000000000007e-002 -2.9999999999999999e-002 4.0000000000000001e-003  2.0342756074702355e-003
3.9000000000000007e-002 -2.6999999999999996e-002 4.0000000000000001e-003  1.9691773030103155e-003
3.9000000000000007e-002 -2.3999999999999997e-002 4.0000000000000001e-003  1.9394227389249177e-003
3.9000000000000007e-002 -2.0999999999999998e-002 4.0000000000000001e-003  1.9293124947602691e-003
3.9000000000000007e-002 -1.7999999999999999e-002 4.0000000000000001e-003  1.9368160966556499e-003
3.9000000000000007e-002 -1.4999999999999999e-002 4.0000000000000001e-003  1.9356958064916457e-003
3.9000000000000007e-002 -1.1999999999999997e-002 4.0000000000000001e-003  1.9811934930908342e-003
3.9000000000000007e-002 -8.9999999999999941e-003 4.0000000000000001e-003  1.9238769866517448e-003
3.9000000000000007e-002 -5.9999999999999984e-003 4.0000000000000001e-003  1.9089729960222687e-003
3.9000000000000007e-002 -2.9999999999999957e-003 4.0000000000000001e-003  1.8964860980541158e-003
3.9000000000000007e-002 0.0000000000000000e+000 4.0000000000000001e-003  1.8863137480941425e-003
3.9000000000000007e-002 3.0000000000000027e-003 4.0000000000000001e-003  1.8784268529504114e-003
3.9000000000000007e-002 6.0000000000000053e-003 4.0000000000000001e-003  1.8759456524468992e-003
3.9000000000000007e-002 9.0000000000000011e-003 4.0000000000000001e-003  1.9179252202916595e-003
3.9000000000000007e-002 1.2000000000000004e-002 4.0000000000000001e-003  1.9388675614539482e-003
3.9000000000000007e-002 1.4999999999999999e-002 4.0000000000000001e-003  1.9389218973522100e-003
3.9000000000000007e-002 1.8000000000000002e-002 4.0000000000000001e-003  1.9189709850784573e-003
3.9000000000000007e-002 2.1000000000000005e-002 4.0000000000000001e-003  1.8806311173982422e-003
3.9000000000000007e-002 2.4000000000000007e-002 4.0000000000000001e-003  1.8464525852293862e-003
3.9000000000000007e-002 2.7000000000000010e-002 4.0000000000000001e-003  1.8455537548731423e-003
3.9000000000000007e-002 2.9999999999999999e-002 4.0000000000000001e-003  1.8912458112170963e-003
3.9000000000000007e-002 3.3000000000000002e-002 4.0000000000000001e-003  1.9224897301819152e-003
3.9000000000000007e-002 3.6000000000000004e-002 4.0000000000000001e-003  1.9402330453060204e-003
3.9000000000000007e-002 3.9000000000000007e-002 4.0000000000000001e-003  1.9606174061789824e-003
3.9000000000000007e-002 4.2000000000000010e-002 4.0000000000000001e-003  2.0293732819412959e-003
3.9000000000000007e-002 4.4999999999999998e-002 4.0000000000000001e-003  2.1030584547950008e-003
4.2000000000000010e-002 -4.4999999999999998e-002 4.0000000000000001e-003  2.5342577634818067e-003
4.2000000000000010e-002 -4.1999999999999996e-002 4.0000000000000001e-003  2.4389578505562494e-003
4.2000000000000010e-002 -3.9000000000000000e-002 4.0000000000000001e-003  2.3630024911784988e-003
4.2000000000000010e-002 -3.5999999999999997e-002 4.0000000000000001e-003  2.2795660065423515e-003
4.2000000000000010e-002 -3.3000000000000002e-002 4.0000000000000001e-003  2.1922592857197575e-003
4.2000000000000010e-002 -2.9999999999999999e-002 4.0000000000000001e-003  2.1181235323419218e-003
4.2000000000000010e-002 -2.6999999999999996e-002 4.0000000000000001e-003  2.0657437015527947e-003
4.2000000000000010e-002 -2.3999999999999997e-002 4.0000000000000001e-003  2.0334156856342922e-003
4.2000000000000010e-002 -2.0999999999999998e-002 4.0000000000000001e-003  2.0259198092171097e-003
4.2000000000000010e-002 -1.7999999999999999e-002 4.0000000000000001e-003  2.0478773728925983e-003
4.2000000000000010e-002 -1.4999999999999999e-002 4.0000000000000001e-003  2.0597681234022151e-003
4.2000000000000010e-002 -1.1999999999999997e-002 4.0000000000000001e-003  2.1264493418765907e-003
4.2000000000000010e-002 -8.9999999999999941e-003 4.0000000000000001e-003  2.1589530013809508e-003
4.2000000000000010e-002 -5.9999999999999984e-003 4.0000000000000001e-003  2.1500854756283877e-003
4.2000000000000010e-002 -2.9999999999999957e-003 4.0000000000000001e-003  2.1433544803967633e-003
4.2000000000000010e-002 0.0000000000000000e+000 4.0000000000000001e-003  2.1391512946323946e-003
4.2000000000000010e-002 3.0000000000000027e-003 4.0000000000000001e-003  2.1331203080028022e-003
4.2000000000000010e-002 6.0000000000000053e-003 4.0000000000000001e-003  2.1220659867166097e-003
4.2000000000000010e-002 9.0000000000000011e-003 4.0000000000000001e-003  2.1060628931182032e-003
4.2000000000000010e-002 1.2000000000000004e-002 4.0000000000000001e-003  2.0851901383965483e-003
4.2000000000000010e-002 1.4999999999999999e-002 4.0000000000000001e-003  2.0711023384476154e-003
4.2000000000000010e-002 1.8000000000000002e-002 4.0000000000000001e-003  2.0463243748836371e-003
4.2000000000000010e-002 2.1000000000000005e-002 4.0000000000000001e-003  2.0038189386635710e-003
4.2000000000000010e-002 2.4000000000000007e-002 4.0000000000000001e-003  1.9550475933760442e-003
4.2000000000000010e-002 2.7000000000000010e-002 4.0000000000000001e-003  1.9514212896643618e-003
4.2000000000000010e-002 2.9999999999999999e-002 4.0000000000000001e-003  2.0026956920884526e-003
4.2000000000000010e-002 3.3000000000000002e-002 4.0000000000000001e-003  2.0391369631784667e-003
4.2000000000000010e-002 3.6000000000000004e-002 4.0000000000000001e-003  2.0610578493946252e-003
4.2000000000000010e-002 3.9000000000000007e-002 4.0000000000000001e-003  2.0588100123916622e-003
4.2000000000000010e-002 4.2000000000000010e-002 4.0000000000000001e-003  2.1052844987421888e-003
4.2000000000000010e-002 4.4999999999999998e-002 4.0000000000000001e-003  2.1712932457600997e-003
4.4999999999999998e-002 -4.4999999999999998e-002 4.0000000000000001e-003  2.6921784289619206e-003
4.4999999999999998e-002 -4.1999999999999996e-002 4.0000000000000001e-003  2.5632789903067940e-003
4.4999999999999998e-002 -3.9000000000000000e-002 4.0000000000000001e-003  2.4491499841400163e-003
4.4999999999999998e-002 -3.5999999999999997e-002 4.0000000000000001e-003  2.3735952656261067e-003
4.4999999999999998e-002 -3.3000000000000002e-002 4.0000000000000001e-003  2.3275881780863120e-003
4.4999999999999998e-002 -2.9999999999999999e-002 4.0000000000000001e-003  2.2867826054422213e-003
4.4999999999999998e-002 -2.6999999999999996e-002 4.0000000000000001e-003  2.2508729786289653e-003
4.4999999999999998e-002 -2.3999999999999997e-002 4.0000000000000001e-003  2.2196246619442055e-003
4.4999999999999998e-002 -2.0999999999999998e-002 4.0000000000000001e-003  2.1928739530481097e-003
4.4999999999999998e-002 -1.7999999999999999e-002 4.0000000000000001e-003  2.1705280829633837e-003
4.4999999999999998e-002 -1.4999999999999999e-002 4.0000000000000001e-003  2.2010761901820660e-003
4.4999999999999998e-002 -1.1999999999999997e-002 4.0000000000000001e-003  2.2530598858558539e-003
4.4999999999999998e-002 -8.9999999999999941e-003 4.0000000000000001e-003  2.2783002148751949e-003
4.4999999999999998e-002 -5.9999999999999984e-003 4.0000000000000001e-003  2.2879676574565420e-003
4.4999999999999998e-002 -2.9999999999999957e-003 4.0000000000000001e-003  2.2936282254258740e-003
4.4999999999999998e-002 0.0000000000000000e+000 4.0000000000000001e-003  2.2938179565599437e-003
4.4999999999999998e-002 3.0000000000000027e-003 4.0000000000000001e-003  2.2885599335989329e-003
4.4999999999999998e-002 6.0000000000000053e-003 4.0000000000000001e-003  2.2778817881276146e-003
4.4999999999999998e-002 9.0000000000000011e-003 4.0000000000000001e-003  2.2618157005753572e-003
4.4999999999999998e-002 1.2000000000000004e-002 4.0000000000000001e-003  2.2403984002161404e-003
4.4999999999999998e-002 1.4999999999999999e-002 4.0000000000000001e-003  2.2136711651685229e-003
4.4999999999999998e-002 1.8000000000000002e-002 4.0000000000000001e-003  2.1816798223956760e-003
4.4999999999999998e-002 2.1000000000000005e-002 4.0000000000000001e-003  2.1444747477053650e-003
4.4999999999999998e-002 2.4000000000000007e-002 4.0000000000000001e-003  2.0839005174118665e-003
4.4999999999999998e-002 2.7000000000000010e-002 4.0000000000000001e-003  2.0763775817709729e-003
4.4999999999999998e-002 2.9999999999999999e-002 4.0000000000000001e-003  2.1335460197844471e-003
4.4999999999999998e-002 3.3000000000000002e-002 4.0000000000000001e-003  2.1755217037754942e-003
4.4999999999999998e-002 3.6000000000000004e-002 4.0000000000000001e-003  2.2026026188959077e-003
4.4999999999999998e-002 3.9000000000000007e-002 4.0000000000000001e-003  2.2130784144932026e-003
4.4999999999999998e-002 4.2000000000000010e-002 4.0000000000000001e-003  2.1893463746554399e-003
4.4999999999999998e-002 4.4999999999999998e-002 4.0000000000000001e-003  2.2469664664228348e-003
