Grid Output Min: [-45mm -45mm 4mm] Max: [45mm 45mm 4mm] Grid Size: [3mm 3mm 0mm]
X, Y, Z, Scalar data "Mag_B"
-4.4999999999999998e-002 -4.4999999999999998e-002 4.0000000000000001e-003  2.2873337567648616e-003
-4.4999999999999998e-002 -4.1999999999999996e-002 4.0000000000000001e-003  2.2051162752131899e-003
-4.4999999999999998e-002 -3.9000000000000000e-002 4.0000000000000001e-003  2.0815391771923310e-003
-4.4999999999999998e-002 -3.5999999999999997e-002 4.0000000000000001e-003  2.0243325849783281e-003
-4.4999999999999998e-002 -3.3000000000000002e-002 4.0000000000000001e-003  1.9749221688601629e-003
-4.4999999999999998e-002 -2.9999999999999999e-002 4.0000000000000001e-003  1.9327701074555680e-003
-4.4999999999999998e-002 -2.6999999999999996e-002 4.0000000000000001e-003  1.9168758511196305e-003
-4.4999999999999998e-002 -2.3999999999999997e-002 4.0000000000000001e-003  1.9041496619787899e-003
-4.4999999999999998e-002 -2.0999999999999998e-002 4.0000000000000001e-003  1.8759406854960638e-003
-4.4999999999999998e-002 -1.7999999999999999e-002 4.0000000000000001e-003  1.8523393735238017e-003
-4.4999999999999998e-002 -1.4999999999999999e-002 4.0000000000000001e-003  1.8357105444256248e-003
-4.4999999999999998e-002 -1.1999999999999997e-002 4.0000000000000001e-003  1.8236860440963955e-003
-4.4999999999999998e-002 -8.9999999999999941e-003 4.0000000000000001e-003  1.8162741968504100e-003
-4.4999999999999998e-002 -5.9999999999999984e-003 4.0000000000000001e-003  1.8134913941886561e-003
-4.4999999999999998e-002 -2.9999999999999957e-003 4.0000000000000001e-003  1.8214727065221034e-003
-4.4999999999999998e-002 0.0000000000000000e+000 4.0000000000000001e-003  1.8453901933143256e-003
-4.4999999999999998e-002 3.0000000000000027e-003 4.0000000000000001e-003  1.8426122927306305e-003
-4.4999999999999998e-002 6.0000000000000053e-003 4.0000000000000001e-003  1.8423633882385937e-003
-4.4999999999999998e-002 9.0000000000000011e-003 4.0000000000000001e-003  1.8447647815643337e-003
-4.4999999999999998e-002 1.2000000000000004e-002 4.0000000000000001e-003  1.8498033715911668e-003
-4.4999999999999998e-002 1.4999999999999999e-002 4.0000000000000001e-003  1.8574967788027241e-003
-4.4999999999999998e-002 1.8000000000000002e-002 4.0000000000000001e-003  1.8823790647243433e-003
-4.4999999999999998e-002 2.1000000000000005e-002 4.0000000000000001e-003  1.9011531050341962e-003
-4.4999999999999998e-002 2.4000000000000007e-002 4.0000000000000001e-003  1.8961949564962435e-003
-4.4999999999999998e-002 2.7000000000000010e-002 4.0000000000000001e-003  1.9371574408437418e-003
-4.4999999999999998e-002 2.9999999999999999e-002 4.0000000000000001e-003  1.9559381855840077e-003
-4.4999999999999998e-002 3.3000000000000002e-002 4.0000000000000001e-003  1.9674842129107839e-003
-4.4999999999999998e-002 3.6000000000000004e-002 4.0000000000000001e-003  2.0040745748518647e-003
-4.4999999999999998e-002 3.9000000000000007e-002 4.0000000000000001e-003  2.0411079293501358e-003
-4.4999999999999998e-002 4.2000000000000010e-002 4.0000000000000001e-003  2.0968661741826719e-003
-4.4999999999999998e-002 4.4999999999999998e-002 4.0000000000000001e-003  2.1580798279710127e-003
-4.1999999999999996e-002 -4.4999999999999998e-002 4.0000000000000001e-003  2.2418585626596613e-003
-4.1999999999999996e-002 -4.1999999999999996e-002 4.0000000000000001e-003  2.0579484964172090e-003
-4.1999999999999996e-002 -3.9000000000000000e-002 4.0000000000000001e-003  1.9765243926242477e-003
-4.1999999999999996e-002 -3.5999999999999997e-002 4.0000000000000001e-003  1.9166421457149276e-003
-4.1999999999999996e-002 -3.3000000000000002e-002 4.0000000000000001e-003  1.8829142384126476e-003
-4.1999999999999996e-002 -2.9999999999999999e-002 4.0000000000000001e-003  1.8605090855427042e-003
-4.1999999999999996e-002 -2.6999999999999996e-002 4.0000000000000001e-003  1.8421954984449663e-003
-4.1999999999999996e-002 -2.3999999999999997e-002 4.0000000000000001e-003  1.8121040852856689e-003
-4.1999999999999996e-002 -2.0999999999999998e-002 4.0000000000000001e-003  1.7800878483151792e-003
-4.1999999999999996e-002 -1.7999999999999999e-002 4.0000000000000001e-003  1.7537619289693287e-003
-4.1999999999999996e-002 -1.4999999999999999e-002 4.0000000000000001e-003  1.7384513642292178e-003
-4.1999999999999996e-002 -1.1999999999999997e-002 4.0000000000000001e-003  1.7276699419221475e-003
-4.1999999999999996e-002 -8.9999999999999941e-003 4.0000000000000001e-003  1.7214224601376168e-003
-4.1999999999999996e-002 -5.9999999999999984e-003 4.0000000000000001e-003  1.7197217841517997e-003
-4.1999999999999996e-002 -2.9999999999999957e-003 4.0000000000000001e-003  1.7435666560165080e-003
-4.1999999999999996e-002 0.0000000000000000e+000 4.0000000000000001e-003  1.7486601179014561e-003
-4.1999999999999996e-002 3.0000000000000027e-003 4.0000000000000001e-003  1.7467098367663495e-003
-4.1999999999999996e-002 6.0000000000000053e-003 4.0000000000000001e-003  1.7457452369428403e-003
-4.1999999999999996e-002 9.0000000000000011e-003 4.0000000000000001e-003  1.7471615406399650e-003
-4.1999999999999996e-002 1.2000000000000004e-002 4.0000000000000001e-003  1.7510430722027595e-003
-4.1999999999999996e-002 1.4999999999999999e-002 4.0000000000000001e-003  1.7594941538161401e-003
-4.1999999999999996e-002 1.8000000000000002e-002 4.0000000000000001e-003  1.7905386329463192e-003
-4.1999999999999996e-002 2.1000000000000005e-002 4.0000000000000001e-003  1.8271368425656419e-003
-4.1999999999999996e-002 2.4000000000000007e-002 4.0000000000000001e-003  1.8121262972186256e-003
-4.1999999999999996e-002 2.7000000000000010e-002 4.0000000000000001e-003  1.8292209793354317e-003
-4.1999999999999996e-002 2.9999999999999999e-002 4.0000000000000001e-003  1.8675802199232107e-003
-4.1999999999999996e-002 3.3000000000000002e-002 4.0000000000000001e-003  1.8838338420632029e-003
-4.1999999999999996e-002 3.6000000000000004e-002 4.0000000000000001e-003  1.9217225509573560e-003
-4.1999999999999996e-002 3.9000000000000007e-002 4.0000000000000001e-003  1.9602321845966198e-003
-4.1999999999999996e-002 4.2000000000000010e-002 4.0000000000000001e-003  2.0135545591599847e-003
-4.1999999999999996e-002 4.4999999999999998e-002 4.0000000000000001e-003  2.0822180481896045e-003
-3.9000000000000000e-002 -4.4999999999999998e-002 4.0000000000000001e-003  2.1795384519015535e-003
-3.9000000000000000e-002 -4.1999999999999996e-002 4.0000000000000001e-003  2.0254578832001632e-003
-3.9000000000000000e-002 -3.9000000000000000e-002 4.0000000000000001e-003  1.9194586710215571e-003
-3.9000000000000000e-002 -3.5999999999999997e-002 4.0000000000000001e-003  1.8639563233752579e-003
-3.9000000000000000e-002 -3.3000000000000002e-002 4.0000000000000001e-003  1.8318427056825484e-003
-3.9000000000000000e-002 -2.9999999999999999e-002 4.0000000000000001e-003  1.8035313750576004e-003
-3.9000000000000000e-002 -2.6999999999999996e-002 4.0000000000000001e-003  1.7735470219180992e-003
-3.9000000000000000e-002 -2.3999999999999997e-002 4.0000000000000001e-003  1.7400694684846470e-003
-3.9000000000000000e-002 -2.0999999999999998e-002 4.0000000000000001e-003  1.7049457794864357e-003
-3.9000000000000000e-002 -1.7999999999999999e-002 4.0000000000000001e-003  1.6746566328520182e-003
-3.9000000000000000e-002 -1.4999999999999999e-002 4.0000000000000001e-003  1.6607079139034694e-003
-3.9000000000000000e-002 -1.1999999999999997e-002 4.0000000000000001e-003  1.6512093882267531e-003
-3.9000000000000000e-002 -8.9999999999999941e-003 4.0000000000000001e-003  1.6461623276865518e-003
-3.9000000000000000e-002 -5.9999999999999984e-003 4.0000000000000001e-003  1.6558554669313273e-003
-3.9000000000000000e-002 -2.9999999999999957e-003 4.0000000000000001e-003  1.6706456544526558e-003
-3.9000000000000000e-002 0.0000000000000000e+000 4.0000000000000001e-003  1.6672711079944375e-003
-3.9000000000000000e-002 3.0000000000000027e-003 4.0000000000000001e-003  1.6659663385640289e-003
-3.9000000000000000e-002 6.0000000000000053e-003 4.0000000000000001e-003  1.6648278233873440e-003
-3.9000000000000000e-002 9.0000000000000011e-003 4.0000000000000001e-003  1.6651243269740327e-003
-3.9000000000000000e-002 1.2000000000000004e-002 4.0000000000000001e-003  1.6677177457159436e-003
-3.9000000000000000e-002 1.4999999999999999e-002 4.0000000000000001e-003  1.6834934676151639e-003
-3.9000000000000000e-002 1.8000000000000002e-002 4.0000000000000001e-003  1.7120185049394098e-003
-3.9000000000000000e-002 2.1000000000000005e-002 4.0000000000000001e-003  1.7457725214964027e-003
-3.9000000000000000e-002 2.4000000000000007e-002 4.0000000000000001e-003  1.7507517061617146e-003
-3.9000000000000000e-002 2.7000000000000010e-002 4.0000000000000001e-003  1.7422420061773832e-003
-3.9000000000000000e-002 2.9999999999999999e-002 4.0000000000000001e-003  1.7764317234283903e-003
-3.9000000000000000e-002 3.3000000000000002e-002 4.0000000000000001e-003  1.8141681805603923e-003
-3.9000000000000000e-002 3.6000000000000004e-002 4.0000000000000001e-003  1.8539349678006944e-003
-3.9000000000000000e-002 3.9000000000000007e-002 4.0000000000000001e-003  1.9005895460638383e-003
-3.9000000000000000e-002 4.2000000000000010e-002 4.0000000000000001e-003  1.9528008028128370e-003
-3.9000000000000000e-002 4.4999999999999998e-002 4.0000000000000001e-003  2.0136211825626709e-003
-3.5999999999999997e-002 -4.4999999999999998e-002 4.0000000000000001e-003  2.1255205277987501e-003
-3.5999999999999997e-002 -4.1999999999999996e-002 4.0000000000000001e-003  1.9876113503343174e-003
-3.5999999999999997e-002 -3.9000000000000000e-002 4.0000000000000001e-003  1.8731975084376000e-003
-3.5999999999999997e-002 -3.5999999999999997e-002 4.0000000000000001e-003  1.8154242108808028e-003
-3.5999999999999997e-002 -3.3000000000000002e-002 4.0000000000000001e-003  1.7847697509778405e-003
-3.5999999999999997e-002 -2.9999999999999999e-002 4.0000000000000001e-003  1.7558093133281847e-003
-3.5999999999999997e-002 -2.6999999999999996e-002 4.0000000000000001e-003  1.7225681621286660e-003
-3.5999999999999997e-002 -2.3999999999999997e-002 4.0000000000000001e-003  1.6870251353256691e-003
-3.5999999999999997e-002 -2.0999999999999998e-002 4.0000000000000001e-003  1.6494464521781256e-003
-3.5999999999999997e-002 -1.7999999999999999e-002 4.0000000000000001e-003  1.6141947370349071e-003
-3.5999999999999997e-002 -1.4999999999999999e-002 4.0000000000000001e-003  1.6016418340014001e-003
-3.5999999999999997e-002 -1.1999999999999997e-002 4.0000000000000001e-003  1.5934564122532025e-003
-3.5999999999999997e-002 -8.9999999999999941e-003 4.0000000000000001e-003  1.5929718497701422e-003
-3.5999999999999997e-002 -5.9999999999999984e-003 4.0000000000000001e-003  1.6009192417377662e-003
-3.5999999999999997e-002 -2.9999999999999957e-003 4.0000000000000001e-003  1.6031002479717021e-003
-3.5999999999999997e-002 0.0000000000000000e+000 4.0000000000000001e-003  1.6002493475552751e-003
-3.5999999999999997e-002 3.0000000000000027e-003 4.0000000000000001e-003  1.5994006167941068e-003
-3.5999999999999997e-002 6.0000000000000053e-003 4.0000000000000001e-003  1.5986374883301196e-003
-3.5999999999999997e-002 9.0000000000000011e-003 4.0000000000000001e-003  1.5977013796059103e-003
-3.5999999999999997e-002 1.2000000000000004e-002 4.0000000000000001e-003  1.5996185867671508e-003
-3.5999999999999997e-002 1.4999999999999999e-002 4.0000000000000001e-003  1.6199137012216527e-003
-3.5999999999999997e-002 1.8000000000000002e-002 4.0000000000000001e-003  1.6452803492973177e-003
-3.5999999999999997e-002 2.1000000000000005e-002 4.0000000000000001e-003  1.6756244192334512e-003
-3.5999999999999997e-002 2.4000000000000007e-002 4.0000000000000001e-003  1.6957267944603710e-003
-3.5999999999999997e-002 2.7000000000000010e-002 4.0000000000000001e-003  1.6905167756356232e-003
-3.5999999999999997e-002 2.9999999999999999e-002 4.0000000000000001e-003  1.6882299248599235e-003
-3.5999999999999997e-002 3.3000000000000002e-002 4.0000000000000001e-003  1.7329098131686409e-003
-3.5999999999999997e-002 3.6000000000000004e-002 4.0000000000000001e-003  1.7925009870917166e-003
-3.5999999999999997e-002 3.9000000000000007e-002 4.0000000000000001e-003  1.8507558345586647e-003
-3.5999999999999997e-002 4.2000000000000010e-002 4.0000000000000001e-003  1.9078919898707109e-003
-3.5999999999999997e-002 4.4999999999999998e-002 4.0000000000000001e-003  1.9839502097337477e-003
-3.3000000000000002e-002 -4.4999999999999998e-002 4.0000000000000001e-003  2.0799924425797416e-003
-3.3000000000000002e-002 -4.1999999999999996e-002 4.0000000000000001e-003  1.9489496089609068e-003
-3.3000000000000002e-002 -3.9000000000000000e-002 4.0000000000000001e-003  1.8531134167676085e-003
-3.3000000000000002e-002 -3.5999999999999997e-002 4.0000000000000001e-003  1.7915756489839765e-003
-3.3000000000000002e-002 -3.3000000000000002e-002 4.0000000000000001e-003  1.7390936687041571e-003
-3.3000000000000002e-002 -2.9999999999999999e-002 4.0000000000000001e-003  1.7111063690025212e-003
-3.3000000000000002e-002 -2.6999999999999996e-002 4.0000000000000001e-003  1.6848039347225115e-003
-3.3000000000000002e-002 -2.3999999999999997e-002 4.0000000000000001e-003  1.6519723861743562e-003
-3.3000000000000002e-002 -2.0999999999999998e-002 4.0000000000000001e-003  1.6125438161742002e-003
-3.3000000000000002e-002 -1.7999999999999999e-002 4.0000000000000001e-003  1.5715539821003273e-003
-3.3000000000000002e-002 -1.4999999999999999e-002 4.0000000000000001e-003  1.5604212537953233e-003
-3.3000000000000002e-002 -1.1999999999999997e-002 4.0000000000000001e-003  1.5535468985174478e-003
-3.3000000000000002e-002 -8.9999999999999941e-003 4.0000000000000001e-003  1.5512339349434568e-003
-3.3000000000000002e-002 -5.9999999999999984e-003 4.0000000000000001e-003  1.5536320751290290e-003
-3.3000000000000002e-002 -2.9999999999999957e-003 4.0000000000000001e-003  1.5491444013845087e-003
-3.3000000000000002e-002 0.0000000000000000e+000 4.0000000000000001e-003  1.5466259403302783e-003
-3.3000000000000002e-002 3.0000000000000027e-003 4.0000000000000001e-003  1.5460467260807727e-003
-3.3000000000000002e-002 6.0000000000000053e-003 4.0000000000000001e-003  1.5461868449586189e-003
-3.3000000000000002e-002 9.0000000000000011e-003 4.0000000000000001e-003  1.5439272100044030e-003
-3.3000000000000002e-002 1.2000000000000004e-002 4.0000000000000001e-003  1.5503472214705319e-003
-3.3000000000000002e-002 1.4999999999999999e-002 4.0000000000000001e-003  1.5671849249356854e-003
-3.3000000000000002e-002 1.8000000000000002e-002 4.0000000000000001e-003  1.5888704552564808e-003
-3.3000000000000002e-002 2.1000000000000005e-002 4.0000000000000001e-003  1.6153550439495742e-003
-3.3000000000000002e-002 2.4000000000000007e-002 4.0000000000000001e-003  1.6458529703974021e-003
-3.3000000000000002e-002 2.7000000000000010e-002 4.0000000000000001e-003  1.6435757457715164e-003
-3.3000000000000002e-002 2.9999999999999999e-002 4.0000000000000001e-003  1.6478904107235619e-003
-3.3000000000000002e-002 3.3000000000000002e-002 4.0000000000000001e-003  1.6700100030365788e-003
-3.3000000000000002e-002 3.6000000000000004e-002 4.0000000000000001e-003  1.7311540074884191e-003
-3.3000000000000002e-002 3.9000000000000007e-002 4.0000000000000001e-003  1.7979233940917765e-003
-3.3000000000000002e-002 4.2000000000000010e-002 4.0000000000000001e-003  1.8782160932327206e-003
-3.3000000000000002e-002 4.4999999999999998e-002 4.0000000000000001e-003  1.9636271042843619e-003
-2.9999999999999999e-002 -4.4999999999999998e-002 4.0000000000000001e-003  2.0439883799969832e-003
-2.9999999999999999e-002 -4.1999999999999996e-002 4.0000000000000001e-003  1.9175867213933903e-003
-2.9999999999999999e-002 -3.9000000000000000e-002 4.0000000000000001e-003  1.8263360148119408e-003
-2.9999999999999999e-002 -3.5999999999999997e-002 4.0000000000000001e-003  1.7625160609616140e-003
-2.9999999999999999e-002 -3.3000000000000002e-002 4.0000000000000001e-003  1.7079820904252758e-003
-2.9999999999999999e-002 -2.9999999999999999e-002 4.0000000000000001e-003  1.6731448392402776e-003
-2.9999999999999999e-002 -2.6999999999999996e-002 4.0000000000000001e-003  1.6432946278134943e-003
-2.9999999999999999e-002 -2.3999999999999997e-002 4.0000000000000001e-003  1.6197402367670625e-003
-2.9999999999999999e-002 -2.0999999999999998e-002 4.0000000000000001e-003  1.5932137978742599e-003
-2.9999999999999999e-002 -1.7999999999999999e-002 4.0000000000000001e-003  1.5500170895962036e-003
-2.9999999999999999e-002 -1.4999999999999999e-002 4.0000000000000001e-003  1.5362207912768611e-003
-2.9999999999999999e-002 -1.1999999999999997e-002 4.0000000000000001e-003  1.5240889954611643e-003
-2.9999999999999999e-002 -8.9999999999999941e-003 4.0000000000000001e-003  1.5166789396614372e-003
-2.9999999999999999e-002 -5.9999999999999984e-003 4.0000000000000001e-003  1.5120949262594863e-003
-2.9999999999999999e-002 -2.9999999999999957e-003 4.0000000000000001e-003  1.5078111873438177e-003
-2.9999999999999999e-002 0.0000000000000000e+000 4.0000000000000001e-003  1.5054369098500687e-003
-2.9999999999999999e-002 3.0000000000000027e-003 4.0000000000000001e-003  1.5049436408325187e-003
-2.9999999999999999e-002 6.0000000000000053e-003 4.0000000000000001e-003  1.5063110056718642e-003
-2.9999999999999999e-002 9.0000000000000011e-003 4.0000000000000001e-003  1.5028226020677609e-003
-2.9999999999999999e-002 1.2000000000000004e-002 4.0000000000000001e-003  1.5109212406783029e-003
-2.9999999999999999e-002 1.4999999999999999e-002 4.0000000000000001e-003  1.5238218297000724e-003
-2.9999999999999999e-002 1.8000000000000002e-002 4.0000000000000001e-003  1.5414197326960649e-003
-2.9999999999999999e-002 2.1000000000000005e-002 4.0000000000000001e-003  1.5637115244602827e-003
-2.9999999999999999e-002 2.4000000000000007e-002 4.0000000000000001e-003  1.5907284931130005e-003
-2.9999999999999999e-002 2.7000000000000010e-002 4.0000000000000001e-003  1.6087640779050612e-003
-2.9999999999999999e-002 2.9999999999999999e-002 4.0000000000000001e-003  1.6263743286693195e-003
-2.9999999999999999e-002 3.3000000000000002e-002 4.0000000000000001e-003  1.6444200366130999e-003
-2.9999999999999999e-002 3.6000000000000004e-002 4.0000000000000001e-003  1.6855077771589645e-003
-2.9999999999999999e-002 3.9000000000000007e-002 4.0000000000000001e-003  1.7546735568598044e-003
-2.9999999999999999e-002 4.2000000000000010e-002 4.0000000000000001e-003  1.8432903891800068e-003
-2.9999999999999999e-002 4.4999999999999998e-002 4.0000000000000001e-003  1.9372734435961568e-003
-2.6999999999999996e-002 -4.4999999999999998e-002 4.0000000000000001e-003  2.0195527984152675e-003
-2.6999999999999996e-002 -4.1999999999999996e-002 4.0000000000000001e-003  1.8937438280883622e-003
-2.6999999999999996e-002 -3.9000000000000000e-002 4.0000000000000001e-003  1.7961466705411189e-003
-2.6999999999999996e-002 -3.5999999999999997e-002 4.0000000000000001e-003  1.7319666510348351e-003
-2.6999999999999996e-002 -3.3000000000000002e-002 4.0000000000000001e-003  1.6797707163340927e-003
-2.6999999999999996e-002 -2.9999999999999999e-002 4.0000000000000001e-003  1.6456681890272618e-003
-2.6999999999999996e-002 -2.6999999999999996e-002 4.0000000000000001e-003  1.6130931123166966e-003
-2.6999999999999996e-002 -2.3999999999999997e-002 4.0000000000000001e-003  1.5820677445247218e-003
-2.6999999999999996e-002 -2.0999999999999998e-002 4.0000000000000001e-003  1.5605874016310197e-003
-2.6999999999999996e-002 -1.7999999999999999e-002 4.0000000000000001e-003  1.5391383630406436e-003
-2.6999999999999996e-002 -1.4999999999999999e-002 4.0000000000000001e-003  1.5182039780893587e-003
-2.6999999999999996e-002 -1.1999999999999997e-002 4.0000000000000001e-003  1.5011929695134497e-003
-2.6999999999999996e-002 -8.9999999999999941e-003 4.0000000000000001e-003  1.4888906039634037e-003
-2.6999999999999996e-002 -5.9999999999999984e-003 4.0000000000000001e-003  1.4824083918193430e-003
-2.6999999999999996e-002 -2.9999999999999957e-003 4.0000000000000001e-003  1.4781385982866740e-003
-2.6999999999999996e-002 0.0000000000000000e+000 4.0000000000000001e-003  1.4757231994295690e-003
-2.6999999999999996e-002 3.0000000000000027e-003 4.0000000000000001e-003  1.4751352552421441e-003
-2.6999999999999996e-002 6.0000000000000053e-003 4.0000000000000001e-003  1.4763559040449369e-003
-2.6999999999999996e-002 9.0000000000000011e-003 4.0000000000000001e-003  1.4758365372107619e-003
-2.6999999999999996e-002 1.2000000000000004e-002 4.0000000000000001e-003  1.4798237370396419e-003
-2.6999999999999996e-002 1.4999999999999999e-002 4.0000000000000001e-003  1.4924712708109060e-003
-2.6999999999999996e-002 1.8000000000000002e-002 4.0000000000000001e-003  1.5099816706309597e-003
-2.6999999999999996e-002 2.1000000000000005e-002 4.0000000000000001e-003  1.5320554505118460e-003
-2.6999999999999996e-002 2.4000000000000007e-002 4.0000000000000001e-003  1.5587098668438015e-003
-2.6999999999999996e-002 2.7000000000000010e-002 4.0000000000000001e-003  1.5847188780346798e-003
-2.6999999999999996e-002 2.9999999999999999e-002 4.0000000000000001e-003  1.6121927960305799e-003
-2.6999999999999996e-002 3.3000000000000002e-002 4.0000000000000001e-003  1.6483297194103553e-003
-2.6999999999999996e-002 3.6000000000000004e-002 4.0000000000000001e-003  1.6830720709133413e-003
-2.6999999999999996e-002 3.9000000000000007e-002 4.0000000000000001e-003  1.7290275741303172e-003
-2.6999999999999996e-002 4.2000000000000010e-002 4.0000000000000001e-003  1.8024076916549033e-003
-2.6999999999999996e-002 4.4999999999999998e-002 4.0000000000000001e-003  1.9052225672215829e-003
-2.3999999999999997e-002 -4.4999999999999998e-002 4.0000000000000001e-003  2.0052278061648558e-003
-2.3999999999999997e-002 -4.1999999999999996e-002 4.0000000000000001e-003  1.8722775810962814e-003
-2.3999999999999997e-002 -3.9000000000000000e-002 4.0000000000000001e-003  1.7675837474182986e-003
-2.3999999999999997e-002 -3.5999999999999997e-002 4.0000000000000001e-003  1.7041953054480101e-003
-2.3999999999999997e-002 -3.3000000000000002e-002 4.0000000000000001e-003  1.6544581799705028e-003
-2.3999999999999997e-002 -2.9999999999999999e-002 4.0000000000000001e-003  1.6210805964726762e-003
-2.3999999999999997e-002 -2.6999999999999996e-002 4.0000000000000001e-003  1.5892348395768678e-003
-2.3999999999999997e-002 -2.3999999999999997e-002 4.0000000000000001e-003  1.5589256839885299e-003
-2.3999999999999997e-002 -2.0999999999999998e-002 4.0000000000000001e-003  1.5301726272234613e-003
-2.3999999999999997e-002 -1.7999999999999999e-002 4.0000000000000001e-003  1.5073320273973297e-003
-2.3999999999999997e-002 -1.4999999999999999e-002 4.0000000000000001e-003  1.4980671016894158e-003
-2.3999999999999997e-002 -1.1999999999999997e-002 4.0000000000000001e-003  1.4844369863601513e-003
-2.3999999999999997e-002 -8.9999999999999941e-003 4.0000000000000001e-003  1.4698928377133930e-003
-2.3999999999999997e-002 -5.9999999999999984e-003 4.0000000000000001e-003  1.4636124331520728e-003
-2.3999999999999997e-002 -2.9999999999999957e-003 4.0000000000000001e-003  1.4591695464344298e-003
-2.3999999999999997e-002 0.0000000000000000e+000 4.0000000000000001e-003  1.4576276776281918e-003
-2.3999999999999997e-002 3.0000000000000027e-003 4.0000000000000001e-003  1.4596451382934380e-003
-2.3999999999999997e-002 6.0000000000000053e-003 4.0000000000000001e-003  1.4641013016226934e-003
-2.3999999999999997e-002 9.0000000000000011e-003 4.0000000000000001e-003  1.4694558278716486e-003
-2.3999999999999997e-002 1.2000000000000004e-002 4.0000000000000001e-003  1.4743333019671609e-003
-2.3999999999999997e-002 1.4999999999999999e-002 4.0000000000000001e-003  1.4824436756340547e-003
-2.3999999999999997e-002 1.8000000000000002e-002 4.0000000000000001e-003  1.4950811662346423e-003
-2.3999999999999997e-002 2.1000000000000005e-002 4.0000000000000001e-003  1.5122551886478123e-003
-2.3999999999999997e-002 2.4000000000000007e-002 4.0000000000000001e-003  1.5337280640858732e-003
-2.3999999999999997e-002 2.7000000000000010e-002 4.0000000000000001e-003  1.5569586154222709e-003
-2.3999999999999997e-002 2.9999999999999999e-002 4.0000000000000001e-003  1.5819753400605197e-003
-2.3999999999999997e-002 3.3000000000000002e-002 4.0000000000000001e-003  1.6223933378018483e-003
-2.3999999999999997e-002 3.6000000000000004e-002 4.0000000000000001e-003  1.6775742564743962e-003
-2.3999999999999997e-002 3.9000000000000007e-002 4.0000000000000001e-003  1.7390778938916453e-003
-2.3999999999999997e-002 4.2000000000000010e-002 4.0000000000000001e-003  1.7908740674028962e-003
-2.3999999999999997e-002 4.4999999999999998e-002 4.0000000000000001e-003  1.8679042750027143e-003
-2.0999999999999998e-002 -4.4999999999999998e-002 4.0000000000000001e-003  1.9941863560314667e-003
-2.0999999999999998e-002 -4.1999999999999996e-002 4.0000000000000001e-003  1.8569798213525345e-003
-2.0999999999999998e-002 -3.9000000000000000e-002 4.0000000000000001e-003  1.7484920226607085e-003
-2.0999999999999998e-002 -3.5999999999999997e-002 4.0000000000000001e-003  1.6867932650216149e-003
-2.0999999999999998e-002 -3.3000000000000002e-002 4.0000000000000001e-003  1.6390082170127027e-003
-2.0999999999999998e-002 -2.9999999999999999e-002 4.0000000000000001e-003  1.6052567822418503e-003
-2.0999999999999998e-002 -2.6999999999999996e-002 4.0000000000000001e-003  1.5731254061833804e-003
-2.0999999999999998e-002 -2.3999999999999997e-002 4.0000000000000001e-003  1.5426108525431383e-003
-2.0999999999999998e-002 -2.0999999999999998e-002 4.0000000000000001e-003  1.5137229863689940e-003
-2.0999999999999998e-002 -1.7999999999999999e-002 4.0000000000000001e-003  1.4864847740508509e-003
-2.0999999999999998e-002 -1.4999999999999999e-002 4.0000000000000001e-003  1.4758435623315432e-003
-2.0999999999999998e-002 -1.1999999999999997e-002 4.0000000000000001e-003  1.4678205299956360e-003
-2.0999999999999998e-002 -8.9999999999999941e-003 4.0000000000000001e-003  1.4615403169984805e-003
-2.0999999999999998e-002 -5.9999999999999984e-003 4.0000000000000001e-003  1.4560061321446920e-003
-2.0999999999999998e-002 -2.9999999999999957e-003 4.0000000000000001e-003  1.4529282727848364e-003
-2.0999999999999998e-002 0.0000000000000000e+000 4.0000000000000001e-003  1.4522954876142237e-003
-2.0999999999999998e-002 3.0000000000000027e-003 4.0000000000000001e-003  1.4541059022313242e-003
-2.0999999999999998e-002 6.0000000000000053e-003 4.0000000000000001e-003  1.4580114999092253e-003
-2.0999999999999998e-002 9.0000000000000011e-003 4.0000000000000001e-003  1.4629799597619352e-003
-2.0999999999999998e-002 1.2000000000000004e-002 4.0000000000000001e-003  1.4695170036392968e-003
-2.0999999999999998e-002 1.4999999999999999e-002 4.0000000000000001e-003  1.4770010285211710e-003
-2.0999999999999998e-002 1.8000000000000002e-002 4.0000000000000001e-003  1.4847446397488861e-003
-2.0999999999999998e-002 2.1000000000000005e-002 4.0000000000000001e-003  1.4970119746857962e-003
-2.0999999999999998e-002 2.4000000000000007e-002 4.0000000000000001e-003  1.5144586575625977e-003
-2.0999999999999998e-002 2.7000000000000010e-002 4.0000000000000001e-003  1.5352881915042518e-003
-2.0999999999999998e-002 2.9999999999999999e-002 4.0000000000000001e-003  1.5582216659711693e-003
-2.0999999999999998e-002 3.3000000000000002e-002 4.0000000000000001e-003  1.5970572936009197e-003
-2.0999999999999998e-002 3.6000000000000004e-002 4.0000000000000001e-003  1.6480256901246207e-003
-2.0999999999999998e-002 3.9000000000000007e-002 4.0000000000000001e-003  1.7121762357066718e-003
-2.0999999999999998e-002 4.2000000000000010e-002 4.0000000000000001e-003  1.7906373202414569e-003
-2.0999999999999998e-002 4.4999999999999998e-002 4.0000000000000001e-003  1.8748109599792749e-003
-1.7999999999999999e-002 -4.4999999999999998e-002 4.0000000000000001e-003  1.9841204848809221e-003
-1.7999999999999999e-002 -4.1999999999999996e-002 4.0000000000000001e-003  1.8360956125798163e-003
-1.7999999999999999e-002 -3.9000000000000000e-002 4.0000000000000001e-003  1.7371233925704754e-003
-1.7999999999999999e-002 -3.5999999999999997e-002 4.0000000000000001e-003  1.6751924982941733e-003
-1.7999999999999999e-002 -3.3000000000000002e-002 4.0000000000000001e-003  1.6291415631644831e-003
-1.7999999999999999e-002 -2.9999999999999999e-002 4.0000000000000001e-003  1.5940927304927592e-003
-1.7999999999999999e-002 -2.6999999999999996e-002 4.0000000000000001e-003  1.5607678041156708e-003
-1.7999999999999999e-002 -2.3999999999999997e-002 4.0000000000000001e-003  1.5291652152995771e-003
-1.7999999999999999e-002 -2.0999999999999998e-002 4.0000000000000001e-003  1.4992962807981352e-003
-1.7999999999999999e-002 -1.7999999999999999e-002 4.0000000000000001e-003  1.4775520632356839e-003
-1.7999999999999999e-002 -1.4999999999999999e-002 4.0000000000000001e-003  1.4669541011226197e-003
-1.7999999999999999e-002 -1.1999999999999997e-002 4.0000000000000001e-003  1.4605727968278637e-003
-1.7999999999999999e-002 -8.9999999999999941e-003 4.0000000000000001e-003  1.4543595063107189e-003
-1.7999999999999999e-002 -5.9999999999999984e-003 4.0000000000000001e-003  1.4484100799615973e-003
-1.7999999999999999e-002 -2.9999999999999957e-003 4.0000000000000001e-003  1.4451035995676318e-003
-1.7999999999999999e-002 0.0000000000000000e+000 4.0000000000000001e-003  1.4442497405064085e-003
-1.7999999999999999e-002 3.0000000000000027e-003 4.0000000000000001e-003  1.4458471600190422e-003
-1.7999999999999999e-002 6.0000000000000053e-003 4.0000000000000001e-003  1.4491527842093416e-003
-1.7999999999999999e-002 9.0000000000000011e-003 4.0000000000000001e-003  1.4538511700927536e-003
-1.7999999999999999e-002 1.2000000000000004e-002 4.0000000000000001e-003  1.4601150700400795e-003
-1.7999999999999999e-002 1.4999999999999999e-002 4.0000000000000001e-003  1.4679402483823939e-003
-1.7999999999999999e-002 1.8000000000000002e-002 4.0000000000000001e-003  1.4773244770790641e-003
-1.7999999999999999e-002 2.1000000000000005e-002 4.0000000000000001e-003  1.4863029345339200e-003
-1.7999999999999999e-002 2.4000000000000007e-002 4.0000000000000001e-003  1.5012358087464202e-003
-1.7999999999999999e-002 2.7000000000000010e-002 4.0000000000000001e-003  1.5196855758888880e-003
-1.7999999999999999e-002 2.9999999999999999e-002 4.0000000000000001e-003  1.5416988823713021e-003
-1.7999999999999999e-002 3.3000000000000002e-002 4.0000000000000001e-003  1.5761862616951177e-003
-1.7999999999999999e-002 3.6000000000000004e-002 4.0000000000000001e-003  1.6230439728691312e-003
-1.7999999999999999e-002 3.9000000000000007e-002 4.0000000000000001e-003  1.6833971711853149e-003
-1.7999999999999999e-002 4.2000000000000010e-002 4.0000000000000001e-003  1.7584500216656291e-003
-1.7999999999999999e-002 4.4999999999999998e-002 4.0000000000000001e-003  1.8494856990620217e-003
-1.4999999999999999e-002 -4.4999999999999998e-002 4.0000000000000001e-003  1.9626868352120288e-003
-1.4999999999999999e-002 -4.1999999999999996e-002 4.0000000000000001e-003  1.8193555170156694e-003
-1.4999999999999999e-002 -3.9000000000000000e-002 4.0000000000000001e-003  1.7316584058888825e-003
-1.4999999999999999e-002 -3.5999999999999997e-002 4.0000000000000001e-003  1.6691824195172065e-003
-1.4999999999999999e-002 -3.3000000000000002e-002 4.0000000000000001e-003  1.6253030964467651e-003
-1.4999999999999999e-002 -2.9999999999999999e-002 4.0000000000000001e-003  1.5880673411514422e-003
-1.4999999999999999e-002 -2.6999999999999996e-002 4.0000000000000001e-003  1.5525638892943784e-003
-1.4999999999999999e-002 -2.3999999999999997e-002 4.0000000000000001e-003  1.5204934414742169e-003
-1.4999999999999999e-002 -2.0999999999999998e-002 4.0000000000000001e-003  1.4980166297572258e-003
-1.4999999999999999e-002 -1.7999999999999999e-002 4.0000000000000001e-003  1.4816578689162026e-003
-1.4999999999999999e-002 -1.4999999999999999e-002 4.0000000000000001e-003  1.4657531310918756e-003
-1.4999999999999999e-002 -1.1999999999999997e-002 4.0000000000000001e-003  1.4537621285731623e-003
-1.4999999999999999e-002 -8.9999999999999941e-003 4.0000000000000001e-003  1.4473165773071957e-003
-1.4999999999999999e-002 -5.9999999999999984e-003 4.0000000000000001e-003  1.4410171390197650e-003
-1.4999999999999999e-002 -2.9999999999999957e-003 4.0000000000000001e-003  1.4348479644521199e-003
-1.4999999999999999e-002 0.0000000000000000e+000 4.0000000000000001e-003  1.4334302488770631e-003
-1.4999999999999999e-002 3.0000000000000027e-003 4.0000000000000001e-003  1.4347514992176719e-003
-1.4999999999999999e-002 6.0000000000000053e-003 4.0000000000000001e-003  1.4376024548831854e-003
-1.4999999999999999e-002 9.0000000000000011e-003 4.0000000000000001e-003  1.4420236253932061e-003
-1.4999999999999999e-002 1.2000000000000004e-002 4.0000000000000001e-003  1.4480093321116957e-003
-1.4999999999999999e-002 1.4999999999999999e-002 4.0000000000000001e-003  1.4555559040309125e-003
-1.4999999999999999e-002 1.8000000000000002e-002 4.0000000000000001e-003  1.4667145451804271e-003
-1.4999999999999999e-002 2.1000000000000005e-002 4.0000000000000001e-003  1.4796650373433914e-003
-1.4999999999999999e-002 2.4000000000000007e-002 4.0000000000000001e-003  1.4940567657479320e-003
-1.4999999999999999e-002 2.7000000000000010e-002 4.0000000000000001e-003  1.5101413406449625e-003
-1.4999999999999999e-002 2.9999999999999999e-002 4.0000000000000001e-003  1.5295709520945248e-003
-1.4999999999999999e-002 3.3000000000000002e-002 4.0000000000000001e-003  1.5597896590184945e-003
-1.4999999999999999e-002 3.6000000000000004e-002 4.0000000000000001e-003  1.6026768287696997e-003
-1.4999999999999999e-002 3.9000000000000007e-002 4.0000000000000001e-003  1.6594333917676913e-003
-1.4999999999999999e-002 4.2000000000000010e-002 4.0000000000000001e-003  1.7314803383969076e-003
-1.4999999999999999e-002 4.4999999999999998e-002 4.0000000000000001e-003  1.8313057367665688e-003
-1.1999999999999997e-002 -4.4999999999999998e-002 4.0000000000000001e-003  1.9563561378427162e-003
-1.1999999999999997e-002 -4.1999999999999996e-002 4.0000000000000001e-003  1.8172413114655205e-003
-1.1999999999999997e-002 -3.9000000000000000e-002 4.0000000000000001e-003  1.7315532584701136e-003
-1.1999999999999997e-002 -3.5999999999999997e-002 4.0000000000000001e-003  1.6680816437212660e-003
-1.1999999999999997e-002 -3.3000000000000002e-002 4.0000000000000001e-003  1.6258666882269708e-003
-1.1999999999999997e-002 -2.9999999999999999e-002 4.0000000000000001e-003  1.5862797442458090e-003
-1.1999999999999997e-002 -2.6999999999999996e-002 4.0000000000000001e-003  1.5501390563245449e-003
-1.1999999999999997e-002 -2.3999999999999997e-002 4.0000000000000001e-003  1.5217404917611632e-003
-1.1999999999999997e-002 -2.0999999999999998e-002 4.0000000000000001e-003  1.5010631169667132e-003
-1.1999999999999997e-002 -1.7999999999999999e-002 4.0000000000000001e-003  1.4851115088957423e-003
-1.1999999999999997e-002 -1.4999999999999999e-002 4.0000000000000001e-003  1.4694202874818863e-003
-1.1999999999999997e-002 -1.1999999999999997e-002 4.0000000000000001e-003  1.4539472128844541e-003
-1.1999999999999997e-002 -8.9999999999999941e-003 4.0000000000000001e-003  1.4407130004554169e-003
-1.1999999999999997e-002 -5.9999999999999984e-003 4.0000000000000001e-003  1.4341772716212446e-003
-1.1999999999999997e-002 -2.9999999999999957e-003 4.0000000000000001e-003  1.4277690651252619e-003
-1.1999999999999997e-002 0.0000000000000000e+000 4.0000000000000001e-003  1.4214754566959408e-003
-1.1999999999999997e-002 3.0000000000000027e-003 4.0000000000000001e-003  1.4207681712791697e-003
-1.1999999999999997e-002 6.0000000000000053e-003 4.0000000000000001e-003  1.4270693632627528e-003
-1.1999999999999997e-002 9.0000000000000011e-003 4.0000000000000001e-003  1.4346354707538409e-003
-1.1999999999999997e-002 1.2000000000000004e-002 4.0000000000000001e-003  1.4434312726944304e-003
-1.1999999999999997e-002 1.4999999999999999e-002 4.0000000000000001e-003  1.4534525968551901e-003
-1.1999999999999997e-002 1.8000000000000002e-002 4.0000000000000001e-003  1.4646960406105871e-003
-1.1999999999999997e-002 2.1000000000000005e-002 4.0000000000000001e-003  1.4771589709388954e-003
-1.1999999999999997e-002 2.4000000000000007e-002 4.0000000000000001e-003  1.4908395244221928e-003
-1.1999999999999997e-002 2.7000000000000010e-002 4.0000000000000001e-003  1.5061900766130702e-003
-1.1999999999999997e-002 2.9999999999999999e-002 4.0000000000000001e-003  1.5232571018503154e-003
-1.1999999999999997e-002 3.3000000000000002e-002 4.0000000000000001e-003  1.5551565125330605e-003
-1.1999999999999997e-002 3.6000000000000004e-002 4.0000000000000001e-003  1.6042247595077972e-003
-1.1999999999999997e-002 3.9000000000000007e-002 4.0000000000000001e-003  1.6750537455960880e-003
-1.1999999999999997e-002 4.2000000000000010e-002 4.0000000000000001e-003  1.7691910300612541e-003
-1.1999999999999997e-002 4.4999999999999998e-002 4.0000000000000001e-003  1.8855444678529479e-003
-8.9999999999999941e-003 -4.4999999999999998e-002 4.0000000000000001e-003  1.9645548424521717e-003
-8.9999999999999941e-003 -4.1999999999999996e-002 4.0000000000000001e-003  1.8175816465022230e-003
-8.9999999999999941e-003 -3.9000000000000000e-002 4.0000000000000001e-003  1.7363688601712999e-003
-8.9999999999999941e-003 -3.5999999999999997e-002 4.0000000000000001e-003  1.6742066071317506e-003
-8.9999999999999941e-003 -3.3000000000000002e-002 4.0000000000000001e-003  1.6253474753347502e-003
-8.9999999999999941e-003 -2.9999999999999999e-002 4.0000000000000001e-003  1.5832669908060538e-003
-8.9999999999999941e-003 -2.6999999999999996e-002 4.0000000000000001e-003  1.5489488192028061e-003
-8.9999999999999941e-003 -2.3999999999999997e-002 4.0000000000000001e-003  1.5223564998051130e-003
-8.9999999999999941e-003 -2.0999999999999998e-002 4.0000000000000001e-003  1.5035997474176564e-003
-8.9999999999999941e-003 -1.7999999999999999e-002 4.0000000000000001e-003  1.4879016866811696e-003
-8.9999999999999941e-003 -1.4999999999999999e-002 4.0000000000000001e-003  1.4724189785229531e-003
-8.9999999999999941e-003 -1.1999999999999997e-002 4.0000000000000001e-003  1.4571518147824920e-003
-8.9999999999999941e-003 -8.9999999999999941e-003 4.0000000000000001e-003  1.4421003807772918e-003
-8.9999999999999941e-003 -5.9999999999999984e-003 4.0000000000000001e-003  1.4277871225734434e-003
-8.9999999999999941e-003 -2.9999999999999957e-003 4.0000000000000001e-003  1.4211407486675255e-003
-8.9999999999999941e-003 0.0000000000000000e+000 4.0000000000000001e-003  1.4195868581988939e-003
-8.9999999999999941e-003 3.0000000000000027e-003 4.0000000000000001e-003  1.4225885116900012e-003
-8.9999999999999941e-003 6.0000000000000053e-003 4.0000000000000001e-003  1.4284358224220623e-003
-8.9999999999999941e-003 9.0000000000000011e-003 4.0000000000000001e-003  1.4355190089486119e-003
-8.9999999999999941e-003 1.2000000000000004e-002 4.0000000000000001e-003  1.4438323946046969e-003
-8.9999999999999941e-003 1.4999999999999999e-002 4.0000000000000001e-003  1.4533710723291619e-003
-8.9999999999999941e-003 1.8000000000000002e-002 4.0000000000000001e-003  1.4641309046646623e-003
-8.9999999999999941e-003 2.1000000000000005e-002 4.0000000000000001e-003  1.4761085237576554e-003
-8.9999999999999941e-003 2.4000000000000007e-002 4.0000000000000001e-003  1.4893013313583994e-003
-8.9999999999999941e-003 2.7000000000000010e-002 4.0000000000000001e-003  1.5033412911340325e-003
-8.9999999999999941e-003 2.9999999999999999e-002 4.0000000000000001e-003  1.5221776552987853e-003
-8.9999999999999941e-003 3.3000000000000002e-002 4.0000000000000001e-003  1.5606126935566735e-003
-8.9999999999999941e-003 3.6000000000000004e-002 4.0000000000000001e-003  1.6197905989351949e-003
-8.9999999999999941e-003 3.9000000000000007e-002 4.0000000000000001e-003  1.7001245017827108e-003
-8.9999999999999941e-003 4.2000000000000010e-002 4.0000000000000001e-003  1.8020249584560597e-003
-8.9999999999999941e-003 4.4999999999999998e-002 4.0000000000000001e-003  1.9258999513205482e-003
-5.9999999999999984e-003 -4.4999999999999998e-002 4.0000000000000001e-003  1.9710487301366035e-003
-5.9999999999999984e-003 -4.1999999999999996e-002 4.0000000000000001e-003  1.8269707119193922e-003
-5.9999999999999984e-003 -3.9000000000000000e-002 4.0000000000000001e-003  1.7341252376091357e-003
-5.9999999999999984e-003 -3.5999999999999997e-002 4.0000000000000001e-003  1.6751177472575354e-003
-5.9999999999999984e-003 -3.3000000000000002e-002 4.0000000000000001e-003  1.6198762578157849e-003
-5.9999999999999984e-003 -2.9999999999999999e-002 4.0000000000000001e-003  1.5796310303267209e-003
-5.9999999999999984e-003 -2.6999999999999996e-002 4.0000000000000001e-003  1.5471281160189601e-003
-5.9999999999999984e-003 -2.3999999999999997e-002 4.0000000000000001e-003  1.5223397885799682e-003
-5.9999999999999984e-003 -2.0999999999999998e-002 4.0000000000000001e-003  1.5055123378152624e-003
-5.9999999999999984e-003 -1.7999999999999999e-002 4.0000000000000001e-003  1.4900210176920570e-003
-5.9999999999999984e-003 -1.4999999999999999e-002 4.0000000000000001e-003  1.4747434501883371e-003
-5.9999999999999984e-003 -1.1999999999999997e-002 4.0000000000000001e-003  1.4596798469767207e-003
-5.9999999999999984e-003 -8.9999999999999941e-003 4.0000000000000001e-003  1.4448304132078545e-003
-5.9999999999999984e-003 -5.9999999999999984e-003 4.0000000000000001e-003  1.4328045987997060e-003
-5.9999999999999984e-003 -2.9999999999999957e-003 4.0000000000000001e-003  1.4250133704937250e-003
-5.9999999999999984e-003 0.0000000000000000e+000 4.0000000000000001e-003  1.4228012881023111e-003
-5.9999999999999984e-003 3.0000000000000027e-003 4.0000000000000001e-003  1.4261450023408478e-003
-5.9999999999999984e-003 6.0000000000000053e-003 4.0000000000000001e-003  1.4312404430987232e-003
-5.9999999999999984e-003 9.0000000000000011e-003 4.0000000000000001e-003  1.4378398943650087e-003
-5.9999999999999984e-003 1.2000000000000004e-002 4.0000000000000001e-003  1.4456706940702902e-003
-5.9999999999999984e-003 1.4999999999999999e-002 4.0000000000000001e-003  1.4547272003215957e-003
-5.9999999999999984e-003 1.8000000000000002e-002 4.0000000000000001e-003  1.4651072534639085e-003
-5.9999999999999984e-003 2.1000000000000005e-002 4.0000000000000001e-003  1.4772252907986696e-003
-5.9999999999999984e-003 2.4000000000000007e-002 4.0000000000000001e-003  1.4910832648108250e-003
-5.9999999999999984e-003 2.7000000000000010e-002 4.0000000000000001e-003  1.4958645893149499e-003
-5.9999999999999984e-003 2.9999999999999999e-002 4.0000000000000001e-003  1.5063545754674080e-003
-5.9999999999999984e-003 3.3000000000000002e-002 4.0000000000000001e-003  1.5438651401697291e-003
-5.9999999999999984e-003 3.6000000000000004e-002 4.0000000000000001e-003  1.6119159428216855e-003
-5.9999999999999984e-003 3.9000000000000007e-002 4.0000000000000001e-003  1.7009070502882052e-003
-5.9999999999999984e-003 4.2000000000000010e-002 4.0000000000000001e-003  1.8112572828097224e-003
-5.9999999999999984e-003 4.4999999999999998e-002 4.0000000000000001e-003  1.9433828866351544e-003
-2.9999999999999957e-003 -4.4999999999999998e-002 4.0000000000000001e-003  1.9646740971492188e-003
-2.9999999999999957e-003 -4.1999999999999996e-002 4.0000000000000001e-003  1.8431035546161655e-003
-2.9999999999999957e-003 -3.9000000000000000e-002 4.0000000000000001e-003  1.7450928920684191e-003
-2.9999999999999957e-003 -3.5999999999999997e-002 4.0000000000000001e-003  1.6736552903777362e-003
-2.9999999999999957e-003 -3.3000000000000002e-002 4.0000000000000001e-003  1.6209060645481490e-003
-2.9999999999999957e-003 -2.9999999999999999e-002 4.0000000000000001e-003  1.5753678656595859e-003
-2.9999999999999957e-003 -2.6999999999999996e-002 4.0000000000000001e-003  1.5446764307351394e-003
-2.9999999999999957e-003 -2.3999999999999997e-002 4.0000000000000001e-003  1.5222536538275269e-003
-2.9999999999999957e-003 -2.0999999999999998e-002 4.0000000000000001e-003  1.5067533730911129e-003
-2.9999999999999957e-003 -1.7999999999999999e-002 4.0000000000000001e-003  1.4914660292606966e-003
-2.9999999999999957e-003 -1.4999999999999999e-002 4.0000000000000001e-003  1.4763918603640041e-003
-2.9999999999999957e-003 -1.1999999999999997e-002 4.0000000000000001e-003  1.4653827448564006e-003
-2.9999999999999957e-003 -8.9999999999999941e-003 4.0000000000000001e-003  1.4541067412673951e-003
-2.9999999999999957e-003 -5.9999999999999984e-003 4.0000000000000001e-003  1.4422531459081190e-003
-2.9999999999999957e-003 -2.9999999999999957e-003 4.0000000000000001e-003  1.4331307362816046e-003
-2.9999999999999957e-003 0.0000000000000000e+000 4.0000000000000001e-003  1.4325435133840543e-003
-2.9999999999999957e-003 3.0000000000000027e-003 4.0000000000000001e-003  1.4336767656457597e-003
-2.9999999999999957e-003 6.0000000000000053e-003 4.0000000000000001e-003  1.4347654522065016e-003
-2.9999999999999957e-003 9.0000000000000011e-003 4.0000000000000001e-003  1.4398839502232019e-003
-2.9999999999999957e-003 1.2000000000000004e-002 4.0000000000000001e-003  1.4472821555199010e-003
-2.9999999999999957e-003 1.4999999999999999e-002 4.0000000000000001e-003  1.4564321619702362e-003
-2.9999999999999957e-003 1.8000000000000002e-002 4.0000000000000001e-003  1.4673280557042691e-003
-2.9999999999999957e-003 2.1000000000000005e-002 4.0000000000000001e-003  1.4799654826561769e-003
-2.9999999999999957e-003 2.4000000000000007e-002 4.0000000000000001e-003  1.4943416485642246e-003
-2.9999999999999957e-003 2.7000000000000010e-002 4.0000000000000001e-003  1.4945327341077763e-003
-2.9999999999999957e-003 2.9999999999999999e-002 4.0000000000000001e-003  1.5094061143612785e-003
-2.9999999999999957e-003 3.3000000000000002e-002 4.0000000000000001e-003  1.5427161483677900e-003
-2.9999999999999957e-003 3.6000000000000004e-002 4.0000000000000001e-003  1.5947601069512458e-003
-2.9999999999999957e-003 3.9000000000000007e-002 4.0000000000000001e-003  1.6763806898467842e-003
-2.9999999999999957e-003 4.2000000000000010e-002 4.0000000000000001e-003  1.7957518763724088e-003
-2.9999999999999957e-003 4.4999999999999998e-002 4.0000000000000001e-003  1.9367417215628857e-003
0.0000000000000000e+000 -4.4999999999999998e-002 4.0000000000000001e-003  1.9715608453248889e-003
0.0000000000000000e+000 -4.1999999999999996e-002 4.0000000000000001e-003  1.8511404762191108e-003
0.0000000000000000e+000 -3.9000000000000000e-002 4.0000000000000001e-003  1.7537784986698562e-003
0.0000000000000000e+000 -3.5999999999999997e-002 4.0000000000000001e-003  1.6773380595046068e-003
0.0000000000000000e+000 -3.3000000000000002e-002 4.0000000000000001e-003  1.6235205182082977e-003
0.0000000000000000e+000 -2.9999999999999999e-002 4.0000000000000001e-003  1.5767938774106025e-003
0.0000000000000000e+000 -2.6999999999999996e-002 4.0000000000000001e-003  1.5415978894120740e-003
0.0000000000000000e+000 -2.3999999999999997e-002 4.0000000000000001e-003  1.5226195249010894e-003
0.0000000000000000e+000 -2.0999999999999998e-002 4.0000000000000001e-003  1.5077638855977094e-003
0.0000000000000000e+000 -1.7999999999999999e-002 4.0000000000000001e-003  1.4975765288801699e-003
0.0000000000000000e+000 -1.4999999999999999e-002 4.0000000000000001e-003  1.4868382948761967e-003
0.0000000000000000e+000 -1.1999999999999997e-002 4.0000000000000001e-003  1.4753462875089682e-003
0.0000000000000000e+000 -8.9999999999999941e-003 4.0000000000000001e-003  1.4620504722775382e-003
0.0000000000000000e+000 -5.9999999999999984e-003 4.0000000000000001e-003  1.4478458806240675e-003
0.0000000000000000e+000 -2.9999999999999957e-003 4.0000000000000001e-003  1.4430237186014462e-003
0.0000000000000000e+000 0.0000000000000000e+000 4.0000000000000001e-003  1.4428042149736678e-003
0.0000000000000000e+000 3.0000000000000027e-003 4.0000000000000001e-003  1.4426415269876301e-003
0.0000000000000000e+000 6.0000000000000053e-003 4.0000000000000001e-003  1.4431192971756856e-003
0.0000000000000000e+000 9.0000000000000011e-003 4.0000000000000001e-003  1.4451445216441862e-003
0.0000000000000000e+000 1.2000000000000004e-002 4.0000000000000001e-003  1.4490338014313481e-003
0.0000000000000000e+000 1.4999999999999999e-002 4.0000000000000001e-003  1.4587051059898925e-003
0.0000000000000000e+000 1.8000000000000002e-002 4.0000000000000001e-003  1.4701214657901070e-003
0.0000000000000000e+000 2.1000000000000005e-002 4.0000000000000001e-003  1.4832784180870240e-003
0.0000000000000000e+000 2.4000000000000007e-002 4.0000000000000001e-003  1.4935554466931835e-003
0.0000000000000000e+000 2.7000000000000010e-002 4.0000000000000001e-003  1.4945651901216235e-003
0.0000000000000000e+000 2.9999999999999999e-002 4.0000000000000001e-003  1.5138427895162072e-003
0.0000000000000000e+000 3.3000000000000002e-002 4.0000000000000001e-003  1.5516202740700009e-003
0.0000000000000000e+000 3.6000000000000004e-002 4.0000000000000001e-003  1.6082002635338381e-003
0.0000000000000000e+000 3.9000000000000007e-002 4.0000000000000001e-003  1.6839559682163064e-003
0.0000000000000000e+000 4.2000000000000010e-002 4.0000000000000001e-003  1.7793311889837790e-003
0.0000000000000000e+000 4.4999999999999998e-002 4.0000000000000001e-003  1.9057501723150805e-003
3.0000000000000027e-003 -4.4999999999999998e-002 4.0000000000000001e-003  1.9765643179607264e-003
3.0000000000000027e-003 -4.1999999999999996e-002 4.0000000000000001e-003  1.8544288163849566e-003
3.0000000000000027e-003 -3.9000000000000000e-002 4.0000000000000001e-003  1.7565242091350814e-003
3.0000000000000027e-003 -3.5999999999999997e-002 4.0000000000000001e-003  1.6803340341247257e-003
3.0000000000000027e-003 -3.3000000000000002e-002 4.0000000000000001e-003  1.6236354446603574e-003
3.0000000000000027e-003 -2.9999999999999999e-002 4.0000000000000001e-003  1.5816162467754218e-003
3.0000000000000027e-003 -2.6999999999999996e-002 4.0000000000000001e-003  1.5405010460595393e-003
3.0000000000000027e-003 -2.3999999999999997e-002 4.0000000000000001e-003  1.5293866676117341e-003
3.0000000000000027e-003 -2.0999999999999998e-002 4.0000000000000001e-003  1.5191935041251473e-003
3.0000000000000027e-003 -1.7999999999999999e-002 4.0000000000000001e-003  1.5082804159822344e-003
3.0000000000000027e-003 -1.4999999999999999e-002 4.0000000000000001e-003  1.4962041075782565e-003
3.0000000000000027e-003 -1.1999999999999997e-002 4.0000000000000001e-003  1.4832168446010003e-003
3.0000000000000027e-003 -8.9999999999999941e-003 4.0000000000000001e-003  1.4693192995048246e-003
3.0000000000000027e-003 -5.9999999999999984e-003 4.0000000000000001e-003  1.4549340064509829e-003
3.0000000000000027e-003 -2.9999999999999957e-003 4.0000000000000001e-003  1.4539903881987221e-003
3.0000000000000027e-003 0.0000000000000000e+000 4.0000000000000001e-003  1.4533707027962551e-003
3.0000000000000027e-003 3.0000000000000027e-003 4.0000000000000001e-003  1.4519837593843028e-003
3.0000000000000027e-003 6.0000000000000053e-003 4.0000000000000001e-003  1.4521510901519701e-003
3.0000000000000027e-003 9.0000000000000011e-003 4.0000000000000001e-003  1.4548558726022454e-003
3.0000000000000027e-003 1.2000000000000004e-002 4.0000000000000001e-003  1.4591047037075598e-003
3.0000000000000027e-003 1.4999999999999999e-002 4.0000000000000001e-003  1.4649058791557945e-003
3.0000000000000027e-003 1.8000000000000002e-002 4.0000000000000001e-003  1.4734867721953098e-003
3.0000000000000027e-003 2.1000000000000005e-002 4.0000000000000001e-003  1.4871633249302154e-003
3.0000000000000027e-003 2.4000000000000007e-002 4.0000000000000001e-003  1.4905917840723872e-003
3.0000000000000027e-003 2.7000000000000010e-002 4.0000000000000001e-003  1.4959696045333849e-003
3.0000000000000027e-003 2.9999999999999999e-002 4.0000000000000001e-003  1.5196705710252474e-003
3.0000000000000027e-003 3.3000000000000002e-002 4.0000000000000001e-003  1.5619320616679323e-003
3.0000000000000027e-003 3.6000000000000004e-002 4.0000000000000001e-003  1.6222924127952361e-003
3.0000000000000027e-003 3.9000000000000007e-002 4.0000000000000001e-003  1.6956379576629271e-003
3.0000000000000027e-003 4.2000000000000010e-002 4.0000000000000001e-003  1.7821859946838565e-003
3.0000000000000027e-003 4.4999999999999998e-002 4.0000000000000001e-003  1.9018028382242500e-003
6.0000000000000053e-003 -4.4999999999999998e-002 4.0000000000000001e-003  2.0461553794105477e-003
6.0000000000000053e-003 -4.1999999999999996e-002 4.0000000000000001e-003  1.8838970567202410e-003
6.0000000000000053e-003 -3.9000000000000000e-002 4.0000000000000001e-003  1.7632685550171780e-003
6.0000000000000053e-003 -3.5999999999999997e-002 4.0000000000000001e-003  1.6847547122912909e-003
6.0000000000000053e-003 -3.3000000000000002e-002 4.0000000000000001e-003  1.6252341607494128e-003
6.0000000000000053e-003 -2.9999999999999999e-002 4.0000000000000001e-003  1.5804440167772938e-003
6.0000000000000053e-003 -2.6999999999999996e-002 4.0000000000000001e-003  1.5531168845086330e-003
6.0000000000000053e-003 -2.3999999999999997e-002 4.0000000000000001e-003  1.5410500622189498e-003
6.0000000000000053e-003 -2.0999999999999998e-002 4.0000000000000001e-003  1.5301929858972543e-003
6.0000000000000053e-003 -1.7999999999999999e-002 4.0000000000000001e-003  1.5184258946778577e-003
6.0000000000000053e-003 -1.4999999999999999e-002 4.0000000000000001e-003  1.5057478207494970e-003
6.0000000000000053e-003 -1.1999999999999997e-002 4.0000000000000001e-003  1.4921587248825558e-003
6.0000000000000053e-003 -8.9999999999999941e-003 4.0000000000000001e-003  1.4776594964290659e-003
6.0000000000000053e-003 -5.9999999999999984e-003 4.0000000000000001e-003  1.4673697223043709e-003
6.0000000000000053e-003 -2.9999999999999957e-003 4.0000000000000001e-003  1.4660330583623679e-003
6.0000000000000053e-003 0.0000000000000000e+000 4.0000000000000001e-003  1.4646917444253022e-003
6.0000000000000053e-003 3.0000000000000027e-003 4.0000000000000001e-003  1.4633672826318148e-003
6.0000000000000053e-003 6.0000000000000053e-003 4.0000000000000001e-003  1.4638152901180813e-003
6.0000000000000053e-003 9.0000000000000011e-003 4.0000000000000001e-003  1.4660323683077688e-003
6.0000000000000053e-003 1.2000000000000004e-002 4.0000000000000001e-003  1.4701846340892924e-003
6.0000000000000053e-003 1.4999999999999999e-002 4.0000000000000001e-003  1.4766441193815169e-003
6.0000000000000053e-003 1.8000000000000002e-002 4.0000000000000001e-003  1.4846511236389596e-003
6.0000000000000053e-003 2.1000000000000005e-002 4.0000000000000001e-003  1.4942611456265330e-003
6.0000000000000053e-003 2.4000000000000007e-002 4.0000000000000001e-003  1.5042820969099939e-003
6.0000000000000053e-003 2.7000000000000010e-002 4.0000000000000001e-003  1.5151767436021001e-003
6.0000000000000053e-003 2.9999999999999999e-002 4.0000000000000001e-003  1.5383329224048499e-003
6.0000000000000053e-003 3.3000000000000002e-002 4.0000000000000001e-003  1.5738685097107770e-003
6.0000000000000053e-003 3.6000000000000004e-002 4.0000000000000001e-003  1.6219419254212496e-003
6.0000000000000053e-003 3.9000000000000007e-002 4.0000000000000001e-003  1.6827521329464904e-003
6.0000000000000053e-003 4.2000000000000010e-002 4.0000000000000001e-003  1.7565386392055667e-003
6.0000000000000053e-003 4.4999999999999998e-002 4.0000000000000001e-003  1.9560270865126655e-003
9.0000000000000011e-003 -4.4999999999999998e-002 4.0000000000000001e-003  2.0788911030787866e-003
9.0000000000000011e-003 -4.1999999999999996e-002 4.0000000000000001e-003  1.8897434309603977e-003
9.0000000000000011e-003 -3.9000000000000000e-002 4.0000000000000001e-003  1.7717609675696249e-003
9.0000000000000011e-003 -3.5999999999999997e-002 4.0000000000000001e-003  1.6874626528793446e-003
9.0000000000000011e-003 -3.3000000000000002e-002 4.0000000000000001e-003  1.6326128957867068e-003
9.0000000000000011e-003 -2.9999999999999999e-002 4.0000000000000001e-003  1.5964643340666868e-003
9.0000000000000011e-003 -2.6999999999999996e-002 4.0000000000000001e-003  1.5708504263458611e-003
9.0000000000000011e-003 -2.3999999999999997e-002 4.0000000000000001e-003  1.5566186613874841e-003
9.0000000000000011e-003 -2.0999999999999998e-002 4.0000000000000001e-003  1.5424014935289925e-003
9.0000000000000011e-003 -1.7999999999999999e-002 4.0000000000000001e-003  1.5296404377594156e-003
9.0000000000000011e-003 -1.4999999999999999e-002 4.0000000000000001e-003  1.5163603572725653e-003
9.0000000000000011e-003 -1.1999999999999997e-002 4.0000000000000001e-003  1.5021694585727492e-003
9.0000000000000011e-003 -8.9999999999999941e-003 4.0000000000000001e-003  1.4870688479096700e-003
9.0000000000000011e-003 -5.9999999999999984e-003 4.0000000000000001e-003  1.4808786027654260e-003
9.0000000000000011e-003 -2.9999999999999957e-003 4.0000000000000001e-003  1.4791546433983952e-003
9.0000000000000011e-003 0.0000000000000000e+000 4.0000000000000001e-003  1.4771617479871877e-003
9.0000000000000011e-003 3.0000000000000027e-003 4.0000000000000001e-003  1.4761275812138280e-003
9.0000000000000011e-003 6.0000000000000053e-003 4.0000000000000001e-003  1.4768635797786679e-003
9.0000000000000011e-003 9.0000000000000011e-003 4.0000000000000001e-003  1.4793666482601914e-003
9.0000000000000011e-003 1.2000000000000004e-002 4.0000000000000001e-003  1.4836345069513643e-003
9.0000000000000011e-003 1.4999999999999999e-002 4.0000000000000001e-003  1.4896656918596579e-003
9.0000000000000011e-003 1.8000000000000002e-002 4.0000000000000001e-003  1.4993015421652411e-003
9.0000000000000011e-003 2.1000000000000005e-002 4.0000000000000001e-003  1.5104714229874712e-003
9.0000000000000011e-003 2.4000000000000007e-002 4.0000000000000001e-003  1.5313666448344065e-003
9.0000000000000011e-003 2.7000000000000010e-002 4.0000000000000001e-003  1.5498687671635868e-003
9.0000000000000011e-003 2.9999999999999999e-002 4.0000000000000001e-003  1.5633745904763809e-003
9.0000000000000011e-003 3.3000000000000002e-002 4.0000000000000001e-003  1.5868383048167924e-003
9.0000000000000011e-003 3.6000000000000004e-002 4.0000000000000001e-003  1.6226877824659749e-003
9.0000000000000011e-003 3.9000000000000007e-002 4.0000000000000001e-003  1.6710894157292448e-003
9.0000000000000011e-003 4.2000000000000010e-002 4.0000000000000001e-003  1.8024373749022807e-003
9.0000000000000011e-003 4.4999999999999998e-002 4.0000000000000001e-003  1.9579180385398479e-003
1.2000000000000004e-002 -4.4999999999999998e-002 4.0000000000000001e-003  2.0982793749840488e-003
1.2000000000000004e-002 -4.1999999999999996e-002 4.0000000000000001e-003  1.8915389783591772e-003
1.2000000000000004e-002 -3.9000000000000000e-002 4.0000000000000001e-003  1.7720844461924918e-003
1.2000000000000004e-002 -3.5999999999999997e-002 4.0000000000000001e-003  1.7094294726467628e-003
1.2000000000000004e-002 -3.3000000000000002e-002 4.0000000000000001e-003  1.6521120252045165e-003
1.2000000000000004e-002 -2.9999999999999999e-002 4.0000000000000001e-003  1.6170162374706254e-003
1.2000000000000004e-002 -2.6999999999999996e-002 4.0000000000000001e-003  1.5898412516310088e-003
1.2000000000000004e-002 -2.3999999999999997e-002 4.0000000000000001e-003  1.5758818884582296e-003
1.2000000000000004e-002 -2.0999999999999998e-002 4.0000000000000001e-003  1.5612373572031217e-003
1.2000000000000004e-002 -1.7999999999999999e-002 4.0000000000000001e-003  1.5457515525704370e-003
1.2000000000000004e-002 -1.4999999999999999e-002 4.0000000000000001e-003  1.5294258153115906e-003
1.2000000000000004e-002 -1.1999999999999997e-002 4.0000000000000001e-003  1.5132473860808228e-003
1.2000000000000004e-002 -8.9999999999999941e-003 4.0000000000000001e-003  1.4979131524627777e-003
1.2000000000000004e-002 -5.9999999999999984e-003 4.0000000000000001e-003  1.4954642934766418e-003
1.2000000000000004e-002 -2.9999999999999957e-003 4.0000000000000001e-003  1.4933586586298746e-003
1.2000000000000004e-002 0.0000000000000000e+000 4.0000000000000001e-003  1.4910071423612943e-003
1.2000000000000004e-002 3.0000000000000027e-003 4.0000000000000001e-003  1.4902643908682167e-003
1.2000000000000004e-002 6.0000000000000053e-003 4.0000000000000001e-003  1.4912896325120571e-003
1.2000000000000004e-002 9.0000000000000011e-003 4.0000000000000001e-003  1.4953636822012369e-003
1.2000000000000004e-002 1.2000000000000004e-002 4.0000000000000001e-003  1.5007727404301905e-003
1.2000000000000004e-002 1.4999999999999999e-002 4.0000000000000001e-003  1.5073522849417308e-003
1.2000000000000004e-002 1.8000000000000002e-002 4.0000000000000001e-003  1.5172494910186450e-003
1.2000000000000004e-002 2.1000000000000005e-002 4.0000000000000001e-003  1.5303627224387782e-003
1.2000000000000004e-002 2.4000000000000007e-002 4.0000000000000001e-003  1.5514250135121011e-003
1.2000000000000004e-002 2.7000000000000010e-002 4.0000000000000001e-003  1.5700885338398309e-003
1.2000000000000004e-002 2.9999999999999999e-002 4.0000000000000001e-003  1.5863547973464982e-003
1.2000000000000004e-002 3.3000000000000002e-002 4.0000000000000001e-003  1.6006177519403443e-003
1.2000000000000004e-002 3.6000000000000004e-002 4.0000000000000001e-003  1.6243747107350629e-003
1.2000000000000004e-002 3.9000000000000007e-002 4.0000000000000001e-003  1.6949036822784349e-003
1.2000000000000004e-002 4.2000000000000010e-002 4.0000000000000001e-003  1.8191878080917486e-003
1.2000000000000004e-002 4.4999999999999998e-002 4.0000000000000001e-003  1.9176042822221307e-003
1.4999999999999999e-002 -4.4999999999999998e-002 4.0000000000000001e-003  2.0919341215146262e-003
1.4999999999999999e-002 -4.1999999999999996e-002 4.0000000000000001e-003  1.9138784904270639e-003
1.4999999999999999e-002 -3.9000000000000000e-002 4.0000000000000001e-003  1.7963028178866695e-003
1.4999999999999999e-002 -3.5999999999999997e-002 4.0000000000000001e-003  1.7262505353098220e-003
1.4999999999999999e-002 -3.3000000000000002e-002 4.0000000000000001e-003  1.6718385568803870e-003
1.4999999999999999e-002 -2.9999999999999999e-002 4.0000000000000001e-003  1.6371020117963836e-003
1.4999999999999999e-002 -2.6999999999999996e-002 4.0000000000000001e-003  1.6091617975326818e-003
1.4999999999999999e-002 -2.3999999999999997e-002 4.0000000000000001e-003  1.5949336138903079e-003
1.4999999999999999e-002 -2.0999999999999998e-002 4.0000000000000001e-003  1.5798635654962890e-003
1.4999999999999999e-002 -1.7999999999999999e-002 4.0000000000000001e-003  1.5639513949630955e-003
1.4999999999999999e-002 -1.4999999999999999e-002 4.0000000000000001e-003  1.5471980438173810e-003
1.4999999999999999e-002 -1.1999999999999997e-002 4.0000000000000001e-003  1.5303236032764608e-003
1.4999999999999999e-002 -8.9999999999999941e-003 4.0000000000000001e-003  1.5158632743486227e-003
1.4999999999999999e-002 -5.9999999999999984e-003 4.0000000000000001e-003  1.5118848220496194e-003
1.4999999999999999e-002 -2.9999999999999957e-003 4.0000000000000001e-003  1.5084842409173506e-003
1.4999999999999999e-002 0.0000000000000000e+000 4.0000000000000001e-003  1.5085343223198427e-003
1.4999999999999999e-002 3.0000000000000027e-003 4.0000000000000001e-003  1.5097555727183738e-003
1.4999999999999999e-002 6.0000000000000053e-003 4.0000000000000001e-003  1.5121472306510498e-003
1.4999999999999999e-002 9.0000000000000011e-003 4.0000000000000001e-003  1.5157088989796160e-003
1.4999999999999999e-002 1.2000000000000004e-002 4.0000000000000001e-003  1.5204405448894602e-003
1.4999999999999999e-002 1.4999999999999999e-002 4.0000000000000001e-003  1.5263424998896281e-003
1.4999999999999999e-002 1.8000000000000002e-002 4.0000000000000001e-003  1.5364573631509214e-003
1.4999999999999999e-002 2.1000000000000005e-002 4.0000000000000001e-003  1.5518849897780383e-003
1.4999999999999999e-002 2.4000000000000007e-002 4.0000000000000001e-003  1.5731102239348292e-003
1.4999999999999999e-002 2.7000000000000010e-002 4.0000000000000001e-003  1.5919342460212389e-003
1.4999999999999999e-002 2.9999999999999999e-002 4.0000000000000001e-003  1.6083582390561306e-003
1.4999999999999999e-002 3.3000000000000002e-002 4.0000000000000001e-003  1.6223862599675292e-003
1.4999999999999999e-002 3.6000000000000004e-002 4.0000000000000001e-003  1.6347740608193379e-003
1.4999999999999999e-002 3.9000000000000007e-002 4.0000000000000001e-003  1.7218212312233800e-003
1.4999999999999999e-002 4.2000000000000010e-002 4.0000000000000001e-003  1.8251037809240826e-003
1.4999999999999999e-002 4.4999999999999998e-002 4.0000000000000001e-003  1.9316940961067082e-003
1.8000000000000002e-002 -4.4999999999999998e-002 4.0000000000000001e-003  2.0474842536334658e-003
1.8000000000000002e-002 -4.1999999999999996e-002 4.0000000000000001e-003  1.9356462279341924e-003
1.8000000000000002e-002 -3.9000000000000000e-002 4.0000000000000001e-003  1.8393296156384849e-003
1.8000000000000002e-002 -3.5999999999999997e-002 4.0000000000000001e-003  1.7581116171282460e-003
1.8000000000000002e-002 -3.3000000000000002e-002 4.0000000000000001e-003  1.6927403702969366e-003
1.8000000000000002e-002 -2.9999999999999999e-002 4.0000000000000001e-003  1.6567386706088300e-003
1.8000000000000002e-002 -2.6999999999999996e-002 4.0000000000000001e-003  1.6284224362408831e-003
1.8000000000000002e-002 -2.3999999999999997e-002 4.0000000000000001e-003  1.6137685001662598e-003
1.8000000000000002e-002 -2.0999999999999998e-002 4.0000000000000001e-003  1.5982734447065926e-003
1.8000000000000002e-002 -1.7999999999999999e-002 4.0000000000000001e-003  1.5819384249034082e-003
1.8000000000000002e-002 -1.4999999999999999e-002 4.0000000000000001e-003  1.5695712012917750e-003
1.8000000000000002e-002 -1.1999999999999997e-002 4.0000000000000001e-003  1.5570284962385193e-003
1.8000000000000002e-002 -8.9999999999999941e-003 4.0000000000000001e-003  1.5391010780986449e-003
1.8000000000000002e-002 -5.9999999999999984e-003 4.0000000000000001e-003  1.5355611472982510e-003
1.8000000000000002e-002 -2.9999999999999957e-003 4.0000000000000001e-003  1.5350570792384375e-003
1.8000000000000002e-002 0.0000000000000000e+000 4.0000000000000001e-003  1.5329716052474862e-003
1.8000000000000002e-002 3.0000000000000027e-003 4.0000000000000001e-003  1.5325811297363264e-003
1.8000000000000002e-002 6.0000000000000053e-003 4.0000000000000001e-003  1.5342951328599845e-003
1.8000000000000002e-002 9.0000000000000011e-003 4.0000000000000001e-003  1.5371792830817801e-003
1.8000000000000002e-002 1.2000000000000004e-002 4.0000000000000001e-003  1.5412333637241089e-003
1.8000000000000002e-002 1.4999999999999999e-002 4.0000000000000001e-003  1.5471629457298780e-003
1.8000000000000002e-002 1.8000000000000002e-002 4.0000000000000001e-003  1.5569290385222809e-003
1.8000000000000002e-002 2.1000000000000005e-002 4.0000000000000001e-003  1.5750364655757565e-003
1.8000000000000002e-002 2.4000000000000007e-002 4.0000000000000001e-003  1.5964240386057995e-003
1.8000000000000002e-002 2.7000000000000010e-002 4.0000000000000001e-003  1.6154077847374661e-003
1.8000000000000002e-002 2.9999999999999999e-002 4.0000000000000001e-003  1.6321138222911680e-003
1.8000000000000002e-002 3.3000000000000002e-002 4.0000000000000001e-003  1.6471846596112876e-003
1.8000000000000002e-002 3.6000000000000004e-002 4.0000000000000001e-003  1.6606838183234726e-003
1.8000000000000002e-002 3.9000000000000007e-002 4.0000000000000001e-003  1.7310514821541976e-003
1.8000000000000002e-002 4.2000000000000010e-002 4.0000000000000001e-003  1.8360395380272905e-003
1.8000000000000002e-002 4.4999999999999998e-002 4.0000000000000001e-003  1.9488457821675441e-003
2.1000000000000005e-002 -4.4999999999999998e-002 4.0000000000000001e-003  2.0842580340663325e-003
2.1000000000000005e-002 -4.1999999999999996e-002 4.0000000000000001e-003  1.9744930039145583e-003
2.1000000000000005e-002 -3.9000000000000000e-002 4.0000000000000001e-003  1.8810353620582428e-003
2.1000000000000005e-002 -3.5999999999999997e-002 4.0000000000000001e-003  1.7998684919902806e-003
2.1000000000000005e-002 -3.3000000000000002e-002 4.0000000000000001e-003  1.7285925370683906e-003
2.1000000000000005e-002 -2.9999999999999999e-002 4.0000000000000001e-003  1.6759491555968370e-003
2.1000000000000005e-002 -2.6999999999999996e-002 4.0000000000000001e-003  1.6474724492268611e-003
2.1000000000000005e-002 -2.3999999999999997e-002 4.0000000000000001e-003  1.6323907397053335e-003
2.1000000000000005e-002 -2.0999999999999998e-002 4.0000000000000001e-003  1.6196207529322419e-003
2.1000000000000005e-002 -1.7999999999999999e-002 4.0000000000000001e-003  1.6070763192428941e-003
2.1000000000000005e-002 -1.4999999999999999e-002 4.0000000000000001e-003  1.5943480681178831e-003
2.1000000000000005e-002 -1.1999999999999997e-002 4.0000000000000001e-003  1.5816629657049404e-003
2.1000000000000005e-002 -8.9999999999999941e-003 4.0000000000000001e-003  1.5662225904970182e-003
2.1000000000000005e-002 -5.9999999999999984e-003 4.0000000000000001e-003  1.5663604157514046e-003
2.1000000000000005e-002 -2.9999999999999957e-003 4.0000000000000001e-003  1.5663493101102516e-003
2.1000000000000005e-002 0.0000000000000000e+000 4.0000000000000001e-003  1.5636479212842080e-003
2.1000000000000005e-002 3.0000000000000027e-003 4.0000000000000001e-003  1.5609283374477174e-003
2.1000000000000005e-002 6.0000000000000053e-003 4.0000000000000001e-003  1.5590274201587810e-003
2.1000000000000005e-002 9.0000000000000011e-003 4.0000000000000001e-003  1.5597752604169289e-003
2.1000000000000005e-002 1.2000000000000004e-002 4.0000000000000001e-003  1.5631518029462800e-003
2.1000000000000005e-002 1.4999999999999999e-002 4.0000000000000001e-003  1.5693687951235152e-003
2.1000000000000005e-002 1.8000000000000002e-002 4.0000000000000001e-003  1.5786700561747147e-003
2.1000000000000005e-002 2.1000000000000005e-002 4.0000000000000001e-003  1.5997996804183894e-003
2.1000000000000005e-002 2.4000000000000007e-002 4.0000000000000001e-003  1.6200535410924048e-003
2.1000000000000005e-002 2.7000000000000010e-002 4.0000000000000001e-003  1.6387461470401964e-003
2.1000000000000005e-002 2.9999999999999999e-002 4.0000000000000001e-003  1.6558659862669998e-003
2.1000000000000005e-002 3.3000000000000002e-002 4.0000000000000001e-003  1.6714939057595290e-003
2.1000000000000005e-002 3.6000000000000004e-002 4.0000000000000001e-003  1.6876177671841187e-003
2.1000000000000005e-002 3.9000000000000007e-002 4.0000000000000001e-003  1.7502915339128132e-003
2.1000000000000005e-002 4.2000000000000010e-002 4.0000000000000001e-003  1.8451368410143138e-003
2.1000000000000005e-002 4.4999999999999998e-002 4.0000000000000001e-003  1.9516537404154636e-003
2.4000000000000007e-002 -4.4999999999999998e-002 4.0000000000000001e-003  2.1312644473579730e-003
2.4000000000000007e-002 -4.1999999999999996e-002 4.0000000000000001e-003  1.9951573679672105e-003
2.4000000000000007e-002 -3.9000000000000000e-002 4.0000000000000001e-003  1.9109049438348225e-003
2.4000000000000007e-002 -3.5999999999999997e-002 4.0000000000000001e-003  1.8424469061364406e-003
2.4000000000000007e-002 -3.3000000000000002e-002 4.0000000000000001e-003  1.7723426124728347e-003
2.4000000000000007e-002 -2.9999999999999999e-002 4.0000000000000001e-003  1.7124809348736843e-003
2.4000000000000007e-002 -2.6999999999999996e-002 4.0000000000000001e-003  1.6724457316821596e-003
2.4000000000000007e-002 -2.3999999999999997e-002 4.0000000000000001e-003  1.6555530577985599e-003
2.4000000000000007e-002 -2.0999999999999998e-002 4.0000000000000001e-003  1.6428252352203908e-003
2.4000000000000007e-002 -1.7999999999999999e-002 4.0000000000000001e-003  1.6299102238077721e-003
2.4000000000000007e-002 -1.4999999999999999e-002 4.0000000000000001e-003  1.6168211885036097e-003
2.4000000000000007e-002 -1.1999999999999997e-002 4.0000000000000001e-003  1.6094516665568184e-003
2.4000000000000007e-002 -8.9999999999999941e-003 4.0000000000000001e-003  1.6014343365276466e-003
2.4000000000000007e-002 -5.9999999999999984e-003 4.0000000000000001e-003  1.6016714145357250e-003
2.4000000000000007e-002 -2.9999999999999957e-003 4.0000000000000001e-003  1.6021364605325412e-003
2.4000000000000007e-002 0.0000000000000000e+000 4.0000000000000001e-003  1.5997138993669819e-003
2.4000000000000007e-002 3.0000000000000027e-003 4.0000000000000001e-003  1.5955508740924940e-003
2.4000000000000007e-002 6.0000000000000053e-003 4.0000000000000001e-003  1.5921970388542274e-003
2.4000000000000007e-002 9.0000000000000011e-003 4.0000000000000001e-003  1.5896564329475860e-003
2.4000000000000007e-002 1.2000000000000004e-002 4.0000000000000001e-003  1.5879364310501802e-003
2.4000000000000007e-002 1.4999999999999999e-002 4.0000000000000001e-003  1.5935461606640868e-003
2.4000000000000007e-002 1.8000000000000002e-002 4.0000000000000001e-003  1.6037181643917761e-003
2.4000000000000007e-002 2.1000000000000005e-002 4.0000000000000001e-003  1.6208347349611829e-003
2.4000000000000007e-002 2.4000000000000007e-002 4.0000000000000001e-003  1.6415871598873455e-003
2.4000000000000007e-002 2.7000000000000010e-002 4.0000000000000001e-003  1.6624914900579058e-003
2.4000000000000007e-002 2.9999999999999999e-002 4.0000000000000001e-003  1.6847628419877855e-003
2.4000000000000007e-002 3.3000000000000002e-002 4.0000000000000001e-003  1.7038962045611665e-003
2.4000000000000007e-002 3.6000000000000004e-002 4.0000000000000001e-003  1.7199172671610993e-003
2.4000000000000007e-002 3.9000000000000007e-002 4.0000000000000001e-003  1.7888014307682332e-003
2.4000000000000007e-002 4.2000000000000010e-002 4.0000000000000001e-003  1.8776145345213669e-003
2.4000000000000007e-002 4.4999999999999998e-002 4.0000000000000001e-003  1.9779140927012966e-003
2.7000000000000010e-002 -4.4999999999999998e-002 4.0000000000000001e-003  2.1943503090867600e-003
2.7000000000000010e-002 -4.1999999999999996e-002 4.0000000000000001e-003  2.0536367792419524e-003
2.7000000000000010e-002 -3.9000000000000000e-002 4.0000000000000001e-003  1.9418598648061882e-003
2.7000000000000010e-002 -3.5999999999999997e-002 4.0000000000000001e-003  1.8564647345739637e-003
2.7000000000000010e-002 -3.3000000000000002e-002 4.0000000000000001e-003  1.8041967669620784e-003
2.7000000000000010e-002 -2.9999999999999999e-002 4.0000000000000001e-003  1.7512182464684608e-003
2.7000000000000010e-002 -2.6999999999999996e-002 4.0000000000000001e-003  1.7219588340377334e-003
2.7000000000000010e-002 -2.3999999999999997e-002 4.0000000000000001e-003  1.6993103444242581e-003
2.7000000000000010e-002 -2.0999999999999998e-002 4.0000000000000001e-003  1.6761866315162712e-003
2.7000000000000010e-002 -1.7999999999999999e-002 4.0000000000000001e-003  1.6526045521135051e-003
2.7000000000000010e-002 -1.4999999999999999e-002 4.0000000000000001e-003  1.6444803812660092e-003
2.7000000000000010e-002 -1.1999999999999997e-002 4.0000000000000001e-003  1.6414790633074421e-003
2.7000000000000010e-002 -8.9999999999999941e-003 4.0000000000000001e-003  1.6408344933420338e-003
2.7000000000000010e-002 -5.9999999999999984e-003 4.0000000000000001e-003  1.6414875641306305e-003
2.7000000000000010e-002 -2.9999999999999957e-003 4.0000000000000001e-003  1.6424404114687790e-003
2.7000000000000010e-002 0.0000000000000000e+000 4.0000000000000001e-003  1.6411590702104116e-003
2.7000000000000010e-002 3.0000000000000027e-003 4.0000000000000001e-003  1.6355652368472454e-003
2.7000000000000010e-002 6.0000000000000053e-003 4.0000000000000001e-003  1.6307738293426927e-003
2.7000000000000010e-002 9.0000000000000011e-003 4.0000000000000001e-003  1.6280142947461143e-003
2.7000000000000010e-002 1.2000000000000004e-002 4.0000000000000001e-003  1.6256293325502128e-003
2.7000000000000010e-002 1.4999999999999999e-002 4.0000000000000001e-003  1.6289810536720749e-003
2.7000000000000010e-002 1.8000000000000002e-002 4.0000000000000001e-003  1.6348033931995304e-003
2.7000000000000010e-002 2.1000000000000005e-002 4.0000000000000001e-003  1.6455839190373011e-003
2.7000000000000010e-002 2.4000000000000007e-002 4.0000000000000001e-003  1.6739506410737353e-003
2.7000000000000010e-002 2.7000000000000010e-002 4.0000000000000001e-003  1.6992519229856353e-003
2.7000000000000010e-002 2.9999999999999999e-002 4.0000000000000001e-003  1.7213994536581358e-003
2.7000000000000010e-002 3.3000000000000002e-002 4.0000000000000001e-003  1.7404119576312329e-003
2.7000000000000010e-002 3.6000000000000004e-002 4.0000000000000001e-003  1.7563162066136979e-003
2.7000000000000010e-002 3.9000000000000007e-002 4.0000000000000001e-003  1.8292928679168950e-003
2.7000000000000010e-002 4.2000000000000010e-002 4.0000000000000001e-003  1.9121908108606803e-003
2.7000000000000010e-002 4.4999999999999998e-002 4.0000000000000001e-003  1.9927422674029696e-003
2.9999999999999999e-002 -4.4999999999999998e-002 4.0000000000000001e-003  2.2426915990849780e-003
2.9999999999999999e-002 -4.1999999999999996e-002 4.0000000000000001e-003  2.0969385889391201e-003
2.9999999999999999e-002 -3.9000000000000000e-002 4.0000000000000001e-003  1.9805883116037130e-003
2.9999999999999999e-002 -3.5999999999999997e-002 4.0000000000000001e-003  1.8910039592968629e-003
2.9999999999999999e-002 -3.3000000000000002e-002 4.0000000000000001e-003  1.8304223971630335e-003
2.9999999999999999e-002 -2.9999999999999999e-002 4.0000000000000001e-003  1.7936677289690868e-003
2.9999999999999999e-002 -2.6999999999999996e-002 4.0000000000000001e-003  1.7692071891743382e-003
2.9999999999999999e-002 -2.3999999999999997e-002 4.0000000000000001e-003  1.7461905645794311e-003
2.9999999999999999e-002 -2.0999999999999998e-002 4.0000000000000001e-003  1.7230998663088578e-003
2.9999999999999999e-002 -1.7999999999999999e-002 4.0000000000000001e-003  1.7033081652728086e-003
2.9999999999999999e-002 -1.4999999999999999e-002 4.0000000000000001e-003  1.6889600074333053e-003
2.9999999999999999e-002 -1.1999999999999997e-002 4.0000000000000001e-003  1.6801626002329116e-003
2.9999999999999999e-002 -8.9999999999999941e-003 4.0000000000000001e-003  1.6827469632783136e-003
2.9999999999999999e-002 -5.9999999999999984e-003 4.0000000000000001e-003  1.6858046464269063e-003
2.9999999999999999e-002 -2.9999999999999957e-003 4.0000000000000001e-003  1.6872529543264698e-003
2.9999999999999999e-002 0.0000000000000000e+000 4.0000000000000001e-003  1.6879737169697379e-003
2.9999999999999999e-002 3.0000000000000027e-003 4.0000000000000001e-003  1.6824015106063634e-003
2.9999999999999999e-002 6.0000000000000053e-003 4.0000000000000001e-003  1.6768780685579969e-003
2.9999999999999999e-002 9.0000000000000011e-003 4.0000000000000001e-003  1.6710398171149786e-003
2.9999999999999999e-002 1.2000000000000004e-002 4.0000000000000001e-003  1.6648857469987975e-003
2.9999999999999999e-002 1.4999999999999999e-002 4.0000000000000001e-003  1.6682084553709764e-003
2.9999999999999999e-002 1.8000000000000002e-002 4.0000000000000001e-003  1.6820967770156453e-003
2.9999999999999999e-002 2.1000000000000005e-002 4.0000000000000001e-003  1.6982941303357087e-003
2.9999999999999999e-002 2.4000000000000007e-002 4.0000000000000001e-003  1.7185815363199490e-003
2.9999999999999999e-002 2.7000000000000010e-002 4.0000000000000001e-003  1.7403516056864446e-003
2.9999999999999999e-002 2.9999999999999999e-002 4.0000000000000001e-003  1.7611624155087137e-003
2.9999999999999999e-002 3.3000000000000002e-002 4.0000000000000001e-003  1.7810302876108313e-003
2.9999999999999999e-002 3.6000000000000004e-002 4.0000000000000001e-003  1.8040276134262026e-003
2.9999999999999999e-002 3.9000000000000007e-002 4.0000000000000001e-003  1.8661180935757166e-003
2.9999999999999999e-002 4.2000000000000010e-002 4.0000000000000001e-003  1.9283303597665714e-003
2.9999999999999999e-002 4.4999999999999998e-002 4.0000000000000001e-003  2.0104720122903720e-003
3.3000000000000002e-002 -4.4999999999999998e-002 4.0000000000000001e-003  2.2876975571755596e-003
3.3000000000000002e-002 -4.1999999999999996e-002 4.0000000000000001e-003  2.1470477098138757e-003
3.3000000000000002e-002 -3.9000000000000000e-002 4.0000000000000001e-003  2.0368751703902081e-003
3.3000000000000002e-002 -3.5999999999999997e-002 4.0000000000000001e-003  1.9529110619230280e-003
3.3000000000000002e-002 -3.3000000000000002e-002 4.0000000000000001e-003  1.8921917977666846e-003
3.3000000000000002e-002 -2.9999999999999999e-002 4.0000000000000001e-003  1.8496400801275130e-003
3.3000000000000002e-002 -2.6999999999999996e-002 4.0000000000000001e-003  1.8285006908269218e-003
3.3000000000000002e-002 -2.3999999999999997e-002 4.0000000000000001e-003  1.8035469200298451e-003
3.3000000000000002e-002 -2.0999999999999998e-002 4.0000000000000001e-003  1.7804257574340399e-003
3.3000000000000002e-002 -1.7999999999999999e-002 4.0000000000000001e-003  1.7662037903197828e-003
3.3000000000000002e-002 -1.4999999999999999e-002 4.0000000000000001e-003  1.7546673959220210e-003
3.3000000000000002e-002 -1.1999999999999997e-002 4.0000000000000001e-003  1.7482722908408854e-003
3.3000000000000002e-002 -8.9999999999999941e-003 4.0000000000000001e-003  1.7448784247052680e-003
3.3000000000000002e-002 -5.9999999999999984e-003 4.0000000000000001e-003  1.7331882468184082e-003
3.3000000000000002e-002 -2.9999999999999957e-003 4.0000000000000001e-003  1.7251267539800767e-003
3.3000000000000002e-002 0.0000000000000000e+000 4.0000000000000001e-003  1.7281967061910329e-003
3.3000000000000002e-002 3.0000000000000027e-003 4.0000000000000001e-003  1.7332077188135641e-003
3.3000000000000002e-002 6.0000000000000053e-003 4.0000000000000001e-003  1.7239289334785742e-003
3.3000000000000002e-002 9.0000000000000011e-003 4.0000000000000001e-003  1.7143640531596697e-003
3.3000000000000002e-002 1.2000000000000004e-002 4.0000000000000001e-003  1.7084283849243763e-003
3.3000000000000002e-002 1.4999999999999999e-002 4.0000000000000001e-003  1.7251739618665946e-003
3.3000000000000002e-002 1.8000000000000002e-002 4.0000000000000001e-003  1.7416696544245282e-003
3.3000000000000002e-002 2.1000000000000005e-002 4.0000000000000001e-003  1.7604244339663349e-003
3.3000000000000002e-002 2.4000000000000007e-002 4.0000000000000001e-003  1.7814725499681798e-003
3.3000000000000002e-002 2.7000000000000010e-002 4.0000000000000001e-003  1.7973218886980593e-003
3.3000000000000002e-002 2.9999999999999999e-002 4.0000000000000001e-003  1.8129845990490991e-003
3.3000000000000002e-002 3.3000000000000002e-002 4.0000000000000001e-003  1.8356483294771390e-003
3.3000000000000002e-002 3.6000000000000004e-002 4.0000000000000001e-003  1.8648281127695411e-003
3.3000000000000002e-002 3.9000000000000007e-002 4.0000000000000001e-003  1.9047122589293311e-003
3.3000000000000002e-002 4.2000000000000010e-002 4.0000000000000001e-003  1.9642260449754959e-003
3.3000000000000002e-002 4.4999999999999998e-002 4.0000000000000001e-003  2.0501664665358750e-003
3.6000000000000004e-002 -4.4999999999999998e-002 4.0000000000000001e-003  2.2781181444931327e-003
3.6000000000000004e-002 -4.1999999999999996e-002 4.0000000000000001e-003  2.1969473919371775e-003
3.6000000000000004e-002 -3.9000000000000000e-002 4.0000000000000001e-003  2.1154716452383210e-003
3.6000000000000004e-002 -3.5999999999999997e-002 4.0000000000000001e-003  2.0304408037105696e-003
3.6000000000000004e-002 -3.3000000000000002e-002 4.0000000000000001e-003  1.9706124202993492e-003
3.6000000000000004e-002 -2.9999999999999999e-002 4.0000000000000001e-003  1.9120670318171602e-003
3.6000000000000004e-002 -2.6999999999999996e-002 4.0000000000000001e-003  1.8936281527122377e-003
3.6000000000000004e-002 -2.3999999999999997e-002 4.0000000000000001e-003  1.8714386727747292e-003
3.6000000000000004e-002 -2.0999999999999998e-002 4.0000000000000001e-003  1.8490447499435892e-003
3.6000000000000004e-002 -1.7999999999999999e-002 4.0000000000000001e-003  1.8298456054524322e-003
3.6000000000000004e-002 -1.4999999999999999e-002 4.0000000000000001e-003  1.8181576595975607e-003
3.6000000000000004e-002 -1.1999999999999997e-002 4.0000000000000001e-003  1.8150616006885807e-003
3.6000000000000004e-002 -8.9999999999999941e-003 4.0000000000000001e-003  1.8143813801898769e-003
3.6000000000000004e-002 -5.9999999999999984e-003 4.0000000000000001e-003  1.8007758270125328e-003
3.6000000000000004e-002 -2.9999999999999957e-003 4.0000000000000001e-003  1.7816676398043252e-003
3.6000000000000004e-002 0.0000000000000000e+000 4.0000000000000001e-003  1.7820489672743009e-003
3.6000000000000004e-002 3.0000000000000027e-003 4.0000000000000001e-003  1.7841891036216226e-003
3.6000000000000004e-002 6.0000000000000053e-003 4.0000000000000001e-003  1.7744838596163834e-003
3.6000000000000004e-002 9.0000000000000011e-003 4.0000000000000001e-003  1.7737359446084980e-003
3.6000000000000004e-002 1.2000000000000004e-002 4.0000000000000001e-003  1.7777736554772947e-003
3.6000000000000004e-002 1.4999999999999999e-002 4.0000000000000001e-003  1.7904290966211749e-003
3.6000000000000004e-002 1.8000000000000002e-002 4.0000000000000001e-003  1.8060012573559141e-003
3.6000000000000004e-002 2.1000000000000005e-002 4.0000000000000001e-003  1.8235832231143429e-003
3.6000000000000004e-002 2.4000000000000007e-002 4.0000000000000001e-003  1.8437057060448716e-003
3.6000000000000004e-002 2.7000000000000010e-002 4.0000000000000001e-003  1.8604153199802157e-003
3.6000000000000004e-002 2.9999999999999999e-002 4.0000000000000001e-003  1.8790251355232412e-003
3.6000000000000004e-002 3.3000000000000002e-002 4.0000000000000001e-003  1.9019641702677904e-003
3.6000000000000004e-002 3.6000000000000004e-002 4.0000000000000001e-003  1.9313324460283456e-003
3.6000000000000004e-002 3.9000000000000007e-002 4.0000000000000001e-003  1.9535352460596429e-003
3.6000000000000004e-002 4.2000000000000010e-002 4.0000000000000001e-003  2.0000796770392256e-003
3.6000000000000004e-002 4.4999999999999998e-002 4.0000000000000001e-003  2.0836480640686822e-003
3.9000000000000007e-002 -4.4999999999999998e-002 4.0000000000000001e-003  2.3315792540472106e-003
3.9000000000000007e-002 -4.1999999999999996e-002 4.0000000000000001e-003  2.2201581657343965e-003
3.9000000000000007e-002 -3.9000000000000000e-002 4.0000000000000001e-003  2.1588826551509318e-003
3.9000000000000007e-002 -3.5999999999999997e-002 4.0000000000000001e-003  2.1314521725229723e-003
3.9000000000000007e-002 -3.3000000000000002e-002 4.0000000000000001e-003  2.0475908531010526e-003
3.9000000000000007e-002 -2.9999999999999999e-002 4.0000000000000001e-003  1.9832054795318279e-003
3.9000000000000007e-002 -2.6999999999999996e-002 4.0000000000000001e-003  1.9667956203459828e-003
3.9000000000000007e-002 -2.3999999999999997e-002 4.0000000000000001e-003  1.9432408363271149e-003
3.9000000000000007e-002 -2.0999999999999998e-002 4.0000000000000001e-003  1.9192638787863495e-003
3.9000000000000007e-002 -1.7999999999999999e-002 4.0000000000000001e-003  1.8985068967457617e-003
3.9000000000000007e-002 -1.4999999999999999e-002 4.0000000000000001e-003  1.8862846109368714e-003
3.9000000000000007e-002 -1.1999999999999997e-002 4.0000000000000001e-003  1.8815292063652440e-003
3.9000000000000007e-002 -8.9999999999999941e-003 4.0000000000000001e-003  1.8832921066792988e-003
3.9000000000000007e-002 -5.9999999999999984e-003 4.0000000000000001e-003  1.8736890360332014e-003
3.9000000000000007e-002 -2.9999999999999957e-003 4.0000000000000001e-003  1.8708027415247808e-003
3.9000000000000007e-002 0.0000000000000000e+000 4.0000000000000001e-003  1.8628588416676102e-003
3.9000000000000007e-002 3.0000000000000027e-003 4.0000000000000001e-003  1.8720600250595357e-003
3.9000000000000007e-002 6.0000000000000053e-003 4.0000000000000001e-003  1.8932721377325095e-003
3.9000000000000007e-002 9.0000000000000011e-003 4.0000000000000001e-003  1.8777165928074821e-003
3.9000000000000007e-002 1.2000000000000004e-002 4.0000000000000001e-003  1.8814583226543894e-003
3.9000000000000007e-002 1.4999999999999999e-002 4.0000000000000001e-003  1.9011132713229143e-003
3.9000000000000007e-002 1.8000000000000002e-002 4.0000000000000001e-003  1.8920969513582819e-003
3.9000000000000007e-002 2.1000000000000005e-002 4.0000000000000001e-003  1.8809111704884830e-003
3.9000000000000007e-002 2.4000000000000007e-002 4.0000000000000001e-003  1.8945739697118229e-003
3.9000000000000007e-002 2.7000000000000010e-002 4.0000000000000001e-003  1.9182390827143098e-003
3.9000000000000007e-002 2.9999999999999999e-002 4.0000000000000001e-003  1.9472140545188327e-003
3.9000000000000007e-002 3.3000000000000002e-002 4.0000000000000001e-003  1.9672955412963597e-003
3.9000000000000007e-002 3.6000000000000004e-002 4.0000000000000001e-003  1.9851754395561420e-003
3.9000000000000007e-002 3.9000000000000007e-002 4.0000000000000001e-003  2.0156020051655746e-003
3.9000000000000007e-002 4.2000000000000010e-002 4.0000000000000001e-003  2.0626450864699615e-003
3.9000000000000007e-002 4.4999999999999998e-002 4.0000000000000001e-003  2.1492295673156995e-003
4.2000000000000010e-002 -4.4999999999999998e-002 4.0000000000000001e-003  2.4287568797960657e-003
4.2000000000000010e-002 -4.1999999999999996e-002 4.0000000000000001e-003  2.3160705156784842e-003
4.2000000000000010e-002 -3.9000000000000000e-002 4.0000000000000001e-003  2.2412323647938224e-003
4.2000000000000010e-002 -3.5999999999999997e-002 4.0000000000000001e-003  2.2280653371806788e-003
4.2000000000000010e-002 -3.3000000000000002e-002 4.0000000000000001e-003  2.1270506325075044e-003
4.2000000000000010e-002 -2.9999999999999999e-002 4.0000000000000001e-003  2.0735718477691927e-003
4.2000000000000010e-002 -2.6999999999999996e-002 4.0000000000000001e-003  2.0493666443126687e-003
4.2000000000000010e-002 -2.3999999999999997e-002 4.0000000000000001e-003  2.0337509956075733e-003
4.2000000000000010e-002 -2.0999999999999998e-002 4.0000000000000001e-003  2.0261540204577488e-003
4.2000000000000010e-002 -1.7999999999999999e-002 4.0000000000000001e-003  2.0176094099772701e-003
4.2000000000000010e-002 -1.4999999999999999e-002 4.0000000000000001e-003  2.0080809570922975e-003
4.2000000000000010e-002 -1.1999999999999997e-002 4.0000000000000001e-003  1.9878141141290899e-003
4.2000000000000010e-002 -8.9999999999999941e-003 4.0000000000000001e-003  1.9850504658324650e-003
4.2000000000000010e-002 -5.9999999999999984e-003 4.0000000000000001e-003  2.0100723772393746e-003
4.2000000000000010e-002 -2.9999999999999957e-003 4.0000000000000001e-003  2.0121672316600180e-003
4.2000000000000010e-002 0.0000000000000000e+000 4.0000000000000001e-003  1.9965591607054370e-003
4.2000000000000010e-002 3.0000000000000027e-003 4.0000000000000001e-003  1.9829776725140179e-003
4.2000000000000010e-002 6.0000000000000053e-003 4.0000000000000001e-003  2.0265910793238508e-003
4.2000000000000010e-002 9.0000000000000011e-003 4.0000000000000001e-003  2.0815631904704266e-003
4.2000000000000010e-002 1.2000000000000004e-002 4.0000000000000001e-003  2.0857273461760903e-003
4.2000000000000010e-002 1.4999999999999999e-002 4.0000000000000001e-003  2.0769847240752520e-003
4.2000000000000010e-002 1.8000000000000002e-002 4.0000000000000001e-003  2.0492171244172676e-003
4.2000000000000010e-002 2.1000000000000005e-002 4.0000000000000001e-003  2.0121786982251655e-003
4.2000000000000010e-002 2.4000000000000007e-002 4.0000000000000001e-003  1.9979594598504326e-003
4.2000000000000010e-002 2.7000000000000010e-002 4.0000000000000001e-003  2.0016415027141465e-003
4.2000000000000010e-002 2.9999999999999999e-002 4.0000000000000001e-003  2.0071855600516989e-003
4.2000000000000010e-002 3.3000000000000002e-002 4.0000000000000001e-003  2.0356217087759989e-003
4.2000000000000010e-002 3.6000000000000004e-002 4.0000000000000001e-003  2.0760773325711143e-003
4.2000000000000010e-002 3.9000000000000007e-002 4.0000000000000001e-003  2.1210259481688207e-003
4.2000000000000010e-002 4.2000000000000010e-002 4.0000000000000001e-003  2.1561056874701877e-003
4.2000000000000010e-002 4.4999999999999998e-002 4.0000000000000001e-003  2.2424225174351386e-003
4.4999999999999998e-002 -4.4999999999999998e-002 4.0000000000000001e-003  2.5371768139961699e-003
4.4999999999999998e-002 -4.1999999999999996e-002 4.0000000000000001e-003  2.4572316645532018e-003
4.4999999999999998e-002 -3.9000000000000000e-002 4.0000000000000001e-003  2.3831792797451793e-003
4.4999999999999998e-002 -3.5999999999999997e-002 4.0000000000000001e-003  2.3132849240436941e-003
4.4999999999999998e-002 -3.3000000000000002e-002 4.0000000000000001e-003  2.2986733548592537e-003
4.4999999999999998e-002 -2.9999999999999999e-002 4.0000000000000001e-003  2.2754526128658577e-003
4.4999999999999998e-002 -2.6999999999999996e-002 4.0000000000000001e-003  2.2488643227568778e-003
4.4999999999999998e-002 -2.3999999999999997e-002 4.0000000000000001e-003  2.2246888861828301e-003
4.4999999999999998e-002 -2.0999999999999998e-002 4.0000000000000001e-003  2.2087662658931166e-003
4.4999999999999998e-002 -1.7999999999999999e-002 4.0000000000000001e-003  2.2010703739245817e-003
4.4999999999999998e-002 -1.4999999999999999e-002 4.0000000000000001e-003  2.1919738498791873e-003
4.4999999999999998e-002 -1.1999999999999997e-002 4.0000000000000001e-003  2.1653781553758805e-003
4.4999999999999998e-002 -8.9999999999999941e-003 4.0000000000000001e-003  2.2105614333089827e-003
4.4999999999999998e-002 -5.9999999999999984e-003 4.0000000000000001e-003  2.2228916753269552e-003
4.4999999999999998e-002 -2.9999999999999957e-003 4.0000000000000001e-003  2.2171238911733644e-003
4.4999999999999998e-002 0.0000000000000000e+000 4.0000000000000001e-003  2.1931717130469030e-003
4.4999999999999998e-002 3.0000000000000027e-003 4.0000000000000001e-003  2.1509998508542445e-003
4.4999999999999998e-002 6.0000000000000053e-003 4.0000000000000001e-003  2.1795422568305837e-003
4.4999999999999998e-002 9.0000000000000011e-003 4.0000000000000001e-003  2.2265423425242067e-003
4.4999999999999998e-002 1.2000000000000004e-002 4.0000000000000001e-003  2.2443551333779259e-003
4.4999999999999998e-002 1.4999999999999999e-002 4.0000000000000001e-003  2.2485680786165406e-003
4.4999999999999998e-002 1.8000000000000002e-002 4.0000000000000001e-003  2.2391744046208794e-003
4.4999999999999998e-002 2.1000000000000005e-002 4.0000000000000001e-003  2.2023735567431647e-003
4.4999999999999998e-002 2.4000000000000007e-002 4.0000000000000001e-003  2.1581296936881910e-003
4.4999999999999998e-002 2.7000000000000010e-002 4.0000000000000001e-003  2.1472450057899110e-003
4.4999999999999998e-002 2.9999999999999999e-002 4.0000000000000001e-003  2.1807758370635724e-003
4.4999999999999998e-002 3.3000000000000002e-002 4.0000000000000001e-003  2.2124356383552966e-003
4.4999999999999998e-002 3.6000000000000004e-002 4.0000000000000001e-003  2.2377976200531687e-003
4.4999999999999998e-002 3.9000000000000007e-002 4.0000000000000001e-003  2.2898155566801496e-003
4.4999999999999998e-002 4.2000000000000010e-002 4.0000000000000001e-003  2.2830988056496988e-003
4.4999999999999998e-002 4.4999999999999998e-002 4.0000000000000001e-003  2.3477383900101000e-003
