Grid Output Min: [-45mm -45mm 4mm] Max: [45mm 45mm 4mm] Grid Size: [3mm 3mm 0mm]
X, Y, Z, Scalar data "Mag_B"
-4.4999999999999998e-02 -4.4999999999999998e-02 4.0000000000000001e-03  2.4250208165372093e-03
-4.4999999999999998e-02 -4.1999999999999996e-02 4.0000000000000001e-03  2.2363027285265606e-03
-4.4999999999999998e-02 -3.9000000000000000e-02 4.0000000000000001e-03  2.0811048000188336e-03
-4.4999999999999998e-02 -3.5999999999999997e-02 4.0000000000000001e-03  2.0663635660404878e-03
-4.4999999999999998e-02 -3.3000000000000002e-02 4.0000000000000001e-03  1.9737153762696613e-03
-4.4999999999999998e-02 -2.9999999999999999e-02 4.0000000000000001e-03  1.9033531567646453e-03
-4.4999999999999998e-02 -2.6999999999999996e-02 4.0000000000000001e-03  1.8600605046828647e-03
-4.4999999999999998e-02 -2.3999999999999997e-02 4.0000000000000001e-03  1.8458887376426349e-03
-4.4999999999999998e-02 -2.0999999999999998e-02 4.0000000000000001e-03  1.9001439582472580e-03
-4.4999999999999998e-02 -1.7999999999999999e-02 4.0000000000000001e-03  1.9387021931866341e-03
-4.4999999999999998e-02 -1.4999999999999999e-02 4.0000000000000001e-03  1.9336011943665850e-03
-4.4999999999999998e-02 -1.1999999999999997e-02 4.0000000000000001e-03  1.9180901587667466e-03
-4.4999999999999998e-02 -8.9999999999999941e-03 4.0000000000000001e-03  1.8921508332215232e-03
-4.4999999999999998e-02 -5.9999999999999984e-03 4.0000000000000001e-03  1.8557800688395157e-03
-4.4999999999999998e-02 -2.9999999999999957e-03 4.0000000000000001e-03  1.8089898210035562e-03
-4.4999999999999998e-02 0.0000000000000000e+00 4.0000000000000001e-03  1.7852556356174225e-03
-4.4999999999999998e-02 3.0000000000000027e-03 4.0000000000000001e-03  1.8542210600947650e-03
-4.4999999999999998e-02 6.0000000000000053e-03 4.0000000000000001e-03  1.8147309410774205e-03
-4.4999999999999998e-02 9.0000000000000011e-03 4.0000000000000001e-03  1.7871220387811948e-03
-4.4999999999999998e-02 1.2000000000000004e-02 4.0000000000000001e-03  1.8029273212808981e-03
-4.4999999999999998e-02 1.4999999999999999e-02 4.0000000000000001e-03  1.8396741215591047e-03
-4.4999999999999998e-02 1.8000000000000002e-02 4.0000000000000001e-03  1.8785402260148767e-03
-4.4999999999999998e-02 2.1000000000000005e-02 4.0000000000000001e-03  1.9195459887181244e-03
-4.4999999999999998e-02 2.4000000000000007e-02 4.0000000000000001e-03  1.9627136289684403e-03
-4.4999999999999998e-02 2.7000000000000010e-02 4.0000000000000001e-03  2.0080672312951116e-03
-4.4999999999999998e-02 2.9999999999999999e-02 4.0000000000000001e-03  2.0556327454570992e-03
-4.4999999999999998e-02 3.3000000000000002e-02 4.0000000000000001e-03  2.1054379864430491e-03
-4.4999999999999998e-02 3.6000000000000004e-02 4.0000000000000001e-03  2.1575126344712905e-03
-4.4999999999999998e-02 3.9000000000000007e-02 4.0000000000000001e-03  2.2118882349898440e-03
-4.4999999999999998e-02 4.2000000000000010e-02 4.0000000000000001e-03  2.2914931308927575e-03
-4.4999999999999998e-02 4.4999999999999998e-02 4.0000000000000001e-03  2.4004979884804708e-03
-4.1999999999999996e-02 -4.4999999999999998e-02 4.0000000000000001e-03  2.3076550706143555e-03
-4.1999999999999996e-02 -4.1999999999999996e-02 4.0000000000000001e-03  2.2295626279801766e-03
-4.1999999999999996e-02 -3.9000000000000000e-02 4.0000000000000001e-03  2.0291995563857688e-03
-4.1999999999999996e-02 -3.5999999999999997e-02 4.0000000000000001e-03  1.9146998821751439e-03
-4.1999999999999996e-02 -3.3000000000000002e-02 4.0000000000000001e-03  1.8836129066454794e-03
-4.1999999999999996e-02 -2.9999999999999999e-02 4.0000000000000001e-03  1.8412256566261117e-03
-4.1999999999999996e-02 -2.6999999999999996e-02 4.0000000000000001e-03  1.7719158386339145e-03
-4.1999999999999996e-02 -2.3999999999999997e-02 4.0000000000000001e-03  1.7390697217266676e-03
-4.1999999999999996e-02 -2.0999999999999998e-02 4.0000000000000001e-03  1.7580572567962108e-03
-4.1999999999999996e-02 -1.7999999999999999e-02 4.0000000000000001e-03  1.8002322060518630e-03
-4.1999999999999996e-02 -1.4999999999999999e-02 4.0000000000000001e-03  1.7945779477088965e-03
-4.1999999999999996e-02 -1.1999999999999997e-02 4.0000000000000001e-03  1.7786179454899985e-03
-4.1999999999999996e-02 -8.9999999999999941e-03 4.0000000000000001e-03  1.7523308638665465e-03
-4.1999999999999996e-02 -5.9999999999999984e-03 4.0000000000000001e-03  1.7157104715841453e-03
-4.1999999999999996e-02 -2.9999999999999957e-03 4.0000000000000001e-03  1.6823410160093275e-03
-4.1999999999999996e-02 0.0000000000000000e+00 4.0000000000000001e-03  1.7214699603909749e-03
-4.1999999999999996e-02 3.0000000000000027e-03 4.0000000000000001e-03  1.7824684291257446e-03
-4.1999999999999996e-02 6.0000000000000053e-03 4.0000000000000001e-03  1.7433170242365818e-03
-4.1999999999999996e-02 9.0000000000000011e-03 4.0000000000000001e-03  1.6941946760177001e-03
-4.1999999999999996e-02 1.2000000000000004e-02 4.0000000000000001e-03  1.6989785537181721e-03
-4.1999999999999996e-02 1.4999999999999999e-02 4.0000000000000001e-03  1.7151523670562467e-03
-4.1999999999999996e-02 1.8000000000000002e-02 4.0000000000000001e-03  1.7514924060413369e-03
-4.1999999999999996e-02 2.1000000000000005e-02 4.0000000000000001e-03  1.7899844323141679e-03
-4.1999999999999996e-02 2.4000000000000007e-02 4.0000000000000001e-03  1.8306513793029592e-03
-4.1999999999999996e-02 2.7000000000000010e-02 4.0000000000000001e-03  1.8735180456656260e-03
-4.1999999999999996e-02 2.9999999999999999e-02 4.0000000000000001e-03  1.9186110952897602e-03
-4.1999999999999996e-02 3.3000000000000002e-02 4.0000000000000001e-03  1.9659590572926404e-03
-4.1999999999999996e-02 3.6000000000000004e-02 4.0000000000000001e-03  2.0155923260212292e-03
-4.1999999999999996e-02 3.9000000000000007e-02 4.0000000000000001e-03  2.0763886246638794e-03
-4.1999999999999996e-02 4.2000000000000010e-02 4.0000000000000001e-03  2.1091104156619189e-03
-4.1999999999999996e-02 4.4999999999999998e-02 4.0000000000000001e-03  2.1836678520355669e-03
-3.9000000000000000e-02 -4.4999999999999998e-02 4.0000000000000001e-03  2.1629433444861177e-03
-3.9000000000000000e-02 -4.1999999999999996e-02 4.0000000000000001e-03  2.0708973838829163e-03
-3.9000000000000000e-02 -3.9000000000000000e-02 4.0000000000000001e-03  1.9894633360540153e-03
-3.9000000000000000e-02 -3.5999999999999997e-02 4.0000000000000001e-03  1.8683455684814004e-03
-3.9000000000000000e-02 -3.3000000000000002e-02 4.0000000000000001e-03  1.7844756698603068e-03
-3.9000000000000000e-02 -2.9999999999999999e-02 4.0000000000000001e-03  1.7558601351961797e-03
-3.9000000000000000e-02 -2.6999999999999996e-02 4.0000000000000001e-03  1.7155005469373385e-03
-3.9000000000000000e-02 -2.3999999999999997e-02 4.0000000000000001e-03  1.6637176977007059e-03
-3.9000000000000000e-02 -2.0999999999999998e-02 4.0000000000000001e-03  1.6514131195407228e-03
-3.9000000000000000e-02 -1.7999999999999999e-02 4.0000000000000001e-03  1.6873457100060859e-03
-3.9000000000000000e-02 -1.4999999999999999e-02 4.0000000000000001e-03  1.6808147225932451e-03
-3.9000000000000000e-02 -1.1999999999999997e-02 4.0000000000000001e-03  1.6641103141353561e-03
-3.9000000000000000e-02 -8.9999999999999941e-03 4.0000000000000001e-03  1.6372080667407876e-03
-3.9000000000000000e-02 -5.9999999999999984e-03 4.0000000000000001e-03  1.6001776796940013e-03
-3.9000000000000000e-02 -2.9999999999999957e-03 4.0000000000000001e-03  1.6243673087998946e-03
-3.9000000000000000e-02 0.0000000000000000e+00 4.0000000000000001e-03  1.6691806662256347e-03
-3.9000000000000000e-02 3.0000000000000027e-03 4.0000000000000001e-03  1.6884508479030915e-03
-3.9000000000000000e-02 6.0000000000000053e-03 4.0000000000000001e-03  1.6713696579999224e-03
-3.9000000000000000e-02 9.0000000000000011e-03 4.0000000000000001e-03  1.6359318148021391e-03
-3.9000000000000000e-02 1.2000000000000004e-02 4.0000000000000001e-03  1.6186870027489041e-03
-3.9000000000000000e-02 1.4999999999999999e-02 4.0000000000000001e-03  1.6285765109535757e-03
-3.9000000000000000e-02 1.8000000000000002e-02 4.0000000000000001e-03  1.6452342051166368e-03
-3.9000000000000000e-02 2.1000000000000005e-02 4.0000000000000001e-03  1.6813793980164937e-03
-3.9000000000000000e-02 2.4000000000000007e-02 4.0000000000000001e-03  1.7197134327981418e-03
-3.9000000000000000e-02 2.7000000000000010e-02 4.0000000000000001e-03  1.7602618222481230e-03
-3.9000000000000000e-02 2.9999999999999999e-02 4.0000000000000001e-03  1.8030519443826656e-03
-3.9000000000000000e-02 3.3000000000000002e-02 4.0000000000000001e-03  1.8481130424476751e-03
-3.9000000000000000e-02 3.6000000000000004e-02 4.0000000000000001e-03  1.8954762249187437e-03
-3.9000000000000000e-02 3.9000000000000007e-02 4.0000000000000001e-03  1.9348707227313838e-03
-3.9000000000000000e-02 4.2000000000000010e-02 4.0000000000000001e-03  1.9599699374423366e-03
-3.9000000000000000e-02 4.4999999999999998e-02 4.0000000000000001e-03  2.0351452129209143e-03
-3.5999999999999997e-02 -4.4999999999999998e-02 4.0000000000000001e-03  2.0631221162713837e-03
-3.5999999999999997e-02 -4.1999999999999996e-02 4.0000000000000001e-03  1.9574991771302720e-03
-3.5999999999999997e-02 -3.9000000000000000e-02 4.0000000000000001e-03  1.8606819184371203e-03
-3.5999999999999997e-02 -3.5999999999999997e-02 4.0000000000000001e-03  1.8220178399953957e-03
-3.5999999999999997e-02 -3.3000000000000002e-02 4.0000000000000001e-03  1.7421703351166017e-03
-3.5999999999999997e-02 -2.9999999999999999e-02 4.0000000000000001e-03  1.6778768750724960e-03
-3.5999999999999997e-02 -2.6999999999999996e-02 4.0000000000000001e-03  1.6515620740004337e-03
-3.5999999999999997e-02 -2.3999999999999997e-02 4.0000000000000001e-03  1.6129540672064990e-03
-3.5999999999999997e-02 -2.0999999999999998e-02 4.0000000000000001e-03  1.5766742315989010e-03
-3.5999999999999997e-02 -1.7999999999999999e-02 4.0000000000000001e-03  1.5977233215246241e-03
-3.5999999999999997e-02 -1.4999999999999999e-02 4.0000000000000001e-03  1.5908657419366841e-03
-3.5999999999999997e-02 -1.1999999999999997e-02 4.0000000000000001e-03  1.5731881978283443e-03
-3.5999999999999997e-02 -8.9999999999999941e-03 4.0000000000000001e-03  1.5454700851782305e-03
-3.5999999999999997e-02 -5.9999999999999984e-03 4.0000000000000001e-03  1.5519932010038225e-03
-3.5999999999999997e-02 -2.9999999999999957e-03 4.0000000000000001e-03  1.5764384296479714e-03
-3.5999999999999997e-02 0.0000000000000000e+00 4.0000000000000001e-03  1.5956881494207326e-03
-3.5999999999999997e-02 3.0000000000000027e-03 4.0000000000000001e-03  1.5911435574845088e-03
-3.5999999999999997e-02 6.0000000000000053e-03 4.0000000000000001e-03  1.5971849767653144e-03
-3.5999999999999997e-02 9.0000000000000011e-03 4.0000000000000001e-03  1.5838727298318747e-03
-3.5999999999999997e-02 1.2000000000000004e-02 4.0000000000000001e-03  1.5608835870283230e-03
-3.5999999999999997e-02 1.4999999999999999e-02 4.0000000000000001e-03  1.5644355837674978e-03
-3.5999999999999997e-02 1.8000000000000002e-02 4.0000000000000001e-03  1.5752288962281999e-03
-3.5999999999999997e-02 2.1000000000000005e-02 4.0000000000000001e-03  1.5924753720856536e-03
-3.5999999999999997e-02 2.4000000000000007e-02 4.0000000000000001e-03  1.6286215963616294e-03
-3.5999999999999997e-02 2.7000000000000010e-02 4.0000000000000001e-03  1.6669976885973390e-03
-3.5999999999999997e-02 2.9999999999999999e-02 4.0000000000000001e-03  1.7076317409376331e-03
-3.5999999999999997e-02 3.3000000000000002e-02 4.0000000000000001e-03  1.7505537107570534e-03
-3.5999999999999997e-02 3.6000000000000004e-02 4.0000000000000001e-03  1.7878416650141500e-03
-3.5999999999999997e-02 3.9000000000000007e-02 4.0000000000000001e-03  1.8178282249561252e-03
-3.5999999999999997e-02 4.2000000000000010e-02 4.0000000000000001e-03  1.9000032938273324e-03
-3.5999999999999997e-02 4.4999999999999998e-02 4.0000000000000001e-03  2.0012684512098187e-03
-3.3000000000000002e-02 -4.4999999999999998e-02 4.0000000000000001e-03  1.9892443004094905e-03
-3.3000000000000002e-02 -4.1999999999999996e-02 4.0000000000000001e-03  1.8874810747105523e-03
-3.3000000000000002e-02 -3.9000000000000000e-02 4.0000000000000001e-03  1.7943500802090108e-03
-3.3000000000000002e-02 -3.5999999999999997e-02 4.0000000000000001e-03  1.7093415692797200e-03
-3.3000000000000002e-02 -3.3000000000000002e-02 4.0000000000000001e-03  1.6765851052642578e-03
-3.3000000000000002e-02 -2.9999999999999999e-02 4.0000000000000001e-03  1.6420214203474619e-03
-3.3000000000000002e-02 -2.6999999999999996e-02 4.0000000000000001e-03  1.5989748641923388e-03
-3.3000000000000002e-02 -2.3999999999999997e-02 4.0000000000000001e-03  1.5705527403296396e-03
-3.3000000000000002e-02 -2.0999999999999998e-02 4.0000000000000001e-03  1.5333471778789139e-03
-3.3000000000000002e-02 -1.7999999999999999e-02 4.0000000000000001e-03  1.5238979415872508e-03
-3.3000000000000002e-02 -1.4999999999999999e-02 4.0000000000000001e-03  1.5233401532713956e-03
-3.3000000000000002e-02 -1.1999999999999997e-02 4.0000000000000001e-03  1.5045274543096124e-03
-3.3000000000000002e-02 -8.9999999999999941e-03 4.0000000000000001e-03  1.4992981734745932e-03
-3.3000000000000002e-02 -5.9999999999999984e-03 4.0000000000000001e-03  1.5086883831438153e-03
-3.3000000000000002e-02 -2.9999999999999957e-03 4.0000000000000001e-03  1.5220998201181059e-03
-3.3000000000000002e-02 0.0000000000000000e+00 4.0000000000000001e-03  1.4973561709164050e-03
-3.3000000000000002e-02 3.0000000000000027e-03 4.0000000000000001e-03  1.4892943592159792e-03
-3.3000000000000002e-02 6.0000000000000053e-03 4.0000000000000001e-03  1.5192434065919545e-03
-3.3000000000000002e-02 9.0000000000000011e-03 4.0000000000000001e-03  1.5291562894143801e-03
-3.3000000000000002e-02 1.2000000000000004e-02 4.0000000000000001e-03  1.5202151267086500e-03
-3.3000000000000002e-02 1.4999999999999999e-02 4.0000000000000001e-03  1.5174248299851688e-03
-3.3000000000000002e-02 1.8000000000000002e-02 4.0000000000000001e-03  1.5264617240385184e-03
-3.3000000000000002e-02 2.1000000000000005e-02 4.0000000000000001e-03  1.5382156468303626e-03
-3.3000000000000002e-02 2.4000000000000007e-02 4.0000000000000001e-03  1.5561459208499723e-03
-3.3000000000000002e-02 2.7000000000000010e-02 4.0000000000000001e-03  1.5924730162168999e-03
-3.3000000000000002e-02 2.9999999999999999e-02 4.0000000000000001e-03  1.6310751771053779e-03
-3.3000000000000002e-02 3.3000000000000002e-02 4.0000000000000001e-03  1.6679103066301166e-03
-3.3000000000000002e-02 3.6000000000000004e-02 4.0000000000000001e-03  1.7028298974359275e-03
-3.3000000000000002e-02 3.9000000000000007e-02 4.0000000000000001e-03  1.7815768719672339e-03
-3.3000000000000002e-02 4.2000000000000010e-02 4.0000000000000001e-03  1.8652676910127387e-03
-3.3000000000000002e-02 4.4999999999999998e-02 4.0000000000000001e-03  1.9606554162009942e-03
-2.9999999999999999e-02 -4.4999999999999998e-02 4.0000000000000001e-03  1.9403874718720081e-03
-2.9999999999999999e-02 -4.1999999999999996e-02 4.0000000000000001e-03  1.8427681308089551e-03
-2.9999999999999999e-02 -3.9000000000000000e-02 4.0000000000000001e-03  1.7537264713309252e-03
-2.9999999999999999e-02 -3.5999999999999997e-02 4.0000000000000001e-03  1.6726962131800112e-03
-2.9999999999999999e-02 -3.3000000000000002e-02 4.0000000000000001e-03  1.5991616337487251e-03
-2.9999999999999999e-02 -2.9999999999999999e-02 4.0000000000000001e-03  1.5526142240156037e-03
-2.9999999999999999e-02 -2.6999999999999996e-02 4.0000000000000001e-03  1.5632447038273129e-03
-2.9999999999999999e-02 -2.3999999999999997e-02 4.0000000000000001e-03  1.5373163628156655e-03
-2.9999999999999999e-02 -2.0999999999999998e-02 4.0000000000000001e-03  1.5124948110352599e-03
-2.9999999999999999e-02 -1.7999999999999999e-02 4.0000000000000001e-03  1.4790526241514534e-03
-2.9999999999999999e-02 -1.4999999999999999e-02 4.0000000000000001e-03  1.4769020287446926e-03
-2.9999999999999999e-02 -1.1999999999999997e-02 4.0000000000000001e-03  1.4656385623628069e-03
-2.9999999999999999e-02 -8.9999999999999941e-03 4.0000000000000001e-03  1.4648663253908063e-03
-2.9999999999999999e-02 -5.9999999999999984e-03 4.0000000000000001e-03  1.4686898931459895e-03
-2.9999999999999999e-02 -2.9999999999999957e-03 4.0000000000000001e-03  1.4428810986515663e-03
-2.9999999999999999e-02 0.0000000000000000e+00 4.0000000000000001e-03  1.4327322445974809e-03
-2.9999999999999999e-02 3.0000000000000027e-03 4.0000000000000001e-03  1.4382184202226811e-03
-2.9999999999999999e-02 6.0000000000000053e-03 4.0000000000000001e-03  1.4421521838010652e-03
-2.9999999999999999e-02 9.0000000000000011e-03 4.0000000000000001e-03  1.4701798359833824e-03
-2.9999999999999999e-02 1.2000000000000004e-02 4.0000000000000001e-03  1.4838386690649141e-03
-2.9999999999999999e-02 1.4999999999999999e-02 4.0000000000000001e-03  1.4864238508463835e-03
-2.9999999999999999e-02 1.8000000000000002e-02 4.0000000000000001e-03  1.4940704903109606e-03
-2.9999999999999999e-02 2.1000000000000005e-02 4.0000000000000001e-03  1.5040151514953040e-03
-2.9999999999999999e-02 2.4000000000000007e-02 4.0000000000000001e-03  1.5167836515958923e-03
-2.9999999999999999e-02 2.7000000000000010e-02 4.0000000000000001e-03  1.5354834205593519e-03
-2.9999999999999999e-02 2.9999999999999999e-02 4.0000000000000001e-03  1.5721551889855403e-03
-2.9999999999999999e-02 3.3000000000000002e-02 4.0000000000000001e-03  1.6132118146481487e-03
-2.9999999999999999e-02 3.6000000000000004e-02 4.0000000000000001e-03  1.6749591779499969e-03
-2.9999999999999999e-02 3.9000000000000007e-02 4.0000000000000001e-03  1.7482886140391784e-03
-2.9999999999999999e-02 4.2000000000000010e-02 4.0000000000000001e-03  1.8332560830617202e-03
-2.9999999999999999e-02 4.4999999999999998e-02 4.0000000000000001e-03  1.9299354096959144e-03
-2.6999999999999996e-02 -4.4999999999999998e-02 4.0000000000000001e-03  1.9278024428130219e-03
-2.6999999999999996e-02 -4.1999999999999996e-02 4.0000000000000001e-03  1.8325633284721819e-03
-2.6999999999999996e-02 -3.9000000000000000e-02 4.0000000000000001e-03  1.7404199533712621e-03
-2.6999999999999996e-02 -3.5999999999999997e-02 4.0000000000000001e-03  1.6609705063987739e-03
-2.6999999999999996e-02 -3.3000000000000002e-02 4.0000000000000001e-03  1.5916117991745752e-03
-2.6999999999999996e-02 -2.9999999999999999e-02 4.0000000000000001e-03  1.5291783578404571e-03
-2.6999999999999996e-02 -2.6999999999999996e-02 4.0000000000000001e-03  1.4731990424569868e-03
-2.6999999999999996e-02 -2.3999999999999997e-02 4.0000000000000001e-03  1.5050753725573431e-03
-2.6999999999999996e-02 -2.0999999999999998e-02 4.0000000000000001e-03  1.4864937582485340e-03
-2.6999999999999996e-02 -1.7999999999999999e-02 4.0000000000000001e-03  1.4668727945733265e-03
-2.6999999999999996e-02 -1.4999999999999999e-02 4.0000000000000001e-03  1.4503316905930873e-03
-2.6999999999999996e-02 -1.1999999999999997e-02 4.0000000000000001e-03  1.4395146217818166e-03
-2.6999999999999996e-02 -8.9999999999999941e-03 4.0000000000000001e-03  1.4345882319999653e-03
-2.6999999999999996e-02 -5.9999999999999984e-03 4.0000000000000001e-03  1.4083588803650736e-03
-2.6999999999999996e-02 -2.9999999999999957e-03 4.0000000000000001e-03  1.4047495662161029e-03
-2.6999999999999996e-02 0.0000000000000000e+00 4.0000000000000001e-03  1.4125282108326321e-03
-2.6999999999999996e-02 3.0000000000000027e-03 4.0000000000000001e-03  1.4187667034211385e-03
-2.6999999999999996e-02 6.0000000000000053e-03 4.0000000000000001e-03  1.4234513152008759e-03
-2.6999999999999996e-02 9.0000000000000011e-03 4.0000000000000001e-03  1.4265739892250970e-03
-2.6999999999999996e-02 1.2000000000000004e-02 4.0000000000000001e-03  1.4433992392004482e-03
-2.6999999999999996e-02 1.4999999999999999e-02 4.0000000000000001e-03  1.4615576825484410e-03
-2.6999999999999996e-02 1.8000000000000002e-02 4.0000000000000001e-03  1.4773712241944546e-03
-2.6999999999999996e-02 2.1000000000000005e-02 4.0000000000000001e-03  1.4853997583801834e-03
-2.6999999999999996e-02 2.4000000000000007e-02 4.0000000000000001e-03  1.4963125456187085e-03
-2.6999999999999996e-02 2.7000000000000010e-02 4.0000000000000001e-03  1.5069665321323952e-03
-2.6999999999999996e-02 2.9999999999999999e-02 4.0000000000000001e-03  1.5378109212798663e-03
-2.6999999999999996e-02 3.3000000000000002e-02 4.0000000000000001e-03  1.5872157894644633e-03
-2.6999999999999996e-02 3.6000000000000004e-02 4.0000000000000001e-03  1.6501962547867247e-03
-2.6999999999999996e-02 3.9000000000000007e-02 4.0000000000000001e-03  1.7248221380405026e-03
-2.6999999999999996e-02 4.2000000000000010e-02 4.0000000000000001e-03  1.8110987343010494e-03
-2.6999999999999996e-02 4.4999999999999998e-02 4.0000000000000001e-03  1.9091070999837645e-03
-2.3999999999999997e-02 -4.4999999999999998e-02 4.0000000000000001e-03  1.9113354214325335e-03
-2.3999999999999997e-02 -4.1999999999999996e-02 4.0000000000000001e-03  1.8184752475263353e-03
-2.3999999999999997e-02 -3.9000000000000000e-02 4.0000000000000001e-03  1.7358106905548472e-03
-2.3999999999999997e-02 -3.5999999999999997e-02 4.0000000000000001e-03  1.6629906133840693e-03
-2.3999999999999997e-02 -3.3000000000000002e-02 4.0000000000000001e-03  1.5995819285686377e-03
-2.3999999999999997e-02 -2.9999999999999999e-02 4.0000000000000001e-03  1.5429434032261998e-03
-2.3999999999999997e-02 -2.6999999999999996e-02 4.0000000000000001e-03  1.4983020512248577e-03
-2.3999999999999997e-02 -2.3999999999999997e-02 4.0000000000000001e-03  1.4524931076139163e-03
-2.3999999999999997e-02 -2.0999999999999998e-02 4.0000000000000001e-03  1.4628072479641431e-03
-2.3999999999999997e-02 -1.7999999999999999e-02 4.0000000000000001e-03  1.4455148093580916e-03
-2.3999999999999997e-02 -1.4999999999999999e-02 4.0000000000000001e-03  1.4322621498085730e-03
-2.3999999999999997e-02 -1.1999999999999997e-02 4.0000000000000001e-03  1.4170900030882755e-03
-2.3999999999999997e-02 -8.9999999999999941e-03 4.0000000000000001e-03  1.3932332823543524e-03
-2.3999999999999997e-02 -5.9999999999999984e-03 4.0000000000000001e-03  1.3964388001220835e-03
-2.3999999999999997e-02 -2.9999999999999957e-03 4.0000000000000001e-03  1.4065474799049419e-03
-2.3999999999999997e-02 0.0000000000000000e+00 4.0000000000000001e-03  1.4151196357942719e-03
-2.3999999999999997e-02 3.0000000000000027e-03 4.0000000000000001e-03  1.4221371741045194e-03
-2.3999999999999997e-02 6.0000000000000053e-03 4.0000000000000001e-03  1.4275876729841295e-03
-2.3999999999999997e-02 9.0000000000000011e-03 4.0000000000000001e-03  1.4314643824155475e-03
-2.3999999999999997e-02 1.2000000000000004e-02 4.0000000000000001e-03  1.4337662242152147e-03
-2.3999999999999997e-02 1.4999999999999999e-02 4.0000000000000001e-03  1.4384962209333990e-03
-2.3999999999999997e-02 1.8000000000000002e-02 4.0000000000000001e-03  1.4563543873736130e-03
-2.3999999999999997e-02 2.1000000000000005e-02 4.0000000000000001e-03  1.4583913380319270e-03
-2.3999999999999997e-02 2.4000000000000007e-02 4.0000000000000001e-03  1.4809732374384938e-03
-2.3999999999999997e-02 2.7000000000000010e-02 4.0000000000000001e-03  1.5013129148960039e-03
-2.3999999999999997e-02 2.9999999999999999e-02 4.0000000000000001e-03  1.5276667529349763e-03
-2.3999999999999997e-02 3.3000000000000002e-02 4.0000000000000001e-03  1.5747872016698560e-03
-2.3999999999999997e-02 3.6000000000000004e-02 4.0000000000000001e-03  1.6348767159931699e-03
-2.3999999999999997e-02 3.9000000000000007e-02 4.0000000000000001e-03  1.7079956768691353e-03
-2.3999999999999997e-02 4.2000000000000010e-02 4.0000000000000001e-03  1.7942230584070055e-03
-2.3999999999999997e-02 4.4999999999999998e-02 4.0000000000000001e-03  1.8936564278610557e-03
-2.0999999999999998e-02 -4.4999999999999998e-02 4.0000000000000001e-03  1.8955938298632984e-03
-2.0999999999999998e-02 -4.1999999999999996e-02 4.0000000000000001e-03  1.8049023358527464e-03
-2.0999999999999998e-02 -3.9000000000000000e-02 4.0000000000000001e-03  1.7244604824208619e-03
-2.0999999999999998e-02 -3.5999999999999997e-02 4.0000000000000001e-03  1.6538017866018718e-03
-2.0999999999999998e-02 -3.3000000000000002e-02 4.0000000000000001e-03  1.5924936299850673e-03
-2.0999999999999998e-02 -2.9999999999999999e-02 4.0000000000000001e-03  1.5401096110213683e-03
-2.0999999999999998e-02 -2.6999999999999996e-02 4.0000000000000001e-03  1.4962295450233222e-03
-2.0999999999999998e-02 -2.3999999999999997e-02 4.0000000000000001e-03  1.4607001550892796e-03
-2.0999999999999998e-02 -2.0999999999999998e-02 4.0000000000000001e-03  1.4384288301951705e-03
-2.0999999999999998e-02 -1.7999999999999999e-02 4.0000000000000001e-03  1.4280351502875780e-03
-2.0999999999999998e-02 -1.4999999999999999e-02 4.0000000000000001e-03  1.4153993435904182e-03
-2.0999999999999998e-02 -1.1999999999999997e-02 4.0000000000000001e-03  1.3972840613177878e-03
-2.0999999999999998e-02 -8.9999999999999941e-03 4.0000000000000001e-03  1.4075675114572767e-03
-2.0999999999999998e-02 -5.9999999999999984e-03 4.0000000000000001e-03  1.4188875515448154e-03
-2.0999999999999998e-02 -2.9999999999999957e-03 4.0000000000000001e-03  1.4261219150937146e-03
-2.0999999999999998e-02 0.0000000000000000e+00 4.0000000000000001e-03  1.4319245796409789e-03
-2.0999999999999998e-02 3.0000000000000027e-03 4.0000000000000001e-03  1.4362869884217404e-03
-2.0999999999999998e-02 6.0000000000000053e-03 4.0000000000000001e-03  1.4392047735993308e-03
-2.0999999999999998e-02 9.0000000000000011e-03 4.0000000000000001e-03  1.4406777562652820e-03
-2.0999999999999998e-02 1.2000000000000004e-02 4.0000000000000001e-03  1.4407099464393222e-03
-2.0999999999999998e-02 1.4999999999999999e-02 4.0000000000000001e-03  1.4393095430693705e-03
-2.0999999999999998e-02 1.8000000000000002e-02 4.0000000000000001e-03  1.4506415715997074e-03
-2.0999999999999998e-02 2.1000000000000005e-02 4.0000000000000001e-03  1.4634831847131326e-03
-2.0999999999999998e-02 2.4000000000000007e-02 4.0000000000000001e-03  1.4787696528530171e-03
-2.0999999999999998e-02 2.7000000000000010e-02 4.0000000000000001e-03  1.4938004075474647e-03
-2.0999999999999998e-02 2.9999999999999999e-02 4.0000000000000001e-03  1.5190494633150358e-03
-2.0999999999999998e-02 3.3000000000000002e-02 4.0000000000000001e-03  1.5638879919194653e-03
-2.0999999999999998e-02 3.6000000000000004e-02 4.0000000000000001e-03  1.6216932062981819e-03
-2.0999999999999998e-02 3.9000000000000007e-02 4.0000000000000001e-03  1.6925304444079970e-03
-2.0999999999999998e-02 4.2000000000000010e-02 4.0000000000000001e-03  1.7764836373507344e-03
-2.0999999999999998e-02 4.4999999999999998e-02 4.0000000000000001e-03  1.8642701790160031e-03
-1.7999999999999999e-02 -4.4999999999999998e-02 4.0000000000000001e-03  1.8825550317643830e-03
-1.7999999999999999e-02 -4.1999999999999996e-02 4.0000000000000001e-03  1.7909464512545022e-03
-1.7999999999999999e-02 -3.9000000000000000e-02 4.0000000000000001e-03  1.7136187809864741e-03
-1.7999999999999999e-02 -3.5999999999999997e-02 4.0000000000000001e-03  1.6451149751661163e-03
-1.7999999999999999e-02 -3.3000000000000002e-02 4.0000000000000001e-03  1.5859007958794241e-03
-1.7999999999999999e-02 -2.9999999999999999e-02 4.0000000000000001e-03  1.5355503106119735e-03
-1.7999999999999999e-02 -2.6999999999999996e-02 4.0000000000000001e-03  1.4936438037109541e-03
-1.7999999999999999e-02 -2.3999999999999997e-02 4.0000000000000001e-03  1.4597677763851936e-03
-1.7999999999999999e-02 -2.0999999999999998e-02 4.0000000000000001e-03  1.4335149467051464e-03
-1.7999999999999999e-02 -1.7999999999999999e-02 4.0000000000000001e-03  1.4144842496028860e-03
-1.7999999999999999e-02 -1.4999999999999999e-02 4.0000000000000001e-03  1.4053814356514835e-03
-1.7999999999999999e-02 -1.1999999999999997e-02 4.0000000000000001e-03  1.4023156966162607e-03
-1.7999999999999999e-02 -8.9999999999999941e-03 4.0000000000000001e-03  1.3998349452131187e-03
-1.7999999999999999e-02 -5.9999999999999984e-03 4.0000000000000001e-03  1.4085365445996021e-03
-1.7999999999999999e-02 -2.9999999999999957e-03 4.0000000000000001e-03  1.4164996898641167e-03
-1.7999999999999999e-02 0.0000000000000000e+00 4.0000000000000001e-03  1.4230342812902779e-03
-1.7999999999999999e-02 3.0000000000000027e-03 4.0000000000000001e-03  1.4281302861479262e-03
-1.7999999999999999e-02 6.0000000000000053e-03 4.0000000000000001e-03  1.4317818606351036e-03
-1.7999999999999999e-02 9.0000000000000011e-03 4.0000000000000001e-03  1.4339873498780441e-03
-1.7999999999999999e-02 1.2000000000000004e-02 4.0000000000000001e-03  1.4347492879311810e-03
-1.7999999999999999e-02 1.4999999999999999e-02 4.0000000000000001e-03  1.4340743977771487e-03
-1.7999999999999999e-02 1.8000000000000002e-02 4.0000000000000001e-03  1.4475608242142854e-03
-1.7999999999999999e-02 2.1000000000000005e-02 4.0000000000000001e-03  1.4628918435273992e-03
-1.7999999999999999e-02 2.4000000000000007e-02 4.0000000000000001e-03  1.4726064513724941e-03
-1.7999999999999999e-02 2.7000000000000010e-02 4.0000000000000001e-03  1.4876961752513665e-03
-1.7999999999999999e-02 2.9999999999999999e-02 4.0000000000000001e-03  1.5119573869581851e-03
-1.7999999999999999e-02 3.3000000000000002e-02 4.0000000000000001e-03  1.5545176023149373e-03
-1.7999999999999999e-02 3.6000000000000004e-02 4.0000000000000001e-03  1.6100514380180061e-03
-1.7999999999999999e-02 3.9000000000000007e-02 4.0000000000000001e-03  1.6772718001063045e-03
-1.7999999999999999e-02 4.2000000000000010e-02 4.0000000000000001e-03  1.7506419664842182e-03
-1.7999999999999999e-02 4.4999999999999998e-02 4.0000000000000001e-03  1.8494661048813039e-03
-1.4999999999999999e-02 -4.4999999999999998e-02 4.0000000000000001e-03  1.8721993961811152e-03
-1.4999999999999999e-02 -4.1999999999999996e-02 4.0000000000000001e-03  1.7785161662625033e-03
-1.4999999999999999e-02 -3.9000000000000000e-02 4.0000000000000001e-03  1.7031879183438642e-03
-1.4999999999999999e-02 -3.5999999999999997e-02 4.0000000000000001e-03  1.6369297434489284e-03
-1.4999999999999999e-02 -3.3000000000000002e-02 4.0000000000000001e-03  1.5798028968009696e-03
-1.4999999999999999e-02 -2.9999999999999999e-02 4.0000000000000001e-03  1.5314792410230317e-03
-1.4999999999999999e-02 -2.6999999999999996e-02 4.0000000000000001e-03  1.4915395294969563e-03
-1.4999999999999999e-02 -2.3999999999999997e-02 4.0000000000000001e-03  1.4595707324662171e-03
-1.4999999999999999e-02 -2.0999999999999998e-02 4.0000000000000001e-03  1.4351660370359196e-03
-1.4999999999999999e-02 -1.7999999999999999e-02 4.0000000000000001e-03  1.4179248471727938e-03
-1.4999999999999999e-02 -1.4999999999999999e-02 4.0000000000000001e-03  1.4105608458899073e-03
-1.4999999999999999e-02 -1.1999999999999997e-02 4.0000000000000001e-03  1.4079253479649867e-03
-1.4999999999999999e-02 -8.9999999999999941e-03 4.0000000000000001e-03  1.4056042979610809e-03
-1.4999999999999999e-02 -5.9999999999999984e-03 4.0000000000000001e-03  1.4038627816906201e-03
-1.4999999999999999e-02 -2.9999999999999957e-03 4.0000000000000001e-03  1.4081740374330932e-03
-1.4999999999999999e-02 0.0000000000000000e+00 4.0000000000000001e-03  1.4154353119427020e-03
-1.4999999999999999e-02 3.0000000000000027e-03 4.0000000000000001e-03  1.4212614491489698e-03
-1.4999999999999999e-02 6.0000000000000053e-03 4.0000000000000001e-03  1.4256451292846343e-03
-1.4999999999999999e-02 9.0000000000000011e-03 4.0000000000000001e-03  1.4285832215106503e-03
-1.4999999999999999e-02 1.2000000000000004e-02 4.0000000000000001e-03  1.4300767839161492e-03
-1.4999999999999999e-02 1.4999999999999999e-02 4.0000000000000001e-03  1.4301310635184733e-03
-1.4999999999999999e-02 1.8000000000000002e-02 4.0000000000000001e-03  1.4427874231987337e-03
-1.4999999999999999e-02 2.1000000000000005e-02 4.0000000000000001e-03  1.4580428293816425e-03
-1.4999999999999999e-02 2.4000000000000007e-02 4.0000000000000001e-03  1.4678239326410775e-03
-1.4999999999999999e-02 2.7000000000000010e-02 4.0000000000000001e-03  1.4829996790376584e-03
-1.4999999999999999e-02 2.9999999999999999e-02 4.0000000000000001e-03  1.5063994017748847e-03
-1.4999999999999999e-02 3.3000000000000002e-02 4.0000000000000001e-03  1.5466860183302380e-03
-1.4999999999999999e-02 3.6000000000000004e-02 4.0000000000000001e-03  1.6010376615884800e-03
-1.4999999999999999e-02 3.9000000000000007e-02 4.0000000000000001e-03  1.6613302114111372e-03
-1.4999999999999999e-02 4.2000000000000010e-02 4.0000000000000001e-03  1.7275762176449674e-03
-1.4999999999999999e-02 4.4999999999999998e-02 4.0000000000000001e-03  1.8656908298354809e-03
-1.1999999999999997e-02 -4.4999999999999998e-02 4.0000000000000001e-03  1.8645096307383082e-03
-1.1999999999999997e-02 -4.1999999999999996e-02 4.0000000000000001e-03  1.7688026755349898e-03
-1.1999999999999997e-02 -3.9000000000000000e-02 4.0000000000000001e-03  1.6913322289331030e-03
-1.1999999999999997e-02 -3.5999999999999997e-02 4.0000000000000001e-03  1.6292456385751180e-03
-1.1999999999999997e-02 -3.3000000000000002e-02 4.0000000000000001e-03  1.5741993860516623e-03
-1.1999999999999997e-02 -2.9999999999999999e-02 4.0000000000000001e-03  1.5278957617336467e-03
-1.1999999999999997e-02 -2.6999999999999996e-02 4.0000000000000001e-03  1.4899159880375609e-03
-1.1999999999999997e-02 -2.3999999999999997e-02 4.0000000000000001e-03  1.4598475042415407e-03
-1.1999999999999997e-02 -2.0999999999999998e-02 4.0000000000000001e-03  1.4372839664853344e-03
-1.1999999999999997e-02 -1.7999999999999999e-02 4.0000000000000001e-03  1.4218252477703258e-03
-1.1999999999999997e-02 -1.4999999999999999e-02 4.0000000000000001e-03  1.4156197775646614e-03
-1.1999999999999997e-02 -1.1999999999999997e-02 4.0000000000000001e-03  1.4126854751188508e-03
-1.1999999999999997e-02 -8.9999999999999941e-03 4.0000000000000001e-03  1.4104942928817716e-03
-1.1999999999999997e-02 -5.9999999999999984e-03 4.0000000000000001e-03  1.4089347124761867e-03
-1.1999999999999997e-02 -2.9999999999999957e-03 4.0000000000000001e-03  1.4079220998003518e-03
-1.1999999999999997e-02 0.0000000000000000e+00 4.0000000000000001e-03  1.4091332757870483e-03
-1.1999999999999997e-02 3.0000000000000027e-03 4.0000000000000001e-03  1.4156829531657331e-03
-1.1999999999999997e-02 6.0000000000000053e-03 4.0000000000000001e-03  1.4207939268408700e-03
-1.1999999999999997e-02 9.0000000000000011e-03 4.0000000000000001e-03  1.4244615900081091e-03
-1.1999999999999997e-02 1.2000000000000004e-02 4.0000000000000001e-03  1.4266855247913018e-03
-1.1999999999999997e-02 1.4999999999999999e-02 4.0000000000000001e-03  1.4274695022424885e-03
-1.1999999999999997e-02 1.8000000000000002e-02 4.0000000000000001e-03  1.4393872120528962e-03
-1.1999999999999997e-02 2.1000000000000005e-02 4.0000000000000001e-03  1.4545432560943245e-03
-1.1999999999999997e-02 2.4000000000000007e-02 4.0000000000000001e-03  1.4644211562087172e-03
-1.1999999999999997e-02 2.7000000000000010e-02 4.0000000000000001e-03  1.4797201054155549e-03
-1.1999999999999997e-02 2.9999999999999999e-02 4.0000000000000001e-03  1.5071582410012439e-03
-1.1999999999999997e-02 3.3000000000000002e-02 4.0000000000000001e-03  1.5488957200492047e-03
-1.1999999999999997e-02 3.6000000000000004e-02 4.0000000000000001e-03  1.5961648454156754e-03
-1.1999999999999997e-02 3.9000000000000007e-02 4.0000000000000001e-03  1.6493608700105782e-03
-1.1999999999999997e-02 4.2000000000000010e-02 4.0000000000000001e-03  1.7249573493354267e-03
-1.1999999999999997e-02 4.4999999999999998e-02 4.0000000000000001e-03  1.8553378265531220e-03
-8.9999999999999941e-03 -4.4999999999999998e-02 4.0000000000000001e-03  1.8594707816402519e-03
-8.9999999999999941e-03 -4.1999999999999996e-02 4.0000000000000001e-03  1.7617880426192309e-03
-8.9999999999999941e-03 -3.9000000000000000e-02 4.0000000000000001e-03  1.6822233284505812e-03
-8.9999999999999941e-03 -3.5999999999999997e-02 4.0000000000000001e-03  1.6202659948409549e-03
-8.9999999999999941e-03 -3.3000000000000002e-02 4.0000000000000001e-03  1.5690896996861539e-03
-8.9999999999999941e-03 -2.9999999999999999e-02 4.0000000000000001e-03  1.5247992149756008e-03
-8.9999999999999941e-03 -2.6999999999999996e-02 4.0000000000000001e-03  1.4887724277417036e-03
-8.9999999999999941e-03 -2.3999999999999997e-02 4.0000000000000001e-03  1.4605972462972368e-03
-8.9999999999999941e-03 -2.0999999999999998e-02 4.0000000000000001e-03  1.4398677958166028e-03
-8.9999999999999941e-03 -1.7999999999999999e-02 4.0000000000000001e-03  1.4261844183358341e-03
-8.9999999999999941e-03 -1.4999999999999999e-02 4.0000000000000001e-03  1.4208012186523154e-03
-8.9999999999999941e-03 -1.1999999999999997e-02 4.0000000000000001e-03  1.4175586436080004e-03
-8.9999999999999941e-03 -8.9999999999999941e-03 4.0000000000000001e-03  1.4150576765560310e-03
-8.9999999999999941e-03 -5.9999999999999984e-03 4.0000000000000001e-03  1.4132907045222363e-03
-8.9999999999999941e-03 -2.9999999999999957e-03 4.0000000000000001e-03  1.4122897298094158e-03
-8.9999999999999941e-03 0.0000000000000000e+00 4.0000000000000001e-03  1.4119990275814943e-03
-8.9999999999999941e-03 3.0000000000000027e-03 4.0000000000000001e-03  1.4122697635353500e-03
-8.9999999999999941e-03 6.0000000000000053e-03 4.0000000000000001e-03  1.4172385557939269e-03
-8.9999999999999941e-03 9.0000000000000011e-03 4.0000000000000001e-03  1.4216296294126164e-03
-8.9999999999999941e-03 1.2000000000000004e-02 4.0000000000000001e-03  1.4245795561509031e-03
-8.9999999999999941e-03 1.4999999999999999e-02 4.0000000000000001e-03  1.4260906310955346e-03
-8.9999999999999941e-03 1.8000000000000002e-02 4.0000000000000001e-03  1.4373565097037235e-03
-8.9999999999999941e-03 2.1000000000000005e-02 4.0000000000000001e-03  1.4523917817353890e-03
-8.9999999999999941e-03 2.4000000000000007e-02 4.0000000000000001e-03  1.4624069071046204e-03
-8.9999999999999941e-03 2.7000000000000010e-02 4.0000000000000001e-03  1.4778763663735373e-03
-8.9999999999999941e-03 2.9999999999999999e-02 4.0000000000000001e-03  1.5145692922343237e-03
-8.9999999999999941e-03 3.3000000000000002e-02 4.0000000000000001e-03  1.5549374727696222e-03
-8.9999999999999941e-03 3.6000000000000004e-02 4.0000000000000001e-03  1.5974662846464172e-03
-8.9999999999999941e-03 3.9000000000000007e-02 4.0000000000000001e-03  1.6421874220892967e-03
-8.9999999999999941e-03 4.2000000000000010e-02 4.0000000000000001e-03  1.7268235249828950e-03
-8.9999999999999941e-03 4.4999999999999998e-02 4.0000000000000001e-03  1.8304151468250263e-03
-5.9999999999999984e-03 -4.4999999999999998e-02 4.0000000000000001e-03  1.8570702336706949e-03
-5.9999999999999984e-03 -4.1999999999999996e-02 4.0000000000000001e-03  1.7574566696419629e-03
-5.9999999999999984e-03 -3.9000000000000000e-02 4.0000000000000001e-03  1.6758426363660134e-03
-5.9999999999999984e-03 -3.5999999999999997e-02 4.0000000000000001e-03  1.6117309627414385e-03
-5.9999999999999984e-03 -3.3000000000000002e-02 4.0000000000000001e-03  1.5644732565117947e-03
-5.9999999999999984e-03 -2.9999999999999999e-02 4.0000000000000001e-03  1.5221889257333962e-03
-5.9999999999999984e-03 -2.6999999999999996e-02 4.0000000000000001e-03  1.4881080797710098e-03
-5.9999999999999984e-03 -2.3999999999999997e-02 4.0000000000000001e-03  1.4618190959720702e-03
-5.9999999999999984e-03 -2.0999999999999998e-02 4.0000000000000001e-03  1.4429165685456260e-03
-5.9999999999999984e-03 -1.7999999999999999e-02 4.0000000000000001e-03  1.4310013085623611e-03
-5.9999999999999984e-03 -1.4999999999999999e-02 4.0000000000000001e-03  1.4261044792496641e-03
-5.9999999999999984e-03 -1.1999999999999997e-02 4.0000000000000001e-03  1.4225523442778344e-03
-5.9999999999999984e-03 -8.9999999999999941e-03 4.0000000000000001e-03  1.4197406839262974e-03
-5.9999999999999984e-03 -5.9999999999999984e-03 4.0000000000000001e-03  1.4176612336750641e-03
-5.9999999999999984e-03 -2.9999999999999957e-03 4.0000000000000001e-03  1.4163100510696941e-03
-5.9999999999999984e-03 0.0000000000000000e+00 4.0000000000000001e-03  1.4156875157212995e-03
-5.9999999999999984e-03 3.0000000000000027e-03 4.0000000000000001e-03  1.4160875617894428e-03
-5.9999999999999984e-03 6.0000000000000053e-03 4.0000000000000001e-03  1.4170730390145700e-03
-5.9999999999999984e-03 9.0000000000000011e-03 4.0000000000000001e-03  1.4201054689635530e-03
-5.9999999999999984e-03 1.2000000000000004e-02 4.0000000000000001e-03  1.4237738787864008e-03
-5.9999999999999984e-03 1.4999999999999999e-02 4.0000000000000001e-03  1.4260063224211211e-03
-5.9999999999999984e-03 1.8000000000000002e-02 4.0000000000000001e-03  1.4367025714265541e-03
-5.9999999999999984e-03 2.1000000000000005e-02 4.0000000000000001e-03  1.4515967898540505e-03
-5.9999999999999984e-03 2.4000000000000007e-02 4.0000000000000001e-03  1.4617996958372697e-03
-5.9999999999999984e-03 2.7000000000000010e-02 4.0000000000000001e-03  1.4858622214633092e-03
-5.9999999999999984e-03 2.9999999999999999e-02 4.0000000000000001e-03  1.5230503366234090e-03
-5.9999999999999984e-03 3.3000000000000002e-02 4.0000000000000001e-03  1.5623604622541042e-03
-5.9999999999999984e-03 3.6000000000000004e-02 4.0000000000000001e-03  1.6038136837427780e-03
-5.9999999999999984e-03 3.9000000000000007e-02 4.0000000000000001e-03  1.6474441141495128e-03
-5.9999999999999984e-03 4.2000000000000010e-02 4.0000000000000001e-03  1.7273281599793715e-03
-5.9999999999999984e-03 4.4999999999999998e-02 4.0000000000000001e-03  1.8257105107624828e-03
-2.9999999999999957e-03 -4.4999999999999998e-02 4.0000000000000001e-03  1.8572977101928647e-03
-2.9999999999999957e-03 -4.1999999999999996e-02 4.0000000000000001e-03  1.7557952973093786e-03
-2.9999999999999957e-03 -3.9000000000000000e-02 4.0000000000000001e-03  1.6721739107285769e-03
-2.9999999999999957e-03 -3.5999999999999997e-02 4.0000000000000001e-03  1.6059498525409879e-03
-2.9999999999999957e-03 -3.3000000000000002e-02 4.0000000000000001e-03  1.5565938658058762e-03
-2.9999999999999957e-03 -2.9999999999999999e-02 4.0000000000000001e-03  1.5200642017442082e-03
-2.9999999999999957e-03 -2.6999999999999996e-02 4.0000000000000001e-03  1.4879221580398046e-03
-2.9999999999999957e-03 -2.3999999999999997e-02 4.0000000000000001e-03  1.4635121733575006e-03
-2.9999999999999957e-03 -2.0999999999999998e-02 4.0000000000000001e-03  1.4464293109410066e-03
-2.9999999999999957e-03 -1.7999999999999999e-02 4.0000000000000001e-03  1.4362748508956460e-03
-2.9999999999999957e-03 -1.4999999999999999e-02 4.0000000000000001e-03  1.4315289064215047e-03
-2.9999999999999957e-03 -1.1999999999999997e-02 4.0000000000000001e-03  1.4276660455870903e-03
-2.9999999999999957e-03 -8.9999999999999941e-03 4.0000000000000001e-03  1.4245429048452489e-03
-2.9999999999999957e-03 -5.9999999999999984e-03 4.0000000000000001e-03  1.4221505681301749e-03
-2.9999999999999957e-03 -2.9999999999999957e-03 4.0000000000000001e-03  1.4204844414416132e-03
-2.9999999999999957e-03 0.0000000000000000e+00 4.0000000000000001e-03  1.4195442528448538e-03
-2.9999999999999957e-03 3.0000000000000027e-03 4.0000000000000001e-03  1.4193340524707417e-03
-2.9999999999999957e-03 6.0000000000000053e-03 4.0000000000000001e-03  1.4201895678958069e-03
-2.9999999999999957e-03 9.0000000000000011e-03 4.0000000000000001e-03  1.4218902444057286e-03
-2.9999999999999957e-03 1.2000000000000004e-02 4.0000000000000001e-03  1.4242944486864387e-03
-2.9999999999999957e-03 1.4999999999999999e-02 4.0000000000000001e-03  1.4272394037599639e-03
-2.9999999999999957e-03 1.8000000000000002e-02 4.0000000000000001e-03  1.4374435888450936e-03
-2.9999999999999957e-03 2.1000000000000005e-02 4.0000000000000001e-03  1.4521763894787829e-03
-2.9999999999999957e-03 2.4000000000000007e-02 4.0000000000000001e-03  1.4626277583944100e-03
-2.9999999999999957e-03 2.7000000000000010e-02 4.0000000000000001e-03  1.4964366624049793e-03
-2.9999999999999957e-03 2.9999999999999999e-02 4.0000000000000001e-03  1.5325788109824521e-03
-2.9999999999999957e-03 3.3000000000000002e-02 4.0000000000000001e-03  1.5708247916944766e-03
-2.9999999999999957e-03 3.6000000000000004e-02 4.0000000000000001e-03  1.6111981087639229e-03
-2.9999999999999957e-03 3.9000000000000007e-02 4.0000000000000001e-03  1.6519790320378986e-03
-2.9999999999999957e-03 4.2000000000000010e-02 4.0000000000000001e-03  1.7292255194305182e-03
-2.9999999999999957e-03 4.4999999999999998e-02 4.0000000000000001e-03  1.8223923028586335e-03
0.0000000000000000e+00 -4.4999999999999998e-02 4.0000000000000001e-03  1.8601452731494465e-03
0.0000000000000000e+00 -4.1999999999999996e-02 4.0000000000000001e-03  1.7567930049071547e-03
0.0000000000000000e+00 -3.9000000000000000e-02 4.0000000000000001e-03  1.6712032481669284e-03
0.0000000000000000e+00 -3.5999999999999997e-02 4.0000000000000001e-03  1.6029057782112226e-03
0.0000000000000000e+00 -3.3000000000000002e-02 4.0000000000000001e-03  1.5513848112912456e-03
0.0000000000000000e+00 -2.9999999999999999e-02 4.0000000000000001e-03  1.5160790046269564e-03
0.0000000000000000e+00 -2.6999999999999996e-02 4.0000000000000001e-03  1.4882138592151120e-03
0.0000000000000000e+00 -2.3999999999999997e-02 4.0000000000000001e-03  1.4656755812976977e-03
0.0000000000000000e+00 -2.0999999999999998e-02 4.0000000000000001e-03  1.4504050320240456e-03
0.0000000000000000e+00 -1.7999999999999999e-02 4.0000000000000001e-03  1.4420017495250983e-03
0.0000000000000000e+00 -1.4999999999999999e-02 4.0000000000000001e-03  1.4370738842006099e-03
0.0000000000000000e+00 -1.1999999999999997e-02 4.0000000000000001e-03  1.4328992529624880e-03
0.0000000000000000e+00 -8.9999999999999941e-03 4.0000000000000001e-03  1.4294639661335570e-03
0.0000000000000000e+00 -5.9999999999999984e-03 4.0000000000000001e-03  1.4267584561021894e-03
0.0000000000000000e+00 -2.9999999999999957e-03 4.0000000000000001e-03  1.4247774773223122e-03
0.0000000000000000e+00 0.0000000000000000e+00 4.0000000000000001e-03  1.4235201063134007e-03
0.0000000000000000e+00 3.0000000000000027e-03 4.0000000000000001e-03  1.4229897416604810e-03
0.0000000000000000e+00 6.0000000000000053e-03 4.0000000000000001e-03  1.4231941040141291e-03
0.0000000000000000e+00 9.0000000000000011e-03 4.0000000000000001e-03  1.4243147800884104e-03
0.0000000000000000e+00 1.2000000000000004e-02 4.0000000000000001e-03  1.4267344522879975e-03
0.0000000000000000e+00 1.4999999999999999e-02 4.0000000000000001e-03  1.4296968582952049e-03
0.0000000000000000e+00 1.8000000000000002e-02 4.0000000000000001e-03  1.4396086899314312e-03
0.0000000000000000e+00 2.1000000000000005e-02 4.0000000000000001e-03  1.4541584151173252e-03
0.0000000000000000e+00 2.4000000000000007e-02 4.0000000000000001e-03  1.4750271908103533e-03
0.0000000000000000e+00 2.7000000000000010e-02 4.0000000000000001e-03  1.5080427187543822e-03
0.0000000000000000e+00 2.9999999999999999e-02 4.0000000000000001e-03  1.5431327810942193e-03
0.0000000000000000e+00 3.3000000000000002e-02 4.0000000000000001e-03  1.5803102732155194e-03
0.0000000000000000e+00 3.6000000000000004e-02 4.0000000000000001e-03  1.6196011181766443e-03
0.0000000000000000e+00 3.9000000000000007e-02 4.0000000000000001e-03  1.6581301541195236e-03
0.0000000000000000e+00 4.2000000000000010e-02 4.0000000000000001e-03  1.7325002352719669e-03
0.0000000000000000e+00 4.4999999999999998e-02 4.0000000000000001e-03  1.8204478052597037e-03
3.0000000000000027e-03 -4.4999999999999998e-02 4.0000000000000001e-03  1.8656073230626088e-03
3.0000000000000027e-03 -4.1999999999999996e-02 4.0000000000000001e-03  1.7604412103004333e-03
3.0000000000000027e-03 -3.9000000000000000e-02 4.0000000000000001e-03  1.6729190838891859e-03
3.0000000000000027e-03 -3.5999999999999997e-02 4.0000000000000001e-03  1.6025841923032549e-03
3.0000000000000027e-03 -3.3000000000000002e-02 4.0000000000000001e-03  1.5489342249857734e-03
3.0000000000000027e-03 -2.9999999999999999e-02 4.0000000000000001e-03  1.5114213123486376e-03
3.0000000000000027e-03 -2.6999999999999996e-02 4.0000000000000001e-03  1.4889823627166467e-03
3.0000000000000027e-03 -2.3999999999999997e-02 4.0000000000000001e-03  1.4683084053895138e-03
3.0000000000000027e-03 -2.0999999999999998e-02 4.0000000000000001e-03  1.4548427235687375e-03
3.0000000000000027e-03 -1.7999999999999999e-02 4.0000000000000001e-03  1.4479800471698993e-03
3.0000000000000027e-03 -1.4999999999999999e-02 4.0000000000000001e-03  1.4427388335877581e-03
3.0000000000000027e-03 -1.1999999999999997e-02 4.0000000000000001e-03  1.4382515087987499e-03
3.0000000000000027e-03 -8.9999999999999941e-03 4.0000000000000001e-03  1.4345035315798795e-03
3.0000000000000027e-03 -5.9999999999999984e-03 4.0000000000000001e-03  1.4314846827737056e-03
3.0000000000000027e-03 -2.9999999999999957e-03 4.0000000000000001e-03  1.4291890652883396e-03
3.0000000000000027e-03 0.0000000000000000e+00 4.0000000000000001e-03  1.4276151040974339e-03
3.0000000000000027e-03 3.0000000000000027e-03 4.0000000000000001e-03  1.4267655462401993e-03
3.0000000000000027e-03 6.0000000000000053e-03 4.0000000000000001e-03  1.4266474608213920e-03
3.0000000000000027e-03 9.0000000000000011e-03 4.0000000000000001e-03  1.4272722390113234e-03
3.0000000000000027e-03 1.2000000000000004e-02 4.0000000000000001e-03  1.4304332023865178e-03
3.0000000000000027e-03 1.4999999999999999e-02 4.0000000000000001e-03  1.4360566628823961e-03
3.0000000000000027e-03 1.8000000000000002e-02 4.0000000000000001e-03  1.4447168601816266e-03
3.0000000000000027e-03 2.1000000000000005e-02 4.0000000000000001e-03  1.4587603143647789e-03
3.0000000000000027e-03 2.4000000000000007e-02 4.0000000000000001e-03  1.4886812253220492e-03
3.0000000000000027e-03 2.7000000000000010e-02 4.0000000000000001e-03  1.5206573389210695e-03
3.0000000000000027e-03 2.9999999999999999e-02 4.0000000000000001e-03  1.5546909417102751e-03
3.0000000000000027e-03 3.3000000000000002e-02 4.0000000000000001e-03  1.5907973479108201e-03
3.0000000000000027e-03 3.6000000000000004e-02 4.0000000000000001e-03  1.6290048994165528e-03
3.0000000000000027e-03 3.9000000000000007e-02 4.0000000000000001e-03  1.6660337534879764e-03
3.0000000000000027e-03 4.2000000000000010e-02 4.0000000000000001e-03  1.7371376301862054e-03
3.0000000000000027e-03 4.4999999999999998e-02 4.0000000000000001e-03  1.8325041159355064e-03
6.0000000000000053e-03 -4.4999999999999998e-02 4.0000000000000001e-03  1.8736805990339847e-03
6.0000000000000053e-03 -4.1999999999999996e-02 4.0000000000000001e-03  1.7667336699338236e-03
6.0000000000000053e-03 -3.9000000000000000e-02 4.0000000000000001e-03  1.6773121916829421e-03
6.0000000000000053e-03 -3.5999999999999997e-02 4.0000000000000001e-03  1.6049728859476456e-03
6.0000000000000053e-03 -3.3000000000000002e-02 4.0000000000000001e-03  1.5492269153630101e-03
6.0000000000000053e-03 -2.9999999999999999e-02 4.0000000000000001e-03  1.5095398835328557e-03
6.0000000000000053e-03 -2.6999999999999996e-02 4.0000000000000001e-03  1.4853318350297616e-03
6.0000000000000053e-03 -2.3999999999999997e-02 4.0000000000000001e-03  1.4714097139825078e-03
6.0000000000000053e-03 -2.0999999999999998e-02 4.0000000000000001e-03  1.4597413601017809e-03
6.0000000000000053e-03 -1.7999999999999999e-02 4.0000000000000001e-03  1.4540789549890676e-03
6.0000000000000053e-03 -1.4999999999999999e-02 4.0000000000000001e-03  1.4485232125517041e-03
6.0000000000000053e-03 -1.1999999999999997e-02 4.0000000000000001e-03  1.4437223924585779e-03
6.0000000000000053e-03 -8.9999999999999941e-03 4.0000000000000001e-03  1.4396613019408704e-03
6.0000000000000053e-03 -5.9999999999999984e-03 4.0000000000000001e-03  1.4363290702953287e-03
6.0000000000000053e-03 -2.9999999999999957e-03 4.0000000000000001e-03  1.4337191488842341e-03
6.0000000000000053e-03 0.0000000000000000e+00 4.0000000000000001e-03  1.4318293111354402e-03
6.0000000000000053e-03 3.0000000000000027e-03 4.0000000000000001e-03  1.4309046482568156e-03
6.0000000000000053e-03 6.0000000000000053e-03 4.0000000000000001e-03  1.4328650222093793e-03
6.0000000000000053e-03 9.0000000000000011e-03 4.0000000000000001e-03  1.4359282804319645e-03
6.0000000000000053e-03 1.2000000000000004e-02 4.0000000000000001e-03  1.4401004612741494e-03
6.0000000000000053e-03 1.4999999999999999e-02 4.0000000000000001e-03  1.4466658997432493e-03
6.0000000000000053e-03 1.8000000000000002e-02 4.0000000000000001e-03  1.4577622261850789e-03
6.0000000000000053e-03 2.1000000000000005e-02 4.0000000000000001e-03  1.4747313908173745e-03
6.0000000000000053e-03 2.4000000000000007e-02 4.0000000000000001e-03  1.5034313061128258e-03
6.0000000000000053e-03 2.7000000000000010e-02 4.0000000000000001e-03  1.5342581002833963e-03
6.0000000000000053e-03 2.9999999999999999e-02 4.0000000000000001e-03  1.5672326165509960e-03
6.0000000000000053e-03 3.3000000000000002e-02 4.0000000000000001e-03  1.6022670858427655e-03
6.0000000000000053e-03 3.6000000000000004e-02 4.0000000000000001e-03  1.6393922688880526e-03
6.0000000000000053e-03 3.9000000000000007e-02 4.0000000000000001e-03  1.6756747755875066e-03
6.0000000000000053e-03 4.2000000000000010e-02 4.0000000000000001e-03  1.7462227576623768e-03
6.0000000000000053e-03 4.4999999999999998e-02 4.0000000000000001e-03  1.8470554111067389e-03
9.0000000000000011e-03 -4.4999999999999998e-02 4.0000000000000001e-03  1.8843641787446787e-03
9.0000000000000011e-03 -4.1999999999999996e-02 4.0000000000000001e-03  1.7756664788314172e-03
9.0000000000000011e-03 -3.9000000000000000e-02 4.0000000000000001e-03  1.6843756839152598e-03
9.0000000000000011e-03 -3.5999999999999997e-02 4.0000000000000001e-03  1.6100619888544489e-03
9.0000000000000011e-03 -3.3000000000000002e-02 4.0000000000000001e-03  1.5522500294759790e-03
9.0000000000000011e-03 -2.9999999999999999e-02 4.0000000000000001e-03  1.5104188825756104e-03
9.0000000000000011e-03 -2.6999999999999996e-02 4.0000000000000001e-03  1.4840020659178520e-03
9.0000000000000011e-03 -2.3999999999999997e-02 4.0000000000000001e-03  1.4723875382359705e-03
9.0000000000000011e-03 -2.0999999999999998e-02 4.0000000000000001e-03  1.4650998989025623e-03
9.0000000000000011e-03 -1.7999999999999999e-02 4.0000000000000001e-03  1.4602978465254181e-03
9.0000000000000011e-03 -1.4999999999999999e-02 4.0000000000000001e-03  1.4544265160292109e-03
9.0000000000000011e-03 -1.1999999999999997e-02 4.0000000000000001e-03  1.4493115202726730e-03
9.0000000000000011e-03 -8.9999999999999941e-03 4.0000000000000001e-03  1.4449370149411764e-03
9.0000000000000011e-03 -5.9999999999999984e-03 4.0000000000000001e-03  1.4412914777856382e-03
9.0000000000000011e-03 -2.9999999999999957e-03 4.0000000000000001e-03  1.4393613925274397e-03
9.0000000000000011e-03 0.0000000000000000e+00 4.0000000000000001e-03  1.4390225694919405e-03
9.0000000000000011e-03 3.0000000000000027e-03 4.0000000000000001e-03  1.4397656751590493e-03
9.0000000000000011e-03 6.0000000000000053e-03 4.0000000000000001e-03  1.4418529307051557e-03
9.0000000000000011e-03 9.0000000000000011e-03 4.0000000000000001e-03  1.4486192218064230e-03
9.0000000000000011e-03 1.2000000000000004e-02 4.0000000000000001e-03  1.4562195438954642e-03
9.0000000000000011e-03 1.4999999999999999e-02 4.0000000000000001e-03  1.4655770126579053e-03
9.0000000000000011e-03 1.8000000000000002e-02 4.0000000000000001e-03  1.4789095024783675e-03
9.0000000000000011e-03 2.1000000000000005e-02 4.0000000000000001e-03  1.4968439498109429e-03
9.0000000000000011e-03 2.4000000000000007e-02 4.0000000000000001e-03  1.5203638229863256e-03
9.0000000000000011e-03 2.7000000000000010e-02 4.0000000000000001e-03  1.5503121936654776e-03
9.0000000000000011e-03 2.9999999999999999e-02 4.0000000000000001e-03  1.5818800041292624e-03
9.0000000000000011e-03 3.3000000000000002e-02 4.0000000000000001e-03  1.6150461924068949e-03
9.0000000000000011e-03 3.6000000000000004e-02 4.0000000000000001e-03  1.6507398297800739e-03
9.0000000000000011e-03 3.9000000000000007e-02 4.0000000000000001e-03  1.6870386570493501e-03
9.0000000000000011e-03 4.2000000000000010e-02 4.0000000000000001e-03  1.7597861440224393e-03
9.0000000000000011e-03 4.4999999999999998e-02 4.0000000000000001e-03  1.8590118122677377e-03
1.2000000000000004e-02 -4.4999999999999998e-02 4.0000000000000001e-03  1.8976397712407241e-03
1.2000000000000004e-02 -4.1999999999999996e-02 4.0000000000000001e-03  1.7872380705967589e-03
1.2000000000000004e-02 -3.9000000000000000e-02 4.0000000000000001e-03  1.6941050115326724e-03
1.2000000000000004e-02 -3.5999999999999997e-02 4.0000000000000001e-03  1.6178439693131635e-03
1.2000000000000004e-02 -3.3000000000000002e-02 4.0000000000000001e-03  1.5579930529571683e-03
1.2000000000000004e-02 -2.9999999999999999e-02 4.0000000000000001e-03  1.5140448124523738e-03
1.2000000000000004e-02 -2.6999999999999996e-02 4.0000000000000001e-03  1.4854462387552168e-03
1.2000000000000004e-02 -2.3999999999999997e-02 4.0000000000000001e-03  1.4715987637908975e-03
1.2000000000000004e-02 -2.0999999999999998e-02 4.0000000000000001e-03  1.4709172800031617e-03
1.2000000000000004e-02 -1.7999999999999999e-02 4.0000000000000001e-03  1.4666361322897474e-03
1.2000000000000004e-02 -1.4999999999999999e-02 4.0000000000000001e-03  1.4604482759250177e-03
1.2000000000000004e-02 -1.1999999999999997e-02 4.0000000000000001e-03  1.4551430595261435e-03
1.2000000000000004e-02 -8.9999999999999941e-03 4.0000000000000001e-03  1.4514599410897734e-03
1.2000000000000004e-02 -5.9999999999999984e-03 4.0000000000000001e-03  1.4488448066294160e-03
1.2000000000000004e-02 -2.9999999999999957e-03 4.0000000000000001e-03  1.4473011420564224e-03
1.2000000000000004e-02 0.0000000000000000e+00 4.0000000000000001e-03  1.4500573362815812e-03
1.2000000000000004e-02 3.0000000000000027e-03 4.0000000000000001e-03  1.4559534091791863e-03
1.2000000000000004e-02 6.0000000000000053e-03 4.0000000000000001e-03  1.4626652571123155e-03
1.2000000000000004e-02 9.0000000000000011e-03 4.0000000000000001e-03  1.4702261471623633e-03
1.2000000000000004e-02 1.2000000000000004e-02 4.0000000000000001e-03  1.4786830895021292e-03
1.2000000000000004e-02 1.4999999999999999e-02 4.0000000000000001e-03  1.4896914318257154e-03
1.2000000000000004e-02 1.8000000000000002e-02 4.0000000000000001e-03  1.5040976353020703e-03
1.2000000000000004e-02 2.1000000000000005e-02 4.0000000000000001e-03  1.5209607921667242e-03
1.2000000000000004e-02 2.4000000000000007e-02 4.0000000000000001e-03  1.5402213645844911e-03
1.2000000000000004e-02 2.7000000000000010e-02 4.0000000000000001e-03  1.5683928689880936e-03
1.2000000000000004e-02 2.9999999999999999e-02 4.0000000000000001e-03  1.5994449277842268e-03
1.2000000000000004e-02 3.3000000000000002e-02 4.0000000000000001e-03  1.6321034080425071e-03
1.2000000000000004e-02 3.6000000000000004e-02 4.0000000000000001e-03  1.6670040756583604e-03
1.2000000000000004e-02 3.9000000000000007e-02 4.0000000000000001e-03  1.7101691460196375e-03
1.2000000000000004e-02 4.2000000000000010e-02 4.0000000000000001e-03  1.7740790982871163e-03
1.2000000000000004e-02 4.4999999999999998e-02 4.0000000000000001e-03  1.8684168596758606e-03
1.4999999999999999e-02 -4.4999999999999998e-02 4.0000000000000001e-03  1.9410929214714490e-03
1.4999999999999999e-02 -4.1999999999999996e-02 4.0000000000000001e-03  1.8129687708464115e-03
1.4999999999999999e-02 -3.9000000000000000e-02 4.0000000000000001e-03  1.7052665624056698e-03
1.4999999999999999e-02 -3.5999999999999997e-02 4.0000000000000001e-03  1.6298346385964109e-03
1.4999999999999999e-02 -3.3000000000000002e-02 4.0000000000000001e-03  1.5699079693209292e-03
1.4999999999999999e-02 -2.9999999999999999e-02 4.0000000000000001e-03  1.5249798685080822e-03
1.4999999999999999e-02 -2.6999999999999996e-02 4.0000000000000001e-03  1.4945022913287215e-03
1.4999999999999999e-02 -2.3999999999999997e-02 4.0000000000000001e-03  1.4778858341957012e-03
1.4999999999999999e-02 -2.0999999999999998e-02 4.0000000000000001e-03  1.4744997347638687e-03
1.4999999999999999e-02 -1.7999999999999999e-02 4.0000000000000001e-03  1.4732855124201466e-03
1.4999999999999999e-02 -1.4999999999999999e-02 4.0000000000000001e-03  1.4673069366493818e-03
1.4999999999999999e-02 -1.1999999999999997e-02 4.0000000000000001e-03  1.4623977337598301e-03
1.4999999999999999e-02 -8.9999999999999941e-03 4.0000000000000001e-03  1.4593173869451683e-03
1.4999999999999999e-02 -5.9999999999999984e-03 4.0000000000000001e-03  1.4635414952943629e-03
1.4999999999999999e-02 -2.9999999999999957e-03 4.0000000000000001e-03  1.4685890189573595e-03
1.4999999999999999e-02 0.0000000000000000e+00 4.0000000000000001e-03  1.4744617191300943e-03
1.4999999999999999e-02 3.0000000000000027e-03 4.0000000000000001e-03  1.4811751000999292e-03
1.4999999999999999e-02 6.0000000000000053e-03 4.0000000000000001e-03  1.4887584092456282e-03
1.4999999999999999e-02 9.0000000000000011e-03 4.0000000000000001e-03  1.4972546370373753e-03
1.4999999999999999e-02 1.2000000000000004e-02 4.0000000000000001e-03  1.5072599906620742e-03
1.4999999999999999e-02 1.4999999999999999e-02 4.0000000000000001e-03  1.5180745205408935e-03
1.4999999999999999e-02 1.8000000000000002e-02 4.0000000000000001e-03  1.5313370225503503e-03
1.4999999999999999e-02 2.1000000000000005e-02 4.0000000000000001e-03  1.5470963924237250e-03
1.4999999999999999e-02 2.4000000000000007e-02 4.0000000000000001e-03  1.5652903904683471e-03
1.4999999999999999e-02 2.7000000000000010e-02 4.0000000000000001e-03  1.5881307131829514e-03
1.4999999999999999e-02 2.9999999999999999e-02 4.0000000000000001e-03  1.6186708274180065e-03
1.4999999999999999e-02 3.3000000000000002e-02 4.0000000000000001e-03  1.6508311857114741e-03
1.4999999999999999e-02 3.6000000000000004e-02 4.0000000000000001e-03  1.6849652287168194e-03
1.4999999999999999e-02 3.9000000000000007e-02 4.0000000000000001e-03  1.7369213575517382e-03
1.4999999999999999e-02 4.2000000000000010e-02 4.0000000000000001e-03  1.8042389439685974e-03
1.4999999999999999e-02 4.4999999999999998e-02 4.0000000000000001e-03  1.8849174276397657e-03
1.8000000000000002e-02 -4.4999999999999998e-02 4.0000000000000001e-03  2.0076229028577262e-03
1.8000000000000002e-02 -4.1999999999999996e-02 4.0000000000000001e-03  1.8755213018225804e-03
1.8000000000000002e-02 -3.9000000000000000e-02 4.0000000000000001e-03  1.7637527805372810e-03
1.8000000000000002e-02 -3.5999999999999997e-02 4.0000000000000001e-03  1.6717709223943924e-03
1.8000000000000002e-02 -3.3000000000000002e-02 4.0000000000000001e-03  1.5989851821046875e-03
1.8000000000000002e-02 -2.9999999999999999e-02 4.0000000000000001e-03  1.5447608856971567e-03
1.8000000000000002e-02 -2.6999999999999996e-02 4.0000000000000001e-03  1.5125015225110957e-03
1.8000000000000002e-02 -2.3999999999999997e-02 4.0000000000000001e-03  1.4977666222694313e-03
1.8000000000000002e-02 -2.0999999999999998e-02 4.0000000000000001e-03  1.4962112535095422e-03
1.8000000000000002e-02 -1.7999999999999999e-02 4.0000000000000001e-03  1.4896749682001267e-03
1.8000000000000002e-02 -1.4999999999999999e-02 4.0000000000000001e-03  1.4790534779012712e-03
1.8000000000000002e-02 -1.1999999999999997e-02 4.0000000000000001e-03  1.4823533823033997e-03
1.8000000000000002e-02 -8.9999999999999941e-03 4.0000000000000001e-03  1.4865315237140516e-03
1.8000000000000002e-02 -5.9999999999999984e-03 4.0000000000000001e-03  1.4915719005351338e-03
1.8000000000000002e-02 -2.9999999999999957e-03 4.0000000000000001e-03  1.4974722542599630e-03
1.8000000000000002e-02 0.0000000000000000e+00 4.0000000000000001e-03  1.5042440694732710e-03
1.8000000000000002e-02 3.0000000000000027e-03 4.0000000000000001e-03  1.5119125738512025e-03
1.8000000000000002e-02 6.0000000000000053e-03 4.0000000000000001e-03  1.5205167381613107e-03
1.8000000000000002e-02 9.0000000000000011e-03 4.0000000000000001e-03  1.5301548257197074e-03
1.8000000000000002e-02 1.2000000000000004e-02 4.0000000000000001e-03  1.5391068884405645e-03
1.8000000000000002e-02 1.4999999999999999e-02 4.0000000000000001e-03  1.5485709635018588e-03
1.8000000000000002e-02 1.8000000000000002e-02 4.0000000000000001e-03  1.5606537614988787e-03
1.8000000000000002e-02 2.1000000000000005e-02 4.0000000000000001e-03  1.5752765531210796e-03
1.8000000000000002e-02 2.4000000000000007e-02 4.0000000000000001e-03  1.5923743968182919e-03
1.8000000000000002e-02 2.7000000000000010e-02 4.0000000000000001e-03  1.6118961388007459e-03
1.8000000000000002e-02 2.9999999999999999e-02 4.0000000000000001e-03  1.6395391955598439e-03
1.8000000000000002e-02 3.3000000000000002e-02 4.0000000000000001e-03  1.6714856680845028e-03
1.8000000000000002e-02 3.6000000000000004e-02 4.0000000000000001e-03  1.7077669864760732e-03
1.8000000000000002e-02 3.9000000000000007e-02 4.0000000000000001e-03  1.7669175765467097e-03
1.8000000000000002e-02 4.2000000000000010e-02 4.0000000000000001e-03  1.8378297461479011e-03
1.8000000000000002e-02 4.4999999999999998e-02 4.0000000000000001e-03  1.9226247273739093e-03
2.1000000000000005e-02 -4.4999999999999998e-02 4.0000000000000001e-03  2.0700668289765829e-03
2.1000000000000005e-02 -4.1999999999999996e-02 4.0000000000000001e-03  1.9339899362712917e-03
2.1000000000000005e-02 -3.9000000000000000e-02 4.0000000000000001e-03  1.8183294415690758e-03
2.1000000000000005e-02 -3.5999999999999997e-02 4.0000000000000001e-03  1.7225412992812968e-03
2.1000000000000005e-02 -3.3000000000000002e-02 4.0000000000000001e-03  1.6460373351375314e-03
2.1000000000000005e-02 -2.9999999999999999e-02 4.0000000000000001e-03  1.5881852461855689e-03
2.1000000000000005e-02 -2.6999999999999996e-02 4.0000000000000001e-03  1.5483086007914194e-03
2.1000000000000005e-02 -2.3999999999999997e-02 4.0000000000000001e-03  1.5256868386392946e-03
2.1000000000000005e-02 -2.0999999999999998e-02 4.0000000000000001e-03  1.5195552707316289e-03
2.1000000000000005e-02 -1.7999999999999999e-02 4.0000000000000001e-03  1.5161237679708142e-03
2.1000000000000005e-02 -1.4999999999999999e-02 4.0000000000000001e-03  1.5098713114996686e-03
2.1000000000000005e-02 -1.1999999999999997e-02 4.0000000000000001e-03  1.5140436873910508e-03
2.1000000000000005e-02 -8.9999999999999941e-03 4.0000000000000001e-03  1.5191229937193016e-03
2.1000000000000005e-02 -5.9999999999999984e-03 4.0000000000000001e-03  1.5251029522751155e-03
2.1000000000000005e-02 -2.9999999999999957e-03 4.0000000000000001e-03  1.5319910279405968e-03
2.1000000000000005e-02 0.0000000000000000e+00 4.0000000000000001e-03  1.5398084286892648e-03
2.1000000000000005e-02 3.0000000000000027e-03 4.0000000000000001e-03  1.5485901055860441e-03
2.1000000000000005e-02 6.0000000000000053e-03 4.0000000000000001e-03  1.5583847527872808e-03
2.1000000000000005e-02 9.0000000000000011e-03 4.0000000000000001e-03  1.5675833917647411e-03
2.1000000000000005e-02 1.2000000000000004e-02 4.0000000000000001e-03  1.5730194458585666e-03
2.1000000000000005e-02 1.4999999999999999e-02 4.0000000000000001e-03  1.5812184807209404e-03
2.1000000000000005e-02 1.8000000000000002e-02 4.0000000000000001e-03  1.5920852774234393e-03
2.1000000000000005e-02 2.1000000000000005e-02 4.0000000000000001e-03  1.6055384047980175e-03
2.1000000000000005e-02 2.4000000000000007e-02 4.0000000000000001e-03  1.6215102194370239e-03
2.1000000000000005e-02 2.7000000000000010e-02 4.0000000000000001e-03  1.6399468656931892e-03
2.1000000000000005e-02 2.9999999999999999e-02 4.0000000000000001e-03  1.6620481166127758e-03
2.1000000000000005e-02 3.3000000000000002e-02 4.0000000000000001e-03  1.6934245506617905e-03
2.1000000000000005e-02 3.6000000000000004e-02 4.0000000000000001e-03  1.7377891370616047e-03
2.1000000000000005e-02 3.9000000000000007e-02 4.0000000000000001e-03  1.8002276531380534e-03
2.1000000000000005e-02 4.2000000000000010e-02 4.0000000000000001e-03  1.8749284850870691e-03
2.1000000000000005e-02 4.4999999999999998e-02 4.0000000000000001e-03  1.9624176877515473e-03
2.4000000000000007e-02 -4.4999999999999998e-02 4.0000000000000001e-03  2.1284684018405713e-03
2.4000000000000007e-02 -4.1999999999999996e-02 4.0000000000000001e-03  1.9884229154118254e-03
2.4000000000000007e-02 -3.9000000000000000e-02 4.0000000000000001e-03  1.8688831703456902e-03
2.4000000000000007e-02 -3.5999999999999997e-02 4.0000000000000001e-03  1.7693074920723112e-03
2.4000000000000007e-02 -3.3000000000000002e-02 4.0000000000000001e-03  1.6891100773400735e-03
2.4000000000000007e-02 -2.9999999999999999e-02 4.0000000000000001e-03  1.6276609942155616e-03
2.4000000000000007e-02 -2.6999999999999996e-02 4.0000000000000001e-03  1.5842861820835848e-03
2.4000000000000007e-02 -2.3999999999999997e-02 4.0000000000000001e-03  1.5582674516471586e-03
2.4000000000000007e-02 -2.0999999999999998e-02 4.0000000000000001e-03  1.5554644081921269e-03
2.4000000000000007e-02 -1.7999999999999999e-02 4.0000000000000001e-03  1.5495270584094287e-03
2.4000000000000007e-02 -1.4999999999999999e-02 4.0000000000000001e-03  1.5468483863665800e-03
2.4000000000000007e-02 -1.1999999999999997e-02 4.0000000000000001e-03  1.5513828552185182e-03
2.4000000000000007e-02 -8.9999999999999941e-03 4.0000000000000001e-03  1.5574952948861321e-03
2.4000000000000007e-02 -5.9999999999999984e-03 4.0000000000000001e-03  1.5645583822144092e-03
2.4000000000000007e-02 -2.9999999999999957e-03 4.0000000000000001e-03  1.5725893054742400e-03
2.4000000000000007e-02 0.0000000000000000e+00 4.0000000000000001e-03  1.5816189960279300e-03
2.4000000000000007e-02 3.0000000000000027e-03 4.0000000000000001e-03  1.5916921283292002e-03
2.4000000000000007e-02 6.0000000000000053e-03 4.0000000000000001e-03  1.6019882750697935e-03
2.4000000000000007e-02 9.0000000000000011e-03 4.0000000000000001e-03  1.6050956703082930e-03
2.4000000000000007e-02 1.2000000000000004e-02 4.0000000000000001e-03  1.6091719288514024e-03
2.4000000000000007e-02 1.4999999999999999e-02 4.0000000000000001e-03  1.6160661202105867e-03
2.4000000000000007e-02 1.8000000000000002e-02 4.0000000000000001e-03  1.6256803235999268e-03
2.4000000000000007e-02 2.1000000000000005e-02 4.0000000000000001e-03  1.6379304059938949e-03
2.4000000000000007e-02 2.4000000000000007e-02 4.0000000000000001e-03  1.6527460221273419e-03
2.4000000000000007e-02 2.7000000000000010e-02 4.0000000000000001e-03  1.6700706144955140e-03
2.4000000000000007e-02 2.9999999999999999e-02 4.0000000000000001e-03  1.6864402850817288e-03
2.4000000000000007e-02 3.3000000000000002e-02 4.0000000000000001e-03  1.7313447215560429e-03
2.4000000000000007e-02 3.6000000000000004e-02 4.0000000000000001e-03  1.7717738313735049e-03
2.4000000000000007e-02 3.9000000000000007e-02 4.0000000000000001e-03  1.8304365897775000e-03
2.4000000000000007e-02 4.2000000000000010e-02 4.0000000000000001e-03  1.8994279586989223e-03
2.4000000000000007e-02 4.4999999999999998e-02 4.0000000000000001e-03  1.9807063818889107e-03
2.7000000000000010e-02 -4.4999999999999998e-02 4.0000000000000001e-03  2.1828798892017374e-03
2.7000000000000010e-02 -4.1999999999999996e-02 4.0000000000000001e-03  2.0388770462029739e-03
2.7000000000000010e-02 -3.9000000000000000e-02 4.0000000000000001e-03  1.9154753130326387e-03
2.7000000000000010e-02 -3.5999999999999997e-02 4.0000000000000001e-03  1.8121353861396859e-03
2.7000000000000010e-02 -3.3000000000000002e-02 4.0000000000000001e-03  1.7282738332912949e-03
2.7000000000000010e-02 -2.9999999999999999e-02 4.0000000000000001e-03  1.6632630935728542e-03
2.7000000000000010e-02 -2.6999999999999996e-02 4.0000000000000001e-03  1.6309416975986931e-03
2.7000000000000010e-02 -2.3999999999999997e-02 4.0000000000000001e-03  1.6094767965969374e-03
2.7000000000000010e-02 -2.0999999999999998e-02 4.0000000000000001e-03  1.6012114453350657e-03
2.7000000000000010e-02 -1.7999999999999999e-02 4.0000000000000001e-03  1.5901417361160808e-03
2.7000000000000010e-02 -1.4999999999999999e-02 4.0000000000000001e-03  1.5890812229793856e-03
2.7000000000000010e-02 -1.1999999999999997e-02 4.0000000000000001e-03  1.5948143078078328e-03
2.7000000000000010e-02 -8.9999999999999941e-03 4.0000000000000001e-03  1.6021120830114564e-03
2.7000000000000010e-02 -5.9999999999999984e-03 4.0000000000000001e-03  1.6104220799248094e-03
2.7000000000000010e-02 -2.9999999999999957e-03 4.0000000000000001e-03  1.6197712102075748e-03
2.7000000000000010e-02 0.0000000000000000e+00 4.0000000000000001e-03  1.6302001286108410e-03
2.7000000000000010e-02 3.0000000000000027e-03 4.0000000000000001e-03  1.6417632329771162e-03
2.7000000000000010e-02 6.0000000000000053e-03 4.0000000000000001e-03  1.6452692073893433e-03
2.7000000000000010e-02 9.0000000000000011e-03 4.0000000000000001e-03  1.6449518545022372e-03
2.7000000000000010e-02 1.2000000000000004e-02 4.0000000000000001e-03  1.6476250081681691e-03
2.7000000000000010e-02 1.4999999999999999e-02 4.0000000000000001e-03  1.6531742579833435e-03
2.7000000000000010e-02 1.8000000000000002e-02 4.0000000000000001e-03  1.6614989813043522e-03
2.7000000000000010e-02 2.1000000000000005e-02 4.0000000000000001e-03  1.6725123432481705e-03
2.7000000000000010e-02 2.4000000000000007e-02 4.0000000000000001e-03  1.6840228389244085e-03
2.7000000000000010e-02 2.7000000000000010e-02 4.0000000000000001e-03  1.6925746337994793e-03
2.7000000000000010e-02 2.9999999999999999e-02 4.0000000000000001e-03  1.7123483305184046e-03
2.7000000000000010e-02 3.3000000000000002e-02 4.0000000000000001e-03  1.7632404961167886e-03
2.7000000000000010e-02 3.6000000000000004e-02 4.0000000000000001e-03  1.8099805048205310e-03
2.7000000000000010e-02 3.9000000000000007e-02 4.0000000000000001e-03  1.8608569177552652e-03
2.7000000000000010e-02 4.2000000000000010e-02 4.0000000000000001e-03  1.9290050902713192e-03
2.7000000000000010e-02 4.4999999999999998e-02 4.0000000000000001e-03  2.0150456180571103e-03
2.9999999999999999e-02 -4.4999999999999998e-02 4.0000000000000001e-03  2.2333621245516307e-03
2.9999999999999999e-02 -4.1999999999999996e-02 4.0000000000000001e-03  2.0854177013430123e-03
2.9999999999999999e-02 -3.9000000000000000e-02 4.0000000000000001e-03  1.9581757815349387e-03
2.9999999999999999e-02 -3.5999999999999997e-02 4.0000000000000001e-03  1.8510994325951684e-03
2.9999999999999999e-02 -3.3000000000000002e-02 4.0000000000000001e-03  1.7636075933096761e-03
2.9999999999999999e-02 -2.9999999999999999e-02 4.0000000000000001e-03  1.7236038632441823e-03
2.9999999999999999e-02 -2.6999999999999996e-02 4.0000000000000001e-03  1.6829449993630246e-03
2.9999999999999999e-02 -2.3999999999999997e-02 4.0000000000000001e-03  1.6726374323998872e-03
2.9999999999999999e-02 -2.0999999999999998e-02 4.0000000000000001e-03  1.6596138138059891e-03
2.9999999999999999e-02 -1.7999999999999999e-02 4.0000000000000001e-03  1.6437852273689406e-03
2.9999999999999999e-02 -1.4999999999999999e-02 4.0000000000000001e-03  1.6358953406286874e-03
2.9999999999999999e-02 -1.1999999999999997e-02 4.0000000000000001e-03  1.6448416250527309e-03
2.9999999999999999e-02 -8.9999999999999941e-03 4.0000000000000001e-03  1.6534971717638903e-03
2.9999999999999999e-02 -5.9999999999999984e-03 4.0000000000000001e-03  1.6632380928498205e-03
2.9999999999999999e-02 -2.9999999999999957e-03 4.0000000000000001e-03  1.6741010233589900e-03
2.9999999999999999e-02 0.0000000000000000e+00 4.0000000000000001e-03  1.6861363414312736e-03
2.9999999999999999e-02 3.0000000000000027e-03 4.0000000000000001e-03  1.6940659974905260e-03
2.9999999999999999e-02 6.0000000000000053e-03 4.0000000000000001e-03  1.6890523761359242e-03
2.9999999999999999e-02 9.0000000000000011e-03 4.0000000000000001e-03  1.6872242378323324e-03
2.9999999999999999e-02 1.2000000000000004e-02 4.0000000000000001e-03  1.6884506825580825e-03
2.9999999999999999e-02 1.4999999999999999e-02 4.0000000000000001e-03  1.6926145980518841e-03
2.9999999999999999e-02 1.8000000000000002e-02 4.0000000000000001e-03  1.6996126598128383e-03
2.9999999999999999e-02 2.1000000000000005e-02 4.0000000000000001e-03  1.6992494589819686e-03
2.9999999999999999e-02 2.4000000000000007e-02 4.0000000000000001e-03  1.7028994726897343e-03
2.9999999999999999e-02 2.7000000000000010e-02 4.0000000000000001e-03  1.7181763334682130e-03
2.9999999999999999e-02 2.9999999999999999e-02 4.0000000000000001e-03  1.7483745062955238e-03
2.9999999999999999e-02 3.3000000000000002e-02 4.0000000000000001e-03  1.8004596332821692e-03
2.9999999999999999e-02 3.6000000000000004e-02 4.0000000000000001e-03  1.8484199897971763e-03
2.9999999999999999e-02 3.9000000000000007e-02 4.0000000000000001e-03  1.8955677876230906e-03
2.9999999999999999e-02 4.2000000000000010e-02 4.0000000000000001e-03  1.9625138452543608e-03
2.9999999999999999e-02 4.4999999999999998e-02 4.0000000000000001e-03  2.0563734628617075e-03
3.3000000000000002e-02 -4.4999999999999998e-02 4.0000000000000001e-03  2.2799845071212925e-03
3.3000000000000002e-02 -4.1999999999999996e-02 4.0000000000000001e-03  2.1281188192697163e-03
3.3000000000000002e-02 -3.9000000000000000e-02 4.0000000000000001e-03  1.9970630534970977e-03
3.3000000000000002e-02 -3.5999999999999997e-02 4.0000000000000001e-03  1.8862826482900026e-03
3.3000000000000002e-02 -3.3000000000000002e-02 4.0000000000000001e-03  1.8392384623134200e-03
3.3000000000000002e-02 -2.9999999999999999e-02 4.0000000000000001e-03  1.7768273285670060e-03
3.3000000000000002e-02 -2.6999999999999996e-02 4.0000000000000001e-03  1.7643029257266428e-03
3.3000000000000002e-02 -2.3999999999999997e-02 4.0000000000000001e-03  1.7492011114438374e-03
3.3000000000000002e-02 -2.0999999999999998e-02 4.0000000000000001e-03  1.7313899631076646e-03
3.3000000000000002e-02 -1.7999999999999999e-02 4.0000000000000001e-03  1.7107750098857119e-03
3.3000000000000002e-02 -1.4999999999999999e-02 4.0000000000000001e-03  1.6878372945253863e-03
3.3000000000000002e-02 -1.1999999999999997e-02 4.0000000000000001e-03  1.7020285447186597e-03
3.3000000000000002e-02 -8.9999999999999941e-03 4.0000000000000001e-03  1.7122345326837703e-03
3.3000000000000002e-02 -5.9999999999999984e-03 4.0000000000000001e-03  1.7236106263046594e-03
3.3000000000000002e-02 -2.9999999999999957e-03 4.0000000000000001e-03  1.7362031840185801e-03
3.3000000000000002e-02 0.0000000000000000e+00 4.0000000000000001e-03  1.7486588731947753e-03
3.3000000000000002e-02 3.0000000000000027e-03 4.0000000000000001e-03  1.7420239820654312e-03
3.3000000000000002e-02 6.0000000000000053e-03 4.0000000000000001e-03  1.7353824755897216e-03
3.3000000000000002e-02 9.0000000000000011e-03 4.0000000000000001e-03  1.7319964417844532e-03
3.3000000000000002e-02 1.2000000000000004e-02 4.0000000000000001e-03  1.7317322787704713e-03
3.3000000000000002e-02 1.4999999999999999e-02 4.0000000000000001e-03  1.7268406010105552e-03
3.3000000000000002e-02 1.8000000000000002e-02 4.0000000000000001e-03  1.7191848765789799e-03
3.3000000000000002e-02 2.1000000000000005e-02 4.0000000000000001e-03  1.7291353356309455e-03
3.3000000000000002e-02 2.4000000000000007e-02 4.0000000000000001e-03  1.7465781490676212e-03
3.3000000000000002e-02 2.7000000000000010e-02 4.0000000000000001e-03  1.7650878765043234e-03
3.3000000000000002e-02 2.9999999999999999e-02 4.0000000000000001e-03  1.8014076194436672e-03
3.3000000000000002e-02 3.3000000000000002e-02 4.0000000000000001e-03  1.8549847114363780e-03
3.3000000000000002e-02 3.6000000000000004e-02 4.0000000000000001e-03  1.9045435878892372e-03
3.3000000000000002e-02 3.9000000000000007e-02 4.0000000000000001e-03  1.9553702390285969e-03
3.3000000000000002e-02 4.2000000000000010e-02 4.0000000000000001e-03  2.0087888522883116e-03
3.3000000000000002e-02 4.4999999999999998e-02 4.0000000000000001e-03  2.0968270476213460e-03
3.6000000000000004e-02 -4.4999999999999998e-02 4.0000000000000001e-03  2.3228250018812718e-03
3.6000000000000004e-02 -4.1999999999999996e-02 4.0000000000000001e-03  2.1670629041603629e-03
3.6000000000000004e-02 -3.9000000000000000e-02 4.0000000000000001e-03  2.0272222436993714e-03
3.6000000000000004e-02 -3.5999999999999997e-02 4.0000000000000001e-03  1.9786625138514154e-03
3.6000000000000004e-02 -3.3000000000000002e-02 4.0000000000000001e-03  1.8920638400361860e-03
3.6000000000000004e-02 -2.9999999999999999e-02 4.0000000000000001e-03  1.8771240480699321e-03
3.6000000000000004e-02 -2.6999999999999996e-02 4.0000000000000001e-03  1.8597958187115207e-03
3.6000000000000004e-02 -2.3999999999999997e-02 4.0000000000000001e-03  1.8399042229514922e-03
3.6000000000000004e-02 -2.0999999999999998e-02 4.0000000000000001e-03  1.8173117835588914e-03
3.6000000000000004e-02 -1.7999999999999999e-02 4.0000000000000001e-03  1.7919184750812777e-03
3.6000000000000004e-02 -1.4999999999999999e-02 4.0000000000000001e-03  1.7636617238447204e-03
3.6000000000000004e-02 -1.1999999999999997e-02 4.0000000000000001e-03  1.7665423707086713e-03
3.6000000000000004e-02 -8.9999999999999941e-03 4.0000000000000001e-03  1.7789682951831313e-03
3.6000000000000004e-02 -5.9999999999999984e-03 4.0000000000000001e-03  1.7922040434762436e-03
3.6000000000000004e-02 -2.9999999999999957e-03 4.0000000000000001e-03  1.8067622891481507e-03
3.6000000000000004e-02 0.0000000000000000e+00 4.0000000000000001e-03  1.8044735304542172e-03
3.6000000000000004e-02 3.0000000000000027e-03 4.0000000000000001e-03  1.7926747576774591e-03
3.6000000000000004e-02 6.0000000000000053e-03 4.0000000000000001e-03  1.7843547499732622e-03
3.6000000000000004e-02 9.0000000000000011e-03 4.0000000000000001e-03  1.7770785505628250e-03
3.6000000000000004e-02 1.2000000000000004e-02 4.0000000000000001e-03  1.7573989513339746e-03
3.6000000000000004e-02 1.4999999999999999e-02 4.0000000000000001e-03  1.7611419843524367e-03
3.6000000000000004e-02 1.8000000000000002e-02 4.0000000000000001e-03  1.7766984243739192e-03
3.6000000000000004e-02 2.1000000000000005e-02 4.0000000000000001e-03  1.7932993097841694e-03
3.6000000000000004e-02 2.4000000000000007e-02 4.0000000000000001e-03  1.8109317013963939e-03
3.6000000000000004e-02 2.7000000000000010e-02 4.0000000000000001e-03  1.8295854025900170e-03
3.6000000000000004e-02 2.9999999999999999e-02 4.0000000000000001e-03  1.8726099370072987e-03
3.6000000000000004e-02 3.3000000000000002e-02 4.0000000000000001e-03  1.9276126834105957e-03
3.6000000000000004e-02 3.6000000000000004e-02 4.0000000000000001e-03  1.9790300139434207e-03
3.6000000000000004e-02 3.9000000000000007e-02 4.0000000000000001e-03  2.0332622838619752e-03
3.6000000000000004e-02 4.2000000000000010e-02 4.0000000000000001e-03  2.0845092123087587e-03
3.6000000000000004e-02 4.4999999999999998e-02 4.0000000000000001e-03  2.1521764578461286e-03
3.9000000000000007e-02 -4.4999999999999998e-02 4.0000000000000001e-03  2.3619701395415902e-03
3.9000000000000007e-02 -4.1999999999999996e-02 4.0000000000000001e-03  2.1886722473757809e-03
3.9000000000000007e-02 -3.9000000000000000e-02 4.0000000000000001e-03  2.1426558948720600e-03
3.9000000000000007e-02 -3.5999999999999997e-02 4.0000000000000001e-03  2.0295763333485570e-03
3.9000000000000007e-02 -3.3000000000000002e-02 4.0000000000000001e-03  2.0119986659350351e-03
3.9000000000000007e-02 -2.9999999999999999e-02 4.0000000000000001e-03  1.9922718690416129e-03
3.9000000000000007e-02 -2.6999999999999996e-02 4.0000000000000001e-03  1.9701780072602865e-03
3.9000000000000007e-02 -2.3999999999999997e-02 4.0000000000000001e-03  1.9455365969615593e-03
3.9000000000000007e-02 -2.0999999999999998e-02 4.0000000000000001e-03  1.9182046062944634e-03
3.9000000000000007e-02 -1.7999999999999999e-02 4.0000000000000001e-03  1.8880764551865202e-03
3.9000000000000007e-02 -1.4999999999999999e-02 4.0000000000000001e-03  1.8550840153437726e-03
3.9000000000000007e-02 -1.1999999999999997e-02 4.0000000000000001e-03  1.8362387141843176e-03
3.9000000000000007e-02 -8.9999999999999941e-03 4.0000000000000001e-03  1.8544027465457057e-03
3.9000000000000007e-02 -5.9999999999999984e-03 4.0000000000000001e-03  1.8697428654231955e-03
3.9000000000000007e-02 -2.9999999999999957e-03 4.0000000000000001e-03  1.8770642493162383e-03
3.9000000000000007e-02 0.0000000000000000e+00 4.0000000000000001e-03  1.8597324901831792e-03
3.9000000000000007e-02 3.0000000000000027e-03 4.0000000000000001e-03  1.8461251912857998e-03
3.9000000000000007e-02 6.0000000000000053e-03 4.0000000000000001e-03  1.8195101153806105e-03
3.9000000000000007e-02 9.0000000000000011e-03 4.0000000000000001e-03  1.8159846956487878e-03
3.9000000000000007e-02 1.2000000000000004e-02 4.0000000000000001e-03  1.8296913247744021e-03
3.9000000000000007e-02 1.4999999999999999e-02 4.0000000000000001e-03  1.8444147646048722e-03
3.9000000000000007e-02 1.8000000000000002e-02 4.0000000000000001e-03  1.8601413163346174e-03
3.9000000000000007e-02 2.1000000000000005e-02 4.0000000000000001e-03  1.8768600237242749e-03
3.9000000000000007e-02 2.4000000000000007e-02 4.0000000000000001e-03  1.8945626731007011e-03
3.9000000000000007e-02 2.7000000000000010e-02 4.0000000000000001e-03  1.9132437933569654e-03
3.9000000000000007e-02 2.9999999999999999e-02 4.0000000000000001e-03  1.9636783057020452e-03
3.9000000000000007e-02 3.3000000000000002e-02 4.0000000000000001e-03  2.0183371039550679e-03
3.9000000000000007e-02 3.6000000000000004e-02 4.0000000000000001e-03  2.0751219944920981e-03
3.9000000000000007e-02 3.9000000000000007e-02 4.0000000000000001e-03  2.1402097904603449e-03
3.9000000000000007e-02 4.2000000000000010e-02 4.0000000000000001e-03  2.1915576330291137e-03
3.9000000000000007e-02 4.4999999999999998e-02 4.0000000000000001e-03  2.2353275964408616e-03
4.2000000000000010e-02 -4.4999999999999998e-02 4.0000000000000001e-03  2.3992000737624026e-03
4.2000000000000010e-02 -4.1999999999999996e-02 4.0000000000000001e-03  2.3319613403581254e-03
4.2000000000000010e-02 -3.9000000000000000e-02 4.0000000000000001e-03  2.1902683518328046e-03
4.2000000000000010e-02 -3.5999999999999997e-02 4.0000000000000001e-03  2.1698063895779296e-03
4.2000000000000010e-02 -3.3000000000000002e-02 4.0000000000000001e-03  2.1474849396173729e-03
4.2000000000000010e-02 -2.9999999999999999e-02 4.0000000000000001e-03  2.1230430601445948e-03
4.2000000000000010e-02 -2.6999999999999996e-02 4.0000000000000001e-03  2.0962572611315654e-03
4.2000000000000010e-02 -2.3999999999999997e-02 4.0000000000000001e-03  2.0669415043287650e-03
4.2000000000000010e-02 -2.0999999999999998e-02 4.0000000000000001e-03  2.0349472032651860e-03
4.2000000000000010e-02 -1.7999999999999999e-02 4.0000000000000001e-03  2.0001632232483314e-03
4.2000000000000010e-02 -1.4999999999999999e-02 4.0000000000000001e-03  1.9625158813642127e-03
4.2000000000000010e-02 -1.1999999999999997e-02 4.0000000000000001e-03  1.9219689464773579e-03
4.2000000000000010e-02 -8.9999999999999941e-03 4.0000000000000001e-03  1.9393023319269438e-03
4.2000000000000010e-02 -5.9999999999999984e-03 4.0000000000000001e-03  1.9562526253911455e-03
4.2000000000000010e-02 -2.9999999999999957e-03 4.0000000000000001e-03  1.9372434490449982e-03
4.2000000000000010e-02 0.0000000000000000e+00 4.0000000000000001e-03  1.9079417182978227e-03
4.2000000000000010e-02 3.0000000000000027e-03 4.0000000000000001e-03  1.8958788562132743e-03
4.2000000000000010e-02 6.0000000000000053e-03 4.0000000000000001e-03  1.9077472574762749e-03
4.2000000000000010e-02 9.0000000000000011e-03 4.0000000000000001e-03  1.9205996686875722e-03
4.2000000000000010e-02 1.2000000000000004e-02 4.0000000000000001e-03  1.9344216314227851e-03
4.2000000000000010e-02 1.4999999999999999e-02 4.0000000000000001e-03  1.9492014298237749e-03
4.2000000000000010e-02 1.8000000000000002e-02 4.0000000000000001e-03  1.9649300905986021e-03
4.2000000000000010e-02 2.1000000000000005e-02 4.0000000000000001e-03  1.9816013830215541e-03
4.2000000000000010e-02 2.4000000000000007e-02 4.0000000000000001e-03  1.9992118189331412e-03
4.2000000000000010e-02 2.7000000000000010e-02 4.0000000000000001e-03  2.0177606527400881e-03
4.2000000000000010e-02 2.9999999999999999e-02 4.0000000000000001e-03  2.0759573012250629e-03
4.2000000000000010e-02 3.3000000000000002e-02 4.0000000000000001e-03  2.1375698250912152e-03
4.2000000000000010e-02 3.6000000000000004e-02 4.0000000000000001e-03  2.2174869249357095e-03
4.2000000000000010e-02 3.9000000000000007e-02 4.0000000000000001e-03  2.2692706401085680e-03
4.2000000000000010e-02 4.2000000000000010e-02 4.0000000000000001e-03  2.3356406863732021e-03
4.2000000000000010e-02 4.4999999999999998e-02 4.0000000000000001e-03  2.3129745234023455e-03
4.4999999999999998e-02 -4.4999999999999998e-02 4.0000000000000001e-03  2.5472844432612800e-03
4.4999999999999998e-02 -4.1999999999999996e-02 4.0000000000000001e-03  2.3750251825682958e-03
4.4999999999999998e-02 -3.9000000000000000e-02 4.0000000000000001e-03  2.3514085730052658e-03
4.4999999999999998e-02 -3.5999999999999997e-02 4.0000000000000001e-03  2.3262724513727520e-03
4.4999999999999998e-02 -3.3000000000000002e-02 4.0000000000000001e-03  2.2993128694656631e-03
4.4999999999999998e-02 -2.9999999999999999e-02 4.0000000000000001e-03  2.2702633308574372e-03
4.4999999999999998e-02 -2.6999999999999996e-02 4.0000000000000001e-03  2.2388947909000069e-03
4.4999999999999998e-02 -2.3999999999999997e-02 4.0000000000000001e-03  2.2050156567238327e-03
4.4999999999999998e-02 -2.0999999999999998e-02 4.0000000000000001e-03  2.1684717872378786e-03
4.4999999999999998e-02 -1.7999999999999999e-02 4.0000000000000001e-03  2.1291464931296150e-03
4.4999999999999998e-02 -1.4999999999999999e-02 4.0000000000000001e-03  2.0869605368650300e-03
4.4999999999999998e-02 -1.1999999999999997e-02 4.0000000000000001e-03  2.0418721326886237e-03
4.4999999999999998e-02 -8.9999999999999941e-03 4.0000000000000001e-03  2.0344916543540070e-03
4.4999999999999998e-02 -5.9999999999999984e-03 4.0000000000000001e-03  2.0255720408175865e-03
4.4999999999999998e-02 -2.9999999999999957e-03 4.0000000000000001e-03  2.0034668234163197e-03
4.4999999999999998e-02 0.0000000000000000e+00 4.0000000000000001e-03  2.0134836003638983e-03
4.4999999999999998e-02 3.0000000000000027e-03 4.0000000000000001e-03  2.0244464204305541e-03
4.4999999999999998e-02 6.0000000000000053e-03 4.0000000000000001e-03  2.0363400655731227e-03
4.4999999999999998e-02 9.0000000000000011e-03 4.0000000000000001e-03  2.0491520603146693e-03
4.4999999999999998e-02 1.2000000000000004e-02 4.0000000000000001e-03  2.0628726717444768e-03
4.4999999999999998e-02 1.4999999999999999e-02 4.0000000000000001e-03  2.0774949095180382e-03
4.4999999999999998e-02 1.8000000000000002e-02 4.0000000000000001e-03  2.0930145258570808e-03
4.4999999999999998e-02 2.1000000000000005e-02 4.0000000000000001e-03  2.1094300155495363e-03
4.4999999999999998e-02 2.4000000000000007e-02 4.0000000000000001e-03  2.1267426159495674e-03
4.4999999999999998e-02 2.7000000000000010e-02 4.0000000000000001e-03  2.1470917353972811e-03
4.4999999999999998e-02 2.9999999999999999e-02 4.0000000000000001e-03  2.2241261035570873e-03
4.4999999999999998e-02 3.3000000000000002e-02 4.0000000000000001e-03  2.3196949457664241e-03
4.4999999999999998e-02 3.6000000000000004e-02 4.0000000000000001e-03  2.3862513323950735e-03
4.4999999999999998e-02 3.9000000000000007e-02 4.0000000000000001e-03  2.4240995604073580e-03
4.4999999999999998e-02 4.2000000000000010e-02 4.0000000000000001e-03  2.4167516021365090e-03
4.4999999999999998e-02 4.4999999999999998e-02 4.0000000000000001e-03  2.3819126881543932e-03
