Grid Output Min: [-45mm -45mm 4mm] Max: [45mm 45mm 4mm] Grid Size: [3mm 3mm 0mm]
X, Y, Z, Scalar data "Mag_B"
-4.4999999999999998e-02 -4.4999999999999998e-02 4.0000000000000001e-03  2.4899301344827700e-03
-4.4999999999999998e-02 -4.1999999999999996e-02 4.0000000000000001e-03  2.2587996469722806e-03
-4.4999999999999998e-02 -3.9000000000000000e-02 4.0000000000000001e-03  2.1240968321736974e-03
-4.4999999999999998e-02 -3.5999999999999997e-02 4.0000000000000001e-03  2.0345989608151409e-03
-4.4999999999999998e-02 -3.3000000000000002e-02 4.0000000000000001e-03  1.9616960550714229e-03
-4.4999999999999998e-02 -2.9999999999999999e-02 4.0000000000000001e-03  1.9103353351342188e-03
-4.4999999999999998e-02 -2.6999999999999996e-02 4.0000000000000001e-03  1.9411677737426114e-03
-4.4999999999999998e-02 -2.3999999999999997e-02 4.0000000000000001e-03  1.8843799288615893e-03
-4.4999999999999998e-02 -2.0999999999999998e-02 4.0000000000000001e-03  1.8811061169465614e-03
-4.4999999999999998e-02 -1.7999999999999999e-02 4.0000000000000001e-03  1.8254224151498081e-03
-4.4999999999999998e-02 -1.4999999999999999e-02 4.0000000000000001e-03  1.8164883148973833e-03
-4.4999999999999998e-02 -1.1999999999999997e-02 4.0000000000000001e-03  1.8123124101452654e-03
-4.4999999999999998e-02 -8.9999999999999941e-03 4.0000000000000001e-03  1.8128881091311457e-03
-4.4999999999999998e-02 -5.9999999999999984e-03 4.0000000000000001e-03  1.8286881885129982e-03
-4.4999999999999998e-02 -2.9999999999999957e-03 4.0000000000000001e-03  1.8704872501347216e-03
-4.4999999999999998e-02 0.0000000000000000e+00 4.0000000000000001e-03  1.9032115378301859e-03
-4.4999999999999998e-02 3.0000000000000027e-03 4.0000000000000001e-03  1.9007544217407499e-03
-4.4999999999999998e-02 6.0000000000000053e-03 4.0000000000000001e-03  1.8619610228033821e-03
-4.4999999999999998e-02 9.0000000000000011e-03 4.0000000000000001e-03  1.8686784296249239e-03
-4.4999999999999998e-02 1.2000000000000004e-02 4.0000000000000001e-03  1.9166505606188792e-03
-4.4999999999999998e-02 1.4999999999999999e-02 4.0000000000000001e-03  1.9174639763777370e-03
-4.4999999999999998e-02 1.8000000000000002e-02 4.0000000000000001e-03  1.8638277031236190e-03
-4.4999999999999998e-02 2.1000000000000005e-02 4.0000000000000001e-03  1.8702554954280171e-03
-4.4999999999999998e-02 2.4000000000000007e-02 4.0000000000000001e-03  1.8994764580818307e-03
-4.4999999999999998e-02 2.7000000000000010e-02 4.0000000000000001e-03  1.9273876825228551e-03
-4.4999999999999998e-02 2.9999999999999999e-02 4.0000000000000001e-03  1.9526533031680130e-03
-4.4999999999999998e-02 3.3000000000000002e-02 4.0000000000000001e-03  1.9747347099122294e-03
-4.4999999999999998e-02 3.6000000000000004e-02 4.0000000000000001e-03  1.9938905481284132e-03
-4.4999999999999998e-02 3.9000000000000007e-02 4.0000000000000001e-03  2.0337449375439406e-03
-4.4999999999999998e-02 4.2000000000000010e-02 4.0000000000000001e-03  2.0571283250474513e-03
-4.4999999999999998e-02 4.4999999999999998e-02 4.0000000000000001e-03  2.0028779025379729e-03
-4.1999999999999996e-02 -4.4999999999999998e-02 4.0000000000000001e-03  2.3975969536314547e-03
-4.1999999999999996e-02 -4.1999999999999996e-02 4.0000000000000001e-03  2.1043592139628337e-03
-4.1999999999999996e-02 -3.9000000000000000e-02 4.0000000000000001e-03  1.9847308686799575e-03
-4.1999999999999996e-02 -3.5999999999999997e-02 4.0000000000000001e-03  1.9139613152907189e-03
-4.1999999999999996e-02 -3.3000000000000002e-02 4.0000000000000001e-03  1.8384631280221938e-03
-4.1999999999999996e-02 -2.9999999999999999e-02 4.0000000000000001e-03  1.7792352537805735e-03
-4.1999999999999996e-02 -2.6999999999999996e-02 4.0000000000000001e-03  1.7923197182483901e-03
-4.1999999999999996e-02 -2.3999999999999997e-02 4.0000000000000001e-03  1.7909511687137459e-03
-4.1999999999999996e-02 -2.0999999999999998e-02 4.0000000000000001e-03  1.7894923254920439e-03
-4.1999999999999996e-02 -1.7999999999999999e-02 4.0000000000000001e-03  1.7273764951819203e-03
-4.1999999999999996e-02 -1.4999999999999999e-02 4.0000000000000001e-03  1.7167420791222238e-03
-4.1999999999999996e-02 -1.1999999999999997e-02 4.0000000000000001e-03  1.7107740290686136e-03
-4.1999999999999996e-02 -8.9999999999999941e-03 4.0000000000000001e-03  1.7206357986050240e-03
-4.1999999999999996e-02 -5.9999999999999984e-03 4.0000000000000001e-03  1.7450096411314520e-03
-4.1999999999999996e-02 -2.9999999999999957e-03 4.0000000000000001e-03  1.7667738448771740e-03
-4.1999999999999996e-02 0.0000000000000000e+00 4.0000000000000001e-03  1.7525206634545227e-03
-4.1999999999999996e-02 3.0000000000000027e-03 4.0000000000000001e-03  1.7350990463418398e-03
-4.1999999999999996e-02 6.0000000000000053e-03 4.0000000000000001e-03  1.7680650393435281e-03
-4.1999999999999996e-02 9.0000000000000011e-03 4.0000000000000001e-03  1.7729247620397641e-03
-4.1999999999999996e-02 1.2000000000000004e-02 4.0000000000000001e-03  1.7515641411261615e-03
-4.1999999999999996e-02 1.4999999999999999e-02 4.0000000000000001e-03  1.7971046098844330e-03
-4.1999999999999996e-02 1.8000000000000002e-02 4.0000000000000001e-03  1.7636798544231876e-03
-4.1999999999999996e-02 2.1000000000000005e-02 4.0000000000000001e-03  1.7441299582863028e-03
-4.1999999999999996e-02 2.4000000000000007e-02 4.0000000000000001e-03  1.7789019587187238e-03
-4.1999999999999996e-02 2.7000000000000010e-02 4.0000000000000001e-03  1.8118849214745036e-03
-4.1999999999999996e-02 2.9999999999999999e-02 4.0000000000000001e-03  1.8416980193950196e-03
-4.1999999999999996e-02 3.3000000000000002e-02 4.0000000000000001e-03  1.8677576807996569e-03
-4.1999999999999996e-02 3.6000000000000004e-02 4.0000000000000001e-03  1.8902775894857901e-03
-4.1999999999999996e-02 3.9000000000000007e-02 4.0000000000000001e-03  1.9508619464909988e-03
-4.1999999999999996e-02 4.2000000000000010e-02 4.0000000000000001e-03  1.9132908280486756e-03
-4.1999999999999996e-02 4.4999999999999998e-02 4.0000000000000001e-03  1.9670816926109537e-03
-3.9000000000000000e-02 -4.4999999999999998e-02 4.0000000000000001e-03  2.2691031756788141e-03
-3.9000000000000000e-02 -4.1999999999999996e-02 4.0000000000000001e-03  2.0258527512013375e-03
-3.9000000000000000e-02 -3.9000000000000000e-02 4.0000000000000001e-03  1.9023349807565431e-03
-3.9000000000000000e-02 -3.5999999999999997e-02 4.0000000000000001e-03  1.8047406687615199e-03
-3.9000000000000000e-02 -3.3000000000000002e-02 4.0000000000000001e-03  1.7411712090858894e-03
-3.9000000000000000e-02 -2.9999999999999999e-02 4.0000000000000001e-03  1.7017036973310386e-03
-3.9000000000000000e-02 -2.6999999999999996e-02 4.0000000000000001e-03  1.7098134898905404e-03
-3.9000000000000000e-02 -2.3999999999999997e-02 4.0000000000000001e-03  1.7137871004690075e-03
-3.9000000000000000e-02 -2.0999999999999998e-02 4.0000000000000001e-03  1.6916944010997724e-03
-3.9000000000000000e-02 -1.7999999999999999e-02 4.0000000000000001e-03  1.6512610083031093e-03
-3.9000000000000000e-02 -1.4999999999999999e-02 4.0000000000000001e-03  1.6388723248608773e-03
-3.9000000000000000e-02 -1.1999999999999997e-02 4.0000000000000001e-03  1.6408527467081351e-03
-3.9000000000000000e-02 -8.9999999999999941e-03 4.0000000000000001e-03  1.6511328176508154e-03
-3.9000000000000000e-02 -5.9999999999999984e-03 4.0000000000000001e-03  1.6595163572750895e-03
-3.9000000000000000e-02 -2.9999999999999957e-03 4.0000000000000001e-03  1.6330219102557604e-03
-3.9000000000000000e-02 0.0000000000000000e+00 4.0000000000000001e-03  1.6462562888547594e-03
-3.9000000000000000e-02 3.0000000000000027e-03 4.0000000000000001e-03  1.6701446524655737e-03
-3.9000000000000000e-02 6.0000000000000053e-03 4.0000000000000001e-03  1.6977547945196251e-03
-3.9000000000000000e-02 9.0000000000000011e-03 4.0000000000000001e-03  1.6883332497412637e-03
-3.9000000000000000e-02 1.2000000000000004e-02 4.0000000000000001e-03  1.6689047110551400e-03
-3.9000000000000000e-02 1.4999999999999999e-02 4.0000000000000001e-03  1.6783893716474630e-03
-3.9000000000000000e-02 1.8000000000000002e-02 4.0000000000000001e-03  1.6885261210230482e-03
-3.9000000000000000e-02 2.1000000000000005e-02 4.0000000000000001e-03  1.6647405244474265e-03
-3.9000000000000000e-02 2.4000000000000007e-02 4.0000000000000001e-03  1.6799967541975532e-03
-3.9000000000000000e-02 2.7000000000000010e-02 4.0000000000000001e-03  1.7179497689692241e-03
-3.9000000000000000e-02 2.9999999999999999e-02 4.0000000000000001e-03  1.7522385291485094e-03
-3.9000000000000000e-02 3.3000000000000002e-02 4.0000000000000001e-03  1.7822345014792580e-03
-3.9000000000000000e-02 3.6000000000000004e-02 4.0000000000000001e-03  1.8211273030947206e-03
-3.9000000000000000e-02 3.9000000000000007e-02 4.0000000000000001e-03  1.8356374580734121e-03
-3.9000000000000000e-02 4.2000000000000010e-02 4.0000000000000001e-03  1.8211633720766013e-03
-3.9000000000000000e-02 4.4999999999999998e-02 4.0000000000000001e-03  1.9691875605142577e-03
-3.5999999999999997e-02 -4.4999999999999998e-02 4.0000000000000001e-03  2.1959099647286769e-03
-3.5999999999999997e-02 -4.1999999999999996e-02 4.0000000000000001e-03  1.9550218196059234e-03
-3.5999999999999997e-02 -3.9000000000000000e-02 4.0000000000000001e-03  1.8333972895756086e-03
-3.5999999999999997e-02 -3.5999999999999997e-02 4.0000000000000001e-03  1.7416044498627077e-03
-3.5999999999999997e-02 -3.3000000000000002e-02 4.0000000000000001e-03  1.6728394561030086e-03
-3.5999999999999997e-02 -2.9999999999999999e-02 4.0000000000000001e-03  1.6354491512829980e-03
-3.5999999999999997e-02 -2.6999999999999996e-02 4.0000000000000001e-03  1.6452877819478039e-03
-3.5999999999999997e-02 -2.3999999999999997e-02 4.0000000000000001e-03  1.6522676445090789e-03
-3.5999999999999997e-02 -2.0999999999999998e-02 4.0000000000000001e-03  1.6193932818712085e-03
-3.5999999999999997e-02 -1.7999999999999999e-02 4.0000000000000001e-03  1.5953865559896283e-03
-3.5999999999999997e-02 -1.4999999999999999e-02 4.0000000000000001e-03  1.5875880171848837e-03
-3.5999999999999997e-02 -1.1999999999999997e-02 4.0000000000000001e-03  1.5854491572171389e-03
-3.5999999999999997e-02 -8.9999999999999941e-03 4.0000000000000001e-03  1.5804937227552028e-03
-3.5999999999999997e-02 -5.9999999999999984e-03 4.0000000000000001e-03  1.5663681979324255e-03
-3.5999999999999997e-02 -2.9999999999999957e-03 4.0000000000000001e-03  1.5776743332651239e-03
-3.5999999999999997e-02 0.0000000000000000e+00 4.0000000000000001e-03  1.5926425857316245e-03
-3.5999999999999997e-02 3.0000000000000027e-03 4.0000000000000001e-03  1.6112848594096968e-03
-3.5999999999999997e-02 6.0000000000000053e-03 4.0000000000000001e-03  1.6336136814895403e-03
-3.5999999999999997e-02 9.0000000000000011e-03 4.0000000000000001e-03  1.6146408496699035e-03
-3.5999999999999997e-02 1.2000000000000004e-02 4.0000000000000001e-03  1.6005218463413580e-03
-3.5999999999999997e-02 1.4999999999999999e-02 4.0000000000000001e-03  1.5946974555666382e-03
-3.5999999999999997e-02 1.8000000000000002e-02 4.0000000000000001e-03  1.6156072240027927e-03
-3.5999999999999997e-02 2.1000000000000005e-02 4.0000000000000001e-03  1.6072998931810311e-03
-3.5999999999999997e-02 2.4000000000000007e-02 4.0000000000000001e-03  1.6022595304308754e-03
-3.5999999999999997e-02 2.7000000000000010e-02 4.0000000000000001e-03  1.6450393990499472e-03
-3.5999999999999997e-02 2.9999999999999999e-02 4.0000000000000001e-03  1.6836904946017776e-03
-3.5999999999999997e-02 3.3000000000000002e-02 4.0000000000000001e-03  1.7178631931373076e-03
-3.5999999999999997e-02 3.6000000000000004e-02 4.0000000000000001e-03  1.7607966413041749e-03
-3.5999999999999997e-02 3.9000000000000007e-02 4.0000000000000001e-03  1.7484078791393403e-03
-3.5999999999999997e-02 4.2000000000000010e-02 4.0000000000000001e-03  1.8135203044275592e-03
-3.5999999999999997e-02 4.4999999999999998e-02 4.0000000000000001e-03  1.9037621827171418e-03
-3.3000000000000002e-02 -4.4999999999999998e-02 4.0000000000000001e-03  2.1306498049649403e-03
-3.3000000000000002e-02 -4.1999999999999996e-02 4.0000000000000001e-03  1.9376633028095173e-03
-3.3000000000000002e-02 -3.9000000000000000e-02 4.0000000000000001e-03  1.8100437181073649e-03
-3.3000000000000002e-02 -3.5999999999999997e-02 4.0000000000000001e-03  1.7056149616389202e-03
-3.3000000000000002e-02 -3.3000000000000002e-02 4.0000000000000001e-03  1.6423152211900809e-03
-3.3000000000000002e-02 -2.9999999999999999e-02 4.0000000000000001e-03  1.6000275689553734e-03
-3.3000000000000002e-02 -2.6999999999999996e-02 4.0000000000000001e-03  1.5952397006523261e-03
-3.3000000000000002e-02 -2.3999999999999997e-02 4.0000000000000001e-03  1.6057105873317236e-03
-3.3000000000000002e-02 -2.0999999999999998e-02 4.0000000000000001e-03  1.5774948981689399e-03
-3.3000000000000002e-02 -1.7999999999999999e-02 4.0000000000000001e-03  1.5589941068203687e-03
-3.3000000000000002e-02 -1.4999999999999999e-02 4.0000000000000001e-03  1.5446570938949691e-03
-3.3000000000000002e-02 -1.1999999999999997e-02 4.0000000000000001e-03  1.5286816380767516e-03
-3.3000000000000002e-02 -8.9999999999999941e-03 4.0000000000000001e-03  1.5263948555791062e-03
-3.3000000000000002e-02 -5.9999999999999984e-03 4.0000000000000001e-03  1.5289660417917292e-03
-3.3000000000000002e-02 -2.9999999999999957e-03 4.0000000000000001e-03  1.5351538843129452e-03
-3.3000000000000002e-02 0.0000000000000000e+00 4.0000000000000001e-03  1.5449706880424749e-03
-3.3000000000000002e-02 3.0000000000000027e-03 4.0000000000000001e-03  1.5584293809924727e-03
-3.3000000000000002e-02 6.0000000000000053e-03 4.0000000000000001e-03  1.5688167746645016e-03
-3.3000000000000002e-02 9.0000000000000011e-03 4.0000000000000001e-03  1.5516189881897809e-03
-3.3000000000000002e-02 1.2000000000000004e-02 4.0000000000000001e-03  1.5426911692829053e-03
-3.3000000000000002e-02 1.4999999999999999e-02 4.0000000000000001e-03  1.5420007470454493e-03
-3.3000000000000002e-02 1.8000000000000002e-02 4.0000000000000001e-03  1.5495216925149582e-03
-3.3000000000000002e-02 2.1000000000000005e-02 4.0000000000000001e-03  1.5640598047822394e-03
-3.3000000000000002e-02 2.4000000000000007e-02 4.0000000000000001e-03  1.5690411289862726e-03
-3.3000000000000002e-02 2.7000000000000010e-02 4.0000000000000001e-03  1.5927055444754359e-03
-3.3000000000000002e-02 2.9999999999999999e-02 4.0000000000000001e-03  1.6355641366439600e-03
-3.3000000000000002e-02 3.3000000000000002e-02 4.0000000000000001e-03  1.6706747732094485e-03
-3.3000000000000002e-02 3.6000000000000004e-02 4.0000000000000001e-03  1.6846648363591946e-03
-3.3000000000000002e-02 3.9000000000000007e-02 4.0000000000000001e-03  1.7124711085851081e-03
-3.3000000000000002e-02 4.2000000000000010e-02 4.0000000000000001e-03  1.7726817433135332e-03
-3.3000000000000002e-02 4.4999999999999998e-02 4.0000000000000001e-03  1.8436419863746981e-03
-2.9999999999999999e-02 -4.4999999999999998e-02 4.0000000000000001e-03  2.0734662994577259e-03
-2.9999999999999999e-02 -4.1999999999999996e-02 4.0000000000000001e-03  1.9034677425169163e-03
-2.9999999999999999e-02 -3.9000000000000000e-02 4.0000000000000001e-03  1.7634274472203221e-03
-2.9999999999999999e-02 -3.5999999999999997e-02 4.0000000000000001e-03  1.6796573688132204e-03
-2.9999999999999999e-02 -3.3000000000000002e-02 4.0000000000000001e-03  1.6227567835756370e-03
-2.9999999999999999e-02 -2.9999999999999999e-02 4.0000000000000001e-03  1.5821200558177912e-03
-2.9999999999999999e-02 -2.6999999999999996e-02 4.0000000000000001e-03  1.5589432760274699e-03
-2.9999999999999999e-02 -2.3999999999999997e-02 4.0000000000000001e-03  1.5626116692169405e-03
-2.9999999999999999e-02 -2.0999999999999998e-02 4.0000000000000001e-03  1.5437228923207472e-03
-2.9999999999999999e-02 -1.7999999999999999e-02 4.0000000000000001e-03  1.5269534927779005e-03
-2.9999999999999999e-02 -1.4999999999999999e-02 4.0000000000000001e-03  1.5162462574000370e-03
-2.9999999999999999e-02 -1.1999999999999997e-02 4.0000000000000001e-03  1.5058506180974989e-03
-2.9999999999999999e-02 -8.9999999999999941e-03 4.0000000000000001e-03  1.4998060421131329e-03
-2.9999999999999999e-02 -5.9999999999999984e-03 4.0000000000000001e-03  1.4973353588405565e-03
-2.9999999999999999e-02 -2.9999999999999957e-03 4.0000000000000001e-03  1.4984512740014446e-03
-2.9999999999999999e-02 0.0000000000000000e+00 4.0000000000000001e-03  1.5031671164299123e-03
-2.9999999999999999e-02 3.0000000000000027e-03 4.0000000000000001e-03  1.5114968380724931e-03
-2.9999999999999999e-02 6.0000000000000053e-03 4.0000000000000001e-03  1.5111239673415492e-03
-2.9999999999999999e-02 9.0000000000000011e-03 4.0000000000000001e-03  1.4990735610886030e-03
-2.9999999999999999e-02 1.2000000000000004e-02 4.0000000000000001e-03  1.4952407448074287e-03
-2.9999999999999999e-02 1.4999999999999999e-02 4.0000000000000001e-03  1.4996011972124561e-03
-2.9999999999999999e-02 1.8000000000000002e-02 4.0000000000000001e-03  1.5121371389540735e-03
-2.9999999999999999e-02 2.1000000000000005e-02 4.0000000000000001e-03  1.5331915657316915e-03
-2.9999999999999999e-02 2.4000000000000007e-02 4.0000000000000001e-03  1.5489170374701218e-03
-2.9999999999999999e-02 2.7000000000000010e-02 4.0000000000000001e-03  1.5640235794114575e-03
-2.9999999999999999e-02 2.9999999999999999e-02 4.0000000000000001e-03  1.6047408887721133e-03
-2.9999999999999999e-02 3.3000000000000002e-02 4.0000000000000001e-03  1.6288167216847445e-03
-2.9999999999999999e-02 3.6000000000000004e-02 4.0000000000000001e-03  1.6507652966257318e-03
-2.9999999999999999e-02 3.9000000000000007e-02 4.0000000000000001e-03  1.7026203537879561e-03
-2.9999999999999999e-02 4.2000000000000010e-02 4.0000000000000001e-03  1.7646566234849211e-03
-2.9999999999999999e-02 4.4999999999999998e-02 4.0000000000000001e-03  1.8374296770268046e-03
-2.6999999999999996e-02 -4.4999999999999998e-02 4.0000000000000001e-03  2.0230749307032572e-03
-2.6999999999999996e-02 -4.1999999999999996e-02 4.0000000000000001e-03  1.8477806256451633e-03
-2.6999999999999996e-02 -3.9000000000000000e-02 4.0000000000000001e-03  1.7415837531555320e-03
-2.6999999999999996e-02 -3.5999999999999997e-02 4.0000000000000001e-03  1.6684116795411172e-03
-2.6999999999999996e-02 -3.3000000000000002e-02 4.0000000000000001e-03  1.6128167293508512e-03
-2.6999999999999996e-02 -2.9999999999999999e-02 4.0000000000000001e-03  1.5739253076848753e-03
-2.6999999999999996e-02 -2.6999999999999996e-02 4.0000000000000001e-03  1.5510007760312972e-03
-2.6999999999999996e-02 -2.3999999999999997e-02 4.0000000000000001e-03  1.5370286696233064e-03
-2.6999999999999996e-02 -2.0999999999999998e-02 4.0000000000000001e-03  1.5253829102779440e-03
-2.6999999999999996e-02 -1.7999999999999999e-02 4.0000000000000001e-03  1.5137899837381385e-03
-2.6999999999999996e-02 -1.4999999999999999e-02 4.0000000000000001e-03  1.5022460123077408e-03
-2.6999999999999996e-02 -1.1999999999999997e-02 4.0000000000000001e-03  1.4907472678510755e-03
-2.6999999999999996e-02 -8.9999999999999941e-03 4.0000000000000001e-03  1.4792901717929359e-03
-2.6999999999999996e-02 -5.9999999999999984e-03 4.0000000000000001e-03  1.4714273763298512e-03
-2.6999999999999996e-02 -2.9999999999999957e-03 4.0000000000000001e-03  1.4675098297975665e-03
-2.6999999999999996e-02 0.0000000000000000e+00 4.0000000000000001e-03  1.4671672985768695e-03
-2.6999999999999996e-02 3.0000000000000027e-03 4.0000000000000001e-03  1.4704147585486874e-03
-2.6999999999999996e-02 6.0000000000000053e-03 4.0000000000000001e-03  1.4638350601660823e-03
-2.6999999999999996e-02 9.0000000000000011e-03 4.0000000000000001e-03  1.4568449335776957e-03
-2.6999999999999996e-02 1.2000000000000004e-02 4.0000000000000001e-03  1.4580331072661986e-03
-2.6999999999999996e-02 1.4999999999999999e-02 4.0000000000000001e-03  1.4673835095588641e-03
-2.6999999999999996e-02 1.8000000000000002e-02 4.0000000000000001e-03  1.4848866107189296e-03
-2.6999999999999996e-02 2.1000000000000005e-02 4.0000000000000001e-03  1.5102781042331849e-03
-2.6999999999999996e-02 2.4000000000000007e-02 4.0000000000000001e-03  1.5338648231417874e-03
-2.6999999999999996e-02 2.7000000000000010e-02 4.0000000000000001e-03  1.5551855704341512e-03
-2.6999999999999996e-02 2.9999999999999999e-02 4.0000000000000001e-03  1.5746281922312229e-03
-2.6999999999999996e-02 3.3000000000000002e-02 4.0000000000000001e-03  1.5969819806962537e-03
-2.6999999999999996e-02 3.6000000000000004e-02 4.0000000000000001e-03  1.6409515352934913e-03
-2.6999999999999996e-02 3.9000000000000007e-02 4.0000000000000001e-03  1.6947209760441102e-03
-2.6999999999999996e-02 4.2000000000000010e-02 4.0000000000000001e-03  1.7586650079933930e-03
-2.6999999999999996e-02 4.4999999999999998e-02 4.0000000000000001e-03  1.8334261825833816e-03
-2.3999999999999997e-02 -4.4999999999999998e-02 4.0000000000000001e-03  1.9605933640557474e-03
-2.3999999999999997e-02 -4.1999999999999996e-02 4.0000000000000001e-03  1.8300225132159139e-03
-2.3999999999999997e-02 -3.9000000000000000e-02 4.0000000000000001e-03  1.7386684522434463e-03
-2.3999999999999997e-02 -3.5999999999999997e-02 4.0000000000000001e-03  1.6663333087714087e-03
-2.3999999999999997e-02 -3.3000000000000002e-02 4.0000000000000001e-03  1.6108440997096088e-03
-2.3999999999999997e-02 -2.9999999999999999e-02 4.0000000000000001e-03  1.5728986471189959e-03
-2.3999999999999997e-02 -2.6999999999999996e-02 4.0000000000000001e-03  1.5534932593531143e-03
-2.3999999999999997e-02 -2.3999999999999997e-02 4.0000000000000001e-03  1.5332813874537421e-03
-2.3999999999999997e-02 -2.0999999999999998e-02 4.0000000000000001e-03  1.5138715587519082e-03
-2.3999999999999997e-02 -1.7999999999999999e-02 4.0000000000000001e-03  1.5014253836183147e-03
-2.3999999999999997e-02 -1.4999999999999999e-02 4.0000000000000001e-03  1.4890335554526353e-03
-2.3999999999999997e-02 -1.1999999999999997e-02 4.0000000000000001e-03  1.4766920005917818e-03
-2.3999999999999997e-02 -8.9999999999999941e-03 4.0000000000000001e-03  1.4643967949331308e-03
-2.3999999999999997e-02 -5.9999999999999984e-03 4.0000000000000001e-03  1.4521441639345316e-03
-2.3999999999999997e-02 -2.9999999999999957e-03 4.0000000000000001e-03  1.4422817862085842e-03
-2.3999999999999997e-02 0.0000000000000000e+00 4.0000000000000001e-03  1.4369155692066180e-03
-2.3999999999999997e-02 3.0000000000000027e-03 4.0000000000000001e-03  1.4351195773603135e-03
-2.3999999999999997e-02 6.0000000000000053e-03 4.0000000000000001e-03  1.4268027186331107e-03
-2.3999999999999997e-02 9.0000000000000011e-03 4.0000000000000001e-03  1.4248079402920078e-03
-2.3999999999999997e-02 1.2000000000000004e-02 4.0000000000000001e-03  1.4309652604340944e-03
-2.3999999999999997e-02 1.4999999999999999e-02 4.0000000000000001e-03  1.4459898528711929e-03
-2.3999999999999997e-02 1.8000000000000002e-02 4.0000000000000001e-03  1.4669109706479516e-03
-2.3999999999999997e-02 2.1000000000000005e-02 4.0000000000000001e-03  1.4903636095772892e-03
-2.3999999999999997e-02 2.4000000000000007e-02 4.0000000000000001e-03  1.5163629981148673e-03
-2.3999999999999997e-02 2.7000000000000010e-02 4.0000000000000001e-03  1.5370898130656566e-03
-2.3999999999999997e-02 2.9999999999999999e-02 4.0000000000000001e-03  1.5506184540099084e-03
-2.3999999999999997e-02 3.3000000000000002e-02 4.0000000000000001e-03  1.5867622199923141e-03
-2.3999999999999997e-02 3.6000000000000004e-02 4.0000000000000001e-03  1.6328531811189296e-03
-2.3999999999999997e-02 3.9000000000000007e-02 4.0000000000000001e-03  1.6886071805767432e-03
-2.3999999999999997e-02 4.2000000000000010e-02 4.0000000000000001e-03  1.7546223331807384e-03
-2.3999999999999997e-02 4.4999999999999998e-02 4.0000000000000001e-03  1.8316281705048267e-03
-2.0999999999999998e-02 -4.4999999999999998e-02 4.0000000000000001e-03  1.9473572040341561e-03
-2.0999999999999998e-02 -4.1999999999999996e-02 4.0000000000000001e-03  1.8356587131151464e-03
-2.0999999999999998e-02 -3.9000000000000000e-02 4.0000000000000001e-03  1.7379914504582199e-03
-2.0999999999999998e-02 -3.5999999999999997e-02 4.0000000000000001e-03  1.6615765331986522e-03
-2.0999999999999998e-02 -3.3000000000000002e-02 4.0000000000000001e-03  1.6069760471341841e-03
-2.0999999999999998e-02 -2.9999999999999999e-02 4.0000000000000001e-03  1.5723642433715988e-03
-2.0999999999999998e-02 -2.6999999999999996e-02 4.0000000000000001e-03  1.5540633774163116e-03
-2.0999999999999998e-02 -2.3999999999999997e-02 4.0000000000000001e-03  1.5318289865147434e-03
-2.0999999999999998e-02 -2.0999999999999998e-02 4.0000000000000001e-03  1.5107156273488362e-03
-2.0999999999999998e-02 -1.7999999999999999e-02 4.0000000000000001e-03  1.4907221909646244e-03
-2.0999999999999998e-02 -1.4999999999999999e-02 4.0000000000000001e-03  1.4766010421555145e-03
-2.0999999999999998e-02 -1.1999999999999997e-02 4.0000000000000001e-03  1.4634083875103387e-03
-2.0999999999999998e-02 -8.9999999999999941e-03 4.0000000000000001e-03  1.4502678358844232e-03
-2.0999999999999998e-02 -5.9999999999999984e-03 4.0000000000000001e-03  1.4371752672082017e-03
-2.0999999999999998e-02 -2.9999999999999957e-03 4.0000000000000001e-03  1.4241267109725805e-03
-2.0999999999999998e-02 0.0000000000000000e+00 4.0000000000000001e-03  1.4123651700827550e-03
-2.0999999999999998e-02 3.0000000000000027e-03 4.0000000000000001e-03  1.4051013690060813e-03
-2.0999999999999998e-02 6.0000000000000053e-03 4.0000000000000001e-03  1.3999140776612539e-03
-2.0999999999999998e-02 9.0000000000000011e-03 4.0000000000000001e-03  1.4060110422984241e-03
-2.0999999999999998e-02 1.2000000000000004e-02 4.0000000000000001e-03  1.4190565042451922e-03
-2.0999999999999998e-02 1.4999999999999999e-02 4.0000000000000001e-03  1.4346157259757352e-03
-2.0999999999999998e-02 1.8000000000000002e-02 4.0000000000000001e-03  1.4526981140825707e-03
-2.0999999999999998e-02 2.1000000000000005e-02 4.0000000000000001e-03  1.4733175136911586e-03
-2.0999999999999998e-02 2.4000000000000007e-02 4.0000000000000001e-03  1.4964922084598814e-03
-2.0999999999999998e-02 2.7000000000000010e-02 4.0000000000000001e-03  1.5222449205800758e-03
-2.0999999999999998e-02 2.9999999999999999e-02 4.0000000000000001e-03  1.5402915063528564e-03
-2.0999999999999998e-02 3.3000000000000002e-02 4.0000000000000001e-03  1.5711945808952320e-03
-2.0999999999999998e-02 3.6000000000000004e-02 4.0000000000000001e-03  1.6170644520993760e-03
-2.0999999999999998e-02 3.9000000000000007e-02 4.0000000000000001e-03  1.6738630351278358e-03
-2.0999999999999998e-02 4.2000000000000010e-02 4.0000000000000001e-03  1.7421171908044591e-03
-2.0999999999999998e-02 4.4999999999999998e-02 4.0000000000000001e-03  1.8227043486998707e-03
-1.7999999999999999e-02 -4.4999999999999998e-02 4.0000000000000001e-03  1.9447677776473350e-03
-1.7999999999999999e-02 -4.1999999999999996e-02 4.0000000000000001e-03  1.8230518360189117e-03
-1.7999999999999999e-02 -3.9000000000000000e-02 4.0000000000000001e-03  1.7269168183530572e-03
-1.7999999999999999e-02 -3.5999999999999997e-02 4.0000000000000001e-03  1.6542958245562365e-03
-1.7999999999999999e-02 -3.3000000000000002e-02 4.0000000000000001e-03  1.6032395081077898e-03
-1.7999999999999999e-02 -2.9999999999999999e-02 4.0000000000000001e-03  1.5719160760599125e-03
-1.7999999999999999e-02 -2.6999999999999996e-02 4.0000000000000001e-03  1.5525933499601732e-03
-1.7999999999999999e-02 -2.3999999999999997e-02 4.0000000000000001e-03  1.5294958736109883e-03
-1.7999999999999999e-02 -2.0999999999999998e-02 4.0000000000000001e-03  1.5075163590254552e-03
-1.7999999999999999e-02 -1.7999999999999999e-02 4.0000000000000001e-03  1.4866543266394839e-03
-1.7999999999999999e-02 -1.4999999999999999e-02 4.0000000000000001e-03  1.4669101982150118e-03
-1.7999999999999999e-02 -1.1999999999999997e-02 4.0000000000000001e-03  1.4508918366030344e-03
-1.7999999999999999e-02 -8.9999999999999941e-03 4.0000000000000001e-03  1.4369004809323389e-03
-1.7999999999999999e-02 -5.9999999999999984e-03 4.0000000000000001e-03  1.4229635695143610e-03
-1.7999999999999999e-02 -2.9999999999999957e-03 4.0000000000000001e-03  1.4090767863125879e-03
-1.7999999999999999e-02 0.0000000000000000e+00 4.0000000000000001e-03  1.3952359648509787e-03
-1.7999999999999999e-02 3.0000000000000027e-03 4.0000000000000001e-03  1.3903337700000779e-03
-1.7999999999999999e-02 6.0000000000000053e-03 4.0000000000000001e-03  1.3955208178327123e-03
-1.7999999999999999e-02 9.0000000000000011e-03 4.0000000000000001e-03  1.4032097579131230e-03
-1.7999999999999999e-02 1.2000000000000004e-02 4.0000000000000001e-03  1.4134041749706901e-03
-1.7999999999999999e-02 1.4999999999999999e-02 4.0000000000000001e-03  1.4261120922677258e-03
-1.7999999999999999e-02 1.8000000000000002e-02 4.0000000000000001e-03  1.4413459715994876e-03
-1.7999999999999999e-02 2.1000000000000005e-02 4.0000000000000001e-03  1.4591227132941551e-03
-1.7999999999999999e-02 2.4000000000000007e-02 4.0000000000000001e-03  1.4794636562128543e-03
-1.7999999999999999e-02 2.7000000000000010e-02 4.0000000000000001e-03  1.5023945777496396e-03
-1.7999999999999999e-02 2.9999999999999999e-02 4.0000000000000001e-03  1.5279456938315018e-03
-1.7999999999999999e-02 3.3000000000000002e-02 4.0000000000000001e-03  1.5577445410800577e-03
-1.7999999999999999e-02 3.6000000000000004e-02 4.0000000000000001e-03  1.6019338920228818e-03
-1.7999999999999999e-02 3.9000000000000007e-02 4.0000000000000001e-03  1.6570645141055025e-03
-1.7999999999999999e-02 4.2000000000000010e-02 4.0000000000000001e-03  1.7236338410441089e-03
-1.7999999999999999e-02 4.4999999999999998e-02 4.0000000000000001e-03  1.8024898753016638e-03
-1.4999999999999999e-02 -4.4999999999999998e-02 4.0000000000000001e-03  1.9256631970898423e-03
-1.4999999999999999e-02 -4.1999999999999996e-02 4.0000000000000001e-03  1.8081860944887597e-03
-1.4999999999999999e-02 -3.9000000000000000e-02 4.0000000000000001e-03  1.7160499859999877e-03
-1.4999999999999999e-02 -3.5999999999999997e-02 4.0000000000000001e-03  1.6471819274754174e-03
-1.4999999999999999e-02 -3.3000000000000002e-02 4.0000000000000001e-03  1.5996265283397912e-03
-1.4999999999999999e-02 -2.9999999999999999e-02 4.0000000000000001e-03  1.5715459515907330e-03
-1.4999999999999999e-02 -2.6999999999999996e-02 4.0000000000000001e-03  1.5502456693327912e-03
-1.4999999999999999e-02 -2.3999999999999997e-02 4.0000000000000001e-03  1.5262816355263433e-03
-1.4999999999999999e-02 -2.0999999999999998e-02 4.0000000000000001e-03  1.5034335512881145e-03
-1.4999999999999999e-02 -1.7999999999999999e-02 4.0000000000000001e-03  1.4817015664438983e-03
-1.4999999999999999e-02 -1.4999999999999999e-02 4.0000000000000001e-03  1.4610867321455010e-03
-1.4999999999999999e-02 -1.1999999999999997e-02 4.0000000000000001e-03  1.4415910008707432e-03
-1.4999999999999999e-02 -8.9999999999999941e-03 4.0000000000000001e-03  1.4242933907486601e-03
-1.4999999999999999e-02 -5.9999999999999984e-03 4.0000000000000001e-03  1.4095095098140280e-03
-1.4999999999999999e-02 -2.9999999999999957e-03 4.0000000000000001e-03  1.3947829258845858e-03
-1.4999999999999999e-02 0.0000000000000000e+00 4.0000000000000001e-03  1.3854662839939316e-03
-1.4999999999999999e-02 3.0000000000000027e-03 4.0000000000000001e-03  1.3884363238708482e-03
-1.4999999999999999e-02 6.0000000000000053e-03 4.0000000000000001e-03  1.3968056147075885e-03
-1.4999999999999999e-02 9.0000000000000011e-03 4.0000000000000001e-03  1.4033018225663590e-03
-1.4999999999999999e-02 1.2000000000000004e-02 4.0000000000000001e-03  1.4106310961794345e-03
-1.4999999999999999e-02 1.4999999999999999e-02 4.0000000000000001e-03  1.4204739709996646e-03
-1.4999999999999999e-02 1.8000000000000002e-02 4.0000000000000001e-03  1.4328459640250359e-03
-1.4999999999999999e-02 2.1000000000000005e-02 4.0000000000000001e-03  1.4477670307864619e-03
-1.4999999999999999e-02 2.4000000000000007e-02 4.0000000000000001e-03  1.4652615653477927e-03
-1.4999999999999999e-02 2.7000000000000010e-02 4.0000000000000001e-03  1.4861352188135274e-03
-1.4999999999999999e-02 2.9999999999999999e-02 4.0000000000000001e-03  1.5121419623050200e-03
-1.4999999999999999e-02 3.3000000000000002e-02 4.0000000000000001e-03  1.5284422993898348e-03
-1.4999999999999999e-02 3.6000000000000004e-02 4.0000000000000001e-03  1.5816326567256722e-03
-1.4999999999999999e-02 3.9000000000000007e-02 4.0000000000000001e-03  1.6447431049594365e-03
-1.4999999999999999e-02 4.2000000000000010e-02 4.0000000000000001e-03  1.7135598278863833e-03
-1.4999999999999999e-02 4.4999999999999998e-02 4.0000000000000001e-03  1.8065498186053178e-03
-1.1999999999999997e-02 -4.4999999999999998e-02 4.0000000000000001e-03  1.9357503284808781e-03
-1.1999999999999997e-02 -4.1999999999999996e-02 4.0000000000000001e-03  1.8042564206263135e-03
-1.1999999999999997e-02 -3.9000000000000000e-02 4.0000000000000001e-03  1.7053835335236944e-03
-1.1999999999999997e-02 -3.5999999999999997e-02 4.0000000000000001e-03  1.6402271827782968e-03
-1.1999999999999997e-02 -3.3000000000000002e-02 4.0000000000000001e-03  1.5961292093497239e-03
-1.1999999999999997e-02 -2.9999999999999999e-02 4.0000000000000001e-03  1.5712457321810100e-03
-1.1999999999999997e-02 -2.6999999999999996e-02 4.0000000000000001e-03  1.5470198038065625e-03
-1.1999999999999997e-02 -2.3999999999999997e-02 4.0000000000000001e-03  1.5221858785963696e-03
-1.1999999999999997e-02 -2.0999999999999998e-02 4.0000000000000001e-03  1.4984669485355461e-03
-1.1999999999999997e-02 -1.7999999999999999e-02 4.0000000000000001e-03  1.4758637928397615e-03
-1.1999999999999997e-02 -1.4999999999999999e-02 4.0000000000000001e-03  1.4543780920506975e-03
-1.1999999999999997e-02 -1.1999999999999997e-02 4.0000000000000001e-03  1.4340124280360503e-03
-1.1999999999999997e-02 -8.9999999999999941e-03 4.0000000000000001e-03  1.4147702839895397e-03
-1.1999999999999997e-02 -5.9999999999999984e-03 4.0000000000000001e-03  1.3968150014544724e-03
-1.1999999999999997e-02 -2.9999999999999957e-03 4.0000000000000001e-03  1.3869299848385129e-03
-1.1999999999999997e-02 0.0000000000000000e+00 4.0000000000000001e-03  1.3840059196768657e-03
-1.1999999999999997e-02 3.0000000000000027e-03 4.0000000000000001e-03  1.3887907562685421e-03
-1.1999999999999997e-02 6.0000000000000053e-03 4.0000000000000001e-03  1.3957892998545443e-03
-1.1999999999999997e-02 9.0000000000000011e-03 4.0000000000000001e-03  1.4033481123961230e-03
-1.1999999999999997e-02 1.2000000000000004e-02 4.0000000000000001e-03  1.4107408112308990e-03
-1.1999999999999997e-02 1.4999999999999999e-02 4.0000000000000001e-03  1.4177013071048569e-03
-1.1999999999999997e-02 1.8000000000000002e-02 4.0000000000000001e-03  1.4271944378663624e-03
-1.1999999999999997e-02 2.1000000000000005e-02 4.0000000000000001e-03  1.4401939985229750e-03
-1.1999999999999997e-02 2.4000000000000007e-02 4.0000000000000001e-03  1.4575006286125605e-03
-1.1999999999999997e-02 2.7000000000000010e-02 4.0000000000000001e-03  1.4782275284825641e-03
-1.1999999999999997e-02 2.9999999999999999e-02 4.0000000000000001e-03  1.5022794656663026e-03
-1.1999999999999997e-02 3.3000000000000002e-02 4.0000000000000001e-03  1.5157691527499918e-03
-1.1999999999999997e-02 3.6000000000000004e-02 4.0000000000000001e-03  1.5511558362082999e-03
-1.1999999999999997e-02 3.9000000000000007e-02 4.0000000000000001e-03  1.6318704591745553e-03
-1.1999999999999997e-02 4.2000000000000010e-02 4.0000000000000001e-03  1.7183515494250431e-03
-1.1999999999999997e-02 4.4999999999999998e-02 4.0000000000000001e-03  1.8292480838213066e-03
-8.9999999999999941e-03 -4.4999999999999998e-02 4.0000000000000001e-03  1.9441269252140384e-03
-8.9999999999999941e-03 -4.1999999999999996e-02 4.0000000000000001e-03  1.8126328445888156e-03
-8.9999999999999941e-03 -3.9000000000000000e-02 4.0000000000000001e-03  1.7180514016421999e-03
-8.9999999999999941e-03 -3.5999999999999997e-02 4.0000000000000001e-03  1.6401423471876901e-03
-8.9999999999999941e-03 -3.3000000000000002e-02 4.0000000000000001e-03  1.5924734306319681e-03
-8.9999999999999941e-03 -2.9999999999999999e-02 4.0000000000000001e-03  1.5697368449303574e-03
-8.9999999999999941e-03 -2.6999999999999996e-02 4.0000000000000001e-03  1.5429152412055542e-03
-8.9999999999999941e-03 -2.3999999999999997e-02 4.0000000000000001e-03  1.5172082287083139e-03
-8.9999999999999941e-03 -2.0999999999999998e-02 4.0000000000000001e-03  1.4926163147181623e-03
-8.9999999999999941e-03 -1.7999999999999999e-02 4.0000000000000001e-03  1.4691409078406523e-03
-8.9999999999999941e-03 -1.4999999999999999e-02 4.0000000000000001e-03  1.4467843180073431e-03
-8.9999999999999941e-03 -1.1999999999999997e-02 4.0000000000000001e-03  1.4287106088852483e-03
-8.9999999999999941e-03 -8.9999999999999941e-03 4.0000000000000001e-03  1.4131182677258971e-03
-8.9999999999999941e-03 -5.9999999999999984e-03 4.0000000000000001e-03  1.3987300118667712e-03
-8.9999999999999941e-03 -2.9999999999999957e-03 4.0000000000000001e-03  1.3903987254243601e-03
-8.9999999999999941e-03 0.0000000000000000e+00 4.0000000000000001e-03  1.3872077678908099e-03
-8.9999999999999941e-03 3.0000000000000027e-03 4.0000000000000001e-03  1.3916254176040339e-03
-8.9999999999999941e-03 6.0000000000000053e-03 4.0000000000000001e-03  1.3971858725410201e-03
-8.9999999999999941e-03 9.0000000000000011e-03 4.0000000000000001e-03  1.4034749277513239e-03
-8.9999999999999941e-03 1.2000000000000004e-02 4.0000000000000001e-03  1.4105781014158011e-03
-8.9999999999999941e-03 1.4999999999999999e-02 4.0000000000000001e-03  1.4185134558268792e-03
-8.9999999999999941e-03 1.8000000000000002e-02 4.0000000000000001e-03  1.4272516241164968e-03
-8.9999999999999941e-03 2.1000000000000005e-02 4.0000000000000001e-03  1.4392851839357436e-03
-8.9999999999999941e-03 2.4000000000000007e-02 4.0000000000000001e-03  1.4547369749879897e-03
-8.9999999999999941e-03 2.7000000000000010e-02 4.0000000000000001e-03  1.4736095937775001e-03
-8.9999999999999941e-03 2.9999999999999999e-02 4.0000000000000001e-03  1.4907516935174945e-03
-8.9999999999999941e-03 3.3000000000000002e-02 4.0000000000000001e-03  1.5081022851583096e-03
-8.9999999999999941e-03 3.6000000000000004e-02 4.0000000000000001e-03  1.5473597409493053e-03
-8.9999999999999941e-03 3.9000000000000007e-02 4.0000000000000001e-03  1.6125456185733850e-03
-8.9999999999999941e-03 4.2000000000000010e-02 4.0000000000000001e-03  1.7167218221781633e-03
-8.9999999999999941e-03 4.4999999999999998e-02 4.0000000000000001e-03  1.8457146635335912e-03
-5.9999999999999984e-03 -4.4999999999999998e-02 4.0000000000000001e-03  1.9501044867671180e-03
-5.9999999999999984e-03 -4.1999999999999996e-02 4.0000000000000001e-03  1.8188447270004763e-03
-5.9999999999999984e-03 -3.9000000000000000e-02 4.0000000000000001e-03  1.7246349033755370e-03
-5.9999999999999984e-03 -3.5999999999999997e-02 4.0000000000000001e-03  1.6409102205995716e-03
-5.9999999999999984e-03 -3.3000000000000002e-02 4.0000000000000001e-03  1.5779617808696460e-03
-5.9999999999999984e-03 -2.9999999999999999e-02 4.0000000000000001e-03  1.5620407892283812e-03
-5.9999999999999984e-03 -2.6999999999999996e-02 4.0000000000000001e-03  1.5379314889055298e-03
-5.9999999999999984e-03 -2.3999999999999997e-02 4.0000000000000001e-03  1.5153685166333377e-03
-5.9999999999999984e-03 -2.0999999999999998e-02 4.0000000000000001e-03  1.4944055502817410e-03
-5.9999999999999984e-03 -1.7999999999999999e-02 4.0000000000000001e-03  1.4746332045956984e-03
-5.9999999999999984e-03 -1.4999999999999999e-02 4.0000000000000001e-03  1.4560534986301770e-03
-5.9999999999999984e-03 -1.1999999999999997e-02 4.0000000000000001e-03  1.4386704658369929e-03
-5.9999999999999984e-03 -8.9999999999999941e-03 4.0000000000000001e-03  1.4224901540648002e-03
-5.9999999999999984e-03 -5.9999999999999984e-03 4.0000000000000001e-03  1.4078598788476871e-03
-5.9999999999999984e-03 -2.9999999999999957e-03 4.0000000000000001e-03  1.4012508658922730e-03
-5.9999999999999984e-03 0.0000000000000000e+00 4.0000000000000001e-03  1.4022117396137884e-03
-5.9999999999999984e-03 3.0000000000000027e-03 4.0000000000000001e-03  1.4026247445285424e-03
-5.9999999999999984e-03 6.0000000000000053e-03 4.0000000000000001e-03  1.4005320272858092e-03
-5.9999999999999984e-03 9.0000000000000011e-03 4.0000000000000001e-03  1.4065589147707457e-03
-5.9999999999999984e-03 1.2000000000000004e-02 4.0000000000000001e-03  1.4139749767855111e-03
-5.9999999999999984e-03 1.4999999999999999e-02 4.0000000000000001e-03  1.4222162704621713e-03
-5.9999999999999984e-03 1.8000000000000002e-02 4.0000000000000001e-03  1.4313024902534385e-03
-5.9999999999999984e-03 2.1000000000000005e-02 4.0000000000000001e-03  1.4416588069905388e-03
-5.9999999999999984e-03 2.4000000000000007e-02 4.0000000000000001e-03  1.4552579498267478e-03
-5.9999999999999984e-03 2.7000000000000010e-02 4.0000000000000001e-03  1.4722786581131382e-03
-5.9999999999999984e-03 2.9999999999999999e-02 4.0000000000000001e-03  1.4842262540998086e-03
-5.9999999999999984e-03 3.3000000000000002e-02 4.0000000000000001e-03  1.5054359798072770e-03
-5.9999999999999984e-03 3.6000000000000004e-02 4.0000000000000001e-03  1.5485682764932907e-03
-5.9999999999999984e-03 3.9000000000000007e-02 4.0000000000000001e-03  1.6137591725466300e-03
-5.9999999999999984e-03 4.2000000000000010e-02 4.0000000000000001e-03  1.7086666513624973e-03
-5.9999999999999984e-03 4.4999999999999998e-02 4.0000000000000001e-03  1.8558622518679484e-03
-2.9999999999999957e-03 -4.4999999999999998e-02 4.0000000000000001e-03  1.9536568542110875e-03
-2.9999999999999957e-03 -4.1999999999999996e-02 4.0000000000000001e-03  1.8228547084629919e-03
-2.9999999999999957e-03 -3.9000000000000000e-02 4.0000000000000001e-03  1.7292842783339997e-03
-2.9999999999999957e-03 -3.5999999999999997e-02 4.0000000000000001e-03  1.6460463129726211e-03
-2.9999999999999957e-03 -3.3000000000000002e-02 4.0000000000000001e-03  1.5870721471922817e-03
-2.9999999999999957e-03 -2.9999999999999999e-02 4.0000000000000001e-03  1.5552030663433835e-03
-2.9999999999999957e-03 -2.6999999999999996e-02 4.0000000000000001e-03  1.5315915994616866e-03
-2.9999999999999957e-03 -2.3999999999999997e-02 4.0000000000000001e-03  1.5091966045754695e-03
-2.9999999999999957e-03 -2.0999999999999998e-02 4.0000000000000001e-03  1.4880204496215453e-03
-2.9999999999999957e-03 -1.7999999999999999e-02 4.0000000000000001e-03  1.4680671310747838e-03
-2.9999999999999957e-03 -1.4999999999999999e-02 4.0000000000000001e-03  1.4493422739481202e-03
-2.9999999999999957e-03 -1.1999999999999997e-02 4.0000000000000001e-03  1.4318531317925490e-03
-2.9999999999999957e-03 -8.9999999999999941e-03 4.0000000000000001e-03  1.4251259378591961e-03
-2.9999999999999957e-03 -5.9999999999999984e-03 4.0000000000000001e-03  1.4193182570266490e-03
-2.9999999999999957e-03 -2.9999999999999957e-03 4.0000000000000001e-03  1.4147339746217020e-03
-2.9999999999999957e-03 0.0000000000000000e+00 4.0000000000000001e-03  1.4172076347105226e-03
-2.9999999999999957e-03 3.0000000000000027e-03 4.0000000000000001e-03  1.4137473015910381e-03
-2.9999999999999957e-03 6.0000000000000053e-03 4.0000000000000001e-03  1.4117932781989586e-03
-2.9999999999999957e-03 9.0000000000000011e-03 4.0000000000000001e-03  1.4125041360035532e-03
-2.9999999999999957e-03 1.2000000000000004e-02 4.0000000000000001e-03  1.4190631526319203e-03
-2.9999999999999957e-03 1.4999999999999999e-02 4.0000000000000001e-03  1.4276147464810339e-03
-2.9999999999999957e-03 1.8000000000000002e-02 4.0000000000000001e-03  1.4370040006391280e-03
-2.9999999999999957e-03 2.1000000000000005e-02 4.0000000000000001e-03  1.4472522417191996e-03
-2.9999999999999957e-03 2.4000000000000007e-02 4.0000000000000001e-03  1.4590620728990498e-03
-2.9999999999999957e-03 2.7000000000000010e-02 4.0000000000000001e-03  1.4742331316299532e-03
-2.9999999999999957e-03 2.9999999999999999e-02 4.0000000000000001e-03  1.4826968907295777e-03
-2.9999999999999957e-03 3.3000000000000002e-02 4.0000000000000001e-03  1.5077673423651349e-03
-2.9999999999999957e-03 3.6000000000000004e-02 4.0000000000000001e-03  1.5547819108603978e-03
-2.9999999999999957e-03 3.9000000000000007e-02 4.0000000000000001e-03  1.6238832667539482e-03
-2.9999999999999957e-03 4.2000000000000010e-02 4.0000000000000001e-03  1.7152443272672011e-03
-2.9999999999999957e-03 4.4999999999999998e-02 4.0000000000000001e-03  1.8596580814289919e-03
0.0000000000000000e+00 -4.4999999999999998e-02 4.0000000000000001e-03  1.9547717188694060e-03
0.0000000000000000e+00 -4.1999999999999996e-02 4.0000000000000001e-03  1.8246392798305794e-03
0.0000000000000000e+00 -3.9000000000000000e-02 4.0000000000000001e-03  1.7319640180033242e-03
0.0000000000000000e+00 -3.5999999999999997e-02 4.0000000000000001e-03  1.6451577799778520e-03
0.0000000000000000e+00 -3.3000000000000002e-02 4.0000000000000001e-03  1.5917286885815710e-03
0.0000000000000000e+00 -2.9999999999999999e-02 4.0000000000000001e-03  1.5529457362023686e-03
0.0000000000000000e+00 -2.6999999999999996e-02 4.0000000000000001e-03  1.5264001832419449e-03
0.0000000000000000e+00 -2.3999999999999997e-02 4.0000000000000001e-03  1.5032625343652608e-03
0.0000000000000000e+00 -2.0999999999999998e-02 4.0000000000000001e-03  1.4813770056358701e-03
0.0000000000000000e+00 -1.7999999999999999e-02 4.0000000000000001e-03  1.4633826705149372e-03
0.0000000000000000e+00 -1.4999999999999999e-02 4.0000000000000001e-03  1.4540541710040466e-03
0.0000000000000000e+00 -1.1999999999999997e-02 4.0000000000000001e-03  1.4455389954217159e-03
0.0000000000000000e+00 -8.9999999999999941e-03 4.0000000000000001e-03  1.4378349197682724e-03
0.0000000000000000e+00 -5.9999999999999984e-03 4.0000000000000001e-03  1.4314520057965893e-03
0.0000000000000000e+00 -2.9999999999999957e-03 4.0000000000000001e-03  1.4297823177227248e-03
0.0000000000000000e+00 0.0000000000000000e+00 4.0000000000000001e-03  1.4289932741508723e-03
0.0000000000000000e+00 3.0000000000000027e-03 4.0000000000000001e-03  1.4245139990508079e-03
0.0000000000000000e+00 6.0000000000000053e-03 4.0000000000000001e-03  1.4226996000277162e-03
0.0000000000000000e+00 9.0000000000000011e-03 4.0000000000000001e-03  1.4235509883707793e-03
0.0000000000000000e+00 1.2000000000000004e-02 4.0000000000000001e-03  1.4270692659267596e-03
0.0000000000000000e+00 1.4999999999999999e-02 4.0000000000000001e-03  1.4347028636980043e-03
0.0000000000000000e+00 1.8000000000000002e-02 4.0000000000000001e-03  1.4443993735876212e-03
0.0000000000000000e+00 2.1000000000000005e-02 4.0000000000000001e-03  1.4549472878726698e-03
0.0000000000000000e+00 2.4000000000000007e-02 4.0000000000000001e-03  1.4663695653264206e-03
0.0000000000000000e+00 2.7000000000000010e-02 4.0000000000000001e-03  1.4790764732100176e-03
0.0000000000000000e+00 2.9999999999999999e-02 4.0000000000000001e-03  1.4861601691988785e-03
0.0000000000000000e+00 3.3000000000000002e-02 4.0000000000000001e-03  1.5146207983666967e-03
0.0000000000000000e+00 3.6000000000000004e-02 4.0000000000000001e-03  1.5605047378670321e-03
0.0000000000000000e+00 3.9000000000000007e-02 4.0000000000000001e-03  1.6243431925757111e-03
0.0000000000000000e+00 4.2000000000000010e-02 4.0000000000000001e-03  1.7062527007357859e-03
0.0000000000000000e+00 4.4999999999999998e-02 4.0000000000000001e-03  1.9018370169586959e-03
3.0000000000000027e-03 -4.4999999999999998e-02 4.0000000000000001e-03  1.9534506223180563e-03
3.0000000000000027e-03 -4.1999999999999996e-02 4.0000000000000001e-03  1.8241887822099624e-03
3.0000000000000027e-03 -3.9000000000000000e-02 4.0000000000000001e-03  1.7267428364283646e-03
3.0000000000000027e-03 -3.5999999999999997e-02 4.0000000000000001e-03  1.6499947904485158e-03
3.0000000000000027e-03 -3.3000000000000002e-02 4.0000000000000001e-03  1.5989253701952401e-03
3.0000000000000027e-03 -2.9999999999999999e-02 4.0000000000000001e-03  1.5555997873855040e-03
3.0000000000000027e-03 -2.6999999999999996e-02 4.0000000000000001e-03  1.5230178568188099e-03
3.0000000000000027e-03 -2.3999999999999997e-02 4.0000000000000001e-03  1.5051989181226846e-03
3.0000000000000027e-03 -2.0999999999999998e-02 4.0000000000000001e-03  1.4922654261591032e-03
3.0000000000000027e-03 -1.7999999999999999e-02 4.0000000000000001e-03  1.4801665856532440e-03
3.0000000000000027e-03 -1.4999999999999999e-02 4.0000000000000001e-03  1.4688841557297723e-03
3.0000000000000027e-03 -1.1999999999999997e-02 4.0000000000000001e-03  1.4584101917381141e-03
3.0000000000000027e-03 -8.9999999999999941e-03 4.0000000000000001e-03  1.4494996369826020e-03
3.0000000000000027e-03 -5.9999999999999984e-03 4.0000000000000001e-03  1.4440425101031795e-03
3.0000000000000027e-03 -2.9999999999999957e-03 4.0000000000000001e-03  1.4439029577666359e-03
3.0000000000000027e-03 0.0000000000000000e+00 4.0000000000000001e-03  1.4392643990623945e-03
3.0000000000000027e-03 3.0000000000000027e-03 4.0000000000000001e-03  1.4349239432358892e-03
3.0000000000000027e-03 6.0000000000000053e-03 4.0000000000000001e-03  1.4332496848313916e-03
3.0000000000000027e-03 9.0000000000000011e-03 4.0000000000000001e-03  1.4342425355319802e-03
3.0000000000000027e-03 1.2000000000000004e-02 4.0000000000000001e-03  1.4379035975783157e-03
3.0000000000000027e-03 1.4999999999999999e-02 4.0000000000000001e-03  1.4442341637686332e-03
3.0000000000000027e-03 1.8000000000000002e-02 4.0000000000000001e-03  1.4534835831757713e-03
3.0000000000000027e-03 2.1000000000000005e-02 4.0000000000000001e-03  1.4643352524883178e-03
3.0000000000000027e-03 2.4000000000000007e-02 4.0000000000000001e-03  1.4742802150590050e-03
3.0000000000000027e-03 2.7000000000000010e-02 4.0000000000000001e-03  1.4881397970723108e-03
3.0000000000000027e-03 2.9999999999999999e-02 4.0000000000000001e-03  1.4961284362084851e-03
3.0000000000000027e-03 3.3000000000000002e-02 4.0000000000000001e-03  1.5165385186392021e-03
3.0000000000000027e-03 3.6000000000000004e-02 4.0000000000000001e-03  1.5547565648029113e-03
3.0000000000000027e-03 3.9000000000000007e-02 4.0000000000000001e-03  1.6108695512589246e-03
3.0000000000000027e-03 4.2000000000000010e-02 4.0000000000000001e-03  1.6971389146586361e-03
3.0000000000000027e-03 4.4999999999999998e-02 4.0000000000000001e-03  1.9203970378561129e-03
6.0000000000000053e-03 -4.4999999999999998e-02 4.0000000000000001e-03  1.9497089563855327e-03
6.0000000000000053e-03 -4.1999999999999996e-02 4.0000000000000001e-03  1.8215074069603799e-03
6.0000000000000053e-03 -3.9000000000000000e-02 4.0000000000000001e-03  1.7301518033686076e-03
6.0000000000000053e-03 -3.5999999999999997e-02 4.0000000000000001e-03  1.6656215148695471e-03
6.0000000000000053e-03 -3.3000000000000002e-02 4.0000000000000001e-03  1.6097937632256604e-03
6.0000000000000053e-03 -2.9999999999999999e-02 4.0000000000000001e-03  1.5632663973642626e-03
6.0000000000000053e-03 -2.6999999999999996e-02 4.0000000000000001e-03  1.5357665109873265e-03
6.0000000000000053e-03 -2.3999999999999997e-02 4.0000000000000001e-03  1.5240818658364072e-03
6.0000000000000053e-03 -2.0999999999999998e-02 4.0000000000000001e-03  1.5092115400348848e-03
6.0000000000000053e-03 -1.7999999999999999e-02 4.0000000000000001e-03  1.4951628615096284e-03
6.0000000000000053e-03 -1.4999999999999999e-02 4.0000000000000001e-03  1.4819221649591543e-03
6.0000000000000053e-03 -1.1999999999999997e-02 4.0000000000000001e-03  1.4694860813067451e-03
6.0000000000000053e-03 -8.9999999999999941e-03 4.0000000000000001e-03  1.4616358483520912e-03
6.0000000000000053e-03 -5.9999999999999984e-03 4.0000000000000001e-03  1.4581308975441191e-03
6.0000000000000053e-03 -2.9999999999999957e-03 4.0000000000000001e-03  1.4560475967684598e-03
6.0000000000000053e-03 0.0000000000000000e+00 4.0000000000000001e-03  1.4491784338098715e-03
6.0000000000000053e-03 3.0000000000000027e-03 4.0000000000000001e-03  1.4449764836683646e-03
6.0000000000000053e-03 6.0000000000000053e-03 4.0000000000000001e-03  1.4434424678633445e-03
6.0000000000000053e-03 9.0000000000000011e-03 4.0000000000000001e-03  1.4445772984717903e-03
6.0000000000000053e-03 1.2000000000000004e-02 4.0000000000000001e-03  1.4483820781282628e-03
6.0000000000000053e-03 1.4999999999999999e-02 4.0000000000000001e-03  1.4553956107188173e-03
6.0000000000000053e-03 1.8000000000000002e-02 4.0000000000000001e-03  1.4651802749782905e-03
6.0000000000000053e-03 2.1000000000000005e-02 4.0000000000000001e-03  1.4713599098534185e-03
6.0000000000000053e-03 2.4000000000000007e-02 4.0000000000000001e-03  1.4831571018341556e-03
6.0000000000000053e-03 2.7000000000000010e-02 4.0000000000000001e-03  1.5027609502582849e-03
6.0000000000000053e-03 2.9999999999999999e-02 4.0000000000000001e-03  1.5167570869708685e-03
6.0000000000000053e-03 3.3000000000000002e-02 4.0000000000000001e-03  1.5353457163960003e-03
6.0000000000000053e-03 3.6000000000000004e-02 4.0000000000000001e-03  1.5638807382437514e-03
6.0000000000000053e-03 3.9000000000000007e-02 4.0000000000000001e-03  1.6122999581910029e-03
6.0000000000000053e-03 4.2000000000000010e-02 4.0000000000000001e-03  1.7539307038185313e-03
6.0000000000000053e-03 4.4999999999999998e-02 4.0000000000000001e-03  1.8909109141890970e-03
9.0000000000000011e-03 -4.4999999999999998e-02 4.0000000000000001e-03  1.9435759631528369e-03
9.0000000000000011e-03 -4.1999999999999996e-02 4.0000000000000001e-03  1.8334333031384635e-03
9.0000000000000011e-03 -3.9000000000000000e-02 4.0000000000000001e-03  1.7543408542956655e-03
9.0000000000000011e-03 -3.5999999999999997e-02 4.0000000000000001e-03  1.6841853616797514e-03
9.0000000000000011e-03 -3.3000000000000002e-02 4.0000000000000001e-03  1.6245652761526415e-03
9.0000000000000011e-03 -2.9999999999999999e-02 4.0000000000000001e-03  1.5760987581138876e-03
9.0000000000000011e-03 -2.6999999999999996e-02 4.0000000000000001e-03  1.5506196031455899e-03
9.0000000000000011e-03 -2.3999999999999997e-02 4.0000000000000001e-03  1.5390141075319697e-03
9.0000000000000011e-03 -2.0999999999999998e-02 4.0000000000000001e-03  1.5244557483782707e-03
9.0000000000000011e-03 -1.7999999999999999e-02 4.0000000000000001e-03  1.5083727270576780e-03
9.0000000000000011e-03 -1.4999999999999999e-02 4.0000000000000001e-03  1.4931689477305642e-03
9.0000000000000011e-03 -1.1999999999999997e-02 4.0000000000000001e-03  1.4796887914723729e-03
9.0000000000000011e-03 -8.9999999999999941e-03 4.0000000000000001e-03  1.4742276663783579e-03
9.0000000000000011e-03 -5.9999999999999984e-03 4.0000000000000001e-03  1.4713806347635529e-03
9.0000000000000011e-03 -2.9999999999999957e-03 4.0000000000000001e-03  1.4663199572698146e-03
9.0000000000000011e-03 0.0000000000000000e+00 4.0000000000000001e-03  1.4606498380605420e-03
9.0000000000000011e-03 3.0000000000000027e-03 4.0000000000000001e-03  1.4575130971136417e-03
9.0000000000000011e-03 6.0000000000000053e-03 4.0000000000000001e-03  1.4569088366380655e-03
9.0000000000000011e-03 9.0000000000000011e-03 4.0000000000000001e-03  1.4588363256388031e-03
9.0000000000000011e-03 1.2000000000000004e-02 4.0000000000000001e-03  1.4632949999168945e-03
9.0000000000000011e-03 1.4999999999999999e-02 4.0000000000000001e-03  1.4702844620694117e-03
9.0000000000000011e-03 1.8000000000000002e-02 4.0000000000000001e-03  1.4792265020561243e-03
9.0000000000000011e-03 2.1000000000000005e-02 4.0000000000000001e-03  1.4829969591607670e-03
9.0000000000000011e-03 2.4000000000000007e-02 4.0000000000000001e-03  1.5016602146421035e-03
9.0000000000000011e-03 2.7000000000000010e-02 4.0000000000000001e-03  1.5214352905567514e-03
9.0000000000000011e-03 2.9999999999999999e-02 4.0000000000000001e-03  1.5415124046738999e-03
9.0000000000000011e-03 3.3000000000000002e-02 4.0000000000000001e-03  1.5662998290256862e-03
9.0000000000000011e-03 3.6000000000000004e-02 4.0000000000000001e-03  1.5947423309981784e-03
9.0000000000000011e-03 3.9000000000000007e-02 4.0000000000000001e-03  1.6306526578181778e-03
9.0000000000000011e-03 4.2000000000000010e-02 4.0000000000000001e-03  1.7514965061842965e-03
9.0000000000000011e-03 4.4999999999999998e-02 4.0000000000000001e-03  1.8638584978454562e-03
1.2000000000000004e-02 -4.4999999999999998e-02 4.0000000000000001e-03  1.9609694615147465e-03
1.2000000000000004e-02 -4.1999999999999996e-02 4.0000000000000001e-03  1.8647780569558553e-03
1.2000000000000004e-02 -3.9000000000000000e-02 4.0000000000000001e-03  1.7772892463214607e-03
1.2000000000000004e-02 -3.5999999999999997e-02 4.0000000000000001e-03  1.7033262674210968e-03
1.2000000000000004e-02 -3.3000000000000002e-02 4.0000000000000001e-03  1.6416363563600662e-03
1.2000000000000004e-02 -2.9999999999999999e-02 4.0000000000000001e-03  1.5909009449598221e-03
1.2000000000000004e-02 -2.6999999999999996e-02 4.0000000000000001e-03  1.5680820721564750e-03
1.2000000000000004e-02 -2.3999999999999997e-02 4.0000000000000001e-03  1.5559630957942842e-03
1.2000000000000004e-02 -2.0999999999999998e-02 4.0000000000000001e-03  1.5408830547061511e-03
1.2000000000000004e-02 -1.7999999999999999e-02 4.0000000000000001e-03  1.5227905550904083e-03
1.2000000000000004e-02 -1.4999999999999999e-02 4.0000000000000001e-03  1.5026258188615949e-03
1.2000000000000004e-02 -1.1999999999999997e-02 4.0000000000000001e-03  1.4918277568768486e-03
1.2000000000000004e-02 -8.9999999999999941e-03 4.0000000000000001e-03  1.4872650148767582e-03
1.2000000000000004e-02 -5.9999999999999984e-03 4.0000000000000001e-03  1.4855632623499840e-03
1.2000000000000004e-02 -2.9999999999999957e-03 4.0000000000000001e-03  1.4825792016561327e-03
1.2000000000000004e-02 0.0000000000000000e+00 4.0000000000000001e-03  1.4766496407337527e-03
1.2000000000000004e-02 3.0000000000000027e-03 4.0000000000000001e-03  1.4732515976538859e-03
1.2000000000000004e-02 6.0000000000000053e-03 4.0000000000000001e-03  1.4723841521829901e-03
1.2000000000000004e-02 9.0000000000000011e-03 4.0000000000000001e-03  1.4740465508835694e-03
1.2000000000000004e-02 1.2000000000000004e-02 4.0000000000000001e-03  1.4782382071141717e-03
1.2000000000000004e-02 1.4999999999999999e-02 4.0000000000000001e-03  1.4849587010293849e-03
1.2000000000000004e-02 1.8000000000000002e-02 4.0000000000000001e-03  1.4924137384406235e-03
1.2000000000000004e-02 2.1000000000000005e-02 4.0000000000000001e-03  1.5090800494856128e-03
1.2000000000000004e-02 2.4000000000000007e-02 4.0000000000000001e-03  1.5252808364582060e-03
1.2000000000000004e-02 2.7000000000000010e-02 4.0000000000000001e-03  1.5459809163138514e-03
1.2000000000000004e-02 2.9999999999999999e-02 4.0000000000000001e-03  1.5756808471084009e-03
1.2000000000000004e-02 3.3000000000000002e-02 4.0000000000000001e-03  1.6008960933078169e-03
1.2000000000000004e-02 3.6000000000000004e-02 4.0000000000000001e-03  1.6284653501749526e-03
1.2000000000000004e-02 3.9000000000000007e-02 4.0000000000000001e-03  1.6584211630123508e-03
1.2000000000000004e-02 4.2000000000000010e-02 4.0000000000000001e-03  1.7404313910842463e-03
1.2000000000000004e-02 4.4999999999999998e-02 4.0000000000000001e-03  1.8519926594210091e-03
1.4999999999999999e-02 -4.4999999999999998e-02 4.0000000000000001e-03  1.9934680927459589e-03
1.4999999999999999e-02 -4.1999999999999996e-02 4.0000000000000001e-03  1.8897703758727290e-03
1.4999999999999999e-02 -3.9000000000000000e-02 4.0000000000000001e-03  1.8005316904807589e-03
1.4999999999999999e-02 -3.5999999999999997e-02 4.0000000000000001e-03  1.7245895662082163e-03
1.4999999999999999e-02 -3.3000000000000002e-02 4.0000000000000001e-03  1.6607157284094019e-03
1.4999999999999999e-02 -2.9999999999999999e-02 4.0000000000000001e-03  1.6076160981547620e-03
1.4999999999999999e-02 -2.6999999999999996e-02 4.0000000000000001e-03  1.5881302865627417e-03
1.4999999999999999e-02 -2.3999999999999997e-02 4.0000000000000001e-03  1.5755128004026188e-03
1.4999999999999999e-02 -2.0999999999999998e-02 4.0000000000000001e-03  1.5599230514253047e-03
1.4999999999999999e-02 -1.7999999999999999e-02 4.0000000000000001e-03  1.5413391828122450e-03
1.4999999999999999e-02 -1.4999999999999999e-02 4.0000000000000001e-03  1.5212570723044056e-03
1.4999999999999999e-02 -1.1999999999999997e-02 4.0000000000000001e-03  1.5121931793410626e-03
1.4999999999999999e-02 -8.9999999999999941e-03 4.0000000000000001e-03  1.5064136242370824e-03
1.4999999999999999e-02 -5.9999999999999984e-03 4.0000000000000001e-03  1.5003472974792773e-03
1.4999999999999999e-02 -2.9999999999999957e-03 4.0000000000000001e-03  1.4986737779051434e-03
1.4999999999999999e-02 0.0000000000000000e+00 4.0000000000000001e-03  1.4924752721803725e-03
1.4999999999999999e-02 3.0000000000000027e-03 4.0000000000000001e-03  1.4888068884294505e-03
1.4999999999999999e-02 6.0000000000000053e-03 4.0000000000000001e-03  1.4867222584869820e-03
1.4999999999999999e-02 9.0000000000000011e-03 4.0000000000000001e-03  1.4845525020039752e-03
1.4999999999999999e-02 1.2000000000000004e-02 4.0000000000000001e-03  1.4856059869975654e-03
1.4999999999999999e-02 1.4999999999999999e-02 4.0000000000000001e-03  1.4898806794214831e-03
1.4999999999999999e-02 1.8000000000000002e-02 4.0000000000000001e-03  1.5157067898187459e-03
1.4999999999999999e-02 2.1000000000000005e-02 4.0000000000000001e-03  1.5319599753659662e-03
1.4999999999999999e-02 2.4000000000000007e-02 4.0000000000000001e-03  1.5491771914301245e-03
1.4999999999999999e-02 2.7000000000000010e-02 4.0000000000000001e-03  1.5673795044528376e-03
1.4999999999999999e-02 2.9999999999999999e-02 4.0000000000000001e-03  1.5913083669394004e-03
1.4999999999999999e-02 3.3000000000000002e-02 4.0000000000000001e-03  1.6201381068799310e-03
1.4999999999999999e-02 3.6000000000000004e-02 4.0000000000000001e-03  1.6528694393675031e-03
1.4999999999999999e-02 3.9000000000000007e-02 4.0000000000000001e-03  1.6883612970387731e-03
1.4999999999999999e-02 4.2000000000000010e-02 4.0000000000000001e-03  1.7786130920455596e-03
1.4999999999999999e-02 4.4999999999999998e-02 4.0000000000000001e-03  1.8537589248720054e-03
1.8000000000000002e-02 -4.4999999999999998e-02 4.0000000000000001e-03  2.0101175206811367e-03
1.8000000000000002e-02 -4.1999999999999996e-02 4.0000000000000001e-03  1.9125170669145239e-03
1.8000000000000002e-02 -3.9000000000000000e-02 4.0000000000000001e-03  1.8259832295236770e-03
1.8000000000000002e-02 -3.5999999999999997e-02 4.0000000000000001e-03  1.7479314581482386e-03
1.8000000000000002e-02 -3.3000000000000002e-02 4.0000000000000001e-03  1.6817619675918907e-03
1.8000000000000002e-02 -2.9999999999999999e-02 4.0000000000000001e-03  1.6262051681740794e-03
1.8000000000000002e-02 -2.6999999999999996e-02 4.0000000000000001e-03  1.6107586155779934e-03
1.8000000000000002e-02 -2.3999999999999997e-02 4.0000000000000001e-03  1.5976565566059142e-03
1.8000000000000002e-02 -2.0999999999999998e-02 4.0000000000000001e-03  1.5850298675255672e-03
1.8000000000000002e-02 -1.7999999999999999e-02 4.0000000000000001e-03  1.5652448837704888e-03
1.8000000000000002e-02 -1.4999999999999999e-02 4.0000000000000001e-03  1.5483376995391505e-03
1.8000000000000002e-02 -1.1999999999999997e-02 4.0000000000000001e-03  1.5419209756412388e-03
1.8000000000000002e-02 -8.9999999999999941e-03 4.0000000000000001e-03  1.5370128110803411e-03
1.8000000000000002e-02 -5.9999999999999984e-03 4.0000000000000001e-03  1.5321898468416576e-03
1.8000000000000002e-02 -2.9999999999999957e-03 4.0000000000000001e-03  1.5108529994039650e-03
1.8000000000000002e-02 0.0000000000000000e+00 4.0000000000000001e-03  1.4942087966916147e-03
1.8000000000000002e-02 3.0000000000000027e-03 4.0000000000000001e-03  1.4888223891402609e-03
1.8000000000000002e-02 6.0000000000000053e-03 4.0000000000000001e-03  1.4866607084078067e-03
1.8000000000000002e-02 9.0000000000000011e-03 4.0000000000000001e-03  1.4877215381083838e-03
1.8000000000000002e-02 1.2000000000000004e-02 4.0000000000000001e-03  1.4920032513873601e-03
1.8000000000000002e-02 1.4999999999999999e-02 4.0000000000000001e-03  1.5028644903630308e-03
1.8000000000000002e-02 1.8000000000000002e-02 4.0000000000000001e-03  1.5304441087387927e-03
1.8000000000000002e-02 2.1000000000000005e-02 4.0000000000000001e-03  1.5570501915448214e-03
1.8000000000000002e-02 2.4000000000000007e-02 4.0000000000000001e-03  1.5752913596440959e-03
1.8000000000000002e-02 2.7000000000000010e-02 4.0000000000000001e-03  1.5944997277514180e-03
1.8000000000000002e-02 2.9999999999999999e-02 4.0000000000000001e-03  1.6148788206166490e-03
1.8000000000000002e-02 3.3000000000000002e-02 4.0000000000000001e-03  1.6387119417650940e-03
1.8000000000000002e-02 3.6000000000000004e-02 4.0000000000000001e-03  1.6664411178908189e-03
1.8000000000000002e-02 3.9000000000000007e-02 4.0000000000000001e-03  1.7284605217050720e-03
1.8000000000000002e-02 4.2000000000000010e-02 4.0000000000000001e-03  1.7956375279627082e-03
1.8000000000000002e-02 4.4999999999999998e-02 4.0000000000000001e-03  1.8700463250815598e-03
2.1000000000000005e-02 -4.4999999999999998e-02 4.0000000000000001e-03  2.0166636134963710e-03
2.1000000000000005e-02 -4.1999999999999996e-02 4.0000000000000001e-03  1.9306060214405690e-03
2.1000000000000005e-02 -3.9000000000000000e-02 4.0000000000000001e-03  1.8446011148116471e-03
2.1000000000000005e-02 -3.5999999999999997e-02 4.0000000000000001e-03  1.7716140031489209e-03
2.1000000000000005e-02 -3.3000000000000002e-02 4.0000000000000001e-03  1.7064294363153595e-03
2.1000000000000005e-02 -2.9999999999999999e-02 4.0000000000000001e-03  1.6466469157158275e-03
2.1000000000000005e-02 -2.6999999999999996e-02 4.0000000000000001e-03  1.6413734395822764e-03
2.1000000000000005e-02 -2.3999999999999997e-02 4.0000000000000001e-03  1.6294841236957490e-03
2.1000000000000005e-02 -2.0999999999999998e-02 4.0000000000000001e-03  1.6134993213532390e-03
2.1000000000000005e-02 -1.7999999999999999e-02 4.0000000000000001e-03  1.6001981372378089e-03
2.1000000000000005e-02 -1.4999999999999999e-02 4.0000000000000001e-03  1.5909372256033307e-03
2.1000000000000005e-02 -1.1999999999999997e-02 4.0000000000000001e-03  1.5840478690954580e-03
2.1000000000000005e-02 -8.9999999999999941e-03 4.0000000000000001e-03  1.5775812551991999e-03
2.1000000000000005e-02 -5.9999999999999984e-03 4.0000000000000001e-03  1.5710325014666746e-03
2.1000000000000005e-02 -2.9999999999999957e-03 4.0000000000000001e-03  1.5343438540838788e-03
2.1000000000000005e-02 0.0000000000000000e+00 4.0000000000000001e-03  1.5045016480871500e-03
2.1000000000000005e-02 3.0000000000000027e-03 4.0000000000000001e-03  1.5023540299014821e-03
2.1000000000000005e-02 6.0000000000000053e-03 4.0000000000000001e-03  1.5034291809901271e-03
2.1000000000000005e-02 9.0000000000000011e-03 4.0000000000000001e-03  1.5077258816900917e-03
2.1000000000000005e-02 1.2000000000000004e-02 4.0000000000000001e-03  1.5152435018696224e-03
2.1000000000000005e-02 1.4999999999999999e-02 4.0000000000000001e-03  1.5276307676654001e-03
2.1000000000000005e-02 1.8000000000000002e-02 4.0000000000000001e-03  1.5500065904134684e-03
2.1000000000000005e-02 2.1000000000000005e-02 4.0000000000000001e-03  1.5826520715924452e-03
2.1000000000000005e-02 2.4000000000000007e-02 4.0000000000000001e-03  1.6036215624693772e-03
2.1000000000000005e-02 2.7000000000000010e-02 4.0000000000000001e-03  1.6238443392636837e-03
2.1000000000000005e-02 2.9999999999999999e-02 4.0000000000000001e-03  1.6450389739701440e-03
2.1000000000000005e-02 3.3000000000000002e-02 4.0000000000000001e-03  1.6654641951505170e-03
2.1000000000000005e-02 3.6000000000000004e-02 4.0000000000000001e-03  1.7042059533962203e-03
2.1000000000000005e-02 3.9000000000000007e-02 4.0000000000000001e-03  1.7546331418842119e-03
2.1000000000000005e-02 4.2000000000000010e-02 4.0000000000000001e-03  1.7990782797423673e-03
2.1000000000000005e-02 4.4999999999999998e-02 4.0000000000000001e-03  1.8658053612139419e-03
2.4000000000000007e-02 -4.4999999999999998e-02 4.0000000000000001e-03  2.0962262824002135e-03
2.4000000000000007e-02 -4.1999999999999996e-02 4.0000000000000001e-03  1.9483651119754954e-03
2.4000000000000007e-02 -3.9000000000000000e-02 4.0000000000000001e-03  1.8713198070220065e-03
2.4000000000000007e-02 -3.5999999999999997e-02 4.0000000000000001e-03  1.7992331565059652e-03
2.4000000000000007e-02 -3.3000000000000002e-02 4.0000000000000001e-03  1.7348284261444191e-03
2.4000000000000007e-02 -2.9999999999999999e-02 4.0000000000000001e-03  1.6860179114656327e-03
2.4000000000000007e-02 -2.6999999999999996e-02 4.0000000000000001e-03  1.6751731545277117e-03
2.4000000000000007e-02 -2.3999999999999997e-02 4.0000000000000001e-03  1.6631463309042863e-03
2.4000000000000007e-02 -2.0999999999999998e-02 4.0000000000000001e-03  1.6514693854019166e-03
2.4000000000000007e-02 -1.7999999999999999e-02 4.0000000000000001e-03  1.6402760935493815e-03
2.4000000000000007e-02 -1.4999999999999999e-02 4.0000000000000001e-03  1.6311706496560669e-03
2.4000000000000007e-02 -1.1999999999999997e-02 4.0000000000000001e-03  1.6233822917520533e-03
2.4000000000000007e-02 -8.9999999999999941e-03 4.0000000000000001e-03  1.6151736015139794e-03
2.4000000000000007e-02 -5.9999999999999984e-03 4.0000000000000001e-03  1.6069081330025599e-03
2.4000000000000007e-02 -2.9999999999999957e-03 4.0000000000000001e-03  1.5654932505434508e-03
2.4000000000000007e-02 0.0000000000000000e+00 4.0000000000000001e-03  1.5316806867097612e-03
2.4000000000000007e-02 3.0000000000000027e-03 4.0000000000000001e-03  1.5327761231143024e-03
2.4000000000000007e-02 6.0000000000000053e-03 4.0000000000000001e-03  1.5370947650479351e-03
2.4000000000000007e-02 9.0000000000000011e-03 4.0000000000000001e-03  1.5446363895705454e-03
2.4000000000000007e-02 1.2000000000000004e-02 4.0000000000000001e-03  1.5518873283855200e-03
2.4000000000000007e-02 1.4999999999999999e-02 4.0000000000000001e-03  1.5587215255635544e-03
2.4000000000000007e-02 1.8000000000000002e-02 4.0000000000000001e-03  1.5758769294387351e-03
2.4000000000000007e-02 2.1000000000000005e-02 4.0000000000000001e-03  1.6033228278067384e-03
2.4000000000000007e-02 2.4000000000000007e-02 4.0000000000000001e-03  1.6341683364088689e-03
2.4000000000000007e-02 2.7000000000000010e-02 4.0000000000000001e-03  1.6554123726968118e-03
2.4000000000000007e-02 2.9999999999999999e-02 4.0000000000000001e-03  1.6776134787433378e-03
2.4000000000000007e-02 3.3000000000000002e-02 4.0000000000000001e-03  1.7013401877565475e-03
2.4000000000000007e-02 3.6000000000000004e-02 4.0000000000000001e-03  1.7346353396578173e-03
2.4000000000000007e-02 3.9000000000000007e-02 4.0000000000000001e-03  1.7695222447762292e-03
2.4000000000000007e-02 4.2000000000000010e-02 4.0000000000000001e-03  1.8191684051577343e-03
2.4000000000000007e-02 4.4999999999999998e-02 4.0000000000000001e-03  1.8842115495854078e-03
2.7000000000000010e-02 -4.4999999999999998e-02 4.0000000000000001e-03  2.1725801543096336e-03
2.7000000000000010e-02 -4.1999999999999996e-02 4.0000000000000001e-03  2.0142179746727145e-03
2.7000000000000010e-02 -3.9000000000000000e-02 4.0000000000000001e-03  1.8993004986634274e-03
2.7000000000000010e-02 -3.5999999999999997e-02 4.0000000000000001e-03  1.8301486616352336e-03
2.7000000000000010e-02 -3.3000000000000002e-02 4.0000000000000001e-03  1.7702409521698072e-03
2.7000000000000010e-02 -2.9999999999999999e-02 4.0000000000000001e-03  1.7172029322186551e-03
2.7000000000000010e-02 -2.6999999999999996e-02 4.0000000000000001e-03  1.7085018223053571e-03
2.7000000000000010e-02 -2.3999999999999997e-02 4.0000000000000001e-03  1.6984395264302500e-03
2.7000000000000010e-02 -2.0999999999999998e-02 4.0000000000000001e-03  1.6887052508959383e-03
2.7000000000000010e-02 -1.7999999999999999e-02 4.0000000000000001e-03  1.6786093236728394e-03
2.7000000000000010e-02 -1.4999999999999999e-02 4.0000000000000001e-03  1.6690436275196129e-03
2.7000000000000010e-02 -1.1999999999999997e-02 4.0000000000000001e-03  1.6597318884467554e-03
2.7000000000000010e-02 -8.9999999999999941e-03 4.0000000000000001e-03  1.6497888985379696e-03
2.7000000000000010e-02 -5.9999999999999984e-03 4.0000000000000001e-03  1.6364157928037200e-03
2.7000000000000010e-02 -2.9999999999999957e-03 4.0000000000000001e-03  1.6043211439060242e-03
2.7000000000000010e-02 0.0000000000000000e+00 4.0000000000000001e-03  1.5785234207002388e-03
2.7000000000000010e-02 3.0000000000000027e-03 4.0000000000000001e-03  1.5801686518677697e-03
2.7000000000000010e-02 6.0000000000000053e-03 4.0000000000000001e-03  1.5877412116777356e-03
2.7000000000000010e-02 9.0000000000000011e-03 4.0000000000000001e-03  1.5985405808537083e-03
2.7000000000000010e-02 1.2000000000000004e-02 4.0000000000000001e-03  1.5945806742211713e-03
2.7000000000000010e-02 1.4999999999999999e-02 4.0000000000000001e-03  1.5961525709417309e-03
2.7000000000000010e-02 1.8000000000000002e-02 4.0000000000000001e-03  1.6080686070768678e-03
2.7000000000000010e-02 2.1000000000000005e-02 4.0000000000000001e-03  1.6302977977605336e-03
2.7000000000000010e-02 2.4000000000000007e-02 4.0000000000000001e-03  1.6695709006368947e-03
2.7000000000000010e-02 2.7000000000000010e-02 4.0000000000000001e-03  1.6828085445606505e-03
2.7000000000000010e-02 2.9999999999999999e-02 4.0000000000000001e-03  1.7012697958548612e-03
2.7000000000000010e-02 3.3000000000000002e-02 4.0000000000000001e-03  1.7305051614364562e-03
2.7000000000000010e-02 3.6000000000000004e-02 4.0000000000000001e-03  1.7581525183660365e-03
2.7000000000000010e-02 3.9000000000000007e-02 4.0000000000000001e-03  1.7977439658737003e-03
2.7000000000000010e-02 4.2000000000000010e-02 4.0000000000000001e-03  1.8526798360748639e-03
2.7000000000000010e-02 4.4999999999999998e-02 4.0000000000000001e-03  1.9229693106246747e-03
2.9999999999999999e-02 -4.4999999999999998e-02 4.0000000000000001e-03  2.2391517385301359e-03
2.9999999999999999e-02 -4.1999999999999996e-02 4.0000000000000001e-03  2.0785284975815867e-03
2.9999999999999999e-02 -3.9000000000000000e-02 4.0000000000000001e-03  1.9550669718427297e-03
2.9999999999999999e-02 -3.5999999999999997e-02 4.0000000000000001e-03  1.8672325832144721e-03
2.9999999999999999e-02 -3.3000000000000002e-02 4.0000000000000001e-03  1.8051808456851334e-03
2.9999999999999999e-02 -2.9999999999999999e-02 4.0000000000000001e-03  1.7603626361123023e-03
2.9999999999999999e-02 -2.6999999999999996e-02 4.0000000000000001e-03  1.7352608202341798e-03
2.9999999999999999e-02 -2.3999999999999997e-02 4.0000000000000001e-03  1.7346369034686245e-03
2.9999999999999999e-02 -2.0999999999999998e-02 4.0000000000000001e-03  1.7251825611921086e-03
2.9999999999999999e-02 -1.7999999999999999e-02 4.0000000000000001e-03  1.7145557641671551e-03
2.9999999999999999e-02 -1.4999999999999999e-02 4.0000000000000001e-03  1.7045735817527823e-03
2.9999999999999999e-02 -1.1999999999999997e-02 4.0000000000000001e-03  1.6930919142908068e-03
2.9999999999999999e-02 -8.9999999999999941e-03 4.0000000000000001e-03  1.6872979890830192e-03
2.9999999999999999e-02 -5.9999999999999984e-03 4.0000000000000001e-03  1.6728125954702615e-03
2.9999999999999999e-02 -2.9999999999999957e-03 4.0000000000000001e-03  1.6508535512629761e-03
2.9999999999999999e-02 0.0000000000000000e+00 4.0000000000000001e-03  1.6418437332693628e-03
2.9999999999999999e-02 3.0000000000000027e-03 4.0000000000000001e-03  1.6446282615334401e-03
2.9999999999999999e-02 6.0000000000000053e-03 4.0000000000000001e-03  1.6554689342585410e-03
2.9999999999999999e-02 9.0000000000000011e-03 4.0000000000000001e-03  1.6577733881724310e-03
2.9999999999999999e-02 1.2000000000000004e-02 4.0000000000000001e-03  1.6436574577303759e-03
2.9999999999999999e-02 1.4999999999999999e-02 4.0000000000000001e-03  1.6399439555105466e-03
2.9999999999999999e-02 1.8000000000000002e-02 4.0000000000000001e-03  1.6682925119932788e-03
2.9999999999999999e-02 2.1000000000000005e-02 4.0000000000000001e-03  1.7056435538978728e-03
2.9999999999999999e-02 2.4000000000000007e-02 4.0000000000000001e-03  1.7154684797710206e-03
2.9999999999999999e-02 2.7000000000000010e-02 4.0000000000000001e-03  1.7273926662521207e-03
2.9999999999999999e-02 2.9999999999999999e-02 4.0000000000000001e-03  1.7316581080348455e-03
2.9999999999999999e-02 3.3000000000000002e-02 4.0000000000000001e-03  1.7636631756121814e-03
2.9999999999999999e-02 3.6000000000000004e-02 4.0000000000000001e-03  1.7953926414265907e-03
2.9999999999999999e-02 3.9000000000000007e-02 4.0000000000000001e-03  1.8389605833427241e-03
2.9999999999999999e-02 4.2000000000000010e-02 4.0000000000000001e-03  1.8995047229880060e-03
2.9999999999999999e-02 4.4999999999999998e-02 4.0000000000000001e-03  1.9710601663304626e-03
3.3000000000000002e-02 -4.4999999999999998e-02 4.0000000000000001e-03  2.2963322422326544e-03
3.3000000000000002e-02 -4.1999999999999996e-02 4.0000000000000001e-03  2.1336429359124758e-03
3.3000000000000002e-02 -3.9000000000000000e-02 4.0000000000000001e-03  2.0080711082782953e-03
3.3000000000000002e-02 -3.5999999999999997e-02 4.0000000000000001e-03  1.9156371602515572e-03
3.3000000000000002e-02 -3.3000000000000002e-02 4.0000000000000001e-03  1.8525462764648708e-03
3.3000000000000002e-02 -2.9999999999999999e-02 4.0000000000000001e-03  1.8076649238285085e-03
3.3000000000000002e-02 -2.6999999999999996e-02 4.0000000000000001e-03  1.7837737101696733e-03
3.3000000000000002e-02 -2.3999999999999997e-02 4.0000000000000001e-03  1.7818609265704991e-03
3.3000000000000002e-02 -2.0999999999999998e-02 4.0000000000000001e-03  1.7786687378662726e-03
3.3000000000000002e-02 -1.7999999999999999e-02 4.0000000000000001e-03  1.7591819323877593e-03
3.3000000000000002e-02 -1.4999999999999999e-02 4.0000000000000001e-03  1.7415069804527508e-03
3.3000000000000002e-02 -1.1999999999999997e-02 4.0000000000000001e-03  1.7511561047551143e-03
3.3000000000000002e-02 -8.9999999999999941e-03 4.0000000000000001e-03  1.7599258809533945e-03
3.3000000000000002e-02 -5.9999999999999984e-03 4.0000000000000001e-03  1.7473285375604742e-03
3.3000000000000002e-02 -2.9999999999999957e-03 4.0000000000000001e-03  1.7231811821265890e-03
3.3000000000000002e-02 0.0000000000000000e+00 4.0000000000000001e-03  1.7129590226897071e-03
3.3000000000000002e-02 3.0000000000000027e-03 4.0000000000000001e-03  1.7262682597653900e-03
3.3000000000000002e-02 6.0000000000000053e-03 4.0000000000000001e-03  1.7403950084518853e-03
3.3000000000000002e-02 9.0000000000000011e-03 4.0000000000000001e-03  1.7185979079261645e-03
3.3000000000000002e-02 1.2000000000000004e-02 4.0000000000000001e-03  1.7018804009510436e-03
3.3000000000000002e-02 1.4999999999999999e-02 4.0000000000000001e-03  1.7467444319347318e-03
3.3000000000000002e-02 1.8000000000000002e-02 4.0000000000000001e-03  1.7605708572517702e-03
3.3000000000000002e-02 2.1000000000000005e-02 4.0000000000000001e-03  1.7624562277520244e-03
3.3000000000000002e-02 2.4000000000000007e-02 4.0000000000000001e-03  1.7707799889153813e-03
3.3000000000000002e-02 2.7000000000000010e-02 4.0000000000000001e-03  1.7619676687038327e-03
3.3000000000000002e-02 2.9999999999999999e-02 4.0000000000000001e-03  1.7771965267510180e-03
3.3000000000000002e-02 3.3000000000000002e-02 4.0000000000000001e-03  1.8122703677123210e-03
3.3000000000000002e-02 3.6000000000000004e-02 4.0000000000000001e-03  1.8516117935878180e-03
3.3000000000000002e-02 3.9000000000000007e-02 4.0000000000000001e-03  1.8836136412958484e-03
3.3000000000000002e-02 4.2000000000000010e-02 4.0000000000000001e-03  1.9429936465956482e-03
3.3000000000000002e-02 4.4999999999999998e-02 4.0000000000000001e-03  2.0244981174098392e-03
3.6000000000000004e-02 -4.4999999999999998e-02 4.0000000000000001e-03  2.3446435689381188e-03
3.6000000000000004e-02 -4.1999999999999996e-02 4.0000000000000001e-03  2.1800658194431597e-03
3.6000000000000004e-02 -3.9000000000000000e-02 4.0000000000000001e-03  2.0541339896886206e-03
3.6000000000000004e-02 -3.5999999999999997e-02 4.0000000000000001e-03  1.9940661909493319e-03
3.6000000000000004e-02 -3.3000000000000002e-02 4.0000000000000001e-03  1.9326406450029653e-03
3.6000000000000004e-02 -2.9999999999999999e-02 4.0000000000000001e-03  1.8702366478065564e-03
3.6000000000000004e-02 -2.6999999999999996e-02 4.0000000000000001e-03  1.8457131904318473e-03
3.6000000000000004e-02 -2.3999999999999997e-02 4.0000000000000001e-03  1.8444412659571108e-03
3.6000000000000004e-02 -2.0999999999999998e-02 4.0000000000000001e-03  1.8480510754146789e-03
3.6000000000000004e-02 -1.7999999999999999e-02 4.0000000000000001e-03  1.8337713883827989e-03
3.6000000000000004e-02 -1.4999999999999999e-02 4.0000000000000001e-03  1.8235741131353250e-03
3.6000000000000004e-02 -1.1999999999999997e-02 4.0000000000000001e-03  1.8381012820531542e-03
3.6000000000000004e-02 -8.9999999999999941e-03 4.0000000000000001e-03  1.8512296757283563e-03
3.6000000000000004e-02 -5.9999999999999984e-03 4.0000000000000001e-03  1.8541248863472133e-03
3.6000000000000004e-02 -2.9999999999999957e-03 4.0000000000000001e-03  1.8458827592734274e-03
3.6000000000000004e-02 0.0000000000000000e+00 4.0000000000000001e-03  1.8262134169743480e-03
3.6000000000000004e-02 3.0000000000000027e-03 4.0000000000000001e-03  1.8233372000435550e-03
3.6000000000000004e-02 6.0000000000000053e-03 4.0000000000000001e-03  1.8212080961431453e-03
3.6000000000000004e-02 9.0000000000000011e-03 4.0000000000000001e-03  1.8371288164535711e-03
3.6000000000000004e-02 1.2000000000000004e-02 4.0000000000000001e-03  1.8582827747336517e-03
3.6000000000000004e-02 1.4999999999999999e-02 4.0000000000000001e-03  1.8488638105784029e-03
3.6000000000000004e-02 1.8000000000000002e-02 4.0000000000000001e-03  1.8252888399443140e-03
3.6000000000000004e-02 2.1000000000000005e-02 4.0000000000000001e-03  1.8297643853003296e-03
3.6000000000000004e-02 2.4000000000000007e-02 4.0000000000000001e-03  1.8064522370386364e-03
3.6000000000000004e-02 2.7000000000000010e-02 4.0000000000000001e-03  1.8192296653518274e-03
3.6000000000000004e-02 2.9999999999999999e-02 4.0000000000000001e-03  1.8411047800700570e-03
3.6000000000000004e-02 3.3000000000000002e-02 4.0000000000000001e-03  1.8657902046199301e-03
3.6000000000000004e-02 3.6000000000000004e-02 4.0000000000000001e-03  1.8994759499764496e-03
3.6000000000000004e-02 3.9000000000000007e-02 4.0000000000000001e-03  1.9391774275797277e-03
3.6000000000000004e-02 4.2000000000000010e-02 4.0000000000000001e-03  1.9936917182080309e-03
3.6000000000000004e-02 4.4999999999999998e-02 4.0000000000000001e-03  2.0769893769835911e-03
3.9000000000000007e-02 -4.4999999999999998e-02 4.0000000000000001e-03  2.3847383185174966e-03
3.9000000000000007e-02 -4.1999999999999996e-02 4.0000000000000001e-03  2.2332750058844798e-03
3.9000000000000007e-02 -3.9000000000000000e-02 4.0000000000000001e-03  2.1826094279069441e-03
3.9000000000000007e-02 -3.5999999999999997e-02 4.0000000000000001e-03  2.1282364536823906e-03
3.9000000000000007e-02 -3.3000000000000002e-02 4.0000000000000001e-03  2.0644366238256138e-03
3.9000000000000007e-02 -2.9999999999999999e-02 4.0000000000000001e-03  1.9911427421995128e-03
3.9000000000000007e-02 -2.6999999999999996e-02 4.0000000000000001e-03  1.9252894261901365e-03
3.9000000000000007e-02 -2.3999999999999997e-02 4.0000000000000001e-03  1.9221307584768818e-03
3.9000000000000007e-02 -2.0999999999999998e-02 4.0000000000000001e-03  1.9347477143498346e-03
3.9000000000000007e-02 -1.7999999999999999e-02 4.0000000000000001e-03  1.9259380420716074e-03
3.9000000000000007e-02 -1.4999999999999999e-02 4.0000000000000001e-03  1.9242577023472628e-03
3.9000000000000007e-02 -1.1999999999999997e-02 4.0000000000000001e-03  1.9479976858561138e-03
3.9000000000000007e-02 -8.9999999999999941e-03 4.0000000000000001e-03  1.9759205351432860e-03
3.9000000000000007e-02 -5.9999999999999984e-03 4.0000000000000001e-03  1.9939007556809400e-03
3.9000000000000007e-02 -2.9999999999999957e-03 4.0000000000000001e-03  2.0012273656531865e-03
3.9000000000000007e-02 0.0000000000000000e+00 4.0000000000000001e-03  1.9974854475291797e-03
3.9000000000000007e-02 3.0000000000000027e-03 4.0000000000000001e-03  1.9958486544847695e-03
3.9000000000000007e-02 6.0000000000000053e-03 4.0000000000000001e-03  2.0057738356024156e-03
3.9000000000000007e-02 9.0000000000000011e-03 4.0000000000000001e-03  2.0034555231197848e-03
3.9000000000000007e-02 1.2000000000000004e-02 4.0000000000000001e-03  1.9711257553122132e-03
3.9000000000000007e-02 1.4999999999999999e-02 4.0000000000000001e-03  1.9100555076577326e-03
3.9000000000000007e-02 1.8000000000000002e-02 4.0000000000000001e-03  1.9059681930604299e-03
3.9000000000000007e-02 2.1000000000000005e-02 4.0000000000000001e-03  1.8711383037430705e-03
3.9000000000000007e-02 2.4000000000000007e-02 4.0000000000000001e-03  1.8825587940317864e-03
3.9000000000000007e-02 2.7000000000000010e-02 4.0000000000000001e-03  1.8966853302324932e-03
3.9000000000000007e-02 2.9999999999999999e-02 4.0000000000000001e-03  1.9134858144669877e-03
3.9000000000000007e-02 3.3000000000000002e-02 4.0000000000000001e-03  1.9397379539031715e-03
3.9000000000000007e-02 3.6000000000000004e-02 4.0000000000000001e-03  1.9658701574970425e-03
3.9000000000000007e-02 3.9000000000000007e-02 4.0000000000000001e-03  2.0302008841552883e-03
3.9000000000000007e-02 4.2000000000000010e-02 4.0000000000000001e-03  2.0768525762647093e-03
3.9000000000000007e-02 4.4999999999999998e-02 4.0000000000000001e-03  2.1410176002987736e-03
4.2000000000000010e-02 -4.4999999999999998e-02 4.0000000000000001e-03  2.4551769875561461e-03
4.2000000000000010e-02 -4.1999999999999996e-02 4.0000000000000001e-03  2.4202342782385635e-03
4.2000000000000010e-02 -3.9000000000000000e-02 4.0000000000000001e-03  2.3737944787083905e-03
4.2000000000000010e-02 -3.5999999999999997e-02 4.0000000000000001e-03  2.3176711476575176e-03
4.2000000000000010e-02 -3.3000000000000002e-02 4.0000000000000001e-03  2.2517638796219265e-03
4.2000000000000010e-02 -2.9999999999999999e-02 4.0000000000000001e-03  2.1759916636621586e-03
4.2000000000000010e-02 -2.6999999999999996e-02 4.0000000000000001e-03  2.0902928833633106e-03
4.2000000000000010e-02 -2.3999999999999997e-02 4.0000000000000001e-03  2.0209626892797278e-03
4.2000000000000010e-02 -2.0999999999999998e-02 4.0000000000000001e-03  2.0406181351638355e-03
4.2000000000000010e-02 -1.7999999999999999e-02 4.0000000000000001e-03  2.0392701090988013e-03
4.2000000000000010e-02 -1.4999999999999999e-02 4.0000000000000001e-03  2.0486899016114737e-03
4.2000000000000010e-02 -1.1999999999999997e-02 4.0000000000000001e-03  2.0927610817726644e-03
4.2000000000000010e-02 -8.9999999999999941e-03 4.0000000000000001e-03  2.1346589717884186e-03
4.2000000000000010e-02 -5.9999999999999984e-03 4.0000000000000001e-03  2.1663974493817489e-03
4.2000000000000010e-02 -2.9999999999999957e-03 4.0000000000000001e-03  2.1748109882314573e-03
4.2000000000000010e-02 0.0000000000000000e+00 4.0000000000000001e-03  2.1779737768047296e-03
4.2000000000000010e-02 3.0000000000000027e-03 4.0000000000000001e-03  2.1758187885931942e-03
4.2000000000000010e-02 6.0000000000000053e-03 4.0000000000000001e-03  2.1683334713394546e-03
4.2000000000000010e-02 9.0000000000000011e-03 4.0000000000000001e-03  2.1278845951477527e-03
4.2000000000000010e-02 1.2000000000000004e-02 4.0000000000000001e-03  2.0451013795202509e-03
4.2000000000000010e-02 1.4999999999999999e-02 4.0000000000000001e-03  2.0011284403096664e-03
4.2000000000000010e-02 1.8000000000000002e-02 4.0000000000000001e-03  1.9655679112754914e-03
4.2000000000000010e-02 2.1000000000000005e-02 4.0000000000000001e-03  1.9696202233135886e-03
4.2000000000000010e-02 2.4000000000000007e-02 4.0000000000000001e-03  1.9762395864714732e-03
4.2000000000000010e-02 2.7000000000000010e-02 4.0000000000000001e-03  2.0091614878064495e-03
4.2000000000000010e-02 2.9999999999999999e-02 4.0000000000000001e-03  2.0418200497677986e-03
4.2000000000000010e-02 3.3000000000000002e-02 4.0000000000000001e-03  2.0694802801543956e-03
4.2000000000000010e-02 3.6000000000000004e-02 4.0000000000000001e-03  2.0921612311308787e-03
4.2000000000000010e-02 3.9000000000000007e-02 4.0000000000000001e-03  2.1456877267144203e-03
4.2000000000000010e-02 4.2000000000000010e-02 4.0000000000000001e-03  2.2091680964960079e-03
4.2000000000000010e-02 4.4999999999999998e-02 4.0000000000000001e-03  2.2298086465173607e-03
4.4999999999999998e-02 -4.4999999999999998e-02 4.0000000000000001e-03  2.6900486803091758e-03
4.4999999999999998e-02 -4.1999999999999996e-02 4.0000000000000001e-03  2.6710751790968148e-03
4.4999999999999998e-02 -3.9000000000000000e-02 4.0000000000000001e-03  2.6235223115103458e-03
4.4999999999999998e-02 -3.5999999999999997e-02 4.0000000000000001e-03  2.5659876812757785e-03
4.4999999999999998e-02 -3.3000000000000002e-02 4.0000000000000001e-03  2.4983570681267361e-03
4.4999999999999998e-02 -2.9999999999999999e-02 4.0000000000000001e-03  2.4205356463213954e-03
4.4999999999999998e-02 -2.6999999999999996e-02 4.0000000000000001e-03  2.3324479846424896e-03
4.4999999999999998e-02 -2.3999999999999997e-02 4.0000000000000001e-03  2.2340380463973328e-03
4.4999999999999998e-02 -2.0999999999999998e-02 4.0000000000000001e-03  2.1613966020331611e-03
4.4999999999999998e-02 -1.7999999999999999e-02 4.0000000000000001e-03  2.1778314571862826e-03
4.4999999999999998e-02 -1.4999999999999999e-02 4.0000000000000001e-03  2.2100912347629890e-03
4.4999999999999998e-02 -1.1999999999999997e-02 4.0000000000000001e-03  2.2473378514178992e-03
4.4999999999999998e-02 -8.9999999999999941e-03 4.0000000000000001e-03  2.2579319225327285e-03
4.4999999999999998e-02 -5.9999999999999984e-03 4.0000000000000001e-03  2.2625976283240559e-03
4.4999999999999998e-02 -2.9999999999999957e-03 4.0000000000000001e-03  2.2612310488734763e-03
4.4999999999999998e-02 0.0000000000000000e+00 4.0000000000000001e-03  2.2537827385135218e-03
4.4999999999999998e-02 3.0000000000000027e-03 4.0000000000000001e-03  2.2402577258276968e-03
4.4999999999999998e-02 6.0000000000000053e-03 4.0000000000000001e-03  2.2207155136504532e-03
4.4999999999999998e-02 9.0000000000000011e-03 4.0000000000000001e-03  2.1952700790672120e-03
4.4999999999999998e-02 1.2000000000000004e-02 4.0000000000000001e-03  2.1170968456225656e-03
4.4999999999999998e-02 1.4999999999999999e-02 4.0000000000000001e-03  2.0860524267461147e-03
4.4999999999999998e-02 1.8000000000000002e-02 4.0000000000000001e-03  2.0853280537045881e-03
4.4999999999999998e-02 2.1000000000000005e-02 4.0000000000000001e-03  2.1292666433884960e-03
4.4999999999999998e-02 2.4000000000000007e-02 4.0000000000000001e-03  2.1682479089964609e-03
4.4999999999999998e-02 2.7000000000000010e-02 4.0000000000000001e-03  2.2022689185048254e-03
4.4999999999999998e-02 2.9999999999999999e-02 4.0000000000000001e-03  2.2313402107314402e-03
4.4999999999999998e-02 3.3000000000000002e-02 4.0000000000000001e-03  2.2554857953356790e-03
4.4999999999999998e-02 3.6000000000000004e-02 4.0000000000000001e-03  2.2747431528184286e-03
4.4999999999999998e-02 3.9000000000000007e-02 4.0000000000000001e-03  2.2891632345220935e-03
4.4999999999999998e-02 4.2000000000000010e-02 4.0000000000000001e-03  2.3591178447943794e-03
4.4999999999999998e-02 4.4999999999999998e-02 4.0000000000000001e-03  2.3636406418645600e-03
