Grid Output Min: [-45mm -45mm 4mm] Max: [45mm 45mm 4mm] Grid Size: [3mm 3mm 0mm]
X, Y, Z, Scalar data "Mag_B"
-4.4999999999999998e-02 -4.4999999999999998e-02 4.0000000000000001e-03  2.5118549620939744e-03
-4.4999999999999998e-02 -4.1999999999999996e-02 4.0000000000000001e-03  2.3946812502679410e-03
-4.4999999999999998e-02 -3.9000000000000000e-02 4.0000000000000001e-03  2.2309677046164424e-03
-4.4999999999999998e-02 -3.5999999999999997e-02 4.0000000000000001e-03  2.0820710855090764e-03
-4.4999999999999998e-02 -3.3000000000000002e-02 4.0000000000000001e-03  1.9512133160987594e-03
-4.4999999999999998e-02 -2.9999999999999999e-02 4.0000000000000001e-03  1.9042522916518413e-03
-4.4999999999999998e-02 -2.6999999999999996e-02 4.0000000000000001e-03  1.8659322133719246e-03
-4.4999999999999998e-02 -2.3999999999999997e-02 4.0000000000000001e-03  1.8334986253249787e-03
-4.4999999999999998e-02 -2.0999999999999998e-02 4.0000000000000001e-03  1.8285900365939355e-03
-4.4999999999999998e-02 -1.7999999999999999e-02 4.0000000000000001e-03  1.7720654664873539e-03
-4.4999999999999998e-02 -1.4999999999999999e-02 4.0000000000000001e-03  1.7549711452122651e-03
-4.4999999999999998e-02 -1.1999999999999997e-02 4.0000000000000001e-03  1.7377607637894393e-03
-4.4999999999999998e-02 -8.9999999999999941e-03 4.0000000000000001e-03  1.8016286376262827e-03
-4.4999999999999998e-02 -5.9999999999999984e-03 4.0000000000000001e-03  1.7750062463015386e-03
-4.4999999999999998e-02 -2.9999999999999957e-03 4.0000000000000001e-03  1.7601843773927587e-03
-4.4999999999999998e-02 0.0000000000000000e+00 4.0000000000000001e-03  1.7593015995994792e-03
-4.4999999999999998e-02 3.0000000000000027e-03 4.0000000000000001e-03  1.7602676866533429e-03
-4.4999999999999998e-02 6.0000000000000053e-03 4.0000000000000001e-03  1.7631014981444012e-03
-4.4999999999999998e-02 9.0000000000000011e-03 4.0000000000000001e-03  1.7678244222953821e-03
-4.4999999999999998e-02 1.2000000000000004e-02 4.0000000000000001e-03  1.7744603759617113e-03
-4.4999999999999998e-02 1.4999999999999999e-02 4.0000000000000001e-03  1.7841627625782928e-03
-4.4999999999999998e-02 1.8000000000000002e-02 4.0000000000000001e-03  1.7964728921316686e-03
-4.4999999999999998e-02 2.1000000000000005e-02 4.0000000000000001e-03  1.8556128107506920e-03
-4.4999999999999998e-02 2.4000000000000007e-02 4.0000000000000001e-03  1.9054766368159313e-03
-4.4999999999999998e-02 2.7000000000000010e-02 4.0000000000000001e-03  1.9446471896124591e-03
-4.4999999999999998e-02 2.9999999999999999e-02 4.0000000000000001e-03  1.9721705219627856e-03
-4.4999999999999998e-02 3.3000000000000002e-02 4.0000000000000001e-03  1.9954459886444282e-03
-4.4999999999999998e-02 3.6000000000000004e-02 4.0000000000000001e-03  2.0463948617210569e-03
-4.4999999999999998e-02 3.9000000000000007e-02 4.0000000000000001e-03  2.1061797848293180e-03
-4.4999999999999998e-02 4.2000000000000010e-02 4.0000000000000001e-03  2.1541002952975667e-03
-4.4999999999999998e-02 4.4999999999999998e-02 4.0000000000000001e-03  2.1667973459099880e-03
-4.1999999999999996e-02 -4.4999999999999998e-02 4.0000000000000001e-03  2.1802331966011747e-03
-4.1999999999999996e-02 -4.1999999999999996e-02 4.0000000000000001e-03  2.0720615154751877e-03
-4.1999999999999996e-02 -3.9000000000000000e-02 4.0000000000000001e-03  1.9787984589096442e-03
-4.1999999999999996e-02 -3.5999999999999997e-02 4.0000000000000001e-03  1.9458181265549260e-03
-4.1999999999999996e-02 -3.3000000000000002e-02 4.0000000000000001e-03  1.8594553658637194e-03
-4.1999999999999996e-02 -2.9999999999999999e-02 4.0000000000000001e-03  1.7656695036807561e-03
-4.1999999999999996e-02 -2.6999999999999996e-02 4.0000000000000001e-03  1.7424361895931938e-03
-4.1999999999999996e-02 -2.3999999999999997e-02 4.0000000000000001e-03  1.7267297144381482e-03
-4.1999999999999996e-02 -2.0999999999999998e-02 4.0000000000000001e-03  1.6952902092881624e-03
-4.1999999999999996e-02 -1.7999999999999999e-02 4.0000000000000001e-03  1.6798840625078069e-03
-4.1999999999999996e-02 -1.4999999999999999e-02 4.0000000000000001e-03  1.6643368187111681e-03
-4.1999999999999996e-02 -1.1999999999999997e-02 4.0000000000000001e-03  1.6486446265175005e-03
-4.1999999999999996e-02 -8.9999999999999941e-03 4.0000000000000001e-03  1.6536928974208445e-03
-4.1999999999999996e-02 -5.9999999999999984e-03 4.0000000000000001e-03  1.6912849758321667e-03
-4.1999999999999996e-02 -2.9999999999999957e-03 4.0000000000000001e-03  1.6752420324777887e-03
-4.1999999999999996e-02 0.0000000000000000e+00 4.0000000000000001e-03  1.6639476433032581e-03
-4.1999999999999996e-02 3.0000000000000027e-03 4.0000000000000001e-03  1.6670607112408045e-03
-4.1999999999999996e-02 6.0000000000000053e-03 4.0000000000000001e-03  1.6721252417428855e-03
-4.1999999999999996e-02 9.0000000000000011e-03 4.0000000000000001e-03  1.6791670233988519e-03
-4.1999999999999996e-02 1.2000000000000004e-02 4.0000000000000001e-03  1.6889356857066684e-03
-4.1999999999999996e-02 1.4999999999999999e-02 4.0000000000000001e-03  1.6969223087430390e-03
-4.1999999999999996e-02 1.8000000000000002e-02 4.0000000000000001e-03  1.6998455949767178e-03
-4.1999999999999996e-02 2.1000000000000005e-02 4.0000000000000001e-03  1.7569296372787174e-03
-4.1999999999999996e-02 2.4000000000000007e-02 4.0000000000000001e-03  1.8039270519823404e-03
-4.1999999999999996e-02 2.7000000000000010e-02 4.0000000000000001e-03  1.8395698269585096e-03
-4.1999999999999996e-02 2.9999999999999999e-02 4.0000000000000001e-03  1.8630531836155732e-03
-4.1999999999999996e-02 3.3000000000000002e-02 4.0000000000000001e-03  1.9006738353675287e-03
-4.1999999999999996e-02 3.6000000000000004e-02 4.0000000000000001e-03  1.9479365270164790e-03
-4.1999999999999996e-02 3.9000000000000007e-02 4.0000000000000001e-03  2.0053195401351976e-03
-4.1999999999999996e-02 4.2000000000000010e-02 4.0000000000000001e-03  2.0302824590438572e-03
-4.1999999999999996e-02 4.4999999999999998e-02 4.0000000000000001e-03  2.0740275142904782e-03
-3.9000000000000000e-02 -4.4999999999999998e-02 4.0000000000000001e-03  2.0915751256867679e-03
-3.9000000000000000e-02 -4.1999999999999996e-02 4.0000000000000001e-03  1.9822397478017760e-03
-3.9000000000000000e-02 -3.9000000000000000e-02 4.0000000000000001e-03  1.8975176339719778e-03
-3.9000000000000000e-02 -3.5999999999999997e-02 4.0000000000000001e-03  1.8245396492776024e-03
-3.9000000000000000e-02 -3.3000000000000002e-02 4.0000000000000001e-03  1.7640226077227357e-03
-3.9000000000000000e-02 -2.9999999999999999e-02 4.0000000000000001e-03  1.7150361934992495e-03
-3.9000000000000000e-02 -2.6999999999999996e-02 4.0000000000000001e-03  1.6767516012289102e-03
-3.9000000000000000e-02 -2.3999999999999997e-02 4.0000000000000001e-03  1.6484415359633842e-03
-3.9000000000000000e-02 -2.0999999999999998e-02 4.0000000000000001e-03  1.6345875559961151e-03
-3.9000000000000000e-02 -1.7999999999999999e-02 4.0000000000000001e-03  1.6208829291221019e-03
-3.9000000000000000e-02 -1.4999999999999999e-02 4.0000000000000001e-03  1.6070281505329686e-03
-3.9000000000000000e-02 -1.1999999999999997e-02 4.0000000000000001e-03  1.5930130352680614e-03
-3.9000000000000000e-02 -8.9999999999999941e-03 4.0000000000000001e-03  1.5788426402966683e-03
-3.9000000000000000e-02 -5.9999999999999984e-03 4.0000000000000001e-03  1.5915452585110661e-03
-3.9000000000000000e-02 -2.9999999999999957e-03 4.0000000000000001e-03  1.6023021298515387e-03
-3.9000000000000000e-02 0.0000000000000000e+00 4.0000000000000001e-03  1.5970033895490682e-03
-3.9000000000000000e-02 3.0000000000000027e-03 4.0000000000000001e-03  1.5953687379242198e-03
-3.9000000000000000e-02 6.0000000000000053e-03 4.0000000000000001e-03  1.6013091258910220e-03
-3.9000000000000000e-02 9.0000000000000011e-03 4.0000000000000001e-03  1.6108001221304530e-03
-3.9000000000000000e-02 1.2000000000000004e-02 4.0000000000000001e-03  1.6221860956349208e-03
-3.9000000000000000e-02 1.4999999999999999e-02 4.0000000000000001e-03  1.6258332706076896e-03
-3.9000000000000000e-02 1.8000000000000002e-02 4.0000000000000001e-03  1.6220997565991129e-03
-3.9000000000000000e-02 2.1000000000000005e-02 4.0000000000000001e-03  1.6740037468323758e-03
-3.9000000000000000e-02 2.4000000000000007e-02 4.0000000000000001e-03  1.7177152824381472e-03
-3.9000000000000000e-02 2.7000000000000010e-02 4.0000000000000001e-03  1.7494554537634422e-03
-3.9000000000000000e-02 2.9999999999999999e-02 4.0000000000000001e-03  1.7776528621932406e-03
-3.9000000000000000e-02 3.3000000000000002e-02 4.0000000000000001e-03  1.8163675653949372e-03
-3.9000000000000000e-02 3.6000000000000004e-02 4.0000000000000001e-03  1.8620833159566528e-03
-3.9000000000000000e-02 3.9000000000000007e-02 4.0000000000000001e-03  1.9161245233307953e-03
-3.9000000000000000e-02 4.2000000000000010e-02 4.0000000000000001e-03  1.9363578850604011e-03
-3.9000000000000000e-02 4.4999999999999998e-02 4.0000000000000001e-03  2.0317719817295778e-03
-3.5999999999999997e-02 -4.4999999999999998e-02 4.0000000000000001e-03  2.0514301796584040e-03
-3.5999999999999997e-02 -4.1999999999999996e-02 4.0000000000000001e-03  1.9158968225057855e-03
-3.5999999999999997e-02 -3.9000000000000000e-02 4.0000000000000001e-03  1.8180601042714086e-03
-3.5999999999999997e-02 -3.5999999999999997e-02 4.0000000000000001e-03  1.7555373832223390e-03
-3.5999999999999997e-02 -3.3000000000000002e-02 4.0000000000000001e-03  1.7011240998193974e-03
-3.5999999999999997e-02 -2.9999999999999999e-02 4.0000000000000001e-03  1.6579039566730961e-03
-3.5999999999999997e-02 -2.6999999999999996e-02 4.0000000000000001e-03  1.6250505044448429e-03
-3.5999999999999997e-02 -2.3999999999999997e-02 4.0000000000000001e-03  1.6085207198972145e-03
-3.5999999999999997e-02 -2.0999999999999998e-02 4.0000000000000001e-03  1.5938297807719052e-03
-3.5999999999999997e-02 -1.7999999999999999e-02 4.0000000000000001e-03  1.5790264518671764e-03
-3.5999999999999997e-02 -1.4999999999999999e-02 4.0000000000000001e-03  1.5641076632441273e-03
-3.5999999999999997e-02 -1.1999999999999997e-02 4.0000000000000001e-03  1.5490733803660730e-03
-3.5999999999999997e-02 -8.9999999999999941e-03 4.0000000000000001e-03  1.5339266040985662e-03
-3.5999999999999997e-02 -5.9999999999999984e-03 4.0000000000000001e-03  1.5238808493361000e-03
-3.5999999999999997e-02 -2.9999999999999957e-03 4.0000000000000001e-03  1.5306412871370230e-03
-3.5999999999999997e-02 0.0000000000000000e+00 4.0000000000000001e-03  1.5329624275671029e-03
-3.5999999999999997e-02 3.0000000000000027e-03 4.0000000000000001e-03  1.5384607294184431e-03
-3.5999999999999997e-02 6.0000000000000053e-03 4.0000000000000001e-03  1.5476541616687423e-03
-3.5999999999999997e-02 9.0000000000000011e-03 4.0000000000000001e-03  1.5624299631063166e-03
-3.5999999999999997e-02 1.2000000000000004e-02 4.0000000000000001e-03  1.5704116666820547e-03
-3.5999999999999997e-02 1.4999999999999999e-02 4.0000000000000001e-03  1.5702507914581618e-03
-3.5999999999999997e-02 1.8000000000000002e-02 4.0000000000000001e-03  1.5622746347562582e-03
-3.5999999999999997e-02 2.1000000000000005e-02 4.0000000000000001e-03  1.6064024204779260e-03
-3.5999999999999997e-02 2.4000000000000007e-02 4.0000000000000001e-03  1.6464124269920427e-03
-3.5999999999999997e-02 2.7000000000000010e-02 4.0000000000000001e-03  1.6745817709644213e-03
-3.5999999999999997e-02 2.9999999999999999e-02 4.0000000000000001e-03  1.7049384985891535e-03
-3.5999999999999997e-02 3.3000000000000002e-02 4.0000000000000001e-03  1.7423290137687797e-03
-3.5999999999999997e-02 3.6000000000000004e-02 4.0000000000000001e-03  1.7867495101080095e-03
-3.5999999999999997e-02 3.9000000000000007e-02 4.0000000000000001e-03  1.8383640757432917e-03
-3.5999999999999997e-02 4.2000000000000010e-02 4.0000000000000001e-03  1.8713623925208757e-03
-3.5999999999999997e-02 4.4999999999999998e-02 4.0000000000000001e-03  2.0162770857962997e-03
-3.3000000000000002e-02 -4.4999999999999998e-02 4.0000000000000001e-03  2.0155679028516595e-03
-3.3000000000000002e-02 -4.1999999999999996e-02 4.0000000000000001e-03  1.8816060785196633e-03
-3.3000000000000002e-02 -3.9000000000000000e-02 4.0000000000000001e-03  1.7752336364222653e-03
-3.3000000000000002e-02 -3.5999999999999997e-02 4.0000000000000001e-03  1.6944184421280009e-03
-3.3000000000000002e-02 -3.3000000000000002e-02 4.0000000000000001e-03  1.6457775696861045e-03
-3.3000000000000002e-02 -2.9999999999999999e-02 4.0000000000000001e-03  1.6053055893645856e-03
-3.3000000000000002e-02 -2.6999999999999996e-02 4.0000000000000001e-03  1.5851432277424679e-03
-3.3000000000000002e-02 -2.3999999999999997e-02 4.0000000000000001e-03  1.5692746819629300e-03
-3.3000000000000002e-02 -2.0999999999999998e-02 4.0000000000000001e-03  1.5532801771180019e-03
-3.3000000000000002e-02 -1.7999999999999999e-02 4.0000000000000001e-03  1.5371574878189536e-03
-3.3000000000000002e-02 -1.4999999999999999e-02 4.0000000000000001e-03  1.5209074240792955e-03
-3.3000000000000002e-02 -1.1999999999999997e-02 4.0000000000000001e-03  1.5045338313147620e-03
-3.3000000000000002e-02 -8.9999999999999941e-03 4.0000000000000001e-03  1.4880435903433045e-03
-3.3000000000000002e-02 -5.9999999999999984e-03 4.0000000000000001e-03  1.4714466173851124e-03
-3.3000000000000002e-02 -2.9999999999999957e-03 4.0000000000000001e-03  1.4672546184902866e-03
-3.3000000000000002e-02 0.0000000000000000e+00 4.0000000000000001e-03  1.4688581421840542e-03
-3.3000000000000002e-02 3.0000000000000027e-03 4.0000000000000001e-03  1.4882565858438785e-03
-3.3000000000000002e-02 6.0000000000000053e-03 4.0000000000000001e-03  1.5091211303825765e-03
-3.3000000000000002e-02 9.0000000000000011e-03 4.0000000000000001e-03  1.5251548468138232e-03
-3.3000000000000002e-02 1.2000000000000004e-02 4.0000000000000001e-03  1.5329899461751773e-03
-3.3000000000000002e-02 1.4999999999999999e-02 4.0000000000000001e-03  1.5295341241955414e-03
-3.3000000000000002e-02 1.8000000000000002e-02 4.0000000000000001e-03  1.5178542589743152e-03
-3.3000000000000002e-02 2.1000000000000005e-02 4.0000000000000001e-03  1.5536901710937023e-03
-3.3000000000000002e-02 2.4000000000000007e-02 4.0000000000000001e-03  1.5895868162648099e-03
-3.3000000000000002e-02 2.7000000000000010e-02 4.0000000000000001e-03  1.6132582648913925e-03
-3.3000000000000002e-02 2.9999999999999999e-02 4.0000000000000001e-03  1.6422860445334969e-03
-3.3000000000000002e-02 3.3000000000000002e-02 4.0000000000000001e-03  1.6783685184475578e-03
-3.3000000000000002e-02 3.6000000000000004e-02 4.0000000000000001e-03  1.7215052383932332e-03
-3.3000000000000002e-02 3.9000000000000007e-02 4.0000000000000001e-03  1.7662094758893914e-03
-3.3000000000000002e-02 4.2000000000000010e-02 4.0000000000000001e-03  1.8345518294281609e-03
-3.3000000000000002e-02 4.4999999999999998e-02 4.0000000000000001e-03  1.9969951144320174e-03
-2.9999999999999999e-02 -4.4999999999999998e-02 4.0000000000000001e-03  1.9838515037023047e-03
-2.9999999999999999e-02 -4.1999999999999996e-02 4.0000000000000001e-03  1.8514252405754683e-03
-2.9999999999999999e-02 -3.9000000000000000e-02 4.0000000000000001e-03  1.7468464867759620e-03
-2.9999999999999999e-02 -3.5999999999999997e-02 4.0000000000000001e-03  1.6672428908816605e-03
-2.9999999999999999e-02 -3.3000000000000002e-02 4.0000000000000001e-03  1.6119502102539787e-03
-2.9999999999999999e-02 -2.9999999999999999e-02 4.0000000000000001e-03  1.5890981182223325e-03
-2.9999999999999999e-02 -2.6999999999999996e-02 4.0000000000000001e-03  1.5677326501973713e-03
-2.9999999999999999e-02 -2.3999999999999997e-02 4.0000000000000001e-03  1.5485766172017898e-03
-2.9999999999999999e-02 -2.0999999999999998e-02 4.0000000000000001e-03  1.5293505833033300e-03
-2.9999999999999999e-02 -1.7999999999999999e-02 4.0000000000000001e-03  1.5100497565320745e-03
-2.9999999999999999e-02 -1.4999999999999999e-02 4.0000000000000001e-03  1.4906727958707545e-03
-2.9999999999999999e-02 -1.1999999999999997e-02 4.0000000000000001e-03  1.4712218112547457e-03
-2.9999999999999999e-02 -8.9999999999999941e-03 4.0000000000000001e-03  1.4517023635720722e-03
-2.9999999999999999e-02 -5.9999999999999984e-03 4.0000000000000001e-03  1.4381736333400703e-03
-2.9999999999999999e-02 -2.9999999999999957e-03 4.0000000000000001e-03  1.4409648657260430e-03
-2.9999999999999999e-02 0.0000000000000000e+00 4.0000000000000001e-03  1.4411884542265537e-03
-2.9999999999999999e-02 3.0000000000000027e-03 4.0000000000000001e-03  1.4517295968045425e-03
-2.9999999999999999e-02 6.0000000000000053e-03 4.0000000000000001e-03  1.4735319025158359e-03
-2.9999999999999999e-02 9.0000000000000011e-03 4.0000000000000001e-03  1.4904536732516559e-03
-2.9999999999999999e-02 1.2000000000000004e-02 4.0000000000000001e-03  1.5025270627837856e-03
-2.9999999999999999e-02 1.4999999999999999e-02 4.0000000000000001e-03  1.5030466313360753e-03
-2.9999999999999999e-02 1.8000000000000002e-02 4.0000000000000001e-03  1.4881836973435099e-03
-2.9999999999999999e-02 2.1000000000000005e-02 4.0000000000000001e-03  1.5154287433701305e-03
-2.9999999999999999e-02 2.4000000000000007e-02 4.0000000000000001e-03  1.5411743141432841e-03
-2.9999999999999999e-02 2.7000000000000010e-02 4.0000000000000001e-03  1.5618142698721478e-03
-2.9999999999999999e-02 2.9999999999999999e-02 4.0000000000000001e-03  1.5895241290584292e-03
-2.9999999999999999e-02 3.3000000000000002e-02 4.0000000000000001e-03  1.6243049203061538e-03
-2.9999999999999999e-02 3.6000000000000004e-02 4.0000000000000001e-03  1.6661595535299185e-03
-2.9999999999999999e-02 3.9000000000000007e-02 4.0000000000000001e-03  1.7137324925714911e-03
-2.9999999999999999e-02 4.2000000000000010e-02 4.0000000000000001e-03  1.8140841166561317e-03
-2.9999999999999999e-02 4.4999999999999998e-02 4.0000000000000001e-03  1.9622636311351438e-03
-2.6999999999999996e-02 -4.4999999999999998e-02 4.0000000000000001e-03  1.9561603538942713e-03
-2.6999999999999996e-02 -4.1999999999999996e-02 4.0000000000000001e-03  1.8252463675720446e-03
-2.6999999999999996e-02 -3.9000000000000000e-02 4.0000000000000001e-03  1.7224407574470172e-03
-2.6999999999999996e-02 -3.5999999999999997e-02 4.0000000000000001e-03  1.6447572006978491e-03
-2.6999999999999996e-02 -3.3000000000000002e-02 4.0000000000000001e-03  1.6062739526596997e-03
-2.6999999999999996e-02 -2.9999999999999999e-02 4.0000000000000001e-03  1.5813922137321731e-03
-2.6999999999999996e-02 -2.6999999999999996e-02 4.0000000000000001e-03  1.5585287495485599e-03
-2.6999999999999996e-02 -2.3999999999999997e-02 4.0000000000000001e-03  1.5355971260801915e-03
-2.6999999999999996e-02 -2.0999999999999998e-02 4.0000000000000001e-03  1.5126518152240051e-03
-2.6999999999999996e-02 -1.7999999999999999e-02 4.0000000000000001e-03  1.4896447454496656e-03
-2.6999999999999996e-02 -1.4999999999999999e-02 4.0000000000000001e-03  1.4665694327490137e-03
-2.6999999999999996e-02 -1.1999999999999997e-02 4.0000000000000001e-03  1.4434228440665454e-03
-2.6999999999999996e-02 -8.9999999999999941e-03 4.0000000000000001e-03  1.4228007013737482e-03
-2.6999999999999996e-02 -5.9999999999999984e-03 4.0000000000000001e-03  1.4254035745716732e-03
-2.6999999999999996e-02 -2.9999999999999957e-03 4.0000000000000001e-03  1.4307772243734374e-03
-2.6999999999999996e-02 0.0000000000000000e+00 4.0000000000000001e-03  1.4318156269454839e-03
-2.6999999999999996e-02 3.0000000000000027e-03 4.0000000000000001e-03  1.4321519327721880e-03
-2.6999999999999996e-02 6.0000000000000053e-03 4.0000000000000001e-03  1.4402481806287128e-03
-2.6999999999999996e-02 9.0000000000000011e-03 4.0000000000000001e-03  1.4581284787318649e-03
-2.6999999999999996e-02 1.2000000000000004e-02 4.0000000000000001e-03  1.4711092782846535e-03
-2.6999999999999996e-02 1.4999999999999999e-02 4.0000000000000001e-03  1.4792316575882719e-03
-2.6999999999999996e-02 1.8000000000000002e-02 4.0000000000000001e-03  1.4726121275692304e-03
-2.6999999999999996e-02 2.1000000000000005e-02 4.0000000000000001e-03  1.4885421868572751e-03
-2.6999999999999996e-02 2.4000000000000007e-02 4.0000000000000001e-03  1.5007816420768854e-03
-2.6999999999999996e-02 2.7000000000000010e-02 4.0000000000000001e-03  1.5200967060124955e-03
-2.6999999999999996e-02 2.9999999999999999e-02 4.0000000000000001e-03  1.5464898841124821e-03
-2.6999999999999996e-02 3.3000000000000002e-02 4.0000000000000001e-03  1.5799655631358177e-03
-2.6999999999999996e-02 3.6000000000000004e-02 4.0000000000000001e-03  1.6192605120225242e-03
-2.6999999999999996e-02 3.9000000000000007e-02 4.0000000000000001e-03  1.6969339376759567e-03
-2.6999999999999996e-02 4.2000000000000010e-02 4.0000000000000001e-03  1.7907287293908180e-03
-2.6999999999999996e-02 4.4999999999999998e-02 4.0000000000000001e-03  1.9280477122136275e-03
-2.3999999999999997e-02 -4.4999999999999998e-02 4.0000000000000001e-03  1.9323899883596310e-03
-2.3999999999999997e-02 -4.1999999999999996e-02 4.0000000000000001e-03  1.8029776816563957e-03
-2.3999999999999997e-02 -3.9000000000000000e-02 4.0000000000000001e-03  1.7019373577973548e-03
-2.3999999999999997e-02 -3.5999999999999997e-02 4.0000000000000001e-03  1.6379367418199522e-03
-2.3999999999999997e-02 -3.3000000000000002e-02 4.0000000000000001e-03  1.5985357474518807e-03
-2.3999999999999997e-02 -2.9999999999999999e-02 4.0000000000000001e-03  1.5666869081772802e-03
-2.3999999999999997e-02 -2.6999999999999996e-02 4.0000000000000001e-03  1.5419240739871169e-03
-2.3999999999999997e-02 -2.3999999999999997e-02 4.0000000000000001e-03  1.5192724147390561e-03
-2.3999999999999997e-02 -2.0999999999999998e-02 4.0000000000000001e-03  1.4931354231781807e-03
-2.3999999999999997e-02 -1.7999999999999999e-02 4.0000000000000001e-03  1.4664048863700426e-03
-2.3999999999999997e-02 -1.4999999999999999e-02 4.0000000000000001e-03  1.4396193057855554e-03
-2.3999999999999997e-02 -1.1999999999999997e-02 4.0000000000000001e-03  1.4127705053783241e-03
-2.3999999999999997e-02 -8.9999999999999941e-03 4.0000000000000001e-03  1.4111108765973116e-03
-2.3999999999999997e-02 -5.9999999999999984e-03 4.0000000000000001e-03  1.4131082459609783e-03
-2.3999999999999997e-02 -2.9999999999999957e-03 4.0000000000000001e-03  1.4175073253647923e-03
-2.3999999999999997e-02 0.0000000000000000e+00 4.0000000000000001e-03  1.4232499949788388e-03
-2.3999999999999997e-02 3.0000000000000027e-03 4.0000000000000001e-03  1.4231463900523751e-03
-2.3999999999999997e-02 6.0000000000000053e-03 4.0000000000000001e-03  1.4223827322967118e-03
-2.3999999999999997e-02 9.0000000000000011e-03 4.0000000000000001e-03  1.4280902605324655e-03
-2.3999999999999997e-02 1.2000000000000004e-02 4.0000000000000001e-03  1.4420470650437439e-03
-2.3999999999999997e-02 1.4999999999999999e-02 4.0000000000000001e-03  1.4510929214805351e-03
-2.3999999999999997e-02 1.8000000000000002e-02 4.0000000000000001e-03  1.4552778326734467e-03
-2.3999999999999997e-02 2.1000000000000005e-02 4.0000000000000001e-03  1.4590797669792510e-03
-2.3999999999999997e-02 2.4000000000000007e-02 4.0000000000000001e-03  1.4699747040524387e-03
-2.3999999999999997e-02 2.7000000000000010e-02 4.0000000000000001e-03  1.4879609963346192e-03
-2.3999999999999997e-02 2.9999999999999999e-02 4.0000000000000001e-03  1.5130289445605600e-03
-2.3999999999999997e-02 3.3000000000000002e-02 4.0000000000000001e-03  1.5449000282904061e-03
-2.3999999999999997e-02 3.6000000000000004e-02 4.0000000000000001e-03  1.6025592749030373e-03
-2.3999999999999997e-02 3.9000000000000007e-02 4.0000000000000001e-03  1.6770191442243808e-03
-2.3999999999999997e-02 4.2000000000000010e-02 4.0000000000000001e-03  1.7676649530933817e-03
-2.3999999999999997e-02 4.4999999999999998e-02 4.0000000000000001e-03  1.9118217750809473e-03
-2.0999999999999998e-02 -4.4999999999999998e-02 4.0000000000000001e-03  1.9124521052785979e-03
-2.0999999999999998e-02 -4.1999999999999996e-02 4.0000000000000001e-03  1.7845435682236560e-03
-2.0999999999999998e-02 -3.9000000000000000e-02 4.0000000000000001e-03  1.6905744179126390e-03
-2.0999999999999998e-02 -3.5999999999999997e-02 4.0000000000000001e-03  1.6356161710665612e-03
-2.0999999999999998e-02 -3.3000000000000002e-02 4.0000000000000001e-03  1.5888279764227819e-03
-2.0999999999999998e-02 -2.9999999999999999e-02 4.0000000000000001e-03  1.5497991902220310e-03
-2.0999999999999998e-02 -2.6999999999999996e-02 4.0000000000000001e-03  1.5181581009850718e-03
-2.0999999999999998e-02 -2.3999999999999997e-02 4.0000000000000001e-03  1.4937572505361707e-03
-2.0999999999999998e-02 -2.0999999999999998e-02 4.0000000000000001e-03  1.4707381712509144e-03
-2.0999999999999998e-02 -1.7999999999999999e-02 4.0000000000000001e-03  1.4402664176789237e-03
-2.0999999999999998e-02 -1.4999999999999999e-02 4.0000000000000001e-03  1.4097581276667523e-03
-2.0999999999999998e-02 -1.1999999999999997e-02 4.0000000000000001e-03  1.4011490146141757e-03
-2.0999999999999998e-02 -8.9999999999999941e-03 4.0000000000000001e-03  1.3999246624096515e-03
-2.0999999999999998e-02 -5.9999999999999984e-03 4.0000000000000001e-03  1.4011195079984163e-03
-2.0999999999999998e-02 -2.9999999999999957e-03 4.0000000000000001e-03  1.4037472840479597e-03
-2.0999999999999998e-02 0.0000000000000000e+00 4.0000000000000001e-03  1.4084618872629686e-03
-2.0999999999999998e-02 3.0000000000000027e-03 4.0000000000000001e-03  1.4149460999705278e-03
-2.0999999999999998e-02 6.0000000000000053e-03 4.0000000000000001e-03  1.4137408852521465e-03
-2.0999999999999998e-02 9.0000000000000011e-03 4.0000000000000001e-03  1.4118773880971132e-03
-2.0999999999999998e-02 1.2000000000000004e-02 4.0000000000000001e-03  1.4152538331342948e-03
-2.0999999999999998e-02 1.4999999999999999e-02 4.0000000000000001e-03  1.4252898835171639e-03
-2.0999999999999998e-02 1.8000000000000002e-02 4.0000000000000001e-03  1.4304110503521887e-03
-2.0999999999999998e-02 2.1000000000000005e-02 4.0000000000000001e-03  1.4355365524001441e-03
-2.0999999999999998e-02 2.4000000000000007e-02 4.0000000000000001e-03  1.4470950459918063e-03
-2.0999999999999998e-02 2.7000000000000010e-02 4.0000000000000001e-03  1.4650726322875955e-03
-2.0999999999999998e-02 2.9999999999999999e-02 4.0000000000000001e-03  1.4901945295373665e-03
-2.0999999999999998e-02 3.3000000000000002e-02 4.0000000000000001e-03  1.5323096536402306e-03
-2.0999999999999998e-02 3.6000000000000004e-02 4.0000000000000001e-03  1.5863413456702509e-03
-2.0999999999999998e-02 3.9000000000000007e-02 4.0000000000000001e-03  1.6573712600160405e-03
-2.0999999999999998e-02 4.2000000000000010e-02 4.0000000000000001e-03  1.7448698429518416e-03
-2.0999999999999998e-02 4.4999999999999998e-02 4.0000000000000001e-03  1.8966710130754703e-03
-1.7999999999999999e-02 -4.4999999999999998e-02 4.0000000000000001e-03  1.8962745660795423e-03
-1.7999999999999999e-02 -4.1999999999999996e-02 4.0000000000000001e-03  1.7698845759171167e-03
-1.7999999999999999e-02 -3.9000000000000000e-02 4.0000000000000001e-03  1.6944662096176637e-03
-1.7999999999999999e-02 -3.5999999999999997e-02 4.0000000000000001e-03  1.6316636716620218e-03
-1.7999999999999999e-02 -3.3000000000000002e-02 4.0000000000000001e-03  1.5772778854206341e-03
-1.7999999999999999e-02 -2.9999999999999999e-02 4.0000000000000001e-03  1.5308870315871828e-03
-1.7999999999999999e-02 -2.6999999999999996e-02 4.0000000000000001e-03  1.4921082231353646e-03
-1.7999999999999999e-02 -2.3999999999999997e-02 4.0000000000000001e-03  1.4605975053188997e-03
-1.7999999999999999e-02 -2.0999999999999998e-02 4.0000000000000001e-03  1.4367976087313111e-03
-1.7999999999999999e-02 -1.7999999999999999e-02 4.0000000000000001e-03  1.4112171098918421e-03
-1.7999999999999999e-02 -1.4999999999999999e-02 4.0000000000000001e-03  1.3954616587973610e-03
-1.7999999999999999e-02 -1.1999999999999997e-02 4.0000000000000001e-03  1.3910988385135538e-03
-1.7999999999999999e-02 -8.9999999999999941e-03 4.0000000000000001e-03  1.3892378033223299e-03
-1.7999999999999999e-02 -5.9999999999999984e-03 4.0000000000000001e-03  1.3884726948852021e-03
-1.7999999999999999e-02 -2.9999999999999957e-03 4.0000000000000001e-03  1.3897864904728163e-03
-1.7999999999999999e-02 0.0000000000000000e+00 4.0000000000000001e-03  1.3931766366920980e-03
-1.7999999999999999e-02 3.0000000000000027e-03 4.0000000000000001e-03  1.3986407242354462e-03
-1.7999999999999999e-02 6.0000000000000053e-03 4.0000000000000001e-03  1.4059045941483019e-03
-1.7999999999999999e-02 9.0000000000000011e-03 4.0000000000000001e-03  1.4035978664120765e-03
-1.7999999999999999e-02 1.2000000000000004e-02 4.0000000000000001e-03  1.4006341099094964e-03
-1.7999999999999999e-02 1.4999999999999999e-02 4.0000000000000001e-03  1.4017383665666091e-03
-1.7999999999999999e-02 1.8000000000000002e-02 4.0000000000000001e-03  1.4077449505441617e-03
-1.7999999999999999e-02 2.1000000000000005e-02 4.0000000000000001e-03  1.4138338049115686e-03
-1.7999999999999999e-02 2.4000000000000007e-02 4.0000000000000001e-03  1.4286595335183620e-03
-1.7999999999999999e-02 2.7000000000000010e-02 4.0000000000000001e-03  1.4594102651813443e-03
-1.7999999999999999e-02 2.9999999999999999e-02 4.0000000000000001e-03  1.4916221496682090e-03
-1.7999999999999999e-02 3.3000000000000002e-02 4.0000000000000001e-03  1.5333956892477432e-03
-1.7999999999999999e-02 3.6000000000000004e-02 4.0000000000000001e-03  1.5908976172320792e-03
-1.7999999999999999e-02 3.9000000000000007e-02 4.0000000000000001e-03  1.6624581235212307e-03
-1.7999999999999999e-02 4.2000000000000010e-02 4.0000000000000001e-03  1.7451415214169278e-03
-1.7999999999999999e-02 4.4999999999999998e-02 4.0000000000000001e-03  1.8913578361800540e-03
-1.4999999999999999e-02 -4.4999999999999998e-02 4.0000000000000001e-03  1.8838013954389731e-03
-1.4999999999999999e-02 -4.1999999999999996e-02 4.0000000000000001e-03  1.7772465598389015e-03
-1.4999999999999999e-02 -3.9000000000000000e-02 4.0000000000000001e-03  1.6971738947453275e-03
-1.4999999999999999e-02 -3.5999999999999997e-02 4.0000000000000001e-03  1.6262648786267155e-03
-1.4999999999999999e-02 -3.3000000000000002e-02 4.0000000000000001e-03  1.5640475843496609e-03
-1.4999999999999999e-02 -2.9999999999999999e-02 4.0000000000000001e-03  1.5100890170607825e-03
-1.4999999999999999e-02 -2.6999999999999996e-02 4.0000000000000001e-03  1.4639951141867215e-03
-1.4999999999999999e-02 -2.3999999999999997e-02 4.0000000000000001e-03  1.4309563372276284e-03
-1.4999999999999999e-02 -2.0999999999999998e-02 4.0000000000000001e-03  1.4109954705411492e-03
-1.4999999999999999e-02 -1.7999999999999999e-02 4.0000000000000001e-03  1.3954619214292707e-03
-1.4999999999999999e-02 -1.4999999999999999e-02 4.0000000000000001e-03  1.3866313244933850e-03
-1.4999999999999999e-02 -1.1999999999999997e-02 4.0000000000000001e-03  1.3816505162399684e-03
-1.4999999999999999e-02 -8.9999999999999941e-03 4.0000000000000001e-03  1.3776879029844657e-03
-1.4999999999999999e-02 -5.9999999999999984e-03 4.0000000000000001e-03  1.3756235257861682e-03
-1.4999999999999999e-02 -2.9999999999999957e-03 4.0000000000000001e-03  1.3756289414852975e-03
-1.4999999999999999e-02 0.0000000000000000e+00 4.0000000000000001e-03  1.3777025160206949e-03
-1.4999999999999999e-02 3.0000000000000027e-03 4.0000000000000001e-03  1.3818427594166896e-03
-1.4999999999999999e-02 6.0000000000000053e-03 4.0000000000000001e-03  1.3880483257830815e-03
-1.4999999999999999e-02 9.0000000000000011e-03 4.0000000000000001e-03  1.3961264499497469e-03
-1.4999999999999999e-02 1.2000000000000004e-02 4.0000000000000001e-03  1.3927177618385752e-03
-1.4999999999999999e-02 1.4999999999999999e-02 4.0000000000000001e-03  1.3886527819090882e-03
-1.4999999999999999e-02 1.8000000000000002e-02 4.0000000000000001e-03  1.3913632998679062e-03
-1.4999999999999999e-02 2.1000000000000005e-02 4.0000000000000001e-03  1.4154710221647182e-03
-1.4999999999999999e-02 2.4000000000000007e-02 4.0000000000000001e-03  1.4409941804409815e-03
-1.4999999999999999e-02 2.7000000000000010e-02 4.0000000000000001e-03  1.4679960096223399e-03
-1.4999999999999999e-02 2.9999999999999999e-02 4.0000000000000001e-03  1.4968654960109543e-03
-1.4999999999999999e-02 3.3000000000000002e-02 4.0000000000000001e-03  1.5372739163116687e-03
-1.4999999999999999e-02 3.6000000000000004e-02 4.0000000000000001e-03  1.5934106584625089e-03
-1.4999999999999999e-02 3.9000000000000007e-02 4.0000000000000001e-03  1.6657415904260868e-03
-1.4999999999999999e-02 4.2000000000000010e-02 4.0000000000000001e-03  1.7549947462909717e-03
-1.4999999999999999e-02 4.4999999999999998e-02 4.0000000000000001e-03  1.8682243036442232e-03
-1.1999999999999997e-02 -4.4999999999999998e-02 4.0000000000000001e-03  1.8865001411449453e-03
-1.1999999999999997e-02 -4.1999999999999996e-02 4.0000000000000001e-03  1.7877207692039872e-03
-1.1999999999999997e-02 -3.9000000000000000e-02 4.0000000000000001e-03  1.6989414974881720e-03
-1.1999999999999997e-02 -3.5999999999999997e-02 4.0000000000000001e-03  1.6196402910370166e-03
-1.1999999999999997e-02 -3.3000000000000002e-02 4.0000000000000001e-03  1.5545326675665352e-03
-1.1999999999999997e-02 -2.9999999999999999e-02 4.0000000000000001e-03  1.5021429844533074e-03
-1.1999999999999997e-02 -2.6999999999999996e-02 4.0000000000000001e-03  1.4600977457334011e-03
-1.1999999999999997e-02 -2.3999999999999997e-02 4.0000000000000001e-03  1.4277123756679963e-03
-1.1999999999999997e-02 -2.0999999999999998e-02 4.0000000000000001e-03  1.4043639025825827e-03
-1.1999999999999997e-02 -1.7999999999999999e-02 4.0000000000000001e-03  1.3902451974601854e-03
-1.1999999999999997e-02 -1.4999999999999999e-02 4.0000000000000001e-03  1.3791191653833423e-03
-1.1999999999999997e-02 -1.1999999999999997e-02 4.0000000000000001e-03  1.3714382979468061e-03
-1.1999999999999997e-02 -8.9999999999999941e-03 4.0000000000000001e-03  1.3660007787373312e-03
-1.1999999999999997e-02 -5.9999999999999984e-03 4.0000000000000001e-03  1.3626270848510695e-03
-1.1999999999999997e-02 -2.9999999999999957e-03 4.0000000000000001e-03  1.3613163574733190e-03
-1.1999999999999997e-02 0.0000000000000000e+00 4.0000000000000001e-03  1.3620678818748481e-03
-1.1999999999999997e-02 3.0000000000000027e-03 4.0000000000000001e-03  1.3648810874119055e-03
-1.1999999999999997e-02 6.0000000000000053e-03 4.0000000000000001e-03  1.3697555475262204e-03
-1.1999999999999997e-02 9.0000000000000011e-03 4.0000000000000001e-03  1.3766909797449905e-03
-1.1999999999999997e-02 1.2000000000000004e-02 4.0000000000000001e-03  1.3856143142515669e-03
-1.1999999999999997e-02 1.4999999999999999e-02 4.0000000000000001e-03  1.3811026742771675e-03
-1.1999999999999997e-02 1.8000000000000002e-02 4.0000000000000001e-03  1.3894212325606828e-03
-1.1999999999999997e-02 2.1000000000000005e-02 4.0000000000000001e-03  1.4110275138053258e-03
-1.1999999999999997e-02 2.4000000000000007e-02 4.0000000000000001e-03  1.4404157258707335e-03
-1.1999999999999997e-02 2.7000000000000010e-02 4.0000000000000001e-03  1.4733751053189010e-03
-1.1999999999999997e-02 2.9999999999999999e-02 4.0000000000000001e-03  1.5050138323685364e-03
-1.1999999999999997e-02 3.3000000000000002e-02 4.0000000000000001e-03  1.5444299901002517e-03
-1.1999999999999997e-02 3.6000000000000004e-02 4.0000000000000001e-03  1.5995771081251534e-03
-1.1999999999999997e-02 3.9000000000000007e-02 4.0000000000000001e-03  1.6710164873659685e-03
-1.1999999999999997e-02 4.2000000000000010e-02 4.0000000000000001e-03  1.7590154922361829e-03
-1.1999999999999997e-02 4.4999999999999998e-02 4.0000000000000001e-03  1.8653700471025754e-03
-8.9999999999999941e-03 -4.4999999999999998e-02 4.0000000000000001e-03  1.9060486412502337e-03
-8.9999999999999941e-03 -4.1999999999999996e-02 4.0000000000000001e-03  1.8005442072606148e-03
-8.9999999999999941e-03 -3.9000000000000000e-02 4.0000000000000001e-03  1.7089188444490764e-03
-8.9999999999999941e-03 -3.5999999999999997e-02 4.0000000000000001e-03  1.6301027000411906e-03
-8.9999999999999941e-03 -3.3000000000000002e-02 4.0000000000000001e-03  1.5632182166804886e-03
-8.9999999999999941e-03 -2.9999999999999999e-02 4.0000000000000001e-03  1.5074342243661723e-03
-8.9999999999999941e-03 -2.6999999999999996e-02 4.0000000000000001e-03  1.4610451154352653e-03
-8.9999999999999941e-03 -2.3999999999999997e-02 4.0000000000000001e-03  1.4252935453146149e-03
-8.9999999999999941e-03 -2.0999999999999998e-02 4.0000000000000001e-03  1.4002359515896208e-03
-8.9999999999999941e-03 -1.7999999999999999e-02 4.0000000000000001e-03  1.3877050862851944e-03
-8.9999999999999941e-03 -1.4999999999999999e-02 4.0000000000000001e-03  1.3779396231694560e-03
-8.9999999999999941e-03 -1.1999999999999997e-02 4.0000000000000001e-03  1.3697899993957157e-03
-8.9999999999999941e-03 -8.9999999999999941e-03 4.0000000000000001e-03  1.3637929551977420e-03
-8.9999999999999941e-03 -5.9999999999999984e-03 4.0000000000000001e-03  1.3595672955937614e-03
-8.9999999999999941e-03 -2.9999999999999957e-03 4.0000000000000001e-03  1.3571121248301976e-03
-8.9999999999999941e-03 0.0000000000000000e+00 4.0000000000000001e-03  1.3564268086731657e-03
-8.9999999999999941e-03 3.0000000000000027e-03 4.0000000000000001e-03  1.3575109744084922e-03
-8.9999999999999941e-03 6.0000000000000053e-03 4.0000000000000001e-03  1.3603645108416864e-03
-8.9999999999999941e-03 9.0000000000000011e-03 4.0000000000000001e-03  1.3649875682979595e-03
-8.9999999999999941e-03 1.2000000000000004e-02 4.0000000000000001e-03  1.3713805586222244e-03
-8.9999999999999941e-03 1.4999999999999999e-02 4.0000000000000001e-03  1.3807167953551480e-03
-8.9999999999999941e-03 1.8000000000000002e-02 4.0000000000000001e-03  1.3924024836647561e-03
-8.9999999999999941e-03 2.1000000000000005e-02 4.0000000000000001e-03  1.4112955398051753e-03
-8.9999999999999941e-03 2.4000000000000007e-02 4.0000000000000001e-03  1.4446831778304732e-03
-8.9999999999999941e-03 2.7000000000000010e-02 4.0000000000000001e-03  1.4801627938204462e-03
-8.9999999999999941e-03 2.9999999999999999e-02 4.0000000000000001e-03  1.5108268665089829e-03
-8.9999999999999941e-03 3.3000000000000002e-02 4.0000000000000001e-03  1.5506554281127705e-03
-8.9999999999999941e-03 3.6000000000000004e-02 4.0000000000000001e-03  1.6083948571554293e-03
-8.9999999999999941e-03 3.9000000000000007e-02 4.0000000000000001e-03  1.6803308774684738e-03
-8.9999999999999941e-03 4.2000000000000010e-02 4.0000000000000001e-03  1.7682948194944837e-03
-8.9999999999999941e-03 4.4999999999999998e-02 4.0000000000000001e-03  1.8734380974153775e-03
-5.9999999999999984e-03 -4.4999999999999998e-02 4.0000000000000001e-03  1.9056672791731360e-03
-5.9999999999999984e-03 -4.1999999999999996e-02 4.0000000000000001e-03  1.7963916094275126e-03
-5.9999999999999984e-03 -3.9000000000000000e-02 4.0000000000000001e-03  1.7022006833645549e-03
-5.9999999999999984e-03 -3.5999999999999997e-02 4.0000000000000001e-03  1.6218782132311955e-03
-5.9999999999999984e-03 -3.3000000000000002e-02 4.0000000000000001e-03  1.5543042094881923e-03
-5.9999999999999984e-03 -2.9999999999999999e-02 4.0000000000000001e-03  1.4984549808101046e-03
-5.9999999999999984e-03 -2.6999999999999996e-02 4.0000000000000001e-03  1.4534031340852989e-03
-5.9999999999999984e-03 -2.3999999999999997e-02 4.0000000000000001e-03  1.4222318087870243e-03
-5.9999999999999984e-03 -2.0999999999999998e-02 4.0000000000000001e-03  1.4019593952764170e-03
-5.9999999999999984e-03 -1.7999999999999999e-02 4.0000000000000001e-03  1.3869895931753007e-03
-5.9999999999999984e-03 -1.4999999999999999e-02 4.0000000000000001e-03  1.3777804345281620e-03
-5.9999999999999984e-03 -1.1999999999999997e-02 4.0000000000000001e-03  1.3699027371906244e-03
-5.9999999999999984e-03 -8.9999999999999941e-03 4.0000000000000001e-03  1.3644867435820213e-03
-5.9999999999999984e-03 -5.9999999999999984e-03 4.0000000000000001e-03  1.3608395464395485e-03
-5.9999999999999984e-03 -2.9999999999999957e-03 4.0000000000000001e-03  1.3589608158924437e-03
-5.9999999999999984e-03 0.0000000000000000e+00 4.0000000000000001e-03  1.3588504835896390e-03
-5.9999999999999984e-03 3.0000000000000027e-03 4.0000000000000001e-03  1.3605087426997683e-03
-5.9999999999999984e-03 6.0000000000000053e-03 4.0000000000000001e-03  1.3639360479111582e-03
-5.9999999999999984e-03 9.0000000000000011e-03 4.0000000000000001e-03  1.3691331154318427e-03
-5.9999999999999984e-03 1.2000000000000004e-02 4.0000000000000001e-03  1.3777227077420840e-03
-5.9999999999999984e-03 1.4999999999999999e-02 4.0000000000000001e-03  1.3895009080504407e-03
-5.9999999999999984e-03 1.8000000000000002e-02 4.0000000000000001e-03  1.4013395817766127e-03
-5.9999999999999984e-03 2.1000000000000005e-02 4.0000000000000001e-03  1.4200655913042613e-03
-5.9999999999999984e-03 2.4000000000000007e-02 4.0000000000000001e-03  1.4468631839685254e-03
-5.9999999999999984e-03 2.7000000000000010e-02 4.0000000000000001e-03  1.4865243893600064e-03
-5.9999999999999984e-03 2.9999999999999999e-02 4.0000000000000001e-03  1.5190578839753375e-03
-5.9999999999999984e-03 3.3000000000000002e-02 4.0000000000000001e-03  1.5563662340609909e-03
-5.9999999999999984e-03 3.6000000000000004e-02 4.0000000000000001e-03  1.6111877064408629e-03
-5.9999999999999984e-03 3.9000000000000007e-02 4.0000000000000001e-03  1.6850057686702122e-03
-5.9999999999999984e-03 4.2000000000000010e-02 4.0000000000000001e-03  1.7795732182894612e-03
-5.9999999999999984e-03 4.4999999999999998e-02 4.0000000000000001e-03  1.8880565485991699e-03
-2.9999999999999957e-03 -4.4999999999999998e-02 4.0000000000000001e-03  1.8789145398018451e-03
-2.9999999999999957e-03 -4.1999999999999996e-02 4.0000000000000001e-03  1.7746453158600955e-03
-2.9999999999999957e-03 -3.9000000000000000e-02 4.0000000000000001e-03  1.6844481655854115e-03
-2.9999999999999957e-03 -3.5999999999999997e-02 4.0000000000000001e-03  1.6071921407005351e-03
-2.9999999999999957e-03 -3.3000000000000002e-02 4.0000000000000001e-03  1.5418425911420022e-03
-2.9999999999999957e-03 -2.9999999999999999e-02 4.0000000000000001e-03  1.4874611650601739e-03
-2.9999999999999957e-03 -2.6999999999999996e-02 4.0000000000000001e-03  1.4523956043372313e-03
-2.9999999999999957e-03 -2.3999999999999997e-02 4.0000000000000001e-03  1.4280063657435254e-03
-2.9999999999999957e-03 -2.0999999999999998e-02 4.0000000000000001e-03  1.4055075851594466e-03
-2.9999999999999957e-03 -1.7999999999999999e-02 4.0000000000000001e-03  1.3867669220927058e-03
-2.9999999999999957e-03 -1.4999999999999999e-02 4.0000000000000001e-03  1.3781072560812011e-03
-2.9999999999999957e-03 -1.1999999999999997e-02 4.0000000000000001e-03  1.3704316365455878e-03
-2.9999999999999957e-03 -8.9999999999999941e-03 4.0000000000000001e-03  1.3655925202736298e-03
-2.9999999999999957e-03 -5.9999999999999984e-03 4.0000000000000001e-03  1.3625208526558939e-03
-2.9999999999999957e-03 -2.9999999999999957e-03 4.0000000000000001e-03  1.3612168697044341e-03
-2.9999999999999957e-03 0.0000000000000000e+00 4.0000000000000001e-03  1.3616810689509925e-03
-2.9999999999999957e-03 3.0000000000000027e-03 4.0000000000000001e-03  1.3639142094470254e-03
-2.9999999999999957e-03 6.0000000000000053e-03 4.0000000000000001e-03  1.3679173117636723e-03
-2.9999999999999957e-03 9.0000000000000011e-03 4.0000000000000001e-03  1.3757020573384221e-03
-2.9999999999999957e-03 1.2000000000000004e-02 4.0000000000000001e-03  1.3866359435519154e-03
-2.9999999999999957e-03 1.4999999999999999e-02 4.0000000000000001e-03  1.3988554076940893e-03
-2.9999999999999957e-03 1.8000000000000002e-02 4.0000000000000001e-03  1.4124286020909269e-03
-2.9999999999999957e-03 2.1000000000000005e-02 4.0000000000000001e-03  1.4297479688536916e-03
-2.9999999999999957e-03 2.4000000000000007e-02 4.0000000000000001e-03  1.4504660083476471e-03
-2.9999999999999957e-03 2.7000000000000010e-02 4.0000000000000001e-03  1.4888632838780367e-03
-2.9999999999999957e-03 2.9999999999999999e-02 4.0000000000000001e-03  1.5260956711244014e-03
-2.9999999999999957e-03 3.3000000000000002e-02 4.0000000000000001e-03  1.5616669352552172e-03
-2.9999999999999957e-03 3.6000000000000004e-02 4.0000000000000001e-03  1.6145369371976079e-03
-2.9999999999999957e-03 3.9000000000000007e-02 4.0000000000000001e-03  1.6860823063161335e-03
-2.9999999999999957e-03 4.2000000000000010e-02 4.0000000000000001e-03  1.7779255056028930e-03
-2.9999999999999957e-03 4.4999999999999998e-02 4.0000000000000001e-03  1.8907799394705411e-03
0.0000000000000000e+00 -4.4999999999999998e-02 4.0000000000000001e-03  1.8819113214606183e-03
0.0000000000000000e+00 -4.1999999999999996e-02 4.0000000000000001e-03  1.7530839348297278e-03
0.0000000000000000e+00 -3.9000000000000000e-02 4.0000000000000001e-03  1.6660597045143192e-03
0.0000000000000000e+00 -3.5999999999999997e-02 4.0000000000000001e-03  1.5911345481670776e-03
0.0000000000000000e+00 -3.3000000000000002e-02 4.0000000000000001e-03  1.5273591552003312e-03
0.0000000000000000e+00 -2.9999999999999999e-02 4.0000000000000001e-03  1.4906506494178678e-03
0.0000000000000000e+00 -2.6999999999999996e-02 4.0000000000000001e-03  1.4621796037534217e-03
0.0000000000000000e+00 -2.3999999999999997e-02 4.0000000000000001e-03  1.4355814589006467e-03
0.0000000000000000e+00 -2.0999999999999998e-02 4.0000000000000001e-03  1.4108662521198736e-03
0.0000000000000000e+00 -1.7999999999999999e-02 4.0000000000000001e-03  1.3880470967669448e-03
0.0000000000000000e+00 -1.4999999999999999e-02 4.0000000000000001e-03  1.3789149748551720e-03
0.0000000000000000e+00 -1.1999999999999997e-02 4.0000000000000001e-03  1.3716954638004803e-03
0.0000000000000000e+00 -8.9999999999999941e-03 4.0000000000000001e-03  1.3671072154056373e-03
0.0000000000000000e+00 -5.9999999999999984e-03 4.0000000000000001e-03  1.3646095311737095e-03
0.0000000000000000e+00 -2.9999999999999957e-03 4.0000000000000001e-03  1.3638799899949176e-03
0.0000000000000000e+00 0.0000000000000000e+00 4.0000000000000001e-03  1.3649196552838290e-03
0.0000000000000000e+00 3.0000000000000027e-03 4.0000000000000001e-03  1.3677298519747005e-03
0.0000000000000000e+00 6.0000000000000053e-03 4.0000000000000001e-03  1.3747526327104328e-03
0.0000000000000000e+00 9.0000000000000011e-03 4.0000000000000001e-03  1.3848440748833702e-03
0.0000000000000000e+00 1.2000000000000004e-02 4.0000000000000001e-03  1.3962176774467464e-03
0.0000000000000000e+00 1.4999999999999999e-02 4.0000000000000001e-03  1.4088758652588027e-03
0.0000000000000000e+00 1.8000000000000002e-02 4.0000000000000001e-03  1.4233232640892784e-03
0.0000000000000000e+00 2.1000000000000005e-02 4.0000000000000001e-03  1.4403414027519519e-03
0.0000000000000000e+00 2.4000000000000007e-02 4.0000000000000001e-03  1.4588854868447282e-03
0.0000000000000000e+00 2.7000000000000010e-02 4.0000000000000001e-03  1.4927714395998322e-03
0.0000000000000000e+00 2.9999999999999999e-02 4.0000000000000001e-03  1.5323719634220351e-03
0.0000000000000000e+00 3.3000000000000002e-02 4.0000000000000001e-03  1.5667803919083552e-03
0.0000000000000000e+00 3.6000000000000004e-02 4.0000000000000001e-03  1.6168131061482978e-03
0.0000000000000000e+00 3.9000000000000007e-02 4.0000000000000001e-03  1.6850737584182469e-03
0.0000000000000000e+00 4.2000000000000010e-02 4.0000000000000001e-03  1.7730903158786275e-03
0.0000000000000000e+00 4.4999999999999998e-02 4.0000000000000001e-03  1.8826919482630793e-03
3.0000000000000027e-03 -4.4999999999999998e-02 4.0000000000000001e-03  1.9006279931860764e-03
3.0000000000000027e-03 -4.1999999999999996e-02 4.0000000000000001e-03  1.7380014118535236e-03
3.0000000000000027e-03 -3.9000000000000000e-02 4.0000000000000001e-03  1.6463452671162317e-03
3.0000000000000027e-03 -3.5999999999999997e-02 4.0000000000000001e-03  1.5730764349616711e-03
3.0000000000000027e-03 -3.3000000000000002e-02 4.0000000000000001e-03  1.5370060130208015e-03
3.0000000000000027e-03 -2.9999999999999999e-02 4.0000000000000001e-03  1.5044514078461678e-03
3.0000000000000027e-03 -2.6999999999999996e-02 4.0000000000000001e-03  1.4737676098107385e-03
3.0000000000000027e-03 -2.3999999999999997e-02 4.0000000000000001e-03  1.4449580927491431e-03
3.0000000000000027e-03 -2.0999999999999998e-02 4.0000000000000001e-03  1.4180294065915114e-03
3.0000000000000027e-03 -1.7999999999999999e-02 4.0000000000000001e-03  1.3929911773635035e-03
3.0000000000000027e-03 -1.4999999999999999e-02 4.0000000000000001e-03  1.3802022231629112e-03
3.0000000000000027e-03 -1.1999999999999997e-02 4.0000000000000001e-03  1.3735351152380515e-03
3.0000000000000027e-03 -8.9999999999999941e-03 4.0000000000000001e-03  1.3690289489235090e-03
3.0000000000000027e-03 -5.9999999999999984e-03 4.0000000000000001e-03  1.3671050887362956e-03
3.0000000000000027e-03 -2.9999999999999957e-03 4.0000000000000001e-03  1.3669510703050423e-03
3.0000000000000027e-03 0.0000000000000000e+00 4.0000000000000001e-03  1.3685685229271251e-03
3.0000000000000027e-03 3.0000000000000027e-03 4.0000000000000001e-03  1.3748722443767555e-03
3.0000000000000027e-03 6.0000000000000053e-03 4.0000000000000001e-03  1.3841237584167629e-03
3.0000000000000027e-03 9.0000000000000011e-03 4.0000000000000001e-03  1.3946549867350593e-03
3.0000000000000027e-03 1.2000000000000004e-02 4.0000000000000001e-03  1.4064667275173485e-03
3.0000000000000027e-03 1.4999999999999999e-02 4.0000000000000001e-03  1.4167927983003193e-03
3.0000000000000027e-03 1.8000000000000002e-02 4.0000000000000001e-03  1.4333437509937313e-03
3.0000000000000027e-03 2.1000000000000005e-02 4.0000000000000001e-03  1.4518476292503545e-03
3.0000000000000027e-03 2.4000000000000007e-02 4.0000000000000001e-03  1.4703142791830156e-03
3.0000000000000027e-03 2.7000000000000010e-02 4.0000000000000001e-03  1.4982547928529104e-03
3.0000000000000027e-03 2.9999999999999999e-02 4.0000000000000001e-03  1.5365757132278723e-03
3.0000000000000027e-03 3.3000000000000002e-02 4.0000000000000001e-03  1.5729107608003670e-03
3.0000000000000027e-03 3.6000000000000004e-02 4.0000000000000001e-03  1.6201912160996516e-03
3.0000000000000027e-03 3.9000000000000007e-02 4.0000000000000001e-03  1.6853224134989755e-03
3.0000000000000027e-03 4.2000000000000010e-02 4.0000000000000001e-03  1.7696824553814351e-03
3.0000000000000027e-03 4.4999999999999998e-02 4.0000000000000001e-03  1.8730131254583553e-03
6.0000000000000053e-03 -4.4999999999999998e-02 4.0000000000000001e-03  1.9141003349235650e-03
6.0000000000000053e-03 -4.1999999999999996e-02 4.0000000000000001e-03  1.7482779095545679e-03
6.0000000000000053e-03 -3.9000000000000000e-02 4.0000000000000001e-03  1.6301235522070679e-03
6.0000000000000053e-03 -3.5999999999999997e-02 4.0000000000000001e-03  1.5915565219521502e-03
6.0000000000000053e-03 -3.3000000000000002e-02 4.0000000000000001e-03  1.5548798343760605e-03
6.0000000000000053e-03 -2.9999999999999999e-02 4.0000000000000001e-03  1.5200873237922099e-03
6.0000000000000053e-03 -2.6999999999999996e-02 4.0000000000000001e-03  1.4871759006095141e-03
6.0000000000000053e-03 -2.3999999999999997e-02 4.0000000000000001e-03  1.4561455513324025e-03
6.0000000000000053e-03 -2.0999999999999998e-02 4.0000000000000001e-03  1.4269993385608271e-03
6.0000000000000053e-03 -1.7999999999999999e-02 4.0000000000000001e-03  1.3997434009902459e-03
6.0000000000000053e-03 -1.4999999999999999e-02 4.0000000000000001e-03  1.3819713786034796e-03
6.0000000000000053e-03 -1.1999999999999997e-02 4.0000000000000001e-03  1.3758480288300124e-03
6.0000000000000053e-03 -8.9999999999999941e-03 4.0000000000000001e-03  1.3713570305850923e-03
6.0000000000000053e-03 -5.9999999999999984e-03 4.0000000000000001e-03  1.3700082218993503e-03
6.0000000000000053e-03 -2.9999999999999957e-03 4.0000000000000001e-03  1.3704321939883401e-03
6.0000000000000053e-03 0.0000000000000000e+00 4.0000000000000001e-03  1.3760601239360363e-03
6.0000000000000053e-03 3.0000000000000027e-03 4.0000000000000001e-03  1.3844748716040607e-03
6.0000000000000053e-03 6.0000000000000053e-03 4.0000000000000001e-03  1.3941678588643225e-03
6.0000000000000053e-03 9.0000000000000011e-03 4.0000000000000001e-03  1.4051382572299782e-03
6.0000000000000053e-03 1.2000000000000004e-02 4.0000000000000001e-03  1.4151313415042323e-03
6.0000000000000053e-03 1.4999999999999999e-02 4.0000000000000001e-03  1.4250922871544725e-03
6.0000000000000053e-03 1.8000000000000002e-02 4.0000000000000001e-03  1.4440736332578801e-03
6.0000000000000053e-03 2.1000000000000005e-02 4.0000000000000001e-03  1.4642713905530518e-03
6.0000000000000053e-03 2.4000000000000007e-02 4.0000000000000001e-03  1.4826569499476786e-03
6.0000000000000053e-03 2.7000000000000010e-02 4.0000000000000001e-03  1.5053200964840121e-03
6.0000000000000053e-03 2.9999999999999999e-02 4.0000000000000001e-03  1.5423530599723463e-03
6.0000000000000053e-03 3.3000000000000002e-02 4.0000000000000001e-03  1.5800700685461369e-03
6.0000000000000053e-03 3.6000000000000004e-02 4.0000000000000001e-03  1.6246488319349970e-03
6.0000000000000053e-03 3.9000000000000007e-02 4.0000000000000001e-03  1.6872541254465223e-03
6.0000000000000053e-03 4.2000000000000010e-02 4.0000000000000001e-03  1.7650394332003930e-03
6.0000000000000053e-03 4.4999999999999998e-02 4.0000000000000001e-03  1.8502228499431830e-03
9.0000000000000011e-03 -4.4999999999999998e-02 4.0000000000000001e-03  1.9222755859357719e-03
9.0000000000000011e-03 -4.1999999999999996e-02 4.0000000000000001e-03  1.7537189074096576e-03
9.0000000000000011e-03 -3.9000000000000000e-02 4.0000000000000001e-03  1.6469888240768420e-03
9.0000000000000011e-03 -3.5999999999999997e-02 4.0000000000000001e-03  1.6031268291445766e-03
9.0000000000000011e-03 -3.3000000000000002e-02 4.0000000000000001e-03  1.5686811731141939e-03
9.0000000000000011e-03 -2.9999999999999999e-02 4.0000000000000001e-03  1.5354016755707259e-03
9.0000000000000011e-03 -2.6999999999999996e-02 4.0000000000000001e-03  1.5024290338027182e-03
9.0000000000000011e-03 -2.3999999999999997e-02 4.0000000000000001e-03  1.4691613982464741e-03
9.0000000000000011e-03 -2.0999999999999998e-02 4.0000000000000001e-03  1.4377866175669281e-03
9.0000000000000011e-03 -1.7999999999999999e-02 4.0000000000000001e-03  1.4083073431293521e-03
9.0000000000000011e-03 -1.4999999999999999e-02 4.0000000000000001e-03  1.3842285640621632e-03
9.0000000000000011e-03 -1.1999999999999997e-02 4.0000000000000001e-03  1.3786394316489664e-03
9.0000000000000011e-03 -8.9999999999999941e-03 4.0000000000000001e-03  1.3740919599606373e-03
9.0000000000000011e-03 -5.9999999999999984e-03 4.0000000000000001e-03  1.3733208170309582e-03
9.0000000000000011e-03 -2.9999999999999957e-03 4.0000000000000001e-03  1.3783169240669350e-03
9.0000000000000011e-03 0.0000000000000000e+00 4.0000000000000001e-03  1.3858987129772456e-03
9.0000000000000011e-03 3.0000000000000027e-03 4.0000000000000001e-03  1.3947582382198385e-03
9.0000000000000011e-03 6.0000000000000053e-03 4.0000000000000001e-03  1.4048930446353225e-03
9.0000000000000011e-03 9.0000000000000011e-03 4.0000000000000001e-03  1.4146754837276640e-03
9.0000000000000011e-03 1.2000000000000004e-02 4.0000000000000001e-03  1.4248151930024394e-03
9.0000000000000011e-03 1.4999999999999999e-02 4.0000000000000001e-03  1.4357245978716320e-03
9.0000000000000011e-03 1.8000000000000002e-02 4.0000000000000001e-03  1.4563433479339739e-03
9.0000000000000011e-03 2.1000000000000005e-02 4.0000000000000001e-03  1.4776204348170275e-03
9.0000000000000011e-03 2.4000000000000007e-02 4.0000000000000001e-03  1.4959206890736067e-03
9.0000000000000011e-03 2.7000000000000010e-02 4.0000000000000001e-03  1.5157602538602420e-03
9.0000000000000011e-03 2.9999999999999999e-02 4.0000000000000001e-03  1.5497121556418171e-03
9.0000000000000011e-03 3.3000000000000002e-02 4.0000000000000001e-03  1.5891426494275068e-03
9.0000000000000011e-03 3.6000000000000004e-02 4.0000000000000001e-03  1.6424956684960381e-03
9.0000000000000011e-03 3.9000000000000007e-02 4.0000000000000001e-03  1.7012764802412936e-03
9.0000000000000011e-03 4.2000000000000010e-02 4.0000000000000001e-03  1.7663410160742939e-03
9.0000000000000011e-03 4.4999999999999998e-02 4.0000000000000001e-03  1.8484842451896768e-03
1.2000000000000004e-02 -4.4999999999999998e-02 4.0000000000000001e-03  1.9251214553075015e-03
1.2000000000000004e-02 -4.1999999999999996e-02 4.0000000000000001e-03  1.7720021691986869e-03
1.2000000000000004e-02 -3.9000000000000000e-02 4.0000000000000001e-03  1.6679145878030037e-03
1.2000000000000004e-02 -3.5999999999999997e-02 4.0000000000000001e-03  1.6111301852120561e-03
1.2000000000000004e-02 -3.3000000000000002e-02 4.0000000000000001e-03  1.5759540777154878e-03
1.2000000000000004e-02 -2.9999999999999999e-02 4.0000000000000001e-03  1.5419501957786750e-03
1.2000000000000004e-02 -2.6999999999999996e-02 4.0000000000000001e-03  1.5091170776762154e-03
1.2000000000000004e-02 -2.3999999999999997e-02 4.0000000000000001e-03  1.4774578349439208e-03
1.2000000000000004e-02 -2.0999999999999998e-02 4.0000000000000001e-03  1.4469801523788420e-03
1.2000000000000004e-02 -1.7999999999999999e-02 4.0000000000000001e-03  1.4176962880392411e-03
1.2000000000000004e-02 -1.4999999999999999e-02 4.0000000000000001e-03  1.3888880151128459e-03
1.2000000000000004e-02 -1.1999999999999997e-02 4.0000000000000001e-03  1.3819182960537607e-03
1.2000000000000004e-02 -8.9999999999999941e-03 4.0000000000000001e-03  1.3777608924205832e-03
1.2000000000000004e-02 -5.9999999999999984e-03 4.0000000000000001e-03  1.3816447185281218e-03
1.2000000000000004e-02 -2.9999999999999957e-03 4.0000000000000001e-03  1.3883980021483155e-03
1.2000000000000004e-02 0.0000000000000000e+00 4.0000000000000001e-03  1.3964294902669232e-03
1.2000000000000004e-02 3.0000000000000027e-03 4.0000000000000001e-03  1.4057351010520183e-03
1.2000000000000004e-02 6.0000000000000053e-03 4.0000000000000001e-03  1.4154286162035433e-03
1.2000000000000004e-02 9.0000000000000011e-03 4.0000000000000001e-03  1.4257497869218621e-03
1.2000000000000004e-02 1.2000000000000004e-02 4.0000000000000001e-03  1.4368342024373372e-03
1.2000000000000004e-02 1.4999999999999999e-02 4.0000000000000001e-03  1.4497222520344058e-03
1.2000000000000004e-02 1.8000000000000002e-02 4.0000000000000001e-03  1.4701555343769176e-03
1.2000000000000004e-02 2.1000000000000005e-02 4.0000000000000001e-03  1.4913129085483440e-03
1.2000000000000004e-02 2.4000000000000007e-02 4.0000000000000001e-03  1.5101156924485167e-03
1.2000000000000004e-02 2.7000000000000010e-02 4.0000000000000001e-03  1.5315547343714932e-03
1.2000000000000004e-02 2.9999999999999999e-02 4.0000000000000001e-03  1.5647937009441368e-03
1.2000000000000004e-02 3.3000000000000002e-02 4.0000000000000001e-03  1.6163429330433704e-03
1.2000000000000004e-02 3.6000000000000004e-02 4.0000000000000001e-03  1.6690595755790775e-03
1.2000000000000004e-02 3.9000000000000007e-02 4.0000000000000001e-03  1.7229363186278645e-03
1.2000000000000004e-02 4.2000000000000010e-02 4.0000000000000001e-03  1.7774543464839148e-03
1.2000000000000004e-02 4.4999999999999998e-02 4.0000000000000001e-03  1.8675019833737699e-03
1.4999999999999999e-02 -4.4999999999999998e-02 4.0000000000000001e-03  1.9348457011823289e-03
1.4999999999999999e-02 -4.1999999999999996e-02 4.0000000000000001e-03  1.7905501587807658e-03
1.4999999999999999e-02 -3.9000000000000000e-02 4.0000000000000001e-03  1.6858865448769723e-03
1.4999999999999999e-02 -3.5999999999999997e-02 4.0000000000000001e-03  1.6198143979049373e-03
1.4999999999999999e-02 -3.3000000000000002e-02 4.0000000000000001e-03  1.5838963921116049e-03
1.4999999999999999e-02 -2.9999999999999999e-02 4.0000000000000001e-03  1.5491591682920114e-03
1.4999999999999999e-02 -2.6999999999999996e-02 4.0000000000000001e-03  1.5155969231926442e-03
1.4999999999999999e-02 -2.3999999999999997e-02 4.0000000000000001e-03  1.4832084268212211e-03
1.4999999999999999e-02 -2.0999999999999998e-02 4.0000000000000001e-03  1.4519970224466877e-03
1.4999999999999999e-02 -1.7999999999999999e-02 4.0000000000000001e-03  1.4250863485271580e-03
1.4999999999999999e-02 -1.4999999999999999e-02 4.0000000000000001e-03  1.4029928534545484e-03
1.4999999999999999e-02 -1.1999999999999997e-02 4.0000000000000001e-03  1.3983757331437984e-03
1.4999999999999999e-02 -8.9999999999999941e-03 4.0000000000000001e-03  1.3955801506692633e-03
1.4999999999999999e-02 -5.9999999999999984e-03 4.0000000000000001e-03  1.3959922612374865e-03
1.4999999999999999e-02 -2.9999999999999957e-03 4.0000000000000001e-03  1.3991864015509075e-03
1.4999999999999999e-02 0.0000000000000000e+00 4.0000000000000001e-03  1.4076698588787111e-03
1.4999999999999999e-02 3.0000000000000027e-03 4.0000000000000001e-03  1.4173953904316960e-03
1.4999999999999999e-02 6.0000000000000053e-03 4.0000000000000001e-03  1.4279005706399010e-03
1.4999999999999999e-02 9.0000000000000011e-03 4.0000000000000001e-03  1.4391624973284418e-03
1.4999999999999999e-02 1.2000000000000004e-02 4.0000000000000001e-03  1.4511877622585562e-03
1.4999999999999999e-02 1.4999999999999999e-02 4.0000000000000001e-03  1.4660193958986397e-03
1.4999999999999999e-02 1.8000000000000002e-02 4.0000000000000001e-03  1.4855136898465416e-03
1.4999999999999999e-02 2.1000000000000005e-02 4.0000000000000001e-03  1.5057367880766436e-03
1.4999999999999999e-02 2.4000000000000007e-02 4.0000000000000001e-03  1.5285725740052662e-03
1.4999999999999999e-02 2.7000000000000010e-02 4.0000000000000001e-03  1.5547588823513513e-03
1.4999999999999999e-02 2.9999999999999999e-02 4.0000000000000001e-03  1.5894871271370029e-03
1.4999999999999999e-02 3.3000000000000002e-02 4.0000000000000001e-03  1.6367191305389167e-03
1.4999999999999999e-02 3.6000000000000004e-02 4.0000000000000001e-03  1.6861632381732061e-03
1.4999999999999999e-02 3.9000000000000007e-02 4.0000000000000001e-03  1.7367712204075902e-03
1.4999999999999999e-02 4.2000000000000010e-02 4.0000000000000001e-03  1.8008696377646996e-03
1.4999999999999999e-02 4.4999999999999998e-02 4.0000000000000001e-03  1.8876299830648906e-03
1.8000000000000002e-02 -4.4999999999999998e-02 4.0000000000000001e-03  1.9530476395991281e-03
1.8000000000000002e-02 -4.1999999999999996e-02 4.0000000000000001e-03  1.8066188322595714e-03
1.8000000000000002e-02 -3.9000000000000000e-02 4.0000000000000001e-03  1.7010111884867762e-03
1.8000000000000002e-02 -3.5999999999999997e-02 4.0000000000000001e-03  1.6308476929803581e-03
1.8000000000000002e-02 -3.3000000000000002e-02 4.0000000000000001e-03  1.5924985325921003e-03
1.8000000000000002e-02 -2.9999999999999999e-02 4.0000000000000001e-03  1.5570206865305797e-03
1.8000000000000002e-02 -2.6999999999999996e-02 4.0000000000000001e-03  1.5227245234163021e-03
1.8000000000000002e-02 -2.3999999999999997e-02 4.0000000000000001e-03  1.4926682702874363e-03
1.8000000000000002e-02 -2.0999999999999998e-02 4.0000000000000001e-03  1.4691316335055831e-03
1.8000000000000002e-02 -1.7999999999999999e-02 4.0000000000000001e-03  1.4433328944954778e-03
1.8000000000000002e-02 -1.4999999999999999e-02 4.0000000000000001e-03  1.4239073641406212e-03
1.8000000000000002e-02 -1.1999999999999997e-02 4.0000000000000001e-03  1.4179533025290940e-03
1.8000000000000002e-02 -8.9999999999999941e-03 4.0000000000000001e-03  1.4158271240039869e-03
1.8000000000000002e-02 -5.9999999999999984e-03 4.0000000000000001e-03  1.4157481654510646e-03
1.8000000000000002e-02 -2.9999999999999957e-03 4.0000000000000001e-03  1.4163492513708205e-03
1.8000000000000002e-02 0.0000000000000000e+00 4.0000000000000001e-03  1.4170925093948870e-03
1.8000000000000002e-02 3.0000000000000027e-03 4.0000000000000001e-03  1.4300236233406756e-03
1.8000000000000002e-02 6.0000000000000053e-03 4.0000000000000001e-03  1.4427150947663447e-03
1.8000000000000002e-02 9.0000000000000011e-03 4.0000000000000001e-03  1.4549129281481764e-03
1.8000000000000002e-02 1.2000000000000004e-02 4.0000000000000001e-03  1.4678776821286012e-03
1.8000000000000002e-02 1.4999999999999999e-02 4.0000000000000001e-03  1.4838626425676671e-03
1.8000000000000002e-02 1.8000000000000002e-02 4.0000000000000001e-03  1.5032335098868286e-03
1.8000000000000002e-02 2.1000000000000005e-02 4.0000000000000001e-03  1.5305094993521540e-03
1.8000000000000002e-02 2.4000000000000007e-02 4.0000000000000001e-03  1.5604874427550546e-03
1.8000000000000002e-02 2.7000000000000010e-02 4.0000000000000001e-03  1.5859958089142351e-03
1.8000000000000002e-02 2.9999999999999999e-02 4.0000000000000001e-03  1.6153130699727996e-03
1.8000000000000002e-02 3.3000000000000002e-02 4.0000000000000001e-03  1.6595746704283348e-03
1.8000000000000002e-02 3.6000000000000004e-02 4.0000000000000001e-03  1.7019384813039865e-03
1.8000000000000002e-02 3.9000000000000007e-02 4.0000000000000001e-03  1.7479276020158604e-03
1.8000000000000002e-02 4.2000000000000010e-02 4.0000000000000001e-03  1.8203545735795054e-03
1.8000000000000002e-02 4.4999999999999998e-02 4.0000000000000001e-03  1.9097158835994753e-03
2.1000000000000005e-02 -4.4999999999999998e-02 4.0000000000000001e-03  1.9642431995123984e-03
2.1000000000000005e-02 -4.1999999999999996e-02 4.0000000000000001e-03  1.8213520140727192e-03
2.1000000000000005e-02 -3.9000000000000000e-02 4.0000000000000001e-03  1.7134089633708263e-03
2.1000000000000005e-02 -3.5999999999999997e-02 4.0000000000000001e-03  1.6431862596914142e-03
2.1000000000000005e-02 -3.3000000000000002e-02 4.0000000000000001e-03  1.6017530913072283e-03
2.1000000000000005e-02 -2.9999999999999999e-02 4.0000000000000001e-03  1.5674526212489789e-03
2.1000000000000005e-02 -2.6999999999999996e-02 4.0000000000000001e-03  1.5446421646734606e-03
2.1000000000000005e-02 -2.3999999999999997e-02 4.0000000000000001e-03  1.5195597766131973e-03
2.1000000000000005e-02 -2.0999999999999998e-02 4.0000000000000001e-03  1.4922419883127923e-03
2.1000000000000005e-02 -1.7999999999999999e-02 4.0000000000000001e-03  1.4627360828462681e-03
2.1000000000000005e-02 -1.4999999999999999e-02 4.0000000000000001e-03  1.4456057367689731e-03
2.1000000000000005e-02 -1.1999999999999997e-02 4.0000000000000001e-03  1.4392837313992330e-03
2.1000000000000005e-02 -8.9999999999999941e-03 4.0000000000000001e-03  1.4379185058339995e-03
2.1000000000000005e-02 -5.9999999999999984e-03 4.0000000000000001e-03  1.4332106593363517e-03
2.1000000000000005e-02 -2.9999999999999957e-03 4.0000000000000001e-03  1.4314225238212198e-03
2.1000000000000005e-02 0.0000000000000000e+00 4.0000000000000001e-03  1.4360240779915064e-03
2.1000000000000005e-02 3.0000000000000027e-03 4.0000000000000001e-03  1.4432036144151714e-03
2.1000000000000005e-02 6.0000000000000053e-03 4.0000000000000001e-03  1.4531131615520738e-03
2.1000000000000005e-02 9.0000000000000011e-03 4.0000000000000001e-03  1.4668308039083098e-03
2.1000000000000005e-02 1.2000000000000004e-02 4.0000000000000001e-03  1.4843751438121985e-03
2.1000000000000005e-02 1.4999999999999999e-02 4.0000000000000001e-03  1.5045715891651367e-03
2.1000000000000005e-02 1.8000000000000002e-02 4.0000000000000001e-03  1.5287466096724916e-03
2.1000000000000005e-02 2.1000000000000005e-02 4.0000000000000001e-03  1.5590741096384948e-03
2.1000000000000005e-02 2.4000000000000007e-02 4.0000000000000001e-03  1.5938733434127858e-03
2.1000000000000005e-02 2.7000000000000010e-02 4.0000000000000001e-03  1.6186999703648587e-03
2.1000000000000005e-02 2.9999999999999999e-02 4.0000000000000001e-03  1.6443948329784523e-03
2.1000000000000005e-02 3.3000000000000002e-02 4.0000000000000001e-03  1.6852975689057195e-03
2.1000000000000005e-02 3.6000000000000004e-02 4.0000000000000001e-03  1.7252338376898466e-03
2.1000000000000005e-02 3.9000000000000007e-02 4.0000000000000001e-03  1.7790665105515795e-03
2.1000000000000005e-02 4.2000000000000010e-02 4.0000000000000001e-03  1.8403186869408524e-03
2.1000000000000005e-02 4.4999999999999998e-02 4.0000000000000001e-03  1.9257664480712231e-03
2.4000000000000007e-02 -4.4999999999999998e-02 4.0000000000000001e-03  1.9712668605451852e-03
2.4000000000000007e-02 -4.1999999999999996e-02 4.0000000000000001e-03  1.8425537793683503e-03
2.4000000000000007e-02 -3.9000000000000000e-02 4.0000000000000001e-03  1.7449533093857944e-03
2.4000000000000007e-02 -3.5999999999999997e-02 4.0000000000000001e-03  1.6742891987138429e-03
2.4000000000000007e-02 -3.3000000000000002e-02 4.0000000000000001e-03  1.6273955475853555e-03
2.4000000000000007e-02 -2.9999999999999999e-02 4.0000000000000001e-03  1.6029853721607297e-03
2.4000000000000007e-02 -2.6999999999999996e-02 4.0000000000000001e-03  1.5763435913953320e-03
2.4000000000000007e-02 -2.3999999999999997e-02 4.0000000000000001e-03  1.5475057325777903e-03
2.4000000000000007e-02 -2.0999999999999998e-02 4.0000000000000001e-03  1.5164902116640805e-03
2.4000000000000007e-02 -1.7999999999999999e-02 4.0000000000000001e-03  1.4877004295598096e-03
2.4000000000000007e-02 -1.4999999999999999e-02 4.0000000000000001e-03  1.4725548651426286e-03
2.4000000000000007e-02 -1.1999999999999997e-02 4.0000000000000001e-03  1.4625380007341302e-03
2.4000000000000007e-02 -8.9999999999999941e-03 4.0000000000000001e-03  1.4570826015414221e-03
2.4000000000000007e-02 -5.9999999999999984e-03 4.0000000000000001e-03  1.4533098283979683e-03
2.4000000000000007e-02 -2.9999999999999957e-03 4.0000000000000001e-03  1.4567591890793652e-03
2.4000000000000007e-02 0.0000000000000000e+00 4.0000000000000001e-03  1.4665986833212520e-03
2.4000000000000007e-02 3.0000000000000027e-03 4.0000000000000001e-03  1.4774187707752287e-03
2.4000000000000007e-02 6.0000000000000053e-03 4.0000000000000001e-03  1.4804703838734786e-03
2.4000000000000007e-02 9.0000000000000011e-03 4.0000000000000001e-03  1.4873303016787753e-03
2.4000000000000007e-02 1.2000000000000004e-02 4.0000000000000001e-03  1.4980247436609242e-03
2.4000000000000007e-02 1.4999999999999999e-02 4.0000000000000001e-03  1.5300202126982110e-03
2.4000000000000007e-02 1.8000000000000002e-02 4.0000000000000001e-03  1.5539717940658143e-03
2.4000000000000007e-02 2.1000000000000005e-02 4.0000000000000001e-03  1.5872948472741991e-03
2.4000000000000007e-02 2.4000000000000007e-02 4.0000000000000001e-03  1.6268001848509935e-03
2.4000000000000007e-02 2.7000000000000010e-02 4.0000000000000001e-03  1.6528706711732987e-03
2.4000000000000007e-02 2.9999999999999999e-02 4.0000000000000001e-03  1.6778687779646850e-03
2.4000000000000007e-02 3.3000000000000002e-02 4.0000000000000001e-03  1.7133476332903777e-03
2.4000000000000007e-02 3.6000000000000004e-02 4.0000000000000001e-03  1.7573949716651151e-03
2.4000000000000007e-02 3.9000000000000007e-02 4.0000000000000001e-03  1.8110586342912865e-03
2.4000000000000007e-02 4.2000000000000010e-02 4.0000000000000001e-03  1.8719293015095873e-03
2.4000000000000007e-02 4.4999999999999998e-02 4.0000000000000001e-03  1.9627400198779735e-03
2.7000000000000010e-02 -4.4999999999999998e-02 4.0000000000000001e-03  1.9983381664207532e-03
2.7000000000000010e-02 -4.1999999999999996e-02 4.0000000000000001e-03  1.8670111891195521e-03
2.7000000000000010e-02 -3.9000000000000000e-02 4.0000000000000001e-03  1.7837749636046886e-03
2.7000000000000010e-02 -3.5999999999999997e-02 4.0000000000000001e-03  1.7261145561321294e-03
2.7000000000000010e-02 -3.3000000000000002e-02 4.0000000000000001e-03  1.6689172506945194e-03
2.7000000000000010e-02 -2.9999999999999999e-02 4.0000000000000001e-03  1.6394970087036562e-03
2.7000000000000010e-02 -2.6999999999999996e-02 4.0000000000000001e-03  1.6089587135420273e-03
2.7000000000000010e-02 -2.3999999999999997e-02 4.0000000000000001e-03  1.5773699615511119e-03
2.7000000000000010e-02 -2.0999999999999998e-02 4.0000000000000001e-03  1.5511222898819679e-03
2.7000000000000010e-02 -1.7999999999999999e-02 4.0000000000000001e-03  1.5291391410953612e-03
2.7000000000000010e-02 -1.4999999999999999e-02 4.0000000000000001e-03  1.5096486457099267e-03
2.7000000000000010e-02 -1.1999999999999997e-02 4.0000000000000001e-03  1.4950584595300185e-03
2.7000000000000010e-02 -8.9999999999999941e-03 4.0000000000000001e-03  1.4880457598054717e-03
2.7000000000000010e-02 -5.9999999999999984e-03 4.0000000000000001e-03  1.4836612500740817e-03
2.7000000000000010e-02 -2.9999999999999957e-03 4.0000000000000001e-03  1.4923727039665002e-03
2.7000000000000010e-02 0.0000000000000000e+00 4.0000000000000001e-03  1.5074871590245007e-03
2.7000000000000010e-02 3.0000000000000027e-03 4.0000000000000001e-03  1.5290622630355017e-03
2.7000000000000010e-02 6.0000000000000053e-03 4.0000000000000001e-03  1.5289507325634180e-03
2.7000000000000010e-02 9.0000000000000011e-03 4.0000000000000001e-03  1.5289021889486206e-03
2.7000000000000010e-02 1.2000000000000004e-02 4.0000000000000001e-03  1.5633422754393641e-03
2.7000000000000010e-02 1.4999999999999999e-02 4.0000000000000001e-03  1.5667957650393289e-03
2.7000000000000010e-02 1.8000000000000002e-02 4.0000000000000001e-03  1.5926884013210559e-03
2.7000000000000010e-02 2.1000000000000005e-02 4.0000000000000001e-03  1.6232615316587764e-03
2.7000000000000010e-02 2.4000000000000007e-02 4.0000000000000001e-03  1.6577016576709114e-03
2.7000000000000010e-02 2.7000000000000010e-02 4.0000000000000001e-03  1.6885134700291070e-03
2.7000000000000010e-02 2.9999999999999999e-02 4.0000000000000001e-03  1.7128201031395885e-03
2.7000000000000010e-02 3.3000000000000002e-02 4.0000000000000001e-03  1.7448994320821620e-03
2.7000000000000010e-02 3.6000000000000004e-02 4.0000000000000001e-03  1.7912725777336084e-03
2.7000000000000010e-02 3.9000000000000007e-02 4.0000000000000001e-03  1.8420043729552814e-03
2.7000000000000010e-02 4.2000000000000010e-02 4.0000000000000001e-03  1.9117143144766814e-03
2.7000000000000010e-02 4.4999999999999998e-02 4.0000000000000001e-03  1.9991263304609207e-03
2.9999999999999999e-02 -4.4999999999999998e-02 4.0000000000000001e-03  2.0418185317518287e-03
2.9999999999999999e-02 -4.1999999999999996e-02 4.0000000000000001e-03  1.8993885377748356e-03
2.9999999999999999e-02 -3.9000000000000000e-02 4.0000000000000001e-03  1.8262330874724985e-03
2.9999999999999999e-02 -3.5999999999999997e-02 4.0000000000000001e-03  1.7769031814412579e-03
2.9999999999999999e-02 -3.3000000000000002e-02 4.0000000000000001e-03  1.7154334340437267e-03
2.9999999999999999e-02 -2.9999999999999999e-02 4.0000000000000001e-03  1.6751251746420900e-03
2.9999999999999999e-02 -2.6999999999999996e-02 4.0000000000000001e-03  1.6460005523940943e-03
2.9999999999999999e-02 -2.3999999999999997e-02 4.0000000000000001e-03  1.6222899641660372e-03
2.9999999999999999e-02 -2.0999999999999998e-02 4.0000000000000001e-03  1.6039757923786246e-03
2.9999999999999999e-02 -1.7999999999999999e-02 4.0000000000000001e-03  1.5808107563316275e-03
2.9999999999999999e-02 -1.4999999999999999e-02 4.0000000000000001e-03  1.5566264404264019e-03
2.9999999999999999e-02 -1.1999999999999997e-02 4.0000000000000001e-03  1.5374609298519802e-03
2.9999999999999999e-02 -8.9999999999999941e-03 4.0000000000000001e-03  1.5339596724696716e-03
2.9999999999999999e-02 -5.9999999999999984e-03 4.0000000000000001e-03  1.5306352303975357e-03
2.9999999999999999e-02 -2.9999999999999957e-03 4.0000000000000001e-03  1.5382733408592431e-03
2.9999999999999999e-02 0.0000000000000000e+00 4.0000000000000001e-03  1.5586927948149506e-03
2.9999999999999999e-02 3.0000000000000027e-03 4.0000000000000001e-03  1.5856110986360583e-03
2.9999999999999999e-02 6.0000000000000053e-03 4.0000000000000001e-03  1.5986954582670465e-03
2.9999999999999999e-02 9.0000000000000011e-03 4.0000000000000001e-03  1.5916853419728474e-03
2.9999999999999999e-02 1.2000000000000004e-02 4.0000000000000001e-03  1.6153640799901937e-03
2.9999999999999999e-02 1.4999999999999999e-02 4.0000000000000001e-03  1.6214884382614999e-03
2.9999999999999999e-02 1.8000000000000002e-02 4.0000000000000001e-03  1.6359846788520269e-03
2.9999999999999999e-02 2.1000000000000005e-02 4.0000000000000001e-03  1.6741880499844793e-03
2.9999999999999999e-02 2.4000000000000007e-02 4.0000000000000001e-03  1.7112142197875393e-03
2.9999999999999999e-02 2.7000000000000010e-02 4.0000000000000001e-03  1.7261513549485449e-03
2.9999999999999999e-02 2.9999999999999999e-02 4.0000000000000001e-03  1.7411234781490902e-03
2.9999999999999999e-02 3.3000000000000002e-02 4.0000000000000001e-03  1.7845919681920782e-03
2.9999999999999999e-02 3.6000000000000004e-02 4.0000000000000001e-03  1.8293368223609439e-03
2.9999999999999999e-02 3.9000000000000007e-02 4.0000000000000001e-03  1.8772193552690122e-03
2.9999999999999999e-02 4.2000000000000010e-02 4.0000000000000001e-03  1.9512053032643233e-03
2.9999999999999999e-02 4.4999999999999998e-02 4.0000000000000001e-03  2.0382539104996404e-03
3.3000000000000002e-02 -4.4999999999999998e-02 4.0000000000000001e-03  2.0966362408953837e-03
3.3000000000000002e-02 -4.1999999999999996e-02 4.0000000000000001e-03  1.9461070538478898e-03
3.3000000000000002e-02 -3.9000000000000000e-02 4.0000000000000001e-03  1.8521012557547363e-03
3.3000000000000002e-02 -3.5999999999999997e-02 4.0000000000000001e-03  1.7753150112008779e-03
3.3000000000000002e-02 -3.3000000000000002e-02 4.0000000000000001e-03  1.7335887683790055e-03
3.3000000000000002e-02 -2.9999999999999999e-02 4.0000000000000001e-03  1.7251625924398707e-03
3.3000000000000002e-02 -2.6999999999999996e-02 4.0000000000000001e-03  1.7011850960766339e-03
3.3000000000000002e-02 -2.3999999999999997e-02 4.0000000000000001e-03  1.6854669284999439e-03
3.3000000000000002e-02 -2.0999999999999998e-02 4.0000000000000001e-03  1.6752053560028467e-03
3.3000000000000002e-02 -1.7999999999999999e-02 4.0000000000000001e-03  1.6423849370716934e-03
3.3000000000000002e-02 -1.4999999999999999e-02 4.0000000000000001e-03  1.6134859548061849e-03
3.3000000000000002e-02 -1.1999999999999997e-02 4.0000000000000001e-03  1.5931475433234909e-03
3.3000000000000002e-02 -8.9999999999999941e-03 4.0000000000000001e-03  1.5948600890098544e-03
3.3000000000000002e-02 -5.9999999999999984e-03 4.0000000000000001e-03  1.5933427491091590e-03
3.3000000000000002e-02 -2.9999999999999957e-03 4.0000000000000001e-03  1.5944681876895804e-03
3.3000000000000002e-02 0.0000000000000000e+00 4.0000000000000001e-03  1.6202156959616721e-03
3.3000000000000002e-02 3.0000000000000027e-03 4.0000000000000001e-03  1.6525126787415823e-03
3.3000000000000002e-02 6.0000000000000053e-03 4.0000000000000001e-03  1.6898595966468417e-03
3.3000000000000002e-02 9.0000000000000011e-03 4.0000000000000001e-03  1.6758324220237683e-03
3.3000000000000002e-02 1.2000000000000004e-02 4.0000000000000001e-03  1.6795149515532661e-03
3.3000000000000002e-02 1.4999999999999999e-02 4.0000000000000001e-03  1.6878757471361723e-03
3.3000000000000002e-02 1.8000000000000002e-02 4.0000000000000001e-03  1.6900132245508230e-03
3.3000000000000002e-02 2.1000000000000005e-02 4.0000000000000001e-03  1.7304403781361944e-03
3.3000000000000002e-02 2.4000000000000007e-02 4.0000000000000001e-03  1.7747878338123812e-03
3.3000000000000002e-02 2.7000000000000010e-02 4.0000000000000001e-03  1.7928829102166492e-03
3.3000000000000002e-02 2.9999999999999999e-02 4.0000000000000001e-03  1.7944089637478458e-03
3.3000000000000002e-02 3.3000000000000002e-02 4.0000000000000001e-03  1.8202068087101889e-03
3.3000000000000002e-02 3.6000000000000004e-02 4.0000000000000001e-03  1.8727834467455468e-03
3.3000000000000002e-02 3.9000000000000007e-02 4.0000000000000001e-03  1.9212614324449345e-03
3.3000000000000002e-02 4.2000000000000010e-02 4.0000000000000001e-03  1.9945710025676983e-03
3.3000000000000002e-02 4.4999999999999998e-02 4.0000000000000001e-03  2.0920310608306177e-03
3.6000000000000004e-02 -4.4999999999999998e-02 4.0000000000000001e-03  2.1631480173329252e-03
3.6000000000000004e-02 -4.1999999999999996e-02 4.0000000000000001e-03  1.9895353680517013e-03
3.6000000000000004e-02 -3.9000000000000000e-02 4.0000000000000001e-03  1.9061810718543973e-03
3.6000000000000004e-02 -3.5999999999999997e-02 4.0000000000000001e-03  1.8378437362981841e-03
3.6000000000000004e-02 -3.3000000000000002e-02 4.0000000000000001e-03  1.8236305967946546e-03
3.6000000000000004e-02 -2.9999999999999999e-02 4.0000000000000001e-03  1.7933400965074963e-03
3.6000000000000004e-02 -2.6999999999999996e-02 4.0000000000000001e-03  1.7746543029573477e-03
3.6000000000000004e-02 -2.3999999999999997e-02 4.0000000000000001e-03  1.7670604100767714e-03
3.6000000000000004e-02 -2.0999999999999998e-02 4.0000000000000001e-03  1.7527184025703628e-03
3.6000000000000004e-02 -1.7999999999999999e-02 4.0000000000000001e-03  1.7138486025784108e-03
3.6000000000000004e-02 -1.4999999999999999e-02 4.0000000000000001e-03  1.6802281613723311e-03
3.6000000000000004e-02 -1.1999999999999997e-02 4.0000000000000001e-03  1.6672539856709516e-03
3.6000000000000004e-02 -8.9999999999999941e-03 4.0000000000000001e-03  1.6707851855905559e-03
3.6000000000000004e-02 -5.9999999999999984e-03 4.0000000000000001e-03  1.6710790680885014e-03
3.6000000000000004e-02 -2.9999999999999957e-03 4.0000000000000001e-03  1.6681319412900617e-03
3.6000000000000004e-02 0.0000000000000000e+00 4.0000000000000001e-03  1.6920527832891036e-03
3.6000000000000004e-02 3.0000000000000027e-03 4.0000000000000001e-03  1.7297569415135915e-03
3.6000000000000004e-02 6.0000000000000053e-03 4.0000000000000001e-03  1.7741807284644921e-03
3.6000000000000004e-02 9.0000000000000011e-03 4.0000000000000001e-03  1.7815098753910072e-03
3.6000000000000004e-02 1.2000000000000004e-02 4.0000000000000001e-03  1.7563484680038935e-03
3.6000000000000004e-02 1.4999999999999999e-02 4.0000000000000001e-03  1.7667851935670483e-03
3.6000000000000004e-02 1.8000000000000002e-02 4.0000000000000001e-03  1.7712359652561603e-03
3.6000000000000004e-02 2.1000000000000005e-02 4.0000000000000001e-03  1.7938460997867726e-03
3.6000000000000004e-02 2.4000000000000007e-02 4.0000000000000001e-03  1.8444060834708702e-03
3.6000000000000004e-02 2.7000000000000010e-02 4.0000000000000001e-03  1.8644664961408092e-03
3.6000000000000004e-02 2.9999999999999999e-02 4.0000000000000001e-03  1.8748032346262906e-03
3.6000000000000004e-02 3.3000000000000002e-02 4.0000000000000001e-03  1.9023355077974475e-03
3.6000000000000004e-02 3.6000000000000004e-02 4.0000000000000001e-03  1.9333626005060330e-03
3.6000000000000004e-02 3.9000000000000007e-02 4.0000000000000001e-03  1.9752749996096923e-03
3.6000000000000004e-02 4.2000000000000010e-02 4.0000000000000001e-03  2.0437084699842633e-03
3.6000000000000004e-02 4.4999999999999998e-02 4.0000000000000001e-03  2.1441557347298200e-03
3.9000000000000007e-02 -4.4999999999999998e-02 4.0000000000000001e-03  2.2389064903250802e-03
3.9000000000000007e-02 -4.1999999999999996e-02 4.0000000000000001e-03  2.1112013897270424e-03
3.9000000000000007e-02 -3.9000000000000000e-02 4.0000000000000001e-03  2.0213972457443718e-03
3.9000000000000007e-02 -3.5999999999999997e-02 4.0000000000000001e-03  1.9995374151596571e-03
3.9000000000000007e-02 -3.3000000000000002e-02 4.0000000000000001e-03  1.9629901758938511e-03
3.9000000000000007e-02 -2.9999999999999999e-02 4.0000000000000001e-03  1.9108285783556972e-03
3.9000000000000007e-02 -2.6999999999999996e-02 4.0000000000000001e-03  1.8941987177833065e-03
3.9000000000000007e-02 -2.3999999999999997e-02 4.0000000000000001e-03  1.8672524802518387e-03
3.9000000000000007e-02 -2.0999999999999998e-02 4.0000000000000001e-03  1.8389734510735828e-03
3.9000000000000007e-02 -1.7999999999999999e-02 4.0000000000000001e-03  1.8001291146193981e-03
3.9000000000000007e-02 -1.4999999999999999e-02 4.0000000000000001e-03  1.8430054080239300e-03
3.9000000000000007e-02 -1.1999999999999997e-02 4.0000000000000001e-03  1.8546731041173099e-03
3.9000000000000007e-02 -8.9999999999999941e-03 4.0000000000000001e-03  1.8631030593782728e-03
3.9000000000000007e-02 -5.9999999999999984e-03 4.0000000000000001e-03  1.8594381802723671e-03
3.9000000000000007e-02 -2.9999999999999957e-03 4.0000000000000001e-03  1.8479334774895663e-03
3.9000000000000007e-02 0.0000000000000000e+00 4.0000000000000001e-03  1.8359417768400125e-03
3.9000000000000007e-02 3.0000000000000027e-03 4.0000000000000001e-03  1.8636959571289866e-03
3.9000000000000007e-02 6.0000000000000053e-03 4.0000000000000001e-03  1.8869987300818073e-03
3.9000000000000007e-02 9.0000000000000011e-03 4.0000000000000001e-03  1.9432357016775231e-03
3.9000000000000007e-02 1.2000000000000004e-02 4.0000000000000001e-03  1.8468084023936283e-03
3.9000000000000007e-02 1.4999999999999999e-02 4.0000000000000001e-03  1.8591060407480984e-03
3.9000000000000007e-02 1.8000000000000002e-02 4.0000000000000001e-03  1.8657195313574724e-03
3.9000000000000007e-02 2.1000000000000005e-02 4.0000000000000001e-03  1.8667180590200662e-03
3.9000000000000007e-02 2.4000000000000007e-02 4.0000000000000001e-03  1.9218817721296038e-03
3.9000000000000007e-02 2.7000000000000010e-02 4.0000000000000001e-03  1.9424294125692868e-03
3.9000000000000007e-02 2.9999999999999999e-02 4.0000000000000001e-03  1.9600441227659157e-03
3.9000000000000007e-02 3.3000000000000002e-02 4.0000000000000001e-03  1.9856069116380238e-03
3.9000000000000007e-02 3.6000000000000004e-02 4.0000000000000001e-03  2.0263568643425329e-03
3.9000000000000007e-02 3.9000000000000007e-02 4.0000000000000001e-03  2.0740859452828032e-03
3.9000000000000007e-02 4.2000000000000010e-02 4.0000000000000001e-03  2.1264153214152252e-03
3.9000000000000007e-02 4.4999999999999998e-02 4.0000000000000001e-03  2.1966057478446390e-03
4.2000000000000010e-02 -4.4999999999999998e-02 4.0000000000000001e-03  2.3910846621776629e-03
4.2000000000000010e-02 -4.1999999999999996e-02 4.0000000000000001e-03  2.3064650528583494e-03
4.2000000000000010e-02 -3.9000000000000000e-02 4.0000000000000001e-03  2.2570031915308667e-03
4.2000000000000010e-02 -3.5999999999999997e-02 4.0000000000000001e-03  2.2126771935425792e-03
4.2000000000000010e-02 -3.3000000000000002e-02 4.0000000000000001e-03  2.1539825918923017e-03
4.2000000000000010e-02 -2.9999999999999999e-02 4.0000000000000001e-03  2.0802070176078402e-03
4.2000000000000010e-02 -2.6999999999999996e-02 4.0000000000000001e-03  1.9910572445904595e-03
4.2000000000000010e-02 -2.3999999999999997e-02 4.0000000000000001e-03  1.9862477262118493e-03
4.2000000000000010e-02 -2.0999999999999998e-02 4.0000000000000001e-03  2.0159036231955810e-03
4.2000000000000010e-02 -1.7999999999999999e-02 4.0000000000000001e-03  1.9904223577357281e-03
4.2000000000000010e-02 -1.4999999999999999e-02 4.0000000000000001e-03  2.0110503943294865e-03
4.2000000000000010e-02 -1.1999999999999997e-02 4.0000000000000001e-03  2.0091147794620299e-03
4.2000000000000010e-02 -8.9999999999999941e-03 4.0000000000000001e-03  2.0010275024938858e-03
4.2000000000000010e-02 -5.9999999999999984e-03 4.0000000000000001e-03  1.9923989339603416e-03
4.2000000000000010e-02 -2.9999999999999957e-03 4.0000000000000001e-03  1.9832279190071249e-03
4.2000000000000010e-02 0.0000000000000000e+00 4.0000000000000001e-03  1.9735143722190386e-03
4.2000000000000010e-02 3.0000000000000027e-03 4.0000000000000001e-03  1.9632592776199845e-03
4.2000000000000010e-02 6.0000000000000053e-03 4.0000000000000001e-03  2.0271463468923795e-03
4.2000000000000010e-02 9.0000000000000011e-03 4.0000000000000001e-03  2.1140058369579244e-03
4.2000000000000010e-02 1.2000000000000004e-02 4.0000000000000001e-03  1.9519002890642874e-03
4.2000000000000010e-02 1.4999999999999999e-02 4.0000000000000001e-03  1.9657893131635683e-03
4.2000000000000010e-02 1.8000000000000002e-02 4.0000000000000001e-03  1.9743604374814301e-03
4.2000000000000010e-02 2.1000000000000005e-02 4.0000000000000001e-03  1.9776039802354159e-03
4.2000000000000010e-02 2.4000000000000007e-02 4.0000000000000001e-03  2.0093827765909787e-03
4.2000000000000010e-02 2.7000000000000010e-02 4.0000000000000001e-03  2.0290272567224333e-03
4.2000000000000010e-02 2.9999999999999999e-02 4.0000000000000001e-03  2.0496203858752478e-03
4.2000000000000010e-02 3.3000000000000002e-02 4.0000000000000001e-03  2.0885354817919842e-03
4.2000000000000010e-02 3.6000000000000004e-02 4.0000000000000001e-03  2.1580640945459456e-03
4.2000000000000010e-02 3.9000000000000007e-02 4.0000000000000001e-03  2.2245392146677321e-03
4.2000000000000010e-02 4.2000000000000010e-02 4.0000000000000001e-03  2.2718833217831003e-03
4.2000000000000010e-02 4.4999999999999998e-02 4.0000000000000001e-03  2.2929544388684839e-03
4.4999999999999998e-02 -4.4999999999999998e-02 4.0000000000000001e-03  2.6702164432732046e-03
4.4999999999999998e-02 -4.1999999999999996e-02 4.0000000000000001e-03  2.5991719411457858e-03
4.4999999999999998e-02 -3.9000000000000000e-02 4.0000000000000001e-03  2.5457529502102678e-03
4.4999999999999998e-02 -3.5999999999999997e-02 4.0000000000000001e-03  2.4792714749852897e-03
4.4999999999999998e-02 -3.3000000000000002e-02 4.0000000000000001e-03  2.3988105842443100e-03
4.4999999999999998e-02 -2.9999999999999999e-02 4.0000000000000001e-03  2.3038724896342223e-03
4.4999999999999998e-02 -2.6999999999999996e-02 4.0000000000000001e-03  2.1943785456753628e-03
4.4999999999999998e-02 -2.3999999999999997e-02 4.0000000000000001e-03  2.1742541620693814e-03
4.4999999999999998e-02 -2.0999999999999998e-02 4.0000000000000001e-03  2.0981443833595092e-03
4.4999999999999998e-02 -1.7999999999999999e-02 4.0000000000000001e-03  2.0942364944005480e-03
4.4999999999999998e-02 -1.4999999999999999e-02 4.0000000000000001e-03  2.0897473414494671e-03
4.4999999999999998e-02 -1.1999999999999997e-02 4.0000000000000001e-03  2.0846698372764959e-03
4.4999999999999998e-02 -8.9999999999999941e-03 4.0000000000000001e-03  2.0789979640909624e-03
4.4999999999999998e-02 -5.9999999999999984e-03 4.0000000000000001e-03  2.0727267735412822e-03
4.4999999999999998e-02 -2.9999999999999957e-03 4.0000000000000001e-03  2.0658523867149686e-03
4.4999999999999998e-02 0.0000000000000000e+00 4.0000000000000001e-03  2.0583719941386068e-03
4.4999999999999998e-02 3.0000000000000027e-03 4.0000000000000001e-03  2.0502838557778886e-03
4.4999999999999998e-02 6.0000000000000053e-03 4.0000000000000001e-03  2.0415873010375916e-03
4.4999999999999998e-02 9.0000000000000011e-03 4.0000000000000001e-03  2.1244979266150676e-03
4.4999999999999998e-02 1.2000000000000004e-02 4.0000000000000001e-03  2.0726914236479663e-03
4.4999999999999998e-02 1.4999999999999999e-02 4.0000000000000001e-03  2.0878477965879843e-03
4.4999999999999998e-02 1.8000000000000002e-02 4.0000000000000001e-03  2.0981169595449809e-03
4.4999999999999998e-02 2.1000000000000005e-02 4.0000000000000001e-03  2.1034103641557377e-03
4.4999999999999998e-02 2.4000000000000007e-02 4.0000000000000001e-03  2.1094320470931827e-03
4.4999999999999998e-02 2.7000000000000010e-02 4.0000000000000001e-03  2.1290107105740481e-03
4.4999999999999998e-02 2.9999999999999999e-02 4.0000000000000001e-03  2.1883529643947526e-03
4.4999999999999998e-02 3.3000000000000002e-02 4.0000000000000001e-03  2.2856042829863085e-03
4.4999999999999998e-02 3.6000000000000004e-02 4.0000000000000001e-03  2.3598487254229855e-03
4.4999999999999998e-02 3.9000000000000007e-02 4.0000000000000001e-03  2.4115830010234696e-03
4.4999999999999998e-02 4.2000000000000010e-02 4.0000000000000001e-03  2.4248845953907467e-03
4.4999999999999998e-02 4.4999999999999998e-02 4.0000000000000001e-03  2.3987458494350512e-03
