Grid Output Min: [-45mm -45mm 4mm] Max: [45mm 45mm 4mm] Grid Size: [3mm 3mm 0mm]
X, Y, Z, Scalar data "Mag_B"
-4.4999999999999998e-02 -4.4999999999999998e-02 4.0000000000000001e-03  2.2770212378246091e-03
-4.4999999999999998e-02 -4.1999999999999996e-02 4.0000000000000001e-03  2.1472446734829257e-03
-4.4999999999999998e-02 -3.9000000000000000e-02 4.0000000000000001e-03  2.0880148174156244e-03
-4.4999999999999998e-02 -3.5999999999999997e-02 4.0000000000000001e-03  2.0272207389855647e-03
-4.4999999999999998e-02 -3.3000000000000002e-02 4.0000000000000001e-03  1.9700203195175420e-03
-4.4999999999999998e-02 -2.9999999999999999e-02 4.0000000000000001e-03  1.9369567184270562e-03
-4.4999999999999998e-02 -2.6999999999999996e-02 4.0000000000000001e-03  1.8756116431722571e-03
-4.4999999999999998e-02 -2.3999999999999997e-02 4.0000000000000001e-03  1.8688344849496039e-03
-4.4999999999999998e-02 -2.0999999999999998e-02 4.0000000000000001e-03  1.8456760535152021e-03
-4.4999999999999998e-02 -1.7999999999999999e-02 4.0000000000000001e-03  1.7927610195982724e-03
-4.4999999999999998e-02 -1.4999999999999999e-02 4.0000000000000001e-03  1.7568801987897882e-03
-4.4999999999999998e-02 -1.1999999999999997e-02 4.0000000000000001e-03  1.7510753269208291e-03
-4.4999999999999998e-02 -8.9999999999999941e-03 4.0000000000000001e-03  1.7739079370428085e-03
-4.4999999999999998e-02 -5.9999999999999984e-03 4.0000000000000001e-03  1.8108455113794999e-03
-4.4999999999999998e-02 -2.9999999999999957e-03 4.0000000000000001e-03  1.8393223598282100e-03
-4.4999999999999998e-02 0.0000000000000000e+00 4.0000000000000001e-03  1.8593354857663570e-03
-4.4999999999999998e-02 3.0000000000000027e-03 4.0000000000000001e-03  1.8708856872309621e-03
-4.4999999999999998e-02 6.0000000000000053e-03 4.0000000000000001e-03  1.8739775569186412e-03
-4.4999999999999998e-02 9.0000000000000011e-03 4.0000000000000001e-03  1.8686194821856132e-03
-4.4999999999999998e-02 1.2000000000000004e-02 4.0000000000000001e-03  1.8548236450476947e-03
-4.4999999999999998e-02 1.4999999999999999e-02 4.0000000000000001e-03  1.8332675941423544e-03
-4.4999999999999998e-02 1.8000000000000002e-02 4.0000000000000001e-03  1.8133889955020857e-03
-4.4999999999999998e-02 2.1000000000000005e-02 4.0000000000000001e-03  1.8152724325832250e-03
-4.4999999999999998e-02 2.4000000000000007e-02 4.0000000000000001e-03  1.8275396126823603e-03
-4.4999999999999998e-02 2.7000000000000010e-02 4.0000000000000001e-03  1.8539372945651613e-03
-4.4999999999999998e-02 2.9999999999999999e-02 4.0000000000000001e-03  1.8885125891424102e-03
-4.4999999999999998e-02 3.3000000000000002e-02 4.0000000000000001e-03  1.9367879267980347e-03
-4.4999999999999998e-02 3.6000000000000004e-02 4.0000000000000001e-03  2.0189849202706459e-03
-4.4999999999999998e-02 3.9000000000000007e-02 4.0000000000000001e-03  2.0863090491727546e-03
-4.4999999999999998e-02 4.2000000000000010e-02 4.0000000000000001e-03  2.1597220896765437e-03
-4.4999999999999998e-02 4.4999999999999998e-02 4.0000000000000001e-03  2.2442478380499784e-03
-4.1999999999999996e-02 -4.4999999999999998e-02 4.0000000000000001e-03  2.2144281089492685e-03
-4.1999999999999996e-02 -4.1999999999999996e-02 4.0000000000000001e-03  2.0574062117371360e-03
-4.1999999999999996e-02 -3.9000000000000000e-02 4.0000000000000001e-03  1.9748267236172510e-03
-4.1999999999999996e-02 -3.5999999999999997e-02 4.0000000000000001e-03  1.9059201875882236e-03
-4.1999999999999996e-02 -3.3000000000000002e-02 4.0000000000000001e-03  1.8462316429522395e-03
-4.1999999999999996e-02 -2.9999999999999999e-02 4.0000000000000001e-03  1.7887133498228536e-03
-4.1999999999999996e-02 -2.6999999999999996e-02 4.0000000000000001e-03  1.7594232680822766e-03
-4.1999999999999996e-02 -2.3999999999999997e-02 4.0000000000000001e-03  1.7540241655897705e-03
-4.1999999999999996e-02 -2.0999999999999998e-02 4.0000000000000001e-03  1.7182589993691611e-03
-4.1999999999999996e-02 -1.7999999999999999e-02 4.0000000000000001e-03  1.6801501252683415e-03
-4.1999999999999996e-02 -1.4999999999999999e-02 4.0000000000000001e-03  1.6649746973981506e-03
-4.1999999999999996e-02 -1.1999999999999997e-02 4.0000000000000001e-03  1.6562047788354151e-03
-4.1999999999999996e-02 -8.9999999999999941e-03 4.0000000000000001e-03  1.6660303334436247e-03
-4.1999999999999996e-02 -5.9999999999999984e-03 4.0000000000000001e-03  1.6954142161935113e-03
-4.1999999999999996e-02 -2.9999999999999957e-03 4.0000000000000001e-03  1.7202468107841531e-03
-4.1999999999999996e-02 0.0000000000000000e+00 4.0000000000000001e-03  1.7367085415304433e-03
-4.1999999999999996e-02 3.0000000000000027e-03 4.0000000000000001e-03  1.7448051179589669e-03
-4.1999999999999996e-02 6.0000000000000053e-03 4.0000000000000001e-03  1.7445460442559084e-03
-4.1999999999999996e-02 9.0000000000000011e-03 4.0000000000000001e-03  1.7359446192670490e-03
-4.1999999999999996e-02 1.2000000000000004e-02 4.0000000000000001e-03  1.7203158320311315e-03
-4.1999999999999996e-02 1.4999999999999999e-02 4.0000000000000001e-03  1.7063259214415137e-03
-4.1999999999999996e-02 1.8000000000000002e-02 4.0000000000000001e-03  1.6948960958602811e-03
-4.1999999999999996e-02 2.1000000000000005e-02 4.0000000000000001e-03  1.6972016934443661e-03
-4.1999999999999996e-02 2.4000000000000007e-02 4.0000000000000001e-03  1.7132851576061238e-03
-4.1999999999999996e-02 2.7000000000000010e-02 4.0000000000000001e-03  1.7416842412865585e-03
-4.1999999999999996e-02 2.9999999999999999e-02 4.0000000000000001e-03  1.7703111368209893e-03
-4.1999999999999996e-02 3.3000000000000002e-02 4.0000000000000001e-03  1.8075807586930516e-03
-4.1999999999999996e-02 3.6000000000000004e-02 4.0000000000000001e-03  1.8705054053347119e-03
-4.1999999999999996e-02 3.9000000000000007e-02 4.0000000000000001e-03  1.9526829510792738e-03
-4.1999999999999996e-02 4.2000000000000010e-02 4.0000000000000001e-03  2.0473523880520069e-03
-4.1999999999999996e-02 4.4999999999999998e-02 4.0000000000000001e-03  2.1314763022102830e-03
-3.9000000000000000e-02 -4.4999999999999998e-02 4.0000000000000001e-03  2.1396905436838502e-03
-3.9000000000000000e-02 -4.1999999999999996e-02 4.0000000000000001e-03  2.0003292368774243e-03
-3.9000000000000000e-02 -3.9000000000000000e-02 4.0000000000000001e-03  1.9136392745991897e-03
-3.9000000000000000e-02 -3.5999999999999997e-02 4.0000000000000001e-03  1.8431550878891673e-03
-3.9000000000000000e-02 -3.3000000000000002e-02 4.0000000000000001e-03  1.7900251028844559e-03
-3.9000000000000000e-02 -2.9999999999999999e-02 4.0000000000000001e-03  1.7442989337442963e-03
-3.9000000000000000e-02 -2.6999999999999996e-02 4.0000000000000001e-03  1.7017454990146447e-03
-3.9000000000000000e-02 -2.3999999999999997e-02 4.0000000000000001e-03  1.6666344897739056e-03
-3.9000000000000000e-02 -2.0999999999999998e-02 4.0000000000000001e-03  1.6321546553751307e-03
-3.9000000000000000e-02 -1.7999999999999999e-02 4.0000000000000001e-03  1.6109654589079876e-03
-3.9000000000000000e-02 -1.4999999999999999e-02 4.0000000000000001e-03  1.5940740153998856e-03
-3.9000000000000000e-02 -1.1999999999999997e-02 4.0000000000000001e-03  1.5825254664354649e-03
-3.9000000000000000e-02 -8.9999999999999941e-03 4.0000000000000001e-03  1.5823518185094840e-03
-3.9000000000000000e-02 -5.9999999999999984e-03 4.0000000000000001e-03  1.5989978221466429e-03
-3.9000000000000000e-02 -2.9999999999999957e-03 4.0000000000000001e-03  1.6203313758966869e-03
-3.9000000000000000e-02 0.0000000000000000e+00 4.0000000000000001e-03  1.6334019059109086e-03
-3.9000000000000000e-02 3.0000000000000027e-03 4.0000000000000001e-03  1.6382200332054570e-03
-3.9000000000000000e-02 6.0000000000000053e-03 4.0000000000000001e-03  1.6348001734560766e-03
-3.9000000000000000e-02 9.0000000000000011e-03 4.0000000000000001e-03  1.6242350308592727e-03
-3.9000000000000000e-02 1.2000000000000004e-02 4.0000000000000001e-03  1.6154610259145248e-03
-3.9000000000000000e-02 1.4999999999999999e-02 4.0000000000000001e-03  1.6086384667882330e-03
-3.9000000000000000e-02 1.8000000000000002e-02 4.0000000000000001e-03  1.6033572267564879e-03
-3.9000000000000000e-02 2.1000000000000005e-02 4.0000000000000001e-03  1.6080192636631391e-03
-3.9000000000000000e-02 2.4000000000000007e-02 4.0000000000000001e-03  1.6293405782941165e-03
-3.9000000000000000e-02 2.7000000000000010e-02 4.0000000000000001e-03  1.6508585204823688e-03
-3.9000000000000000e-02 2.9999999999999999e-02 4.0000000000000001e-03  1.6727617312455180e-03
-3.9000000000000000e-02 3.3000000000000002e-02 4.0000000000000001e-03  1.7060683054623874e-03
-3.9000000000000000e-02 3.6000000000000004e-02 4.0000000000000001e-03  1.7778430860257498e-03
-3.9000000000000000e-02 3.9000000000000007e-02 4.0000000000000001e-03  1.8599642849156366e-03
-3.9000000000000000e-02 4.2000000000000010e-02 4.0000000000000001e-03  1.9506150909624936e-03
-3.9000000000000000e-02 4.4999999999999998e-02 4.0000000000000001e-03  2.0354461282106290e-03
-3.5999999999999997e-02 -4.4999999999999998e-02 4.0000000000000001e-03  2.0830306493896736e-03
-3.5999999999999997e-02 -4.1999999999999996e-02 4.0000000000000001e-03  1.9423403532418803e-03
-3.5999999999999997e-02 -3.9000000000000000e-02 4.0000000000000001e-03  1.8350746864512172e-03
-3.5999999999999997e-02 -3.5999999999999997e-02 4.0000000000000001e-03  1.7852131132889105e-03
-3.5999999999999997e-02 -3.3000000000000002e-02 4.0000000000000001e-03  1.7172636574645213e-03
-3.5999999999999997e-02 -2.9999999999999999e-02 4.0000000000000001e-03  1.6694871951957976e-03
-3.5999999999999997e-02 -2.6999999999999996e-02 4.0000000000000001e-03  1.6354903002267650e-03
-3.5999999999999997e-02 -2.3999999999999997e-02 4.0000000000000001e-03  1.6098183632282646e-03
-3.5999999999999997e-02 -2.0999999999999998e-02 4.0000000000000001e-03  1.5836871053455865e-03
-3.5999999999999997e-02 -1.7999999999999999e-02 4.0000000000000001e-03  1.5614504702014826e-03
-3.5999999999999997e-02 -1.4999999999999999e-02 4.0000000000000001e-03  1.5432823920617659e-03
-3.5999999999999997e-02 -1.1999999999999997e-02 4.0000000000000001e-03  1.5291071956049019e-03
-3.5999999999999997e-02 -8.9999999999999941e-03 4.0000000000000001e-03  1.5192727651943420e-03
-3.5999999999999997e-02 -5.9999999999999984e-03 4.0000000000000001e-03  1.5207882118336903e-03
-3.5999999999999997e-02 -2.9999999999999957e-03 4.0000000000000001e-03  1.5387648886155670e-03
-3.5999999999999997e-02 0.0000000000000000e+00 4.0000000000000001e-03  1.5486013632124592e-03
-3.5999999999999997e-02 3.0000000000000027e-03 4.0000000000000001e-03  1.5503131681300852e-03
-3.5999999999999997e-02 6.0000000000000053e-03 4.0000000000000001e-03  1.5443257736860237e-03
-3.5999999999999997e-02 9.0000000000000011e-03 4.0000000000000001e-03  1.5401351502038487e-03
-3.5999999999999997e-02 1.2000000000000004e-02 4.0000000000000001e-03  1.5373667029029048e-03
-3.5999999999999997e-02 1.4999999999999999e-02 4.0000000000000001e-03  1.5357244696232266e-03
-3.5999999999999997e-02 1.8000000000000002e-02 4.0000000000000001e-03  1.5359555610626849e-03
-3.5999999999999997e-02 2.1000000000000005e-02 4.0000000000000001e-03  1.5508209903161597e-03
-3.5999999999999997e-02 2.4000000000000007e-02 4.0000000000000001e-03  1.5696257327624827e-03
-3.5999999999999997e-02 2.7000000000000010e-02 4.0000000000000001e-03  1.5952798923225217e-03
-3.5999999999999997e-02 2.9999999999999999e-02 4.0000000000000001e-03  1.6289821931371063e-03
-3.5999999999999997e-02 3.3000000000000002e-02 4.0000000000000001e-03  1.6728706828559980e-03
-3.5999999999999997e-02 3.6000000000000004e-02 4.0000000000000001e-03  1.7249713727919280e-03
-3.5999999999999997e-02 3.9000000000000007e-02 4.0000000000000001e-03  1.7840316790192416e-03
-3.5999999999999997e-02 4.2000000000000010e-02 4.0000000000000001e-03  1.8693786215595828e-03
-3.5999999999999997e-02 4.4999999999999998e-02 4.0000000000000001e-03  1.9610340284267852e-03
-3.3000000000000002e-02 -4.4999999999999998e-02 4.0000000000000001e-03  2.0305675152255884e-03
-3.3000000000000002e-02 -4.1999999999999996e-02 4.0000000000000001e-03  1.8931908515081610e-03
-3.3000000000000002e-02 -3.9000000000000000e-02 4.0000000000000001e-03  1.8072956640175766e-03
-3.3000000000000002e-02 -3.5999999999999997e-02 4.0000000000000001e-03  1.7326904468774370e-03
-3.3000000000000002e-02 -3.3000000000000002e-02 4.0000000000000001e-03  1.6588709486789032e-03
-3.3000000000000002e-02 -2.9999999999999999e-02 4.0000000000000001e-03  1.6100519875117533e-03
-3.3000000000000002e-02 -2.6999999999999996e-02 4.0000000000000001e-03  1.5887182189788123e-03
-3.3000000000000002e-02 -2.3999999999999997e-02 4.0000000000000001e-03  1.5686359748140748e-03
-3.3000000000000002e-02 -2.0999999999999998e-02 4.0000000000000001e-03  1.5459372650239371e-03
-3.3000000000000002e-02 -1.7999999999999999e-02 4.0000000000000001e-03  1.5297247345518569e-03
-3.3000000000000002e-02 -1.4999999999999999e-02 4.0000000000000001e-03  1.5116655486562380e-03
-3.3000000000000002e-02 -1.1999999999999997e-02 4.0000000000000001e-03  1.4949848150843925e-03
-3.3000000000000002e-02 -8.9999999999999941e-03 4.0000000000000001e-03  1.4758432261425774e-03
-3.3000000000000002e-02 -5.9999999999999984e-03 4.0000000000000001e-03  1.4625786924294833e-03
-3.3000000000000002e-02 -2.9999999999999957e-03 4.0000000000000001e-03  1.4747182863106875e-03
-3.3000000000000002e-02 0.0000000000000000e+00 4.0000000000000001e-03  1.4814748016599407e-03
-3.3000000000000002e-02 3.0000000000000027e-03 4.0000000000000001e-03  1.4802493618126505e-03
-3.3000000000000002e-02 6.0000000000000053e-03 4.0000000000000001e-03  1.4796974091878816e-03
-3.3000000000000002e-02 9.0000000000000011e-03 4.0000000000000001e-03  1.4804701773061732e-03
-3.3000000000000002e-02 1.2000000000000004e-02 4.0000000000000001e-03  1.4822764480148961e-03
-3.3000000000000002e-02 1.4999999999999999e-02 4.0000000000000001e-03  1.4942330943013909e-03
-3.3000000000000002e-02 1.8000000000000002e-02 4.0000000000000001e-03  1.5034196291166925e-03
-3.3000000000000002e-02 2.1000000000000005e-02 4.0000000000000001e-03  1.5078305184644161e-03
-3.3000000000000002e-02 2.4000000000000007e-02 4.0000000000000001e-03  1.5345481163464094e-03
-3.3000000000000002e-02 2.7000000000000010e-02 4.0000000000000001e-03  1.5634047544049760e-03
-3.3000000000000002e-02 2.9999999999999999e-02 4.0000000000000001e-03  1.5983370344843791e-03
-3.3000000000000002e-02 3.3000000000000002e-02 4.0000000000000001e-03  1.6439142580107694e-03
-3.3000000000000002e-02 3.6000000000000004e-02 4.0000000000000001e-03  1.6964642647904590e-03
-3.3000000000000002e-02 3.9000000000000007e-02 4.0000000000000001e-03  1.7559455923576277e-03
-3.3000000000000002e-02 4.2000000000000010e-02 4.0000000000000001e-03  1.8223567916992546e-03
-3.3000000000000002e-02 4.4999999999999998e-02 4.0000000000000001e-03  1.9114801306282752e-03
-2.9999999999999999e-02 -4.4999999999999998e-02 4.0000000000000001e-03  1.9918325862537016e-03
-2.9999999999999999e-02 -4.1999999999999996e-02 4.0000000000000001e-03  1.8719818323459641e-03
-2.9999999999999999e-02 -3.9000000000000000e-02 4.0000000000000001e-03  1.7856155951584394e-03
-2.9999999999999999e-02 -3.5999999999999997e-02 4.0000000000000001e-03  1.6987072716671589e-03
-2.9999999999999999e-02 -3.3000000000000002e-02 4.0000000000000001e-03  1.6296322638157134e-03
-2.9999999999999999e-02 -2.9999999999999999e-02 4.0000000000000001e-03  1.5827519584555587e-03
-2.9999999999999999e-02 -2.6999999999999996e-02 4.0000000000000001e-03  1.5517955939203529e-03
-2.9999999999999999e-02 -2.3999999999999997e-02 4.0000000000000001e-03  1.5273967495848964e-03
-2.9999999999999999e-02 -2.0999999999999998e-02 4.0000000000000001e-03  1.5061723254424274e-03
-2.9999999999999999e-02 -1.7999999999999999e-02 4.0000000000000001e-03  1.4913928950257319e-03
-2.9999999999999999e-02 -1.4999999999999999e-02 4.0000000000000001e-03  1.4830871790930040e-03
-2.9999999999999999e-02 -1.1999999999999997e-02 4.0000000000000001e-03  1.4782580027649125e-03
-2.9999999999999999e-02 -8.9999999999999941e-03 4.0000000000000001e-03  1.4510782968553048e-03
-2.9999999999999999e-02 -5.9999999999999984e-03 4.0000000000000001e-03  1.4286728374064020e-03
-2.9999999999999999e-02 -2.9999999999999957e-03 4.0000000000000001e-03  1.4273446102720890e-03
-2.9999999999999999e-02 0.0000000000000000e+00 4.0000000000000001e-03  1.4311722133983507e-03
-2.9999999999999999e-02 3.0000000000000027e-03 4.0000000000000001e-03  1.4335051913406702e-03
-2.9999999999999999e-02 6.0000000000000053e-03 4.0000000000000001e-03  1.4373465366955584e-03
-2.9999999999999999e-02 9.0000000000000011e-03 4.0000000000000001e-03  1.4461411879808977e-03
-2.9999999999999999e-02 1.2000000000000004e-02 4.0000000000000001e-03  1.4547681478144035e-03
-2.9999999999999999e-02 1.4999999999999999e-02 4.0000000000000001e-03  1.4676721043038186e-03
-2.9999999999999999e-02 1.8000000000000002e-02 4.0000000000000001e-03  1.4802836986704808e-03
-2.9999999999999999e-02 2.1000000000000005e-02 4.0000000000000001e-03  1.4937169418408759e-03
-2.9999999999999999e-02 2.4000000000000007e-02 4.0000000000000001e-03  1.5148068336236949e-03
-2.9999999999999999e-02 2.7000000000000010e-02 4.0000000000000001e-03  1.5365259191536334e-03
-2.9999999999999999e-02 2.9999999999999999e-02 4.0000000000000001e-03  1.5729382312156556e-03
-2.9999999999999999e-02 3.3000000000000002e-02 4.0000000000000001e-03  1.6190328572778883e-03
-2.9999999999999999e-02 3.6000000000000004e-02 4.0000000000000001e-03  1.6720989299129196e-03
-2.9999999999999999e-02 3.9000000000000007e-02 4.0000000000000001e-03  1.7320749447082063e-03
-2.9999999999999999e-02 4.2000000000000010e-02 4.0000000000000001e-03  1.7989394107040119e-03
-2.9999999999999999e-02 4.4999999999999998e-02 4.0000000000000001e-03  1.8808454267275993e-03
-2.6999999999999996e-02 -4.4999999999999998e-02 4.0000000000000001e-03  1.9747014678299798e-03
-2.6999999999999996e-02 -4.1999999999999996e-02 4.0000000000000001e-03  1.8725017401530855e-03
-2.6999999999999996e-02 -3.9000000000000000e-02 4.0000000000000001e-03  1.7689716582857699e-03
-2.6999999999999996e-02 -3.5999999999999997e-02 4.0000000000000001e-03  1.6817658825272429e-03
-2.6999999999999996e-02 -3.3000000000000002e-02 4.0000000000000001e-03  1.6029247107962063e-03
-2.6999999999999996e-02 -2.9999999999999999e-02 4.0000000000000001e-03  1.5525689985957012e-03
-2.6999999999999996e-02 -2.6999999999999996e-02 4.0000000000000001e-03  1.5138425407155837e-03
-2.6999999999999996e-02 -2.3999999999999997e-02 4.0000000000000001e-03  1.4858069898855881e-03
-2.6999999999999996e-02 -2.0999999999999998e-02 4.0000000000000001e-03  1.4660459157214653e-03
-2.6999999999999996e-02 -1.7999999999999999e-02 4.0000000000000001e-03  1.4526933749779622e-03
-2.6999999999999996e-02 -1.4999999999999999e-02 4.0000000000000001e-03  1.4457816682489997e-03
-2.6999999999999996e-02 -1.1999999999999997e-02 4.0000000000000001e-03  1.4442961578381016e-03
-2.6999999999999996e-02 -8.9999999999999941e-03 4.0000000000000001e-03  1.4279116200721657e-03
-2.6999999999999996e-02 -5.9999999999999984e-03 4.0000000000000001e-03  1.4128059679822385e-03
-2.6999999999999996e-02 -2.9999999999999957e-03 4.0000000000000001e-03  1.3957790057099592e-03
-2.6999999999999996e-02 0.0000000000000000e+00 4.0000000000000001e-03  1.4009241587319172e-03
-2.6999999999999996e-02 3.0000000000000027e-03 4.0000000000000001e-03  1.4066155425363268e-03
-2.6999999999999996e-02 6.0000000000000053e-03 4.0000000000000001e-03  1.4120661091761998e-03
-2.6999999999999996e-02 9.0000000000000011e-03 4.0000000000000001e-03  1.4216552046118684e-03
-2.6999999999999996e-02 1.2000000000000004e-02 4.0000000000000001e-03  1.4364890127191619e-03
-2.6999999999999996e-02 1.4999999999999999e-02 4.0000000000000001e-03  1.4525621610641394e-03
-2.6999999999999996e-02 1.8000000000000002e-02 4.0000000000000001e-03  1.4645794600977272e-03
-2.6999999999999996e-02 2.1000000000000005e-02 4.0000000000000001e-03  1.4824559927665527e-03
-2.6999999999999996e-02 2.4000000000000007e-02 4.0000000000000001e-03  1.5026053964702778e-03
-2.6999999999999996e-02 2.7000000000000010e-02 4.0000000000000001e-03  1.5277014035950485e-03
-2.6999999999999996e-02 2.9999999999999999e-02 4.0000000000000001e-03  1.5605106516274265e-03
-2.6999999999999996e-02 3.3000000000000002e-02 4.0000000000000001e-03  1.6003171932974956e-03
-2.6999999999999996e-02 3.6000000000000004e-02 4.0000000000000001e-03  1.6517098303880586e-03
-2.6999999999999996e-02 3.9000000000000007e-02 4.0000000000000001e-03  1.7122496792589044e-03
-2.6999999999999996e-02 4.2000000000000010e-02 4.0000000000000001e-03  1.7796434756329963e-03
-2.6999999999999996e-02 4.4999999999999998e-02 4.0000000000000001e-03  1.8578719314048596e-03
-2.3999999999999997e-02 -4.4999999999999998e-02 4.0000000000000001e-03  1.9962255705426074e-03
-2.3999999999999997e-02 -4.1999999999999996e-02 4.0000000000000001e-03  1.8554846092164767e-03
-2.3999999999999997e-02 -3.9000000000000000e-02 4.0000000000000001e-03  1.7346559315842567e-03
-2.3999999999999997e-02 -3.5999999999999997e-02 4.0000000000000001e-03  1.6382506837811009e-03
-2.3999999999999997e-02 -3.3000000000000002e-02 4.0000000000000001e-03  1.5623223337964667e-03
-2.3999999999999997e-02 -2.9999999999999999e-02 4.0000000000000001e-03  1.5240022806893465e-03
-2.3999999999999997e-02 -2.6999999999999996e-02 4.0000000000000001e-03  1.4911256208347910e-03
-2.3999999999999997e-02 -2.3999999999999997e-02 4.0000000000000001e-03  1.4570622253794576e-03
-2.3999999999999997e-02 -2.0999999999999998e-02 4.0000000000000001e-03  1.4272705817227316e-03
-2.3999999999999997e-02 -1.7999999999999999e-02 4.0000000000000001e-03  1.4133678629119155e-03
-2.3999999999999997e-02 -1.4999999999999999e-02 4.0000000000000001e-03  1.4078503546732018e-03
-2.3999999999999997e-02 -1.1999999999999997e-02 4.0000000000000001e-03  1.4087951612047228e-03
-2.3999999999999997e-02 -8.9999999999999941e-03 4.0000000000000001e-03  1.3906853496117074e-03
-2.3999999999999997e-02 -5.9999999999999984e-03 4.0000000000000001e-03  1.3786748211198562e-03
-2.3999999999999997e-02 -2.9999999999999957e-03 4.0000000000000001e-03  1.3756007656475992e-03
-2.3999999999999997e-02 0.0000000000000000e+00 4.0000000000000001e-03  1.3778202884516086e-03
-2.3999999999999997e-02 3.0000000000000027e-03 4.0000000000000001e-03  1.3840480234114420e-03
-2.3999999999999997e-02 6.0000000000000053e-03 4.0000000000000001e-03  1.3959741179055379e-03
-2.3999999999999997e-02 9.0000000000000011e-03 4.0000000000000001e-03  1.4091450934044143e-03
-2.3999999999999997e-02 1.2000000000000004e-02 4.0000000000000001e-03  1.4235564575421403e-03
-2.3999999999999997e-02 1.4999999999999999e-02 4.0000000000000001e-03  1.4392048973076018e-03
-2.3999999999999997e-02 1.8000000000000002e-02 4.0000000000000001e-03  1.4548390913141514e-03
-2.3999999999999997e-02 2.1000000000000005e-02 4.0000000000000001e-03  1.4728617058423939e-03
-2.3999999999999997e-02 2.4000000000000007e-02 4.0000000000000001e-03  1.4925564703494507e-03
-2.3999999999999997e-02 2.7000000000000010e-02 4.0000000000000001e-03  1.5197378775937110e-03
-2.3999999999999997e-02 2.9999999999999999e-02 4.0000000000000001e-03  1.5539064860422766e-03
-2.3999999999999997e-02 3.3000000000000002e-02 4.0000000000000001e-03  1.5950488077943685e-03
-2.3999999999999997e-02 3.6000000000000004e-02 4.0000000000000001e-03  1.6431490692762308e-03
-2.3999999999999997e-02 3.9000000000000007e-02 4.0000000000000001e-03  1.6981892112411211e-03
-2.3999999999999997e-02 4.2000000000000010e-02 4.0000000000000001e-03  1.7642995655516996e-03
-2.3999999999999997e-02 4.4999999999999998e-02 4.0000000000000001e-03  1.8403929477749511e-03
-2.0999999999999998e-02 -4.4999999999999998e-02 4.0000000000000001e-03  1.9640162861960415e-03
-2.0999999999999998e-02 -4.1999999999999996e-02 4.0000000000000001e-03  1.8312800586362515e-03
-2.0999999999999998e-02 -3.9000000000000000e-02 4.0000000000000001e-03  1.7062824084091346e-03
-2.0999999999999998e-02 -3.5999999999999997e-02 4.0000000000000001e-03  1.6008815885339392e-03
-2.0999999999999998e-02 -3.3000000000000002e-02 4.0000000000000001e-03  1.5381790603898667e-03
-2.0999999999999998e-02 -2.9999999999999999e-02 4.0000000000000001e-03  1.5043428875244579e-03
-2.0999999999999998e-02 -2.6999999999999996e-02 4.0000000000000001e-03  1.4716042666829217e-03
-2.0999999999999998e-02 -2.3999999999999997e-02 4.0000000000000001e-03  1.4400632711550963e-03
-2.0999999999999998e-02 -2.0999999999999998e-02 4.0000000000000001e-03  1.4127703426432816e-03
-2.0999999999999998e-02 -1.7999999999999999e-02 4.0000000000000001e-03  1.3897153064496627e-03
-2.0999999999999998e-02 -1.4999999999999999e-02 4.0000000000000001e-03  1.3708936116785511e-03
-2.0999999999999998e-02 -1.1999999999999997e-02 4.0000000000000001e-03  1.3713896572762963e-03
-2.0999999999999998e-02 -8.9999999999999941e-03 4.0000000000000001e-03  1.3573720202604970e-03
-2.0999999999999998e-02 -5.9999999999999984e-03 4.0000000000000001e-03  1.3520090045436748e-03
-2.0999999999999998e-02 -2.9999999999999957e-03 4.0000000000000001e-03  1.3548162813285514e-03
-2.0999999999999998e-02 0.0000000000000000e+00 4.0000000000000001e-03  1.3638306117807494e-03
-2.0999999999999998e-02 3.0000000000000027e-03 4.0000000000000001e-03  1.3740988563267606e-03
-2.0999999999999998e-02 6.0000000000000053e-03 4.0000000000000001e-03  1.3856150444197910e-03
-2.0999999999999998e-02 9.0000000000000011e-03 4.0000000000000001e-03  1.3983743848678732e-03
-2.0999999999999998e-02 1.2000000000000004e-02 4.0000000000000001e-03  1.4123732658338445e-03
-2.0999999999999998e-02 1.4999999999999999e-02 4.0000000000000001e-03  1.4201250634751168e-03
-2.0999999999999998e-02 1.8000000000000002e-02 4.0000000000000001e-03  1.4362112308631506e-03
-2.0999999999999998e-02 2.1000000000000005e-02 4.0000000000000001e-03  1.4526234984271562e-03
-2.0999999999999998e-02 2.4000000000000007e-02 4.0000000000000001e-03  1.4703770246178895e-03
-2.0999999999999998e-02 2.7000000000000010e-02 4.0000000000000001e-03  1.5028587124617653e-03
-2.0999999999999998e-02 2.9999999999999999e-02 4.0000000000000001e-03  1.5482124788431968e-03
-2.0999999999999998e-02 3.3000000000000002e-02 4.0000000000000001e-03  1.5906745345986813e-03
-2.0999999999999998e-02 3.6000000000000004e-02 4.0000000000000001e-03  1.6400743652812480e-03
-2.0999999999999998e-02 3.9000000000000007e-02 4.0000000000000001e-03  1.6963943338529953e-03
-2.0999999999999998e-02 4.2000000000000010e-02 4.0000000000000001e-03  1.7596145176030471e-03
-2.0999999999999998e-02 4.4999999999999998e-02 4.0000000000000001e-03  1.8299806560958224e-03
-1.7999999999999999e-02 -4.4999999999999998e-02 4.0000000000000001e-03  1.9825181141062795e-03
-1.7999999999999999e-02 -4.1999999999999996e-02 4.0000000000000001e-03  1.8096257722936063e-03
-1.7999999999999999e-02 -3.9000000000000000e-02 4.0000000000000001e-03  1.6749167317916627e-03
-1.7999999999999999e-02 -3.5999999999999997e-02 4.0000000000000001e-03  1.5754260236432378e-03
-1.7999999999999999e-02 -3.3000000000000002e-02 4.0000000000000001e-03  1.5213803393462658e-03
-1.7999999999999999e-02 -2.9999999999999999e-02 4.0000000000000001e-03  1.4874933979335198e-03
-1.7999999999999999e-02 -2.6999999999999996e-02 4.0000000000000001e-03  1.4552738632649517e-03
-1.7999999999999999e-02 -2.3999999999999997e-02 4.0000000000000001e-03  1.4262445664815443e-03
-1.7999999999999999e-02 -2.0999999999999998e-02 4.0000000000000001e-03  1.4014469226709847e-03
-1.7999999999999999e-02 -1.7999999999999999e-02 4.0000000000000001e-03  1.3808770451114768e-03
-1.7999999999999999e-02 -1.4999999999999999e-02 4.0000000000000001e-03  1.3645366708833514e-03
-1.7999999999999999e-02 -1.1999999999999997e-02 4.0000000000000001e-03  1.3515811859288692e-03
-1.7999999999999999e-02 -8.9999999999999941e-03 4.0000000000000001e-03  1.3449058522183989e-03
-1.7999999999999999e-02 -5.9999999999999984e-03 4.0000000000000001e-03  1.3400501552214192e-03
-1.7999999999999999e-02 -2.9999999999999957e-03 4.0000000000000001e-03  1.3474034408056052e-03
-1.7999999999999999e-02 0.0000000000000000e+00 4.0000000000000001e-03  1.3560157171669165e-03
-1.7999999999999999e-02 3.0000000000000027e-03 4.0000000000000001e-03  1.3658807149325217e-03
-1.7999999999999999e-02 6.0000000000000053e-03 4.0000000000000001e-03  1.3769933440844039e-03
-1.7999999999999999e-02 9.0000000000000011e-03 4.0000000000000001e-03  1.3835467448697460e-03
-1.7999999999999999e-02 1.2000000000000004e-02 4.0000000000000001e-03  1.3898014769675481e-03
-1.7999999999999999e-02 1.4999999999999999e-02 4.0000000000000001e-03  1.3978083660928569e-03
-1.7999999999999999e-02 1.8000000000000002e-02 4.0000000000000001e-03  1.4174860187094003e-03
-1.7999999999999999e-02 2.1000000000000005e-02 4.0000000000000001e-03  1.4350064688737195e-03
-1.7999999999999999e-02 2.4000000000000007e-02 4.0000000000000001e-03  1.4538539847353817e-03
-1.7999999999999999e-02 2.7000000000000010e-02 4.0000000000000001e-03  1.4797198117876998e-03
-1.7999999999999999e-02 2.9999999999999999e-02 4.0000000000000001e-03  1.5229059900043749e-03
-1.7999999999999999e-02 3.3000000000000002e-02 4.0000000000000001e-03  1.5758367222630562e-03
-1.7999999999999999e-02 3.6000000000000004e-02 4.0000000000000001e-03  1.6379892088390197e-03
-1.7999999999999999e-02 3.9000000000000007e-02 4.0000000000000001e-03  1.6955864972337279e-03
-1.7999999999999999e-02 4.2000000000000010e-02 4.0000000000000001e-03  1.7600676737443651e-03
-1.7999999999999999e-02 4.4999999999999998e-02 4.0000000000000001e-03  1.8355874152053476e-03
-1.4999999999999999e-02 -4.4999999999999998e-02 4.0000000000000001e-03  1.9780253677006070e-03
-1.4999999999999999e-02 -4.1999999999999996e-02 4.0000000000000001e-03  1.7863396396050747e-03
-1.4999999999999999e-02 -3.9000000000000000e-02 4.0000000000000001e-03  1.6537058454974792e-03
-1.4999999999999999e-02 -3.5999999999999997e-02 4.0000000000000001e-03  1.5596274519008827e-03
-1.4999999999999999e-02 -3.3000000000000002e-02 4.0000000000000001e-03  1.5073893361521194e-03
-1.4999999999999999e-02 -2.9999999999999999e-02 4.0000000000000001e-03  1.4734559381117691e-03
-1.4999999999999999e-02 -2.6999999999999996e-02 4.0000000000000001e-03  1.4421309678575749e-03
-1.4999999999999999e-02 -2.3999999999999997e-02 4.0000000000000001e-03  1.4156056950872691e-03
-1.4999999999999999e-02 -2.0999999999999998e-02 4.0000000000000001e-03  1.3933029319860844e-03
-1.4999999999999999e-02 -1.7999999999999999e-02 4.0000000000000001e-03  1.3752250798082437e-03
-1.4999999999999999e-02 -1.4999999999999999e-02 4.0000000000000001e-03  1.3603668148440720e-03
-1.4999999999999999e-02 -1.1999999999999997e-02 4.0000000000000001e-03  1.3434045567513896e-03
-1.4999999999999999e-02 -8.9999999999999941e-03 4.0000000000000001e-03  1.3405332997702538e-03
-1.4999999999999999e-02 -5.9999999999999984e-03 4.0000000000000001e-03  1.3387447668581718e-03
-1.4999999999999999e-02 -2.9999999999999957e-03 4.0000000000000001e-03  1.3417181488243912e-03
-1.4999999999999999e-02 0.0000000000000000e+00 4.0000000000000001e-03  1.3499311052168261e-03
-1.4999999999999999e-02 3.0000000000000027e-03 4.0000000000000001e-03  1.3551774513572837e-03
-1.4999999999999999e-02 6.0000000000000053e-03 4.0000000000000001e-03  1.3601183051390568e-03
-1.4999999999999999e-02 9.0000000000000011e-03 4.0000000000000001e-03  1.3652273735234714e-03
-1.4999999999999999e-02 1.2000000000000004e-02 4.0000000000000001e-03  1.3705013588128402e-03
-1.4999999999999999e-02 1.4999999999999999e-02 4.0000000000000001e-03  1.3808989304293930e-03
-1.4999999999999999e-02 1.8000000000000002e-02 4.0000000000000001e-03  1.4009009106439963e-03
-1.4999999999999999e-02 2.1000000000000005e-02 4.0000000000000001e-03  1.4207741631270781e-03
-1.4999999999999999e-02 2.4000000000000007e-02 4.0000000000000001e-03  1.4407041953920464e-03
-1.4999999999999999e-02 2.7000000000000010e-02 4.0000000000000001e-03  1.4619749618381913e-03
-1.4999999999999999e-02 2.9999999999999999e-02 4.0000000000000001e-03  1.5021495824160695e-03
-1.4999999999999999e-02 3.3000000000000002e-02 4.0000000000000001e-03  1.5526593169867004e-03
-1.4999999999999999e-02 3.6000000000000004e-02 4.0000000000000001e-03  1.6128948443937124e-03
-1.4999999999999999e-02 3.9000000000000007e-02 4.0000000000000001e-03  1.6828437266826913e-03
-1.4999999999999999e-02 4.2000000000000010e-02 4.0000000000000001e-03  1.7669694353605646e-03
-1.4999999999999999e-02 4.4999999999999998e-02 4.0000000000000001e-03  1.8467196896939442e-03
-1.1999999999999997e-02 -4.4999999999999998e-02 4.0000000000000001e-03  1.9739649199263520e-03
-1.1999999999999997e-02 -4.1999999999999996e-02 4.0000000000000001e-03  1.7695633884607760e-03
-1.1999999999999997e-02 -3.9000000000000000e-02 4.0000000000000001e-03  1.6400196467148394e-03
-1.1999999999999997e-02 -3.5999999999999997e-02 4.0000000000000001e-03  1.5465362102247842e-03
-1.1999999999999997e-02 -3.3000000000000002e-02 4.0000000000000001e-03  1.4962101909366675e-03
-1.1999999999999997e-02 -2.9999999999999999e-02 4.0000000000000001e-03  1.4622325601048743e-03
-1.1999999999999997e-02 -2.6999999999999996e-02 4.0000000000000001e-03  1.4321733100091994e-03
-1.1999999999999997e-02 -2.3999999999999997e-02 4.0000000000000001e-03  1.4081474129724540e-03
-1.1999999999999997e-02 -2.0999999999999998e-02 4.0000000000000001e-03  1.3883421530405374e-03
-1.1999999999999997e-02 -1.7999999999999999e-02 4.0000000000000001e-03  1.3718987493922523e-03
-1.1999999999999997e-02 -1.4999999999999999e-02 4.0000000000000001e-03  1.3546787998043087e-03
-1.1999999999999997e-02 -1.1999999999999997e-02 4.0000000000000001e-03  1.3395200416160423e-03
-1.1999999999999997e-02 -8.9999999999999941e-03 4.0000000000000001e-03  1.3360501460450709e-03
-1.1999999999999997e-02 -5.9999999999999984e-03 4.0000000000000001e-03  1.3346691343339928e-03
-1.1999999999999997e-02 -2.9999999999999957e-03 4.0000000000000001e-03  1.3350249186088795e-03
-1.1999999999999997e-02 0.0000000000000000e+00 4.0000000000000001e-03  1.3386372517980439e-03
-1.1999999999999997e-02 3.0000000000000027e-03 4.0000000000000001e-03  1.3424274518442599e-03
-1.1999999999999997e-02 6.0000000000000053e-03 4.0000000000000001e-03  1.3463905120775122e-03
-1.1999999999999997e-02 9.0000000000000011e-03 4.0000000000000001e-03  1.3505223706433735e-03
-1.1999999999999997e-02 1.2000000000000004e-02 4.0000000000000001e-03  1.3548199105029755e-03
-1.1999999999999997e-02 1.4999999999999999e-02 4.0000000000000001e-03  1.3679735355559505e-03
-1.1999999999999997e-02 1.8000000000000002e-02 4.0000000000000001e-03  1.3880338385475913e-03
-1.1999999999999997e-02 2.1000000000000005e-02 4.0000000000000001e-03  1.4099218988854242e-03
-1.1999999999999997e-02 2.4000000000000007e-02 4.0000000000000001e-03  1.4309251379455105e-03
-1.1999999999999997e-02 2.7000000000000010e-02 4.0000000000000001e-03  1.4532540292954627e-03
-1.1999999999999997e-02 2.9999999999999999e-02 4.0000000000000001e-03  1.4861819045565536e-03
-1.1999999999999997e-02 3.3000000000000002e-02 4.0000000000000001e-03  1.5342651552508286e-03
-1.1999999999999997e-02 3.6000000000000004e-02 4.0000000000000001e-03  1.5920730988712652e-03
-1.1999999999999997e-02 3.9000000000000007e-02 4.0000000000000001e-03  1.6595939915202082e-03
-1.1999999999999997e-02 4.2000000000000010e-02 4.0000000000000001e-03  1.7550521876763922e-03
-1.1999999999999997e-02 4.4999999999999998e-02 4.0000000000000001e-03  1.8634193509762299e-03
-8.9999999999999941e-03 -4.4999999999999998e-02 4.0000000000000001e-03  1.9635548218387136e-03
-8.9999999999999941e-03 -4.1999999999999996e-02 4.0000000000000001e-03  1.7744759474634109e-03
-8.9999999999999941e-03 -3.9000000000000000e-02 4.0000000000000001e-03  1.6305850424792247e-03
-8.9999999999999941e-03 -3.5999999999999997e-02 4.0000000000000001e-03  1.5361561515004074e-03
-8.9999999999999941e-03 -3.3000000000000002e-02 4.0000000000000001e-03  1.4878469696795933e-03
-8.9999999999999941e-03 -2.9999999999999999e-02 4.0000000000000001e-03  1.4538252418089602e-03
-8.9999999999999941e-03 -2.6999999999999996e-02 4.0000000000000001e-03  1.4253997915399475e-03
-8.9999999999999941e-03 -2.3999999999999997e-02 4.0000000000000001e-03  1.4038716484089948e-03
-8.9999999999999941e-03 -2.0999999999999998e-02 4.0000000000000001e-03  1.3861576816396068e-03
-8.9999999999999941e-03 -1.7999999999999999e-02 4.0000000000000001e-03  1.3686987558732440e-03
-8.9999999999999941e-03 -1.4999999999999999e-02 4.0000000000000001e-03  1.3506771679694968e-03
-8.9999999999999941e-03 -1.1999999999999997e-02 4.0000000000000001e-03  1.3373604388905492e-03
-8.9999999999999941e-03 -8.9999999999999941e-03 4.0000000000000001e-03  1.3331843757928214e-03
-8.9999999999999941e-03 -5.9999999999999984e-03 4.0000000000000001e-03  1.3310955623869419e-03
-8.9999999999999941e-03 -2.9999999999999957e-03 4.0000000000000001e-03  1.3294482109436441e-03
-8.9999999999999941e-03 0.0000000000000000e+00 4.0000000000000001e-03  1.3304736550770833e-03
-8.9999999999999941e-03 3.0000000000000027e-03 4.0000000000000001e-03  1.3332864156526672e-03
-8.9999999999999941e-03 6.0000000000000053e-03 4.0000000000000001e-03  1.3362735440027669e-03
-8.9999999999999941e-03 9.0000000000000011e-03 4.0000000000000001e-03  1.3394311589317825e-03
-8.9999999999999941e-03 1.2000000000000004e-02 4.0000000000000001e-03  1.3427563240596889e-03
-8.9999999999999941e-03 1.4999999999999999e-02 4.0000000000000001e-03  1.3590233223296888e-03
-8.9999999999999941e-03 1.8000000000000002e-02 4.0000000000000001e-03  1.3791355381691391e-03
-8.9999999999999941e-03 2.1000000000000005e-02 4.0000000000000001e-03  1.4020448883794567e-03
-8.9999999999999941e-03 2.4000000000000007e-02 4.0000000000000001e-03  1.4245158711525591e-03
-8.9999999999999941e-03 2.7000000000000010e-02 4.0000000000000001e-03  1.4478964203409961e-03
-8.9999999999999941e-03 2.9999999999999999e-02 4.0000000000000001e-03  1.4750029314672631e-03
-8.9999999999999941e-03 3.3000000000000002e-02 4.0000000000000001e-03  1.5206553644325853e-03
-8.9999999999999941e-03 3.6000000000000004e-02 4.0000000000000001e-03  1.5760344705215705e-03
-8.9999999999999941e-03 3.9000000000000007e-02 4.0000000000000001e-03  1.6473211811923853e-03
-8.9999999999999941e-03 4.2000000000000010e-02 4.0000000000000001e-03  1.7415371233208744e-03
-8.9999999999999941e-03 4.4999999999999998e-02 4.0000000000000001e-03  1.8520823038785149e-03
-5.9999999999999984e-03 -4.4999999999999998e-02 4.0000000000000001e-03  1.9440886523040279e-03
-5.9999999999999984e-03 -4.1999999999999996e-02 4.0000000000000001e-03  1.7602613030383342e-03
-5.9999999999999984e-03 -3.9000000000000000e-02 4.0000000000000001e-03  1.6218445370142613e-03
-5.9999999999999984e-03 -3.5999999999999997e-02 4.0000000000000001e-03  1.5274259867297144e-03
-5.9999999999999984e-03 -3.3000000000000002e-02 4.0000000000000001e-03  1.4823036642110216e-03
-5.9999999999999984e-03 -2.9999999999999999e-02 4.0000000000000001e-03  1.4482358869705809e-03
-5.9999999999999984e-03 -2.6999999999999996e-02 4.0000000000000001e-03  1.4218104865416643e-03
-5.9999999999999984e-03 -2.3999999999999997e-02 4.0000000000000001e-03  1.4031364520338027e-03
-5.9999999999999984e-03 -2.0999999999999998e-02 4.0000000000000001e-03  1.3854497092906503e-03
-5.9999999999999984e-03 -1.7999999999999999e-02 4.0000000000000001e-03  1.3671882190787136e-03
-5.9999999999999984e-03 -1.4999999999999999e-02 4.0000000000000001e-03  1.3483622237865042e-03
-5.9999999999999984e-03 -1.1999999999999997e-02 4.0000000000000001e-03  1.3368179103050227e-03
-5.9999999999999984e-03 -8.9999999999999941e-03 4.0000000000000001e-03  1.3319366659051732e-03
-5.9999999999999984e-03 -5.9999999999999984e-03 4.0000000000000001e-03  1.3291407817470114e-03
-5.9999999999999984e-03 -2.9999999999999957e-03 4.0000000000000001e-03  1.3265008127398162e-03
-5.9999999999999984e-03 0.0000000000000000e+00 4.0000000000000001e-03  1.3259927470782164e-03
-5.9999999999999984e-03 3.0000000000000027e-03 4.0000000000000001e-03  1.3277542189336763e-03
-5.9999999999999984e-03 6.0000000000000053e-03 4.0000000000000001e-03  1.3297670463853746e-03
-5.9999999999999984e-03 9.0000000000000011e-03 4.0000000000000001e-03  1.3319531531786511e-03
-5.9999999999999984e-03 1.2000000000000004e-02 4.0000000000000001e-03  1.3366921220380895e-03
-5.9999999999999984e-03 1.4999999999999999e-02 4.0000000000000001e-03  1.3540407453079156e-03
-5.9999999999999984e-03 1.8000000000000002e-02 4.0000000000000001e-03  1.3741995338351232e-03
-5.9999999999999984e-03 2.1000000000000005e-02 4.0000000000000001e-03  1.3971492372887840e-03
-5.9999999999999984e-03 2.4000000000000007e-02 4.0000000000000001e-03  1.4214770311691397e-03
-5.9999999999999984e-03 2.7000000000000010e-02 4.0000000000000001e-03  1.4459049347901698e-03
-5.9999999999999984e-03 2.9999999999999999e-02 4.0000000000000001e-03  1.4716512618077157e-03
-5.9999999999999984e-03 3.3000000000000002e-02 4.0000000000000001e-03  1.5118312152891170e-03
-5.9999999999999984e-03 3.6000000000000004e-02 4.0000000000000001e-03  1.5647813824374876e-03
-5.9999999999999984e-03 3.9000000000000007e-02 4.0000000000000001e-03  1.6401396688578735e-03
-5.9999999999999984e-03 4.2000000000000010e-02 4.0000000000000001e-03  1.7329066645240369e-03
-5.9999999999999984e-03 4.4999999999999998e-02 4.0000000000000001e-03  1.8430499977377924e-03
-2.9999999999999957e-03 -4.4999999999999998e-02 4.0000000000000001e-03  1.9067415754433817e-03
-2.9999999999999957e-03 -4.1999999999999996e-02 4.0000000000000001e-03  1.7260490473136017e-03
-2.9999999999999957e-03 -3.9000000000000000e-02 4.0000000000000001e-03  1.6134346503480649e-03
-2.9999999999999957e-03 -3.5999999999999997e-02 4.0000000000000001e-03  1.5346789586358611e-03
-2.9999999999999957e-03 -3.3000000000000002e-02 4.0000000000000001e-03  1.4833871401451215e-03
-2.9999999999999957e-03 -2.9999999999999999e-02 4.0000000000000001e-03  1.4457578505295118e-03
-2.9999999999999957e-03 -2.6999999999999996e-02 4.0000000000000001e-03  1.4228400494039832e-03
-2.9999999999999957e-03 -2.3999999999999997e-02 4.0000000000000001e-03  1.4049290927704539e-03
-2.9999999999999957e-03 -2.0999999999999998e-02 4.0000000000000001e-03  1.3864371989826449e-03
-2.9999999999999957e-03 -1.7999999999999999e-02 4.0000000000000001e-03  1.3673673895485392e-03
-2.9999999999999957e-03 -1.4999999999999999e-02 4.0000000000000001e-03  1.3477343740921244e-03
-2.9999999999999957e-03 -1.1999999999999997e-02 4.0000000000000001e-03  1.3378938537487270e-03
-2.9999999999999957e-03 -8.9999999999999941e-03 4.0000000000000001e-03  1.3323082790256016e-03
-2.9999999999999957e-03 -5.9999999999999984e-03 4.0000000000000001e-03  1.3287876638876806e-03
-2.9999999999999957e-03 -2.9999999999999957e-03 4.0000000000000001e-03  1.3253147312058838e-03
-2.9999999999999957e-03 0.0000000000000000e+00 4.0000000000000001e-03  1.3245023451133077e-03
-2.9999999999999957e-03 3.0000000000000027e-03 4.0000000000000001e-03  1.3258307299260654e-03
-2.9999999999999957e-03 6.0000000000000053e-03 4.0000000000000001e-03  1.3268706567835086e-03
-2.9999999999999957e-03 9.0000000000000011e-03 4.0000000000000001e-03  1.3280877602615448e-03
-2.9999999999999957e-03 1.2000000000000004e-02 4.0000000000000001e-03  1.3356217506623577e-03
-2.9999999999999957e-03 1.4999999999999999e-02 4.0000000000000001e-03  1.3530195727480912e-03
-2.9999999999999957e-03 1.8000000000000002e-02 4.0000000000000001e-03  1.3732206635721769e-03
-2.9999999999999957e-03 2.1000000000000005e-02 4.0000000000000001e-03  1.3962079481094239e-03
-2.9999999999999957e-03 2.4000000000000007e-02 4.0000000000000001e-03  1.4218108315503608e-03
-2.9999999999999957e-03 2.7000000000000010e-02 4.0000000000000001e-03  1.4472839498575318e-03
-2.9999999999999957e-03 2.9999999999999999e-02 4.0000000000000001e-03  1.4740601995914158e-03
-2.9999999999999957e-03 3.3000000000000002e-02 4.0000000000000001e-03  1.5077941219575875e-03
-2.9999999999999957e-03 3.6000000000000004e-02 4.0000000000000001e-03  1.5606908136129613e-03
-2.9999999999999957e-03 3.9000000000000007e-02 4.0000000000000001e-03  1.6376584416526385e-03
-2.9999999999999957e-03 4.2000000000000010e-02 4.0000000000000001e-03  1.7292226437505894e-03
-2.9999999999999957e-03 4.4999999999999998e-02 4.0000000000000001e-03  1.8391912800471107e-03
0.0000000000000000e+00 -4.4999999999999998e-02 4.0000000000000001e-03  1.8939982622433859e-03
0.0000000000000000e+00 -4.1999999999999996e-02 4.0000000000000001e-03  1.7453959067900604e-03
0.0000000000000000e+00 -3.9000000000000000e-02 4.0000000000000001e-03  1.6304796957808752e-03
0.0000000000000000e+00 -3.5999999999999997e-02 4.0000000000000001e-03  1.5458671899885547e-03
0.0000000000000000e+00 -3.3000000000000002e-02 4.0000000000000001e-03  1.4880683791512340e-03
0.0000000000000000e+00 -2.9999999999999999e-02 4.0000000000000001e-03  1.4428025997596397e-03
0.0000000000000000e+00 -2.6999999999999996e-02 4.0000000000000001e-03  1.4262430632765155e-03
0.0000000000000000e+00 -2.3999999999999997e-02 4.0000000000000001e-03  1.4084261326614796e-03
0.0000000000000000e+00 -2.0999999999999998e-02 4.0000000000000001e-03  1.3891203473484781e-03
0.0000000000000000e+00 -1.7999999999999999e-02 4.0000000000000001e-03  1.3692366202125155e-03
0.0000000000000000e+00 -1.4999999999999999e-02 4.0000000000000001e-03  1.3489662215476689e-03
0.0000000000000000e+00 -1.1999999999999997e-02 4.0000000000000001e-03  1.3405902528627433e-03
0.0000000000000000e+00 -8.9999999999999941e-03 4.0000000000000001e-03  1.3343010635494166e-03
0.0000000000000000e+00 -5.9999999999999984e-03 4.0000000000000001e-03  1.3296679587774399e-03
0.0000000000000000e+00 -2.9999999999999957e-03 4.0000000000000001e-03  1.3258923566792198e-03
0.0000000000000000e+00 0.0000000000000000e+00 4.0000000000000001e-03  1.3247768537178247e-03
0.0000000000000000e+00 3.0000000000000027e-03 4.0000000000000001e-03  1.3263190754361207e-03
0.0000000000000000e+00 6.0000000000000053e-03 4.0000000000000001e-03  1.3275840048429480e-03
0.0000000000000000e+00 9.0000000000000011e-03 4.0000000000000001e-03  1.3278343791456315e-03
0.0000000000000000e+00 1.2000000000000004e-02 4.0000000000000001e-03  1.3385125645590096e-03
0.0000000000000000e+00 1.4999999999999999e-02 4.0000000000000001e-03  1.3559548866078261e-03
0.0000000000000000e+00 1.8000000000000002e-02 4.0000000000000001e-03  1.3761950791070787e-03
0.0000000000000000e+00 2.1000000000000005e-02 4.0000000000000001e-03  1.3992182423373295e-03
0.0000000000000000e+00 2.4000000000000007e-02 4.0000000000000001e-03  1.4250144955272766e-03
0.0000000000000000e+00 2.7000000000000010e-02 4.0000000000000001e-03  1.4520394201567809e-03
0.0000000000000000e+00 2.9999999999999999e-02 4.0000000000000001e-03  1.4798462954034096e-03
0.0000000000000000e+00 3.3000000000000002e-02 4.0000000000000001e-03  1.5089585496673367e-03
0.0000000000000000e+00 3.6000000000000004e-02 4.0000000000000001e-03  1.5648953430630246e-03
0.0000000000000000e+00 3.9000000000000007e-02 4.0000000000000001e-03  1.6393930225702784e-03
0.0000000000000000e+00 4.2000000000000010e-02 4.0000000000000001e-03  1.7290191135335437e-03
0.0000000000000000e+00 4.4999999999999998e-02 4.0000000000000001e-03  1.8370076378773431e-03
3.0000000000000027e-03 -4.4999999999999998e-02 4.0000000000000001e-03  1.8690863113450058e-03
3.0000000000000027e-03 -4.1999999999999996e-02 4.0000000000000001e-03  1.7110603664225400e-03
3.0000000000000027e-03 -3.9000000000000000e-02 4.0000000000000001e-03  1.6053832761710213e-03
3.0000000000000027e-03 -3.5999999999999997e-02 4.0000000000000001e-03  1.5462715768479844e-03
3.0000000000000027e-03 -3.3000000000000002e-02 4.0000000000000001e-03  1.4948339908422074e-03
3.0000000000000027e-03 -2.9999999999999999e-02 4.0000000000000001e-03  1.4452441594217621e-03
3.0000000000000027e-03 -2.6999999999999996e-02 4.0000000000000001e-03  1.4291110886152003e-03
3.0000000000000027e-03 -2.3999999999999997e-02 4.0000000000000001e-03  1.4121353814311004e-03
3.0000000000000027e-03 -2.0999999999999998e-02 4.0000000000000001e-03  1.3934994534109512e-03
3.0000000000000027e-03 -1.7999999999999999e-02 4.0000000000000001e-03  1.3727963663903505e-03
3.0000000000000027e-03 -1.4999999999999999e-02 4.0000000000000001e-03  1.3539860421689330e-03
3.0000000000000027e-03 -1.1999999999999997e-02 4.0000000000000001e-03  1.3449096770399782e-03
3.0000000000000027e-03 -8.9999999999999941e-03 4.0000000000000001e-03  1.3379174536237352e-03
3.0000000000000027e-03 -5.9999999999999984e-03 4.0000000000000001e-03  1.3323136159009721e-03
3.0000000000000027e-03 -2.9999999999999957e-03 4.0000000000000001e-03  1.3282372500030566e-03
3.0000000000000027e-03 0.0000000000000000e+00 4.0000000000000001e-03  1.3268205096378166e-03
3.0000000000000027e-03 3.0000000000000027e-03 4.0000000000000001e-03  1.3280604597924485e-03
3.0000000000000027e-03 6.0000000000000053e-03 4.0000000000000001e-03  1.3319067122970875e-03
3.0000000000000027e-03 9.0000000000000011e-03 4.0000000000000001e-03  1.3311924008836981e-03
3.0000000000000027e-03 1.2000000000000004e-02 4.0000000000000001e-03  1.3453598896166377e-03
3.0000000000000027e-03 1.4999999999999999e-02 4.0000000000000001e-03  1.3628430825448725e-03
3.0000000000000027e-03 1.8000000000000002e-02 4.0000000000000001e-03  1.3831202458667625e-03
3.0000000000000027e-03 2.1000000000000005e-02 4.0000000000000001e-03  1.4061786551686120e-03
3.0000000000000027e-03 2.4000000000000007e-02 4.0000000000000001e-03  1.4320141628964495e-03
3.0000000000000027e-03 2.7000000000000010e-02 4.0000000000000001e-03  1.4599522946657185e-03
3.0000000000000027e-03 2.9999999999999999e-02 4.0000000000000001e-03  1.4879705237792213e-03
3.0000000000000027e-03 3.3000000000000002e-02 4.0000000000000001e-03  1.5157128019380344e-03
3.0000000000000027e-03 3.6000000000000004e-02 4.0000000000000001e-03  1.5694653917870136e-03
3.0000000000000027e-03 3.9000000000000007e-02 4.0000000000000001e-03  1.6421801870510535e-03
3.0000000000000027e-03 4.2000000000000010e-02 4.0000000000000001e-03  1.7306361143786943e-03
3.0000000000000027e-03 4.4999999999999998e-02 4.0000000000000001e-03  1.8370955583057434e-03
6.0000000000000053e-03 -4.4999999999999998e-02 4.0000000000000001e-03  1.8923235781324291e-03
6.0000000000000053e-03 -4.1999999999999996e-02 4.0000000000000001e-03  1.7265922900959849e-03
6.0000000000000053e-03 -3.9000000000000000e-02 4.0000000000000001e-03  1.6134015132012517e-03
6.0000000000000053e-03 -3.5999999999999997e-02 4.0000000000000001e-03  1.5493937077925065e-03
6.0000000000000053e-03 -3.3000000000000002e-02 4.0000000000000001e-03  1.4955158448895054e-03
6.0000000000000053e-03 -2.9999999999999999e-02 4.0000000000000001e-03  1.4587537797072048e-03
6.0000000000000053e-03 -2.6999999999999996e-02 4.0000000000000001e-03  1.4331848392531857e-03
6.0000000000000053e-03 -2.3999999999999997e-02 4.0000000000000001e-03  1.4157484743678780e-03
6.0000000000000053e-03 -2.0999999999999998e-02 4.0000000000000001e-03  1.3974592962977715e-03
6.0000000000000053e-03 -1.7999999999999999e-02 4.0000000000000001e-03  1.3780471857916647e-03
6.0000000000000053e-03 -1.4999999999999999e-02 4.0000000000000001e-03  1.3606313424745190e-03
6.0000000000000053e-03 -1.1999999999999997e-02 4.0000000000000001e-03  1.3508552814251549e-03
6.0000000000000053e-03 -8.9999999999999941e-03 4.0000000000000001e-03  1.3431604691474994e-03
6.0000000000000053e-03 -5.9999999999999984e-03 4.0000000000000001e-03  1.3367286907045354e-03
6.0000000000000053e-03 -2.9999999999999957e-03 4.0000000000000001e-03  1.3323541425264737e-03
6.0000000000000053e-03 0.0000000000000000e+00 4.0000000000000001e-03  1.3306387201251777e-03
6.0000000000000053e-03 3.0000000000000027e-03 4.0000000000000001e-03  1.3315789279321796e-03
6.0000000000000053e-03 6.0000000000000053e-03 4.0000000000000001e-03  1.3351722132894873e-03
6.0000000000000053e-03 9.0000000000000011e-03 4.0000000000000001e-03  1.3414459975548791e-03
6.0000000000000053e-03 1.2000000000000004e-02 4.0000000000000001e-03  1.3556415730310238e-03
6.0000000000000053e-03 1.4999999999999999e-02 4.0000000000000001e-03  1.3724512740825731e-03
6.0000000000000053e-03 1.8000000000000002e-02 4.0000000000000001e-03  1.3923876805623670e-03
6.0000000000000053e-03 2.1000000000000005e-02 4.0000000000000001e-03  1.4154375124595647e-03
6.0000000000000053e-03 2.4000000000000007e-02 4.0000000000000001e-03  1.4415900107809633e-03
6.0000000000000053e-03 2.7000000000000010e-02 4.0000000000000001e-03  1.4687212642648601e-03
6.0000000000000053e-03 2.9999999999999999e-02 4.0000000000000001e-03  1.4940113141953318e-03
6.0000000000000053e-03 3.3000000000000002e-02 4.0000000000000001e-03  1.5253051674829581e-03
6.0000000000000053e-03 3.6000000000000004e-02 4.0000000000000001e-03  1.5753456337073487e-03
6.0000000000000053e-03 3.9000000000000007e-02 4.0000000000000001e-03  1.6471976435372547e-03
6.0000000000000053e-03 4.2000000000000010e-02 4.0000000000000001e-03  1.7344938030160852e-03
6.0000000000000053e-03 4.4999999999999998e-02 4.0000000000000001e-03  1.8657075017199177e-03
9.0000000000000011e-03 -4.4999999999999998e-02 4.0000000000000001e-03  1.9072017610740552e-03
9.0000000000000011e-03 -4.1999999999999996e-02 4.0000000000000001e-03  1.7340315999958675e-03
9.0000000000000011e-03 -3.9000000000000000e-02 4.0000000000000001e-03  1.6136311021223905e-03
9.0000000000000011e-03 -3.5999999999999997e-02 4.0000000000000001e-03  1.5565032107039618e-03
9.0000000000000011e-03 -3.3000000000000002e-02 4.0000000000000001e-03  1.5027020021294959e-03
9.0000000000000011e-03 -2.9999999999999999e-02 4.0000000000000001e-03  1.4730834511027546e-03
9.0000000000000011e-03 -2.6999999999999996e-02 4.0000000000000001e-03  1.4462510208275779e-03
9.0000000000000011e-03 -2.3999999999999997e-02 4.0000000000000001e-03  1.4214801862064644e-03
9.0000000000000011e-03 -2.0999999999999998e-02 4.0000000000000001e-03  1.4017963774592735e-03
9.0000000000000011e-03 -1.7999999999999999e-02 4.0000000000000001e-03  1.3822098028620302e-03
9.0000000000000011e-03 -1.4999999999999999e-02 4.0000000000000001e-03  1.3682577806463064e-03
9.0000000000000011e-03 -1.1999999999999997e-02 4.0000000000000001e-03  1.3584308069148139e-03
9.0000000000000011e-03 -8.9999999999999941e-03 4.0000000000000001e-03  1.3500337157714762e-03
9.0000000000000011e-03 -5.9999999999999984e-03 4.0000000000000001e-03  1.3429184091402454e-03
9.0000000000000011e-03 -2.9999999999999957e-03 4.0000000000000001e-03  1.3382489361044021e-03
9.0000000000000011e-03 0.0000000000000000e+00 4.0000000000000001e-03  1.3362380629376560e-03
9.0000000000000011e-03 3.0000000000000027e-03 4.0000000000000001e-03  1.3373455786842646e-03
9.0000000000000011e-03 6.0000000000000053e-03 4.0000000000000001e-03  1.3437922915491768e-03
9.0000000000000011e-03 9.0000000000000011e-03 4.0000000000000001e-03  1.3518223458678386e-03
9.0000000000000011e-03 1.2000000000000004e-02 4.0000000000000001e-03  1.3645248933292667e-03
9.0000000000000011e-03 1.4999999999999999e-02 4.0000000000000001e-03  1.3817766149639501e-03
9.0000000000000011e-03 1.8000000000000002e-02 4.0000000000000001e-03  1.4021523062574253e-03
9.0000000000000011e-03 2.1000000000000005e-02 4.0000000000000001e-03  1.4255644833468533e-03
9.0000000000000011e-03 2.4000000000000007e-02 4.0000000000000001e-03  1.4520414266593383e-03
9.0000000000000011e-03 2.7000000000000010e-02 4.0000000000000001e-03  1.4768815356805661e-03
9.0000000000000011e-03 2.9999999999999999e-02 4.0000000000000001e-03  1.5033349265962499e-03
9.0000000000000011e-03 3.3000000000000002e-02 4.0000000000000001e-03  1.5380781517076957e-03
9.0000000000000011e-03 3.6000000000000004e-02 4.0000000000000001e-03  1.5834406239907328e-03
9.0000000000000011e-03 3.9000000000000007e-02 4.0000000000000001e-03  1.6544315191899242e-03
9.0000000000000011e-03 4.2000000000000010e-02 4.0000000000000001e-03  1.7526833618825965e-03
9.0000000000000011e-03 4.4999999999999998e-02 4.0000000000000001e-03  1.8910915611560044e-03
1.2000000000000004e-02 -4.4999999999999998e-02 4.0000000000000001e-03  1.9137433827067425e-03
1.2000000000000004e-02 -4.1999999999999996e-02 4.0000000000000001e-03  1.7334107470157558e-03
1.2000000000000004e-02 -3.9000000000000000e-02 4.0000000000000001e-03  1.6349342518629480e-03
1.2000000000000004e-02 -3.5999999999999997e-02 4.0000000000000001e-03  1.5707317601267902e-03
1.2000000000000004e-02 -3.3000000000000002e-02 4.0000000000000001e-03  1.5193755227275554e-03
1.2000000000000004e-02 -2.9999999999999999e-02 4.0000000000000001e-03  1.4891304673425795e-03
1.2000000000000004e-02 -2.6999999999999996e-02 4.0000000000000001e-03  1.4577277353330152e-03
1.2000000000000004e-02 -2.3999999999999997e-02 4.0000000000000001e-03  1.4317086678027266e-03
1.2000000000000004e-02 -2.0999999999999998e-02 4.0000000000000001e-03  1.4082219481792179e-03
1.2000000000000004e-02 -1.7999999999999999e-02 4.0000000000000001e-03  1.3872575411432366e-03
1.2000000000000004e-02 -1.4999999999999999e-02 4.0000000000000001e-03  1.3728353179368880e-03
1.2000000000000004e-02 -1.1999999999999997e-02 4.0000000000000001e-03  1.3657376007425953e-03
1.2000000000000004e-02 -8.9999999999999941e-03 4.0000000000000001e-03  1.3585132396344496e-03
1.2000000000000004e-02 -5.9999999999999984e-03 4.0000000000000001e-03  1.3498287021205789e-03
1.2000000000000004e-02 -2.9999999999999957e-03 4.0000000000000001e-03  1.3434723404820723e-03
1.2000000000000004e-02 0.0000000000000000e+00 4.0000000000000001e-03  1.3427531442787078e-03
1.2000000000000004e-02 3.0000000000000027e-03 4.0000000000000001e-03  1.3476651399049711e-03
1.2000000000000004e-02 6.0000000000000053e-03 4.0000000000000001e-03  1.3582041730304925e-03
1.2000000000000004e-02 9.0000000000000011e-03 4.0000000000000001e-03  1.3658659156680374e-03
1.2000000000000004e-02 1.2000000000000004e-02 4.0000000000000001e-03  1.3738319643491423e-03
1.2000000000000004e-02 1.4999999999999999e-02 4.0000000000000001e-03  1.3915962438791549e-03
1.2000000000000004e-02 1.8000000000000002e-02 4.0000000000000001e-03  1.4128489830098950e-03
1.2000000000000004e-02 2.1000000000000005e-02 4.0000000000000001e-03  1.4375786257430068e-03
1.2000000000000004e-02 2.4000000000000007e-02 4.0000000000000001e-03  1.4643384478146358e-03
1.2000000000000004e-02 2.7000000000000010e-02 4.0000000000000001e-03  1.4899036818102035e-03
1.2000000000000004e-02 2.9999999999999999e-02 4.0000000000000001e-03  1.5187980464858202e-03
1.2000000000000004e-02 3.3000000000000002e-02 4.0000000000000001e-03  1.5535259810172742e-03
1.2000000000000004e-02 3.6000000000000004e-02 4.0000000000000001e-03  1.5937343709949766e-03
1.2000000000000004e-02 3.9000000000000007e-02 4.0000000000000001e-03  1.6663130389953254e-03
1.2000000000000004e-02 4.2000000000000010e-02 4.0000000000000001e-03  1.7677496207170235e-03
1.2000000000000004e-02 4.4999999999999998e-02 4.0000000000000001e-03  1.8966925978873652e-03
1.4999999999999999e-02 -4.4999999999999998e-02 4.0000000000000001e-03  1.9119838845722316e-03
1.4999999999999999e-02 -4.1999999999999996e-02 4.0000000000000001e-03  1.7341557166015767e-03
1.4999999999999999e-02 -3.9000000000000000e-02 4.0000000000000001e-03  1.6643903210618260e-03
1.4999999999999999e-02 -3.5999999999999997e-02 4.0000000000000001e-03  1.5901152847196463e-03
1.4999999999999999e-02 -3.3000000000000002e-02 4.0000000000000001e-03  1.5387072843209217e-03
1.4999999999999999e-02 -2.9999999999999999e-02 4.0000000000000001e-03  1.5081407214016169e-03
1.4999999999999999e-02 -2.6999999999999996e-02 4.0000000000000001e-03  1.4764655793734671e-03
1.4999999999999999e-02 -2.3999999999999997e-02 4.0000000000000001e-03  1.4426040021911803e-03
1.4999999999999999e-02 -2.0999999999999998e-02 4.0000000000000001e-03  1.4150995298219218e-03
1.4999999999999999e-02 -1.7999999999999999e-02 4.0000000000000001e-03  1.3929415788172044e-03
1.4999999999999999e-02 -1.4999999999999999e-02 4.0000000000000001e-03  1.3811291792895221e-03
1.4999999999999999e-02 -1.1999999999999997e-02 4.0000000000000001e-03  1.3764391616931423e-03
1.4999999999999999e-02 -8.9999999999999941e-03 4.0000000000000001e-03  1.3769193697418444e-03
1.4999999999999999e-02 -5.9999999999999984e-03 4.0000000000000001e-03  1.3559498091022383e-03
1.4999999999999999e-02 -2.9999999999999957e-03 4.0000000000000001e-03  1.3489767962870153e-03
1.4999999999999999e-02 0.0000000000000000e+00 4.0000000000000001e-03  1.3523556861765641e-03
1.4999999999999999e-02 3.0000000000000027e-03 4.0000000000000001e-03  1.3613640033411352e-03
1.4999999999999999e-02 6.0000000000000053e-03 4.0000000000000001e-03  1.3734002839411897e-03
1.4999999999999999e-02 9.0000000000000011e-03 4.0000000000000001e-03  1.3818448282807566e-03
1.4999999999999999e-02 1.2000000000000004e-02 4.0000000000000001e-03  1.3869556939327134e-03
1.4999999999999999e-02 1.4999999999999999e-02 4.0000000000000001e-03  1.4054773891426927e-03
1.4999999999999999e-02 1.8000000000000002e-02 4.0000000000000001e-03  1.4284435889197259e-03
1.4999999999999999e-02 2.1000000000000005e-02 4.0000000000000001e-03  1.4548905478331420e-03
1.4999999999999999e-02 2.4000000000000007e-02 4.0000000000000001e-03  1.4810810797433250e-03
1.4999999999999999e-02 2.7000000000000010e-02 4.0000000000000001e-03  1.5084178299490803e-03
1.4999999999999999e-02 2.9999999999999999e-02 4.0000000000000001e-03  1.5378584540356747e-03
1.4999999999999999e-02 3.3000000000000002e-02 4.0000000000000001e-03  1.5716358374651264e-03
1.4999999999999999e-02 3.6000000000000004e-02 4.0000000000000001e-03  1.6104254671667430e-03
1.4999999999999999e-02 3.9000000000000007e-02 4.0000000000000001e-03  1.6778175263645362e-03
1.4999999999999999e-02 4.2000000000000010e-02 4.0000000000000001e-03  1.7704749670780138e-03
1.4999999999999999e-02 4.4999999999999998e-02 4.0000000000000001e-03  1.8930408634143699e-03
1.8000000000000002e-02 -4.4999999999999998e-02 4.0000000000000001e-03  1.9019716272171321e-03
1.8000000000000002e-02 -4.1999999999999996e-02 4.0000000000000001e-03  1.7796125782731428e-03
1.8000000000000002e-02 -3.9000000000000000e-02 4.0000000000000001e-03  1.6866733271653760e-03
1.8000000000000002e-02 -3.5999999999999997e-02 4.0000000000000001e-03  1.6122019106071090e-03
1.8000000000000002e-02 -3.3000000000000002e-02 4.0000000000000001e-03  1.5606811084498534e-03
1.8000000000000002e-02 -2.9999999999999999e-02 4.0000000000000001e-03  1.5297953160906368e-03
1.8000000000000002e-02 -2.6999999999999996e-02 4.0000000000000001e-03  1.4978505515282027e-03
1.8000000000000002e-02 -2.3999999999999997e-02 4.0000000000000001e-03  1.4637335844797498e-03
1.8000000000000002e-02 -2.0999999999999998e-02 4.0000000000000001e-03  1.4320706583989555e-03
1.8000000000000002e-02 -1.7999999999999999e-02 4.0000000000000001e-03  1.4109243342071934e-03
1.8000000000000002e-02 -1.4999999999999999e-02 4.0000000000000001e-03  1.3981905149336258e-03
1.8000000000000002e-02 -1.1999999999999997e-02 4.0000000000000001e-03  1.3950049817271677e-03
1.8000000000000002e-02 -8.9999999999999941e-03 4.0000000000000001e-03  1.3981339638285731e-03
1.8000000000000002e-02 -5.9999999999999984e-03 4.0000000000000001e-03  1.3926703751811840e-03
1.8000000000000002e-02 -2.9999999999999957e-03 4.0000000000000001e-03  1.3755391749986985e-03
1.8000000000000002e-02 0.0000000000000000e+00 4.0000000000000001e-03  1.3671482761594403e-03
1.8000000000000002e-02 3.0000000000000027e-03 4.0000000000000001e-03  1.3784463006196394e-03
1.8000000000000002e-02 6.0000000000000053e-03 4.0000000000000001e-03  1.3904215382284980e-03
1.8000000000000002e-02 9.0000000000000011e-03 4.0000000000000001e-03  1.3986029866167480e-03
1.8000000000000002e-02 1.2000000000000004e-02 4.0000000000000001e-03  1.4070073473789735e-03
1.8000000000000002e-02 1.4999999999999999e-02 4.0000000000000001e-03  1.4246678770544448e-03
1.8000000000000002e-02 1.8000000000000002e-02 4.0000000000000001e-03  1.4493473127000426e-03
1.8000000000000002e-02 2.1000000000000005e-02 4.0000000000000001e-03  1.4768846047586342e-03
1.8000000000000002e-02 2.4000000000000007e-02 4.0000000000000001e-03  1.5033204894842171e-03
1.8000000000000002e-02 2.7000000000000010e-02 4.0000000000000001e-03  1.5316681099003724e-03
1.8000000000000002e-02 2.9999999999999999e-02 4.0000000000000001e-03  1.5595977130531311e-03
1.8000000000000002e-02 3.3000000000000002e-02 4.0000000000000001e-03  1.5923957939293903e-03
1.8000000000000002e-02 3.6000000000000004e-02 4.0000000000000001e-03  1.6393771245045729e-03
1.8000000000000002e-02 3.9000000000000007e-02 4.0000000000000001e-03  1.7022869272163563e-03
1.8000000000000002e-02 4.2000000000000010e-02 4.0000000000000001e-03  1.7859809981581242e-03
1.8000000000000002e-02 4.4999999999999998e-02 4.0000000000000001e-03  1.9169755606209110e-03
2.1000000000000005e-02 -4.4999999999999998e-02 4.0000000000000001e-03  1.9182069775406122e-03
2.1000000000000005e-02 -4.1999999999999996e-02 4.0000000000000001e-03  1.8116763281956258e-03
2.1000000000000005e-02 -3.9000000000000000e-02 4.0000000000000001e-03  1.7115813039397252e-03
2.1000000000000005e-02 -3.5999999999999997e-02 4.0000000000000001e-03  1.6369791332905728e-03
2.1000000000000005e-02 -3.3000000000000002e-02 4.0000000000000001e-03  1.5852863880328181e-03
2.1000000000000005e-02 -2.9999999999999999e-02 4.0000000000000001e-03  1.5540837902620844e-03
2.1000000000000005e-02 -2.6999999999999996e-02 4.0000000000000001e-03  1.5218730844528709e-03
2.1000000000000005e-02 -2.3999999999999997e-02 4.0000000000000001e-03  1.4909234624018259e-03
2.1000000000000005e-02 -2.0999999999999998e-02 4.0000000000000001e-03  1.4633099264617869e-03
2.1000000000000005e-02 -1.7999999999999999e-02 4.0000000000000001e-03  1.4350770056051824e-03
2.1000000000000005e-02 -1.4999999999999999e-02 4.0000000000000001e-03  1.4192886961835580e-03
2.1000000000000005e-02 -1.1999999999999997e-02 4.0000000000000001e-03  1.4160095139723805e-03
2.1000000000000005e-02 -8.9999999999999941e-03 4.0000000000000001e-03  1.4202656146509300e-03
2.1000000000000005e-02 -5.9999999999999984e-03 4.0000000000000001e-03  1.4284216823879012e-03
2.1000000000000005e-02 -2.9999999999999957e-03 4.0000000000000001e-03  1.4138055670936493e-03
2.1000000000000005e-02 0.0000000000000000e+00 4.0000000000000001e-03  1.4077480498153286e-03
2.1000000000000005e-02 3.0000000000000027e-03 4.0000000000000001e-03  1.4096401516842951e-03
2.1000000000000005e-02 6.0000000000000053e-03 4.0000000000000001e-03  1.4093742079261070e-03
2.1000000000000005e-02 9.0000000000000011e-03 4.0000000000000001e-03  1.4179207242791402e-03
2.1000000000000005e-02 1.2000000000000004e-02 4.0000000000000001e-03  1.4303100033538634e-03
2.1000000000000005e-02 1.4999999999999999e-02 4.0000000000000001e-03  1.4491807236853131e-03
2.1000000000000005e-02 1.8000000000000002e-02 4.0000000000000001e-03  1.4755738041586186e-03
2.1000000000000005e-02 2.1000000000000005e-02 4.0000000000000001e-03  1.5028780610503417e-03
2.1000000000000005e-02 2.4000000000000007e-02 4.0000000000000001e-03  1.5310713816066037e-03
2.1000000000000005e-02 2.7000000000000010e-02 4.0000000000000001e-03  1.5570605162589658e-03
2.1000000000000005e-02 2.9999999999999999e-02 4.0000000000000001e-03  1.5840025342546003e-03
2.1000000000000005e-02 3.3000000000000002e-02 4.0000000000000001e-03  1.6157948141129015e-03
2.1000000000000005e-02 3.6000000000000004e-02 4.0000000000000001e-03  1.6694950145126365e-03
2.1000000000000005e-02 3.9000000000000007e-02 4.0000000000000001e-03  1.7295894458388349e-03
2.1000000000000005e-02 4.2000000000000010e-02 4.0000000000000001e-03  1.8043232828910370e-03
2.1000000000000005e-02 4.4999999999999998e-02 4.0000000000000001e-03  1.9326615418630464e-03
2.4000000000000007e-02 -4.4999999999999998e-02 4.0000000000000001e-03  1.9674963898302150e-03
2.4000000000000007e-02 -4.1999999999999996e-02 4.0000000000000001e-03  1.8394779337456745e-03
2.4000000000000007e-02 -3.9000000000000000e-02 4.0000000000000001e-03  1.7392409894339050e-03
2.4000000000000007e-02 -3.5999999999999997e-02 4.0000000000000001e-03  1.6644400196496496e-03
2.4000000000000007e-02 -3.3000000000000002e-02 4.0000000000000001e-03  1.6125180873665073e-03
2.4000000000000007e-02 -2.9999999999999999e-02 4.0000000000000001e-03  1.5810012742656207e-03
2.4000000000000007e-02 -2.6999999999999996e-02 4.0000000000000001e-03  1.5505208694559830e-03
2.4000000000000007e-02 -2.3999999999999997e-02 4.0000000000000001e-03  1.5218278336912858e-03
2.4000000000000007e-02 -2.0999999999999998e-02 4.0000000000000001e-03  1.4934148064411007e-03
2.4000000000000007e-02 -1.7999999999999999e-02 4.0000000000000001e-03  1.4646336416727695e-03
2.4000000000000007e-02 -1.4999999999999999e-02 4.0000000000000001e-03  1.4504708843314131e-03
2.4000000000000007e-02 -1.1999999999999997e-02 4.0000000000000001e-03  1.4430492591356251e-03
2.4000000000000007e-02 -8.9999999999999941e-03 4.0000000000000001e-03  1.4434677747103013e-03
2.4000000000000007e-02 -5.9999999999999984e-03 4.0000000000000001e-03  1.4525923100316490e-03
2.4000000000000007e-02 -2.9999999999999957e-03 4.0000000000000001e-03  1.4512299104499243e-03
2.4000000000000007e-02 0.0000000000000000e+00 4.0000000000000001e-03  1.4476099610565439e-03
2.4000000000000007e-02 3.0000000000000027e-03 4.0000000000000001e-03  1.4500012847440812e-03
2.4000000000000007e-02 6.0000000000000053e-03 4.0000000000000001e-03  1.4497888789904159e-03
2.4000000000000007e-02 9.0000000000000011e-03 4.0000000000000001e-03  1.4503608083507053e-03
2.4000000000000007e-02 1.2000000000000004e-02 4.0000000000000001e-03  1.4568684286478562e-03
2.4000000000000007e-02 1.4999999999999999e-02 4.0000000000000001e-03  1.4792032275514396e-03
2.4000000000000007e-02 1.8000000000000002e-02 4.0000000000000001e-03  1.5071105319525897e-03
2.4000000000000007e-02 2.1000000000000005e-02 4.0000000000000001e-03  1.5343915728577504e-03
2.4000000000000007e-02 2.4000000000000007e-02 4.0000000000000001e-03  1.5640440217210888e-03
2.4000000000000007e-02 2.7000000000000010e-02 4.0000000000000001e-03  1.5851381339909549e-03
2.4000000000000007e-02 2.9999999999999999e-02 4.0000000000000001e-03  1.6110605191811864e-03
2.4000000000000007e-02 3.3000000000000002e-02 4.0000000000000001e-03  1.6474828571857632e-03
2.4000000000000007e-02 3.6000000000000004e-02 4.0000000000000001e-03  1.7007806693334789e-03
2.4000000000000007e-02 3.9000000000000007e-02 4.0000000000000001e-03  1.7587398190000774e-03
2.4000000000000007e-02 4.2000000000000010e-02 4.0000000000000001e-03  1.8298825902564116e-03
2.4000000000000007e-02 4.4999999999999998e-02 4.0000000000000001e-03  1.9578993821147890e-03
2.7000000000000010e-02 -4.4999999999999998e-02 4.0000000000000001e-03  1.9982696933407815e-03
2.7000000000000010e-02 -4.1999999999999996e-02 4.0000000000000001e-03  1.8701049376027604e-03
2.7000000000000010e-02 -3.9000000000000000e-02 4.0000000000000001e-03  1.7696491244886604e-03
2.7000000000000010e-02 -3.5999999999999997e-02 4.0000000000000001e-03  1.6945832079421673e-03
2.7000000000000010e-02 -3.3000000000000002e-02 4.0000000000000001e-03  1.6423767421258240e-03
2.7000000000000010e-02 -2.9999999999999999e-02 4.0000000000000001e-03  1.6109147918609158e-03
2.7000000000000010e-02 -2.6999999999999996e-02 4.0000000000000001e-03  1.5811263731753402e-03
2.7000000000000010e-02 -2.3999999999999997e-02 4.0000000000000001e-03  1.5529219003493947e-03
2.7000000000000010e-02 -2.0999999999999998e-02 4.0000000000000001e-03  1.5280404933408736e-03
2.7000000000000010e-02 -1.7999999999999999e-02 4.0000000000000001e-03  1.5051498099529943e-03
2.7000000000000010e-02 -1.4999999999999999e-02 4.0000000000000001e-03  1.4930197242211240e-03
2.7000000000000010e-02 -1.1999999999999997e-02 4.0000000000000001e-03  1.4801767670395698e-03
2.7000000000000010e-02 -8.9999999999999941e-03 4.0000000000000001e-03  1.4752437093788753e-03
2.7000000000000010e-02 -5.9999999999999984e-03 4.0000000000000001e-03  1.4784749368826086e-03
2.7000000000000010e-02 -2.9999999999999957e-03 4.0000000000000001e-03  1.4877282688674331e-03
2.7000000000000010e-02 0.0000000000000000e+00 4.0000000000000001e-03  1.4866226320290258e-03
2.7000000000000010e-02 3.0000000000000027e-03 4.0000000000000001e-03  1.4896689399326950e-03
2.7000000000000010e-02 6.0000000000000053e-03 4.0000000000000001e-03  1.4927661150506777e-03
2.7000000000000010e-02 9.0000000000000011e-03 4.0000000000000001e-03  1.4993959545959708e-03
2.7000000000000010e-02 1.2000000000000004e-02 4.0000000000000001e-03  1.5095465945080759e-03
2.7000000000000010e-02 1.4999999999999999e-02 4.0000000000000001e-03  1.5232109524430024e-03
2.7000000000000010e-02 1.8000000000000002e-02 4.0000000000000001e-03  1.5418579904524139e-03
2.7000000000000010e-02 2.1000000000000005e-02 4.0000000000000001e-03  1.5706934540614401e-03
2.7000000000000010e-02 2.4000000000000007e-02 4.0000000000000001e-03  1.5949107020432000e-03
2.7000000000000010e-02 2.7000000000000010e-02 4.0000000000000001e-03  1.6158872024757084e-03
2.7000000000000010e-02 2.9999999999999999e-02 4.0000000000000001e-03  1.6407601601986805e-03
2.7000000000000010e-02 3.3000000000000002e-02 4.0000000000000001e-03  1.6826599599948865e-03
2.7000000000000010e-02 3.6000000000000004e-02 4.0000000000000001e-03  1.7332388084595968e-03
2.7000000000000010e-02 3.9000000000000007e-02 4.0000000000000001e-03  1.7887790023460193e-03
2.7000000000000010e-02 4.2000000000000010e-02 4.0000000000000001e-03  1.8642126160130028e-03
2.7000000000000010e-02 4.4999999999999998e-02 4.0000000000000001e-03  1.9994989793510141e-03
2.9999999999999999e-02 -4.4999999999999998e-02 4.0000000000000001e-03  2.0065330167024871e-03
2.9999999999999999e-02 -4.1999999999999996e-02 4.0000000000000001e-03  1.8865521931472650e-03
2.9999999999999999e-02 -3.9000000000000000e-02 4.0000000000000001e-03  1.7963845535380590e-03
2.9999999999999999e-02 -3.5999999999999997e-02 4.0000000000000001e-03  1.7301054234864287e-03
2.9999999999999999e-02 -3.3000000000000002e-02 4.0000000000000001e-03  1.6810905745430914e-03
2.9999999999999999e-02 -2.9999999999999999e-02 4.0000000000000001e-03  1.6412640315778247e-03
2.9999999999999999e-02 -2.6999999999999996e-02 4.0000000000000001e-03  1.6136130651219756e-03
2.9999999999999999e-02 -2.3999999999999997e-02 4.0000000000000001e-03  1.5926757123576837e-03
2.9999999999999999e-02 -2.0999999999999998e-02 4.0000000000000001e-03  1.5737777006761147e-03
2.9999999999999999e-02 -1.7999999999999999e-02 4.0000000000000001e-03  1.5573184510118329e-03
2.9999999999999999e-02 -1.4999999999999999e-02 4.0000000000000001e-03  1.5473156543324396e-03
2.9999999999999999e-02 -1.1999999999999997e-02 4.0000000000000001e-03  1.5279563926711294e-03
2.9999999999999999e-02 -8.9999999999999941e-03 4.0000000000000001e-03  1.5172571879215144e-03
2.9999999999999999e-02 -5.9999999999999984e-03 4.0000000000000001e-03  1.5149958415467059e-03
2.9999999999999999e-02 -2.9999999999999957e-03 4.0000000000000001e-03  1.5209861145565938e-03
2.9999999999999999e-02 0.0000000000000000e+00 4.0000000000000001e-03  1.5247232617644684e-03
2.9999999999999999e-02 3.0000000000000027e-03 4.0000000000000001e-03  1.5304240070649932e-03
2.9999999999999999e-02 6.0000000000000053e-03 4.0000000000000001e-03  1.5396574223632098e-03
2.9999999999999999e-02 9.0000000000000011e-03 4.0000000000000001e-03  1.5458989727358220e-03
2.9999999999999999e-02 1.2000000000000004e-02 4.0000000000000001e-03  1.5524750336441938e-03
2.9999999999999999e-02 1.4999999999999999e-02 4.0000000000000001e-03  1.5610507092071550e-03
2.9999999999999999e-02 1.8000000000000002e-02 4.0000000000000001e-03  1.5783727446319808e-03
2.9999999999999999e-02 2.1000000000000005e-02 4.0000000000000001e-03  1.6076426684770158e-03
2.9999999999999999e-02 2.4000000000000007e-02 4.0000000000000001e-03  1.6244573321002494e-03
2.9999999999999999e-02 2.7000000000000010e-02 4.0000000000000001e-03  1.6462669043079215e-03
2.9999999999999999e-02 2.9999999999999999e-02 4.0000000000000001e-03  1.6796698832765909e-03
2.9999999999999999e-02 3.3000000000000002e-02 4.0000000000000001e-03  1.7272970837129843e-03
2.9999999999999999e-02 3.6000000000000004e-02 4.0000000000000001e-03  1.7717366125004996e-03
2.9999999999999999e-02 3.9000000000000007e-02 4.0000000000000001e-03  1.8276539757748481e-03
2.9999999999999999e-02 4.2000000000000010e-02 4.0000000000000001e-03  1.8998391135823724e-03
2.9999999999999999e-02 4.4999999999999998e-02 4.0000000000000001e-03  2.0345585909279256e-03
3.3000000000000002e-02 -4.4999999999999998e-02 4.0000000000000001e-03  2.0802367075208306e-03
3.3000000000000002e-02 -4.1999999999999996e-02 4.0000000000000001e-03  1.9259166964004492e-03
3.3000000000000002e-02 -3.9000000000000000e-02 4.0000000000000001e-03  1.8244034871504205e-03
3.3000000000000002e-02 -3.5999999999999997e-02 4.0000000000000001e-03  1.7691953555839211e-03
3.3000000000000002e-02 -3.3000000000000002e-02 4.0000000000000001e-03  1.7202936151734455e-03
3.3000000000000002e-02 -2.9999999999999999e-02 4.0000000000000001e-03  1.6755643018724021e-03
3.3000000000000002e-02 -2.6999999999999996e-02 4.0000000000000001e-03  1.6585827700535717e-03
3.3000000000000002e-02 -2.3999999999999997e-02 4.0000000000000001e-03  1.6437143543469093e-03
3.3000000000000002e-02 -2.0999999999999998e-02 4.0000000000000001e-03  1.6313374724388548e-03
3.3000000000000002e-02 -1.7999999999999999e-02 4.0000000000000001e-03  1.6219092281240938e-03
3.3000000000000002e-02 -1.4999999999999999e-02 4.0000000000000001e-03  1.6130281137949729e-03
3.3000000000000002e-02 -1.1999999999999997e-02 4.0000000000000001e-03  1.5870709264038914e-03
3.3000000000000002e-02 -8.9999999999999941e-03 4.0000000000000001e-03  1.5701429354999794e-03
3.3000000000000002e-02 -5.9999999999999984e-03 4.0000000000000001e-03  1.5619762732691745e-03
3.3000000000000002e-02 -2.9999999999999957e-03 4.0000000000000001e-03  1.5636398464582270e-03
3.3000000000000002e-02 0.0000000000000000e+00 4.0000000000000001e-03  1.5565313945719089e-03
3.3000000000000002e-02 3.0000000000000027e-03 4.0000000000000001e-03  1.5687787091185194e-03
3.3000000000000002e-02 6.0000000000000053e-03 4.0000000000000001e-03  1.5717950317326989e-03
3.3000000000000002e-02 9.0000000000000011e-03 4.0000000000000001e-03  1.5784063088358649e-03
3.3000000000000002e-02 1.2000000000000004e-02 4.0000000000000001e-03  1.5892738331044164e-03
3.3000000000000002e-02 1.4999999999999999e-02 4.0000000000000001e-03  1.6021631267312416e-03
3.3000000000000002e-02 1.8000000000000002e-02 4.0000000000000001e-03  1.6173141728761593e-03
3.3000000000000002e-02 2.1000000000000005e-02 4.0000000000000001e-03  1.6315464214867246e-03
3.3000000000000002e-02 2.4000000000000007e-02 4.0000000000000001e-03  1.6555345978345687e-03
3.3000000000000002e-02 2.7000000000000010e-02 4.0000000000000001e-03  1.6980085733732022e-03
3.3000000000000002e-02 2.9999999999999999e-02 4.0000000000000001e-03  1.7384678553458814e-03
3.3000000000000002e-02 3.3000000000000002e-02 4.0000000000000001e-03  1.7711537142053044e-03
3.3000000000000002e-02 3.6000000000000004e-02 4.0000000000000001e-03  1.8157502729939795e-03
3.3000000000000002e-02 3.9000000000000007e-02 4.0000000000000001e-03  1.8852246719108176e-03
3.3000000000000002e-02 4.2000000000000010e-02 4.0000000000000001e-03  1.9399840558265498e-03
3.3000000000000002e-02 4.4999999999999998e-02 4.0000000000000001e-03  2.0583791658901028e-03
3.6000000000000004e-02 -4.4999999999999998e-02 4.0000000000000001e-03  2.1538659127503944e-03
3.6000000000000004e-02 -4.1999999999999996e-02 4.0000000000000001e-03  1.9871012195234287e-03
3.6000000000000004e-02 -3.9000000000000000e-02 4.0000000000000001e-03  1.8734985145100111e-03
3.6000000000000004e-02 -3.5999999999999997e-02 4.0000000000000001e-03  1.8127023999139757e-03
3.6000000000000004e-02 -3.3000000000000002e-02 4.0000000000000001e-03  1.7786340112779407e-03
3.6000000000000004e-02 -2.9999999999999999e-02 4.0000000000000001e-03  1.7437596654821612e-03
3.6000000000000004e-02 -2.6999999999999996e-02 4.0000000000000001e-03  1.7150319358341852e-03
3.6000000000000004e-02 -2.3999999999999997e-02 4.0000000000000001e-03  1.7067669737351329e-03
3.6000000000000004e-02 -2.0999999999999998e-02 4.0000000000000001e-03  1.7015075753299299e-03
3.6000000000000004e-02 -1.7999999999999999e-02 4.0000000000000001e-03  1.6997685272733844e-03
3.6000000000000004e-02 -1.4999999999999999e-02 4.0000000000000001e-03  1.6913833325842786e-03
3.6000000000000004e-02 -1.1999999999999997e-02 4.0000000000000001e-03  1.6582676180982882e-03
3.6000000000000004e-02 -8.9999999999999941e-03 4.0000000000000001e-03  1.6346001367628638e-03
3.6000000000000004e-02 -5.9999999999999984e-03 4.0000000000000001e-03  1.6261688601961778e-03
3.6000000000000004e-02 -2.9999999999999957e-03 4.0000000000000001e-03  1.6290132932415249e-03
3.6000000000000004e-02 0.0000000000000000e+00 4.0000000000000001e-03  1.6310297182474097e-03
3.6000000000000004e-02 3.0000000000000027e-03 4.0000000000000001e-03  1.6305760080049542e-03
3.6000000000000004e-02 6.0000000000000053e-03 4.0000000000000001e-03  1.6349262755306704e-03
3.6000000000000004e-02 9.0000000000000011e-03 4.0000000000000001e-03  1.6470596055352625e-03
3.6000000000000004e-02 1.2000000000000004e-02 4.0000000000000001e-03  1.6587709066174902e-03
3.6000000000000004e-02 1.4999999999999999e-02 4.0000000000000001e-03  1.6686549586561368e-03
3.6000000000000004e-02 1.8000000000000002e-02 4.0000000000000001e-03  1.6670287030161669e-03
3.6000000000000004e-02 2.1000000000000005e-02 4.0000000000000001e-03  1.6845675162417207e-03
3.6000000000000004e-02 2.4000000000000007e-02 4.0000000000000001e-03  1.7210927940301307e-03
3.6000000000000004e-02 2.7000000000000010e-02 4.0000000000000001e-03  1.7614180194486862e-03
3.6000000000000004e-02 2.9999999999999999e-02 4.0000000000000001e-03  1.7870988591447391e-03
3.6000000000000004e-02 3.3000000000000002e-02 4.0000000000000001e-03  1.8049973034290933e-03
3.6000000000000004e-02 3.6000000000000004e-02 4.0000000000000001e-03  1.8873460528456834e-03
3.6000000000000004e-02 3.9000000000000007e-02 4.0000000000000001e-03  1.9625715106485297e-03
3.6000000000000004e-02 4.2000000000000010e-02 4.0000000000000001e-03  1.9754923277164570e-03
3.6000000000000004e-02 4.4999999999999998e-02 4.0000000000000001e-03  2.0934059414912556e-03
3.9000000000000007e-02 -4.4999999999999998e-02 4.0000000000000001e-03  2.2284401234910264e-03
3.9000000000000007e-02 -4.1999999999999996e-02 4.0000000000000001e-03  2.0485022365474941e-03
3.9000000000000007e-02 -3.9000000000000000e-02 4.0000000000000001e-03  1.9502705673263476e-03
3.9000000000000007e-02 -3.5999999999999997e-02 4.0000000000000001e-03  1.9051005321271215e-03
3.9000000000000007e-02 -3.3000000000000002e-02 4.0000000000000001e-03  1.8628614662584474e-03
3.9000000000000007e-02 -2.9999999999999999e-02 4.0000000000000001e-03  1.8232140764034947e-03
3.9000000000000007e-02 -2.6999999999999996e-02 4.0000000000000001e-03  1.7989507407317666e-03
3.9000000000000007e-02 -2.3999999999999997e-02 4.0000000000000001e-03  1.7826394406492375e-03
3.9000000000000007e-02 -2.0999999999999998e-02 4.0000000000000001e-03  1.7851524987589984e-03
3.9000000000000007e-02 -1.7999999999999999e-02 4.0000000000000001e-03  1.7918194571521434e-03
3.9000000000000007e-02 -1.4999999999999999e-02 4.0000000000000001e-03  1.7832410852594435e-03
3.9000000000000007e-02 -1.1999999999999997e-02 4.0000000000000001e-03  1.7423581771015741e-03
3.9000000000000007e-02 -8.9999999999999941e-03 4.0000000000000001e-03  1.7113924358455931e-03
3.9000000000000007e-02 -5.9999999999999984e-03 4.0000000000000001e-03  1.7177562059908732e-03
3.9000000000000007e-02 -2.9999999999999957e-03 4.0000000000000001e-03  1.7211305671294816e-03
3.9000000000000007e-02 0.0000000000000000e+00 4.0000000000000001e-03  1.7224541445975501e-03
3.9000000000000007e-02 3.0000000000000027e-03 4.0000000000000001e-03  1.7216375233186215e-03
3.9000000000000007e-02 6.0000000000000053e-03 4.0000000000000001e-03  1.7143313194667492e-03
3.9000000000000007e-02 9.0000000000000011e-03 4.0000000000000001e-03  1.7326203882822738e-03
3.9000000000000007e-02 1.2000000000000004e-02 4.0000000000000001e-03  1.7532297455694198e-03
3.9000000000000007e-02 1.4999999999999999e-02 4.0000000000000001e-03  1.7684235714090371e-03
3.9000000000000007e-02 1.8000000000000002e-02 4.0000000000000001e-03  1.7737301025668758e-03
3.9000000000000007e-02 2.1000000000000005e-02 4.0000000000000001e-03  1.7881204558342512e-03
3.9000000000000007e-02 2.4000000000000007e-02 4.0000000000000001e-03  1.8057347644707996e-03
3.9000000000000007e-02 2.7000000000000010e-02 4.0000000000000001e-03  1.8280640340045304e-03
3.9000000000000007e-02 2.9999999999999999e-02 4.0000000000000001e-03  1.8618056516230585e-03
3.9000000000000007e-02 3.3000000000000002e-02 4.0000000000000001e-03  1.9096947595637224e-03
3.9000000000000007e-02 3.6000000000000004e-02 4.0000000000000001e-03  1.9794435191967221e-03
3.9000000000000007e-02 3.9000000000000007e-02 4.0000000000000001e-03  2.0609817042794775e-03
3.9000000000000007e-02 4.2000000000000010e-02 4.0000000000000001e-03  2.0422718239932274e-03
3.9000000000000007e-02 4.4999999999999998e-02 4.0000000000000001e-03  2.1296557523269696e-03
4.2000000000000010e-02 -4.4999999999999998e-02 4.0000000000000001e-03  2.3292456474455639e-03
4.2000000000000010e-02 -4.1999999999999996e-02 4.0000000000000001e-03  2.1787747194391997e-03
4.2000000000000010e-02 -3.9000000000000000e-02 4.0000000000000001e-03  2.1221418959531447e-03
4.2000000000000010e-02 -3.5999999999999997e-02 4.0000000000000001e-03  2.0669488317341207e-03
4.2000000000000010e-02 -3.3000000000000002e-02 4.0000000000000001e-03  2.0148643602427956e-03
4.2000000000000010e-02 -2.9999999999999999e-02 4.0000000000000001e-03  1.9655360041528325e-03
4.2000000000000010e-02 -2.6999999999999996e-02 4.0000000000000001e-03  1.9186709938507495e-03
4.2000000000000010e-02 -2.3999999999999997e-02 4.0000000000000001e-03  1.8868810918332415e-03
4.2000000000000010e-02 -2.0999999999999998e-02 4.0000000000000001e-03  1.8832134548445387e-03
4.2000000000000010e-02 -1.7999999999999999e-02 4.0000000000000001e-03  1.8990618491616337e-03
4.2000000000000010e-02 -1.4999999999999999e-02 4.0000000000000001e-03  1.8895256058663987e-03
4.2000000000000010e-02 -1.1999999999999997e-02 4.0000000000000001e-03  1.8402187722478412e-03
4.2000000000000010e-02 -8.9999999999999941e-03 4.0000000000000001e-03  1.8340915483521028e-03
4.2000000000000010e-02 -5.9999999999999984e-03 4.0000000000000001e-03  1.8392605271039090e-03
4.2000000000000010e-02 -2.9999999999999957e-03 4.0000000000000001e-03  1.8421025938847565e-03
4.2000000000000010e-02 0.0000000000000000e+00 4.0000000000000001e-03  1.8425284794507317e-03
4.2000000000000010e-02 3.0000000000000027e-03 4.0000000000000001e-03  1.8404728285817949e-03
4.2000000000000010e-02 6.0000000000000053e-03 4.0000000000000001e-03  1.8358942000817589e-03
4.2000000000000010e-02 9.0000000000000011e-03 4.0000000000000001e-03  1.8362632526072488e-03
4.2000000000000010e-02 1.2000000000000004e-02 4.0000000000000001e-03  1.8640796175714673e-03
4.2000000000000010e-02 1.4999999999999999e-02 4.0000000000000001e-03  1.8812765041244294e-03
4.2000000000000010e-02 1.8000000000000002e-02 4.0000000000000001e-03  1.8886228778608818e-03
4.2000000000000010e-02 2.1000000000000005e-02 4.0000000000000001e-03  1.8996197979236212e-03
4.2000000000000010e-02 2.4000000000000007e-02 4.0000000000000001e-03  1.9345262338909314e-03
4.2000000000000010e-02 2.7000000000000010e-02 4.0000000000000001e-03  1.9682797942272207e-03
4.2000000000000010e-02 2.9999999999999999e-02 4.0000000000000001e-03  1.9874336837793732e-03
4.2000000000000010e-02 3.3000000000000002e-02 4.0000000000000001e-03  2.0516572785546014e-03
4.2000000000000010e-02 3.6000000000000004e-02 4.0000000000000001e-03  2.0930999518179393e-03
4.2000000000000010e-02 3.9000000000000007e-02 4.0000000000000001e-03  2.1819394835586804e-03
4.2000000000000010e-02 4.2000000000000010e-02 4.0000000000000001e-03  2.1455065884671957e-03
4.2000000000000010e-02 4.4999999999999998e-02 4.0000000000000001e-03  2.1966905781969203e-03
4.4999999999999998e-02 -4.4999999999999998e-02 4.0000000000000001e-03  2.5050739577712946e-03
4.4999999999999998e-02 -4.1999999999999996e-02 4.0000000000000001e-03  2.4392492834851417e-03
4.4999999999999998e-02 -3.9000000000000000e-02 4.0000000000000001e-03  2.3700275196888851e-03
4.4999999999999998e-02 -3.5999999999999997e-02 4.0000000000000001e-03  2.3045057554872670e-03
4.4999999999999998e-02 -3.3000000000000002e-02 4.0000000000000001e-03  2.2422586218316079e-03
4.4999999999999998e-02 -2.9999999999999999e-02 4.0000000000000001e-03  2.1829204573860688e-03
4.4999999999999998e-02 -2.6999999999999996e-02 4.0000000000000001e-03  2.1261853085276466e-03
4.4999999999999998e-02 -2.3999999999999997e-02 4.0000000000000001e-03  2.0718069293461762e-03
4.4999999999999998e-02 -2.0999999999999998e-02 4.0000000000000001e-03  2.0195987816443487e-03
4.4999999999999998e-02 -1.7999999999999999e-02 4.0000000000000001e-03  2.0225722574119193e-03
4.4999999999999998e-02 -1.4999999999999999e-02 4.0000000000000001e-03  2.0112255879379030e-03
4.4999999999999998e-02 -1.1999999999999997e-02 4.0000000000000001e-03  1.9994771852351076e-03
4.4999999999999998e-02 -8.9999999999999941e-03 4.0000000000000001e-03  2.0065893475852891e-03
4.4999999999999998e-02 -5.9999999999999984e-03 4.0000000000000001e-03  2.0111017771842631e-03
4.4999999999999998e-02 -2.9999999999999957e-03 4.0000000000000001e-03  2.0129278309608690e-03
4.4999999999999998e-02 0.0000000000000000e+00 4.0000000000000001e-03  2.0120047798677966e-03
4.4999999999999998e-02 3.0000000000000027e-03 4.0000000000000001e-03  2.0082938088816088e-03
4.4999999999999998e-02 6.0000000000000053e-03 4.0000000000000001e-03  2.0017800170027350e-03
4.4999999999999998e-02 9.0000000000000011e-03 4.0000000000000001e-03  1.9924724172554515e-03
4.4999999999999998e-02 1.2000000000000004e-02 4.0000000000000001e-03  1.9971485407706616e-03
4.4999999999999998e-02 1.4999999999999999e-02 4.0000000000000001e-03  2.0125906759535868e-03
4.4999999999999998e-02 1.8000000000000002e-02 4.0000000000000001e-03  2.0213990160941673e-03
4.4999999999999998e-02 2.1000000000000005e-02 4.0000000000000001e-03  2.1094096063012545e-03
4.4999999999999998e-02 2.4000000000000007e-02 4.0000000000000001e-03  2.2141753173443046e-03
4.4999999999999998e-02 2.7000000000000010e-02 4.0000000000000001e-03  2.2818842461365483e-03
4.4999999999999998e-02 2.9999999999999999e-02 4.0000000000000001e-03  2.3125809845969442e-03
4.4999999999999998e-02 3.3000000000000002e-02 4.0000000000000001e-03  2.3063835772953478e-03
4.4999999999999998e-02 3.6000000000000004e-02 4.0000000000000001e-03  2.2670200756919039e-03
4.4999999999999998e-02 3.9000000000000007e-02 4.0000000000000001e-03  2.3271260977046470e-03
4.4999999999999998e-02 4.2000000000000010e-02 4.0000000000000001e-03  2.2819889059791480e-03
4.4999999999999998e-02 4.4999999999999998e-02 4.0000000000000001e-03  2.3191524810996836e-03
