Grid Output Min: [-45mm -45mm 4mm] Max: [45mm 45mm 4mm] Grid Size: [3mm 3mm 0mm]
X, Y, Z, Scalar data "Mag_B"
-4.4999999999999998e-002 -4.4999999999999998e-002 4.0000000000000001e-003  2.2899522889491234e-003
-4.4999999999999998e-002 -4.1999999999999996e-002 4.0000000000000001e-003  2.1881118974229432e-003
-4.4999999999999998e-002 -3.9000000000000000e-002 4.0000000000000001e-003  2.1349967389282711e-003
-4.4999999999999998e-002 -3.5999999999999997e-002 4.0000000000000001e-003  2.0448977877564026e-003
-4.4999999999999998e-002 -3.3000000000000002e-002 4.0000000000000001e-003  1.9698968925495543e-003
-4.4999999999999998e-002 -2.9999999999999999e-002 4.0000000000000001e-003  1.9239202794684494e-003
-4.4999999999999998e-002 -2.6999999999999996e-002 4.0000000000000001e-003  1.9070893214086948e-003
-4.4999999999999998e-002 -2.3999999999999997e-002 4.0000000000000001e-003  1.8738117840420344e-003
-4.4999999999999998e-002 -2.0999999999999998e-002 4.0000000000000001e-003  1.8354217705044205e-003
-4.4999999999999998e-002 -1.7999999999999999e-002 4.0000000000000001e-003  1.8135258680076509e-003
-4.4999999999999998e-002 -1.4999999999999999e-002 4.0000000000000001e-003  1.7916497902388401e-003
-4.4999999999999998e-002 -1.1999999999999997e-002 4.0000000000000001e-003  1.7697695512981359e-003
-4.4999999999999998e-002 -8.9999999999999941e-003 4.0000000000000001e-003  1.7700789798221434e-003
-4.4999999999999998e-002 -5.9999999999999984e-003 4.0000000000000001e-003  1.7825013496255697e-003
-4.4999999999999998e-002 -2.9999999999999957e-003 4.0000000000000001e-003  1.7805512226476009e-003
-4.4999999999999998e-002 0.0000000000000000e+000 4.0000000000000001e-003  1.7828031646219037e-003
-4.4999999999999998e-002 3.0000000000000027e-003 4.0000000000000001e-003  1.7893200360955988e-003
-4.4999999999999998e-002 6.0000000000000053e-003 4.0000000000000001e-003  1.7685247269686587e-003
-4.4999999999999998e-002 9.0000000000000011e-003 4.0000000000000001e-003  1.7823220417382752e-003
-4.4999999999999998e-002 1.2000000000000004e-002 4.0000000000000001e-003  1.8008354072086461e-003
-4.4999999999999998e-002 1.4999999999999999e-002 4.0000000000000001e-003  1.8203125253658202e-003
-4.4999999999999998e-002 1.8000000000000002e-002 4.0000000000000001e-003  1.8337760685376767e-003
-4.4999999999999998e-002 2.1000000000000005e-002 4.0000000000000001e-003  1.8565969540904280e-003
-4.4999999999999998e-002 2.4000000000000007e-002 4.0000000000000001e-003  1.8837135342854370e-003
-4.4999999999999998e-002 2.7000000000000010e-002 4.0000000000000001e-003  1.8919223238165631e-003
-4.4999999999999998e-002 2.9999999999999999e-002 4.0000000000000001e-003  1.9153293048617395e-003
-4.4999999999999998e-002 3.3000000000000002e-002 4.0000000000000001e-003  1.9512588438608577e-003
-4.4999999999999998e-002 3.6000000000000004e-002 4.0000000000000001e-003  1.9888929841277389e-003
-4.4999999999999998e-002 3.9000000000000007e-002 4.0000000000000001e-003  2.0591641923222177e-003
-4.4999999999999998e-002 4.2000000000000010e-002 4.0000000000000001e-003  2.1165386289170177e-003
-4.4999999999999998e-002 4.4999999999999998e-002 4.0000000000000001e-003  2.2061880136985232e-003
-4.1999999999999996e-002 -4.4999999999999998e-002 4.0000000000000001e-003  2.2219354040417479e-003
-4.1999999999999996e-002 -4.1999999999999996e-002 4.0000000000000001e-003  2.0700163322286413e-003
-4.1999999999999996e-002 -3.9000000000000000e-002 4.0000000000000001e-003  2.0076005832105675e-003
-4.1999999999999996e-002 -3.5999999999999997e-002 4.0000000000000001e-003  1.9306108537416723e-003
-4.1999999999999996e-002 -3.3000000000000002e-002 4.0000000000000001e-003  1.8519860261544414e-003
-4.1999999999999996e-002 -2.9999999999999999e-002 4.0000000000000001e-003  1.8224539347923461e-003
-4.1999999999999996e-002 -2.6999999999999996e-002 4.0000000000000001e-003  1.8061617836308487e-003
-4.1999999999999996e-002 -2.3999999999999997e-002 4.0000000000000001e-003  1.7723016175766779e-003
-4.1999999999999996e-002 -2.0999999999999998e-002 4.0000000000000001e-003  1.7364684525792923e-003
-4.1999999999999996e-002 -1.7999999999999999e-002 4.0000000000000001e-003  1.7041957873859099e-003
-4.1999999999999996e-002 -1.4999999999999999e-002 4.0000000000000001e-003  1.6797752156567280e-003
-4.1999999999999996e-002 -1.1999999999999997e-002 4.0000000000000001e-003  1.6552639577495653e-003
-4.1999999999999996e-002 -8.9999999999999941e-003 4.0000000000000001e-003  1.6617830177372863e-003
-4.1999999999999996e-002 -5.9999999999999984e-003 4.0000000000000001e-003  1.6714710132294012e-003
-4.1999999999999996e-002 -2.9999999999999957e-003 4.0000000000000001e-003  1.6725925399132824e-003
-4.1999999999999996e-002 0.0000000000000000e+000 4.0000000000000001e-003  1.6780318973230923e-003
-4.1999999999999996e-002 3.0000000000000027e-003 4.0000000000000001e-003  1.6650099124612848e-003
-4.1999999999999996e-002 6.0000000000000053e-003 4.0000000000000001e-003  1.6626708473632308e-003
-4.1999999999999996e-002 9.0000000000000011e-003 4.0000000000000001e-003  1.6747980535403589e-003
-4.1999999999999996e-002 1.2000000000000004e-002 4.0000000000000001e-003  1.6940181117626710e-003
-4.1999999999999996e-002 1.4999999999999999e-002 4.0000000000000001e-003  1.6967262490504133e-003
-4.1999999999999996e-002 1.8000000000000002e-002 4.0000000000000001e-003  1.6995594286413386e-003
-4.1999999999999996e-002 2.1000000000000005e-002 4.0000000000000001e-003  1.7168481424043710e-003
-4.1999999999999996e-002 2.4000000000000007e-002 4.0000000000000001e-003  1.7399066386723978e-003
-4.1999999999999996e-002 2.7000000000000010e-002 4.0000000000000001e-003  1.7636636899026625e-003
-4.1999999999999996e-002 2.9999999999999999e-002 4.0000000000000001e-003  1.7997302766360644e-003
-4.1999999999999996e-002 3.3000000000000002e-002 4.0000000000000001e-003  1.8366654405590978e-003
-4.1999999999999996e-002 3.6000000000000004e-002 4.0000000000000001e-003  1.8811675267097964e-003
-4.1999999999999996e-002 3.9000000000000007e-002 4.0000000000000001e-003  1.9403348738263866e-003
-4.1999999999999996e-002 4.2000000000000010e-002 4.0000000000000001e-003  1.9950963691681939e-003
-4.1999999999999996e-002 4.4999999999999998e-002 4.0000000000000001e-003  2.0589951291066239e-003
-3.9000000000000000e-002 -4.4999999999999998e-002 4.0000000000000001e-003  2.1128851887023637e-003
-3.9000000000000000e-002 -4.1999999999999996e-002 4.0000000000000001e-003  2.0212417897496745e-003
-3.9000000000000000e-002 -3.9000000000000000e-002 4.0000000000000001e-003  1.9203066007091457e-003
-3.9000000000000000e-002 -3.5999999999999997e-002 4.0000000000000001e-003  1.8553723506687311e-003
-3.9000000000000000e-002 -3.3000000000000002e-002 4.0000000000000001e-003  1.7817561231101852e-003
-3.9000000000000000e-002 -2.9999999999999999e-002 4.0000000000000001e-003  1.7333572566928567e-003
-3.9000000000000000e-002 -2.6999999999999996e-002 4.0000000000000001e-003  1.7167979062235072e-003
-3.9000000000000000e-002 -2.3999999999999997e-002 4.0000000000000001e-003  1.6868938698819287e-003
-3.9000000000000000e-002 -2.0999999999999998e-002 4.0000000000000001e-003  1.6562258638550648e-003
-3.9000000000000000e-002 -1.7999999999999999e-002 4.0000000000000001e-003  1.6247820381198725e-003
-3.9000000000000000e-002 -1.4999999999999999e-002 4.0000000000000001e-003  1.5955280733832842e-003
-3.9000000000000000e-002 -1.1999999999999997e-002 4.0000000000000001e-003  1.5681342692242023e-003
-3.9000000000000000e-002 -8.9999999999999941e-003 4.0000000000000001e-003  1.5736877210253441e-003
-3.9000000000000000e-002 -5.9999999999999984e-003 4.0000000000000001e-003  1.5808743104916922e-003
-3.9000000000000000e-002 -2.9999999999999957e-003 4.0000000000000001e-003  1.5853281936078439e-003
-3.9000000000000000e-002 0.0000000000000000e+000 4.0000000000000001e-003  1.5854411609626065e-003
-3.9000000000000000e-002 3.0000000000000027e-003 4.0000000000000001e-003  1.5693692817838017e-003
-3.9000000000000000e-002 6.0000000000000053e-003 4.0000000000000001e-003  1.5770451667782050e-003
-3.9000000000000000e-002 9.0000000000000011e-003 4.0000000000000001e-003  1.5868179722998551e-003
-3.9000000000000000e-002 1.2000000000000004e-002 4.0000000000000001e-003  1.5996336442796572e-003
-3.9000000000000000e-002 1.4999999999999999e-002 4.0000000000000001e-003  1.6135441992734267e-003
-3.9000000000000000e-002 1.8000000000000002e-002 4.0000000000000001e-003  1.6274956418015068e-003
-3.9000000000000000e-002 2.1000000000000005e-002 4.0000000000000001e-003  1.6475502690991089e-003
-3.9000000000000000e-002 2.4000000000000007e-002 4.0000000000000001e-003  1.6742794377363119e-003
-3.9000000000000000e-002 2.7000000000000010e-002 4.0000000000000001e-003  1.7016190685197536e-003
-3.9000000000000000e-002 2.9999999999999999e-002 4.0000000000000001e-003  1.7261305136504639e-003
-3.9000000000000000e-002 3.3000000000000002e-002 4.0000000000000001e-003  1.7594606082532954e-003
-3.9000000000000000e-002 3.6000000000000004e-002 4.0000000000000001e-003  1.8023870178107469e-003
-3.9000000000000000e-002 3.9000000000000007e-002 4.0000000000000001e-003  1.8596468000405186e-003
-3.9000000000000000e-002 4.2000000000000010e-002 4.0000000000000001e-003  1.9232318268216193e-003
-3.9000000000000000e-002 4.4999999999999998e-002 4.0000000000000001e-003  2.0110393935216108e-003
-3.5999999999999997e-002 -4.4999999999999998e-002 4.0000000000000001e-003  2.0292077558952508e-003
-3.5999999999999997e-002 -4.1999999999999996e-002 4.0000000000000001e-003  1.9231138035700171e-003
-3.5999999999999997e-002 -3.9000000000000000e-002 4.0000000000000001e-003  1.8562764853115501e-003
-3.5999999999999997e-002 -3.5999999999999997e-002 4.0000000000000001e-003  1.7887225987068803e-003
-3.5999999999999997e-002 -3.3000000000000002e-002 4.0000000000000001e-003  1.7286015536041807e-003
-3.5999999999999997e-002 -2.9999999999999999e-002 4.0000000000000001e-003  1.6582129418456447e-003
-3.5999999999999997e-002 -2.6999999999999996e-002 4.0000000000000001e-003  1.6395752802186693e-003
-3.5999999999999997e-002 -2.3999999999999997e-002 4.0000000000000001e-003  1.6150884112353834e-003
-3.5999999999999997e-002 -2.0999999999999998e-002 4.0000000000000001e-003  1.5898435763378087e-003
-3.5999999999999997e-002 -1.7999999999999999e-002 4.0000000000000001e-003  1.5638385106598327e-003
-3.5999999999999997e-002 -1.4999999999999999e-002 4.0000000000000001e-003  1.5370760067382639e-003
-3.5999999999999997e-002 -1.1999999999999997e-002 4.0000000000000001e-003  1.5071915618697655e-003
-3.5999999999999997e-002 -8.9999999999999941e-003 4.0000000000000001e-003  1.5049075463306994e-003
-3.5999999999999997e-002 -5.9999999999999984e-003 4.0000000000000001e-003  1.5098270877144031e-003
-3.5999999999999997e-002 -2.9999999999999957e-003 4.0000000000000001e-003  1.5178369377654333e-003
-3.5999999999999997e-002 0.0000000000000000e+000 4.0000000000000001e-003  1.5069664075458285e-003
-3.5999999999999997e-002 3.0000000000000027e-003 4.0000000000000001e-003  1.5044879338778918e-003
-3.5999999999999997e-002 6.0000000000000053e-003 4.0000000000000001e-003  1.5093246333828529e-003
-3.5999999999999997e-002 9.0000000000000011e-003 4.0000000000000001e-003  1.5162344599948341e-003
-3.5999999999999997e-002 1.2000000000000004e-002 4.0000000000000001e-003  1.5252142425266201e-003
-3.5999999999999997e-002 1.4999999999999999e-002 4.0000000000000001e-003  1.5454358680730242e-003
-3.5999999999999997e-002 1.8000000000000002e-002 4.0000000000000001e-003  1.5687537214819467e-003
-3.5999999999999997e-002 2.1000000000000005e-002 4.0000000000000001e-003  1.5901995267486419e-003
-3.5999999999999997e-002 2.4000000000000007e-002 4.0000000000000001e-003  1.6105641043479939e-003
-3.5999999999999997e-002 2.7000000000000010e-002 4.0000000000000001e-003  1.6331243448874722e-003
-3.5999999999999997e-002 2.9999999999999999e-002 4.0000000000000001e-003  1.6489329205803553e-003
-3.5999999999999997e-002 3.3000000000000002e-002 4.0000000000000001e-003  1.6880498802780320e-003
-3.5999999999999997e-002 3.6000000000000004e-002 4.0000000000000001e-003  1.7462955816410352e-003
-3.5999999999999997e-002 3.9000000000000007e-002 4.0000000000000001e-003  1.8055235861473978e-003
-3.5999999999999997e-002 4.2000000000000010e-002 4.0000000000000001e-003  1.8657848162212036e-003
-3.5999999999999997e-002 4.4999999999999998e-002 4.0000000000000001e-003  1.9614810828010192e-003
-3.3000000000000002e-002 -4.4999999999999998e-002 4.0000000000000001e-003  1.9792992599927429e-003
-3.3000000000000002e-002 -4.1999999999999996e-002 4.0000000000000001e-003  1.8628535756653531e-003
-3.3000000000000002e-002 -3.9000000000000000e-002 4.0000000000000001e-003  1.7740615944848831e-003
-3.3000000000000002e-002 -3.5999999999999997e-002 4.0000000000000001e-003  1.7240853698209438e-003
-3.3000000000000002e-002 -3.3000000000000002e-002 4.0000000000000001e-003  1.6722267552538267e-003
-3.3000000000000002e-002 -2.9999999999999999e-002 4.0000000000000001e-003  1.6166729120536281e-003
-3.3000000000000002e-002 -2.6999999999999996e-002 4.0000000000000001e-003  1.5785842327331490e-003
-3.3000000000000002e-002 -2.3999999999999997e-002 4.0000000000000001e-003  1.5587968375351707e-003
-3.3000000000000002e-002 -2.0999999999999998e-002 4.0000000000000001e-003  1.5383039492182112e-003
-3.3000000000000002e-002 -1.7999999999999999e-002 4.0000000000000001e-003  1.5171103693724796e-003
-3.3000000000000002e-002 -1.4999999999999999e-002 4.0000000000000001e-003  1.4952262052928295e-003
-3.3000000000000002e-002 -1.1999999999999997e-002 4.0000000000000001e-003  1.4726026264809287e-003
-3.3000000000000002e-002 -8.9999999999999941e-003 4.0000000000000001e-003  1.4544022918115858e-003
-3.3000000000000002e-002 -5.9999999999999984e-003 4.0000000000000001e-003  1.4572902015955577e-003
-3.3000000000000002e-002 -2.9999999999999957e-003 4.0000000000000001e-003  1.4575727518161487e-003
-3.3000000000000002e-002 0.0000000000000000e+000 4.0000000000000001e-003  1.4561389555589597e-003
-3.3000000000000002e-002 3.0000000000000027e-003 4.0000000000000001e-003  1.4572544105773864e-003
-3.3000000000000002e-002 6.0000000000000053e-003 4.0000000000000001e-003  1.4623317248676016e-003
-3.3000000000000002e-002 9.0000000000000011e-003 4.0000000000000001e-003  1.4712061642844884e-003
-3.3000000000000002e-002 1.2000000000000004e-002 4.0000000000000001e-003  1.4838601315421125e-003
-3.3000000000000002e-002 1.4999999999999999e-002 4.0000000000000001e-003  1.4943537239520679e-003
-3.3000000000000002e-002 1.8000000000000002e-002 4.0000000000000001e-003  1.5176055016296070e-003
-3.3000000000000002e-002 2.1000000000000005e-002 4.0000000000000001e-003  1.5376619857062515e-003
-3.3000000000000002e-002 2.4000000000000007e-002 4.0000000000000001e-003  1.5545266776441824e-003
-3.3000000000000002e-002 2.7000000000000010e-002 4.0000000000000001e-003  1.5684848547511596e-003
-3.3000000000000002e-002 2.9999999999999999e-002 4.0000000000000001e-003  1.5973301371164251e-003
-3.3000000000000002e-002 3.3000000000000002e-002 4.0000000000000001e-003  1.6378245769076225e-003
-3.3000000000000002e-002 3.6000000000000004e-002 4.0000000000000001e-003  1.6953202430205214e-003
-3.3000000000000002e-002 3.9000000000000007e-002 4.0000000000000001e-003  1.7537742655112994e-003
-3.3000000000000002e-002 4.2000000000000010e-002 4.0000000000000001e-003  1.8256872682542043e-003
-3.3000000000000002e-002 4.4999999999999998e-002 4.0000000000000001e-003  1.9099676817015514e-003
-2.9999999999999999e-002 -4.4999999999999998e-002 4.0000000000000001e-003  1.9630386022539046e-003
-2.9999999999999999e-002 -4.1999999999999996e-002 4.0000000000000001e-003  1.8357169786676021e-003
-2.9999999999999999e-002 -3.9000000000000000e-002 4.0000000000000001e-003  1.7364933798342704e-003
-2.9999999999999999e-002 -3.5999999999999997e-002 4.0000000000000001e-003  1.6623580023287781e-003
-2.9999999999999999e-002 -3.3000000000000002e-002 4.0000000000000001e-003  1.6210368971336505e-003
-2.9999999999999999e-002 -2.9999999999999999e-002 4.0000000000000001e-003  1.5732971560565260e-003
-2.9999999999999999e-002 -2.6999999999999996e-002 4.0000000000000001e-003  1.5394786643689146e-003
-2.9999999999999999e-002 -2.3999999999999997e-002 4.0000000000000001e-003  1.5204731107270159e-003
-2.9999999999999999e-002 -2.0999999999999998e-002 4.0000000000000001e-003  1.5020911179681213e-003
-2.9999999999999999e-002 -1.7999999999999999e-002 4.0000000000000001e-003  1.4830447219592931e-003
-2.9999999999999999e-002 -1.4999999999999999e-002 4.0000000000000001e-003  1.4633431197056800e-003
-2.9999999999999999e-002 -1.1999999999999997e-002 4.0000000000000001e-003  1.4430008139170783e-003
-2.9999999999999999e-002 -8.9999999999999941e-003 4.0000000000000001e-003  1.4209770971400869e-003
-2.9999999999999999e-002 -5.9999999999999984e-003 4.0000000000000001e-003  1.4181874664733831e-003
-2.9999999999999999e-002 -2.9999999999999957e-003 4.0000000000000001e-003  1.4231376758072237e-003
-2.9999999999999999e-002 0.0000000000000000e+000 4.0000000000000001e-003  1.4241707581178792e-003
-2.9999999999999999e-002 3.0000000000000027e-003 4.0000000000000001e-003  1.4257320940473934e-003
-2.9999999999999999e-002 6.0000000000000053e-003 4.0000000000000001e-003  1.4311543452792432e-003
-2.9999999999999999e-002 9.0000000000000011e-003 4.0000000000000001e-003  1.4404200622976575e-003
-2.9999999999999999e-002 1.2000000000000004e-002 4.0000000000000001e-003  1.4510645937102461e-003
-2.9999999999999999e-002 1.4999999999999999e-002 4.0000000000000001e-003  1.4597037188493174e-003
-2.9999999999999999e-002 1.8000000000000002e-002 4.0000000000000001e-003  1.4845174999943973e-003
-2.9999999999999999e-002 2.1000000000000005e-002 4.0000000000000001e-003  1.5073428394986282e-003
-2.9999999999999999e-002 2.4000000000000007e-002 4.0000000000000001e-003  1.5281777792212892e-003
-2.9999999999999999e-002 2.7000000000000010e-002 4.0000000000000001e-003  1.5470212801886559e-003
-2.9999999999999999e-002 2.9999999999999999e-002 4.0000000000000001e-003  1.5638296339552226e-003
-2.9999999999999999e-002 3.3000000000000002e-002 4.0000000000000001e-003  1.5967935547999310e-003
-2.9999999999999999e-002 3.6000000000000004e-002 4.0000000000000001e-003  1.6492442524202241e-003
-2.9999999999999999e-002 3.9000000000000007e-002 4.0000000000000001e-003  1.7190061461558619e-003
-2.9999999999999999e-002 4.2000000000000010e-002 4.0000000000000001e-003  1.7983139182612552e-003
-2.9999999999999999e-002 4.4999999999999998e-002 4.0000000000000001e-003  1.8879336690158866e-003
-2.6999999999999996e-002 -4.4999999999999998e-002 4.0000000000000001e-003  1.9607228339272855e-003
-2.6999999999999996e-002 -4.1999999999999996e-002 4.0000000000000001e-003  1.8301765362473995e-003
-2.6999999999999996e-002 -3.9000000000000000e-002 4.0000000000000001e-003  1.7248279270274940e-003
-2.6999999999999996e-002 -3.5999999999999997e-002 4.0000000000000001e-003  1.6441754953945508e-003
-2.6999999999999996e-002 -3.3000000000000002e-002 4.0000000000000001e-003  1.5855205034077001e-003
-2.6999999999999996e-002 -2.9999999999999999e-002 4.0000000000000001e-003  1.5476612519940527e-003
-2.6999999999999996e-002 -2.6999999999999996e-002 4.0000000000000001e-003  1.5138971076340108e-003
-2.6999999999999996e-002 -2.3999999999999997e-002 4.0000000000000001e-003  1.4879606181669939e-003
-2.6999999999999996e-002 -2.0999999999999998e-002 4.0000000000000001e-003  1.4720575519519324e-003
-2.6999999999999996e-002 -1.7999999999999999e-002 4.0000000000000001e-003  1.4554896802471192e-003
-2.6999999999999996e-002 -1.4999999999999999e-002 4.0000000000000001e-003  1.4382639638246195e-003
-2.6999999999999996e-002 -1.1999999999999997e-002 4.0000000000000001e-003  1.4203927662700001e-003
-2.6999999999999996e-002 -8.9999999999999941e-003 4.0000000000000001e-003  1.4018938539823304e-003
-2.6999999999999996e-002 -5.9999999999999984e-003 4.0000000000000001e-003  1.3930729746670400e-003
-2.6999999999999996e-002 -2.9999999999999957e-003 4.0000000000000001e-003  1.3935408510328381e-003
-2.6999999999999996e-002 0.0000000000000000e+000 4.0000000000000001e-003  1.3924556765502571e-003
-2.6999999999999996e-002 3.0000000000000027e-003 4.0000000000000001e-003  1.3970372295185162e-003
-2.6999999999999996e-002 6.0000000000000053e-003 4.0000000000000001e-003  1.4045293140286243e-003
-2.6999999999999996e-002 9.0000000000000011e-003 4.0000000000000001e-003  1.4149078988552805e-003
-2.6999999999999996e-002 1.2000000000000004e-002 4.0000000000000001e-003  1.4272378444928192e-003
-2.6999999999999996e-002 1.4999999999999999e-002 4.0000000000000001e-003  1.4357036721626883e-003
-2.6999999999999996e-002 1.8000000000000002e-002 4.0000000000000001e-003  1.4603978210592126e-003
-2.6999999999999996e-002 2.1000000000000005e-002 4.0000000000000001e-003  1.4845015251933040e-003
-2.6999999999999996e-002 2.4000000000000007e-002 4.0000000000000001e-003  1.5066119115406851e-003
-2.6999999999999996e-002 2.7000000000000010e-002 4.0000000000000001e-003  1.5267275042238624e-003
-2.6999999999999996e-002 2.9999999999999999e-002 4.0000000000000001e-003  1.5515048662398171e-003
-2.6999999999999996e-002 3.3000000000000002e-002 4.0000000000000001e-003  1.5844460511701098e-003
-2.6999999999999996e-002 3.6000000000000004e-002 4.0000000000000001e-003  1.6273733789569128e-003
-2.6999999999999996e-002 3.9000000000000007e-002 4.0000000000000001e-003  1.6908792678177781e-003
-2.6999999999999996e-002 4.2000000000000010e-002 4.0000000000000001e-003  1.7696584719387727e-003
-2.6999999999999996e-002 4.4999999999999998e-002 4.0000000000000001e-003  1.8653684492716551e-003
-2.3999999999999997e-002 -4.4999999999999998e-002 4.0000000000000001e-003  1.9417119881553196e-003
-2.3999999999999997e-002 -4.1999999999999996e-002 4.0000000000000001e-003  1.8143947227248507e-003
-2.3999999999999997e-002 -3.9000000000000000e-002 4.0000000000000001e-003  1.7121240965785401e-003
-2.3999999999999997e-002 -3.5999999999999997e-002 4.0000000000000001e-003  1.6317585489468822e-003
-2.3999999999999997e-002 -3.3000000000000002e-002 4.0000000000000001e-003  1.5702038013513538e-003
-2.3999999999999997e-002 -2.9999999999999999e-002 4.0000000000000001e-003  1.5309248449449960e-003
-2.3999999999999997e-002 -2.6999999999999996e-002 4.0000000000000001e-003  1.4983000955403653e-003
-2.3999999999999997e-002 -2.3999999999999997e-002 4.0000000000000001e-003  1.4680692114240701e-003
-2.3999999999999997e-002 -2.0999999999999998e-002 4.0000000000000001e-003  1.4498754806990288e-003
-2.3999999999999997e-002 -1.7999999999999999e-002 4.0000000000000001e-003  1.4363543541188164e-003
-2.3999999999999997e-002 -1.4999999999999999e-002 4.0000000000000001e-003  1.4221642721255290e-003
-2.3999999999999997e-002 -1.1999999999999997e-002 4.0000000000000001e-003  1.4073125097497096e-003
-2.3999999999999997e-002 -8.9999999999999941e-003 4.0000000000000001e-003  1.3941101744871108e-003
-2.3999999999999997e-002 -5.9999999999999984e-003 4.0000000000000001e-003  1.3885777065412591e-003
-2.3999999999999997e-002 -2.9999999999999957e-003 4.0000000000000001e-003  1.3818793895364659e-003
-2.3999999999999997e-002 0.0000000000000000e+000 4.0000000000000001e-003  1.3795433858190612e-003
-2.3999999999999997e-002 3.0000000000000027e-003 4.0000000000000001e-003  1.3820751994561412e-003
-2.3999999999999997e-002 6.0000000000000053e-003 4.0000000000000001e-003  1.3875166047300634e-003
-2.3999999999999997e-002 9.0000000000000011e-003 4.0000000000000001e-003  1.3958466198174407e-003
-2.3999999999999997e-002 1.2000000000000004e-002 4.0000000000000001e-003  1.4068184628408876e-003
-2.3999999999999997e-002 1.4999999999999999e-002 4.0000000000000001e-003  1.4151196045404067e-003
-2.3999999999999997e-002 1.8000000000000002e-002 4.0000000000000001e-003  1.4383861034271885e-003
-2.3999999999999997e-002 2.1000000000000005e-002 4.0000000000000001e-003  1.4637636881301610e-003
-2.3999999999999997e-002 2.4000000000000007e-002 4.0000000000000001e-003  1.4871456735438768e-003
-2.3999999999999997e-002 2.7000000000000010e-002 4.0000000000000001e-003  1.5127079680927879e-003
-2.3999999999999997e-002 2.9999999999999999e-002 4.0000000000000001e-003  1.5423295628963299e-003
-2.3999999999999997e-002 3.3000000000000002e-002 4.0000000000000001e-003  1.5733158209711303e-003
-2.3999999999999997e-002 3.6000000000000004e-002 4.0000000000000001e-003  1.6141734211697664e-003
-2.3999999999999997e-002 3.9000000000000007e-002 4.0000000000000001e-003  1.6757077819964127e-003
-2.3999999999999997e-002 4.2000000000000010e-002 4.0000000000000001e-003  1.7520796607952474e-003
-2.3999999999999997e-002 4.4999999999999998e-002 4.0000000000000001e-003  1.8449125339669442e-003
-2.0999999999999998e-002 -4.4999999999999998e-002 4.0000000000000001e-003  1.9705618885042012e-003
-2.0999999999999998e-002 -4.1999999999999996e-002 4.0000000000000001e-003  1.7950311330771254e-003
-2.0999999999999998e-002 -3.9000000000000000e-002 4.0000000000000001e-003  1.6934221435299232e-003
-2.0999999999999998e-002 -3.5999999999999997e-002 4.0000000000000001e-003  1.6131213720271373e-003
-2.0999999999999998e-002 -3.3000000000000002e-002 4.0000000000000001e-003  1.5521453980697458e-003
-2.0999999999999998e-002 -2.9999999999999999e-002 4.0000000000000001e-003  1.5142492350269075e-003
-2.0999999999999998e-002 -2.6999999999999996e-002 4.0000000000000001e-003  1.4828746841476421e-003
-2.0999999999999998e-002 -2.3999999999999997e-002 4.0000000000000001e-003  1.4539129706492707e-003
-2.0999999999999998e-002 -2.0999999999999998e-002 4.0000000000000001e-003  1.4273359918036720e-003
-2.0999999999999998e-002 -1.7999999999999999e-002 4.0000000000000001e-003  1.4163992131384388e-003
-2.0999999999999998e-002 -1.4999999999999999e-002 4.0000000000000001e-003  1.4052585718246514e-003
-2.0999999999999998e-002 -1.1999999999999997e-002 4.0000000000000001e-003  1.3934460100653761e-003
-2.0999999999999998e-002 -8.9999999999999941e-003 4.0000000000000001e-003  1.3861164435404394e-003
-2.0999999999999998e-002 -5.9999999999999984e-003 4.0000000000000001e-003  1.3820531476854618e-003
-2.0999999999999998e-002 -2.9999999999999957e-003 4.0000000000000001e-003  1.3754313457405905e-003
-2.0999999999999998e-002 0.0000000000000000e+000 4.0000000000000001e-003  1.3710717283362511e-003
-2.0999999999999998e-002 3.0000000000000027e-003 4.0000000000000001e-003  1.3699394637402677e-003
-2.0999999999999998e-002 6.0000000000000053e-003 4.0000000000000001e-003  1.3733346578393246e-003
-2.0999999999999998e-002 9.0000000000000011e-003 4.0000000000000001e-003  1.3796199898690117e-003
-2.0999999999999998e-002 1.2000000000000004e-002 4.0000000000000001e-003  1.3887845394128255e-003
-2.0999999999999998e-002 1.4999999999999999e-002 4.0000000000000001e-003  1.3969895376816470e-003
-2.0999999999999998e-002 1.8000000000000002e-002 4.0000000000000001e-003  1.4184713146638390e-003
-2.0999999999999998e-002 2.1000000000000005e-002 4.0000000000000001e-003  1.4451185561408866e-003
-2.0999999999999998e-002 2.4000000000000007e-002 4.0000000000000001e-003  1.4720418756197398e-003
-2.0999999999999998e-002 2.7000000000000010e-002 4.0000000000000001e-003  1.5025388478919785e-003
-2.0999999999999998e-002 2.9999999999999999e-002 4.0000000000000001e-003  1.5329631295648374e-003
-2.0999999999999998e-002 3.3000000000000002e-002 4.0000000000000001e-003  1.5633123757235309e-003
-2.0999999999999998e-002 3.6000000000000004e-002 4.0000000000000001e-003  1.6041213772784275e-003
-2.0999999999999998e-002 3.9000000000000007e-002 4.0000000000000001e-003  1.6601041285572713e-003
-2.0999999999999998e-002 4.2000000000000010e-002 4.0000000000000001e-003  1.7350900812337900e-003
-2.0999999999999998e-002 4.4999999999999998e-002 4.0000000000000001e-003  1.8259052689668905e-003
-1.7999999999999999e-002 -4.4999999999999998e-002 4.0000000000000001e-003  1.9652664285820833e-003
-1.7999999999999999e-002 -4.1999999999999996e-002 4.0000000000000001e-003  1.7964473946251237e-003
-1.7999999999999999e-002 -3.9000000000000000e-002 4.0000000000000001e-003  1.6737614518071652e-003
-1.7999999999999999e-002 -3.5999999999999997e-002 4.0000000000000001e-003  1.5933826029365895e-003
-1.7999999999999999e-002 -3.3000000000000002e-002 4.0000000000000001e-003  1.5382045981932734e-003
-1.7999999999999999e-002 -2.9999999999999999e-002 4.0000000000000001e-003  1.5012270351798035e-003
-1.7999999999999999e-002 -2.6999999999999996e-002 4.0000000000000001e-003  1.4676187091135304e-003
-1.7999999999999999e-002 -2.3999999999999997e-002 4.0000000000000001e-003  1.4399189613826411e-003
-1.7999999999999999e-002 -2.0999999999999998e-002 4.0000000000000001e-003  1.4146209970280685e-003
-1.7999999999999999e-002 -1.7999999999999999e-002 4.0000000000000001e-003  1.3956136993950538e-003
-1.7999999999999999e-002 -1.4999999999999999e-002 4.0000000000000001e-003  1.3875291703130666e-003
-1.7999999999999999e-002 -1.1999999999999997e-002 4.0000000000000001e-003  1.3787684399100936e-003
-1.7999999999999999e-002 -8.9999999999999941e-003 4.0000000000000001e-003  1.3765531226662857e-003
-1.7999999999999999e-002 -5.9999999999999984e-003 4.0000000000000001e-003  1.3722198957001940e-003
-1.7999999999999999e-002 -2.9999999999999957e-003 4.0000000000000001e-003  1.3662463415200822e-003
-1.7999999999999999e-002 0.0000000000000000e+000 4.0000000000000001e-003  1.3625319452913527e-003
-1.7999999999999999e-002 3.0000000000000027e-003 4.0000000000000001e-003  1.3610745614810384e-003
-1.7999999999999999e-002 6.0000000000000053e-003 4.0000000000000001e-003  1.3619798011174692e-003
-1.7999999999999999e-002 9.0000000000000011e-003 4.0000000000000001e-003  1.3662217649449129e-003
-1.7999999999999999e-002 1.2000000000000004e-002 4.0000000000000001e-003  1.3733469424258356e-003
-1.7999999999999999e-002 1.4999999999999999e-002 4.0000000000000001e-003  1.3813040757539043e-003
-1.7999999999999999e-002 1.8000000000000002e-002 4.0000000000000001e-003  1.4006453866137298e-003
-1.7999999999999999e-002 2.1000000000000005e-002 4.0000000000000001e-003  1.4295013547277588e-003
-1.7999999999999999e-002 2.4000000000000007e-002 4.0000000000000001e-003  1.4608723137838296e-003
-1.7999999999999999e-002 2.7000000000000010e-002 4.0000000000000001e-003  1.4921748982936311e-003
-1.7999999999999999e-002 2.9999999999999999e-002 4.0000000000000001e-003  1.5234030379110536e-003
-1.7999999999999999e-002 3.3000000000000002e-002 4.0000000000000001e-003  1.5545529541865480e-003
-1.7999999999999999e-002 3.6000000000000004e-002 4.0000000000000001e-003  1.5925163208538563e-003
-1.7999999999999999e-002 3.9000000000000007e-002 4.0000000000000001e-003  1.6440365216281074e-003
-1.7999999999999999e-002 4.2000000000000010e-002 4.0000000000000001e-003  1.7177666078659727e-003
-1.7999999999999999e-002 4.4999999999999998e-002 4.0000000000000001e-003  1.8067129108541278e-003
-1.4999999999999999e-002 -4.4999999999999998e-002 4.0000000000000001e-003  1.9251824503303590e-003
-1.4999999999999999e-002 -4.1999999999999996e-002 4.0000000000000001e-003  1.7827420024149440e-003
-1.4999999999999999e-002 -3.9000000000000000e-002 4.0000000000000001e-003  1.6582281082726583e-003
-1.4999999999999999e-002 -3.5999999999999997e-002 4.0000000000000001e-003  1.5725163061605439e-003
-1.4999999999999999e-002 -3.3000000000000002e-002 4.0000000000000001e-003  1.5291871578904331e-003
-1.4999999999999999e-002 -2.9999999999999999e-002 4.0000000000000001e-003  1.4922003823276814e-003
-1.4999999999999999e-002 -2.6999999999999996e-002 4.0000000000000001e-003  1.4548682511488528e-003
-1.4999999999999999e-002 -2.3999999999999997e-002 4.0000000000000001e-003  1.4260893563518952e-003
-1.4999999999999999e-002 -2.0999999999999998e-002 4.0000000000000001e-003  1.4020622834406363e-003
-1.4999999999999999e-002 -1.7999999999999999e-002 4.0000000000000001e-003  1.3804274854531107e-003
-1.4999999999999999e-002 -1.4999999999999999e-002 4.0000000000000001e-003  1.3689678649907288e-003
-1.4999999999999999e-002 -1.1999999999999997e-002 4.0000000000000001e-003  1.3648628433210756e-003
-1.4999999999999999e-002 -8.9999999999999941e-003 4.0000000000000001e-003  1.3654013581615096e-003
-1.4999999999999999e-002 -5.9999999999999984e-003 4.0000000000000001e-003  1.3596148586439282e-003
-1.4999999999999999e-002 -2.9999999999999957e-003 4.0000000000000001e-003  1.3542916746291751e-003
-1.4999999999999999e-002 0.0000000000000000e+000 4.0000000000000001e-003  1.3512252870271609e-003
-1.4999999999999999e-002 3.0000000000000027e-003 4.0000000000000001e-003  1.3504137485694958e-003
-1.4999999999999999e-002 6.0000000000000053e-003 4.0000000000000001e-003  1.3518555555657209e-003
-1.4999999999999999e-002 9.0000000000000011e-003 4.0000000000000001e-003  1.3555496479032839e-003
-1.4999999999999999e-002 1.2000000000000004e-002 4.0000000000000001e-003  1.3607341082534216e-003
-1.4999999999999999e-002 1.4999999999999999e-002 4.0000000000000001e-003  1.3680578243659572e-003
-1.4999999999999999e-002 1.8000000000000002e-002 4.0000000000000001e-003  1.3850909131234710e-003
-1.4999999999999999e-002 2.1000000000000005e-002 4.0000000000000001e-003  1.4173274111024254e-003
-1.4999999999999999e-002 2.4000000000000007e-002 4.0000000000000001e-003  1.4495053576198504e-003
-1.4999999999999999e-002 2.7000000000000010e-002 4.0000000000000001e-003  1.4816149568983173e-003
-1.4999999999999999e-002 2.9999999999999999e-002 4.0000000000000001e-003  1.5136487050569523e-003
-1.4999999999999999e-002 3.3000000000000002e-002 4.0000000000000001e-003  1.5456013901114505e-003
-1.4999999999999999e-002 3.6000000000000004e-002 4.0000000000000001e-003  1.5792957721527875e-003
-1.4999999999999999e-002 3.9000000000000007e-002 4.0000000000000001e-003  1.6290279190691174e-003
-1.4999999999999999e-002 4.2000000000000010e-002 4.0000000000000001e-003  1.7000754229351440e-003
-1.4999999999999999e-002 4.4999999999999998e-002 4.0000000000000001e-003  1.7872982494370703e-003
-1.1999999999999997e-002 -4.4999999999999998e-002 4.0000000000000001e-003  1.9117636853759970e-003
-1.1999999999999997e-002 -4.1999999999999996e-002 4.0000000000000001e-003  1.7628021653814734e-003
-1.1999999999999997e-002 -3.9000000000000000e-002 4.0000000000000001e-003  1.6433701733100593e-003
-1.1999999999999997e-002 -3.5999999999999997e-002 4.0000000000000001e-003  1.5601021873621892e-003
-1.1999999999999997e-002 -3.3000000000000002e-002 4.0000000000000001e-003  1.5234297004412380e-003
-1.1999999999999997e-002 -2.9999999999999999e-002 4.0000000000000001e-003  1.4864441327816426e-003
-1.1999999999999997e-002 -2.6999999999999996e-002 4.0000000000000001e-003  1.4491150309198949e-003
-1.1999999999999997e-002 -2.3999999999999997e-002 4.0000000000000001e-003  1.4124305551700442e-003
-1.1999999999999997e-002 -2.0999999999999998e-002 4.0000000000000001e-003  1.3896663608391458e-003
-1.1999999999999997e-002 -1.7999999999999999e-002 4.0000000000000001e-003  1.3693085384044801e-003
-1.1999999999999997e-002 -1.4999999999999999e-002 4.0000000000000001e-003  1.3513350279929484e-003
-1.1999999999999997e-002 -1.1999999999999997e-002 4.0000000000000001e-003  1.3500939912834437e-003
-1.1999999999999997e-002 -8.9999999999999941e-003 4.0000000000000001e-003  1.3511579104414405e-003
-1.1999999999999997e-002 -5.9999999999999984e-003 4.0000000000000001e-003  1.3442286394083429e-003
-1.1999999999999997e-002 -2.9999999999999957e-003 4.0000000000000001e-003  1.3395566608815669e-003
-1.1999999999999997e-002 0.0000000000000000e+000 4.0000000000000001e-003  1.3371397822793888e-003
-1.1999999999999997e-002 3.0000000000000027e-003 4.0000000000000001e-003  1.3369762545980019e-003
-1.1999999999999997e-002 6.0000000000000053e-003 4.0000000000000001e-003  1.3390647724115252e-003
-1.1999999999999997e-002 9.0000000000000011e-003 4.0000000000000001e-003  1.3434044738719888e-003
-1.1999999999999997e-002 1.2000000000000004e-002 4.0000000000000001e-003  1.3499949407093479e-003
-1.1999999999999997e-002 1.4999999999999999e-002 4.0000000000000001e-003  1.3587331138579172e-003
-1.1999999999999997e-002 1.8000000000000002e-002 4.0000000000000001e-003  1.3762613952286384e-003
-1.1999999999999997e-002 2.1000000000000005e-002 4.0000000000000001e-003  1.4063458263667693e-003
-1.1999999999999997e-002 2.4000000000000007e-002 4.0000000000000001e-003  1.4379412106632211e-003
-1.1999999999999997e-002 2.7000000000000010e-002 4.0000000000000001e-003  1.4708598067628594e-003
-1.1999999999999997e-002 2.9999999999999999e-002 4.0000000000000001e-003  1.5037014935807692e-003
-1.1999999999999997e-002 3.3000000000000002e-002 4.0000000000000001e-003  1.5364596255978730e-003
-1.1999999999999997e-002 3.6000000000000004e-002 4.0000000000000001e-003  1.5691298491916658e-003
-1.1999999999999997e-002 3.9000000000000007e-002 4.0000000000000001e-003  1.6169530186207195e-003
-1.1999999999999997e-002 4.2000000000000010e-002 4.0000000000000001e-003  1.6819840692351882e-003
-1.1999999999999997e-002 4.4999999999999998e-002 4.0000000000000001e-003  1.7906631887306971e-003
-8.9999999999999941e-003 -4.4999999999999998e-002 4.0000000000000001e-003  1.9182858900985669e-003
-8.9999999999999941e-003 -4.1999999999999996e-002 4.0000000000000001e-003  1.7585057954826401e-003
-8.9999999999999941e-003 -3.9000000000000000e-002 4.0000000000000001e-003  1.6339854293081959e-003
-8.9999999999999941e-003 -3.5999999999999997e-002 4.0000000000000001e-003  1.5614173943574220e-003
-8.9999999999999941e-003 -3.3000000000000002e-002 4.0000000000000001e-003  1.5163722231286917e-003
-8.9999999999999941e-003 -2.9999999999999999e-002 4.0000000000000001e-003  1.4783783990555332e-003
-8.9999999999999941e-003 -2.6999999999999996e-002 4.0000000000000001e-003  1.4409237081939488e-003
-8.9999999999999941e-003 -2.3999999999999997e-002 4.0000000000000001e-003  1.4054933667426270e-003
-8.9999999999999941e-003 -2.0999999999999998e-002 4.0000000000000001e-003  1.3786703199538078e-003
-8.9999999999999941e-003 -1.7999999999999999e-002 4.0000000000000001e-003  1.3575110955934505e-003
-8.9999999999999941e-003 -1.4999999999999999e-002 4.0000000000000001e-003  1.3431797779662213e-003
-8.9999999999999941e-003 -1.1999999999999997e-002 4.0000000000000001e-003  1.3379825972123537e-003
-8.9999999999999941e-003 -8.9999999999999941e-003 4.0000000000000001e-003  1.3333261100459373e-003
-8.9999999999999941e-003 -5.9999999999999984e-003 4.0000000000000001e-003  1.3293257769814105e-003
-8.9999999999999941e-003 -2.9999999999999957e-003 4.0000000000000001e-003  1.3272919988587943e-003
-8.9999999999999941e-003 0.0000000000000000e+000 4.0000000000000001e-003  1.3272251515696360e-003
-8.9999999999999941e-003 3.0000000000000027e-003 4.0000000000000001e-003  1.3291257754170028e-003
-8.9999999999999941e-003 6.0000000000000053e-003 4.0000000000000001e-003  1.3329945751154690e-003
-8.9999999999999941e-003 9.0000000000000011e-003 4.0000000000000001e-003  1.3388324197911251e-003
-8.9999999999999941e-003 1.2000000000000004e-002 4.0000000000000001e-003  1.3466403429815694e-003
-8.9999999999999941e-003 1.4999999999999999e-002 4.0000000000000001e-003  1.3562669311400399e-003
-8.9999999999999941e-003 1.8000000000000002e-002 4.0000000000000001e-003  1.3757564415806973e-003
-8.9999999999999941e-003 2.1000000000000005e-002 4.0000000000000001e-003  1.4020251283936064e-003
-8.9999999999999941e-003 2.4000000000000007e-002 4.0000000000000001e-003  1.4325162406726003e-003
-8.9999999999999941e-003 2.7000000000000010e-002 4.0000000000000001e-003  1.4633500514603492e-003
-8.9999999999999941e-003 2.9999999999999999e-002 4.0000000000000001e-003  1.4945303077430591e-003
-8.9999999999999941e-003 3.3000000000000002e-002 4.0000000000000001e-003  1.5271315482017339e-003
-8.9999999999999941e-003 3.6000000000000004e-002 4.0000000000000001e-003  1.5606068992972684e-003
-8.9999999999999941e-003 3.9000000000000007e-002 4.0000000000000001e-003  1.6032642475890930e-003
-8.9999999999999941e-003 4.2000000000000010e-002 4.0000000000000001e-003  1.6803761431578856e-003
-8.9999999999999941e-003 4.4999999999999998e-002 4.0000000000000001e-003  1.7930220562450722e-003
-5.9999999999999984e-003 -4.4999999999999998e-002 4.0000000000000001e-003  1.9162308487622748e-003
-5.9999999999999984e-003 -4.1999999999999996e-002 4.0000000000000001e-003  1.7465537285421173e-003
-5.9999999999999984e-003 -3.9000000000000000e-002 4.0000000000000001e-003  1.6467401382966255e-003
-5.9999999999999984e-003 -3.5999999999999997e-002 4.0000000000000001e-003  1.5667268945377360e-003
-5.9999999999999984e-003 -3.3000000000000002e-002 4.0000000000000001e-003  1.5078328561631315e-003
-5.9999999999999984e-003 -2.9999999999999999e-002 4.0000000000000001e-003  1.4678052638662602e-003
-5.9999999999999984e-003 -2.6999999999999996e-002 4.0000000000000001e-003  1.4340120627241452e-003
-5.9999999999999984e-003 -2.3999999999999997e-002 4.0000000000000001e-003  1.4041117889632181e-003
-5.9999999999999984e-003 -2.0999999999999998e-002 4.0000000000000001e-003  1.3779598768536522e-003
-5.9999999999999984e-003 -1.7999999999999999e-002 4.0000000000000001e-003  1.3606871218086330e-003
-5.9999999999999984e-003 -1.4999999999999999e-002 4.0000000000000001e-003  1.3466164557908980e-003
-5.9999999999999984e-003 -1.1999999999999997e-002 4.0000000000000001e-003  1.3402613628201788e-003
-5.9999999999999984e-003 -8.9999999999999941e-003 4.0000000000000001e-003  1.3354317746814624e-003
-5.9999999999999984e-003 -5.9999999999999984e-003 4.0000000000000001e-003  1.3312211704576437e-003
-5.9999999999999984e-003 -2.9999999999999957e-003 4.0000000000000001e-003  1.3288196854065622e-003
-5.9999999999999984e-003 0.0000000000000000e+000 4.0000000000000001e-003  1.3283928463071902e-003
-5.9999999999999984e-003 3.0000000000000027e-003 4.0000000000000001e-003  1.3299408473689944e-003
-5.9999999999999984e-003 6.0000000000000053e-003 4.0000000000000001e-003  1.3334640472129533e-003
-5.9999999999999984e-003 9.0000000000000011e-003 4.0000000000000001e-003  1.3386513281216275e-003
-5.9999999999999984e-003 1.2000000000000004e-002 4.0000000000000001e-003  1.3459321572481496e-003
-5.9999999999999984e-003 1.4999999999999999e-002 4.0000000000000001e-003  1.3567426065689025e-003
-5.9999999999999984e-003 1.8000000000000002e-002 4.0000000000000001e-003  1.3854120844117019e-003
-5.9999999999999984e-003 2.1000000000000005e-002 4.0000000000000001e-003  1.4109224222637229e-003
-5.9999999999999984e-003 2.4000000000000007e-002 4.0000000000000001e-003  1.4368508532914806e-003
-5.9999999999999984e-003 2.7000000000000010e-002 4.0000000000000001e-003  1.4631732756799124e-003
-5.9999999999999984e-003 2.9999999999999999e-002 4.0000000000000001e-003  1.4909261127524929e-003
-5.9999999999999984e-003 3.3000000000000002e-002 4.0000000000000001e-003  1.5224966320088263e-003
-5.9999999999999984e-003 3.6000000000000004e-002 4.0000000000000001e-003  1.5544128890400569e-003
-5.9999999999999984e-003 3.9000000000000007e-002 4.0000000000000001e-003  1.5867918866384315e-003
-5.9999999999999984e-003 4.2000000000000010e-002 4.0000000000000001e-003  1.6688933087392649e-003
-5.9999999999999984e-003 4.4999999999999998e-002 4.0000000000000001e-003  1.7909572063930243e-003
-2.9999999999999957e-003 -4.4999999999999998e-002 4.0000000000000001e-003  1.9057705319925982e-003
-2.9999999999999957e-003 -4.1999999999999996e-002 4.0000000000000001e-003  1.7638278754937143e-003
-2.9999999999999957e-003 -3.9000000000000000e-002 4.0000000000000001e-003  1.6605978726770962e-003
-2.9999999999999957e-003 -3.5999999999999997e-002 4.0000000000000001e-003  1.5730502252158717e-003
-2.9999999999999957e-003 -3.3000000000000002e-002 4.0000000000000001e-003  1.4999369993046706e-003
-2.9999999999999957e-003 -2.9999999999999999e-002 4.0000000000000001e-003  1.4632222466076518e-003
-2.9999999999999957e-003 -2.6999999999999996e-002 4.0000000000000001e-003  1.4302600336368481e-003
-2.9999999999999957e-003 -2.3999999999999997e-002 4.0000000000000001e-003  1.4064463681616173e-003
-2.9999999999999957e-003 -2.0999999999999998e-002 4.0000000000000001e-003  1.3891341416765828e-003
-2.9999999999999957e-003 -1.7999999999999999e-002 4.0000000000000001e-003  1.3725192792920318e-003
-2.9999999999999957e-003 -1.4999999999999999e-002 4.0000000000000001e-003  1.3581625242634224e-003
-2.9999999999999957e-003 -1.1999999999999997e-002 4.0000000000000001e-003  1.3411213205491795e-003
-2.9999999999999957e-003 -8.9999999999999941e-003 4.0000000000000001e-003  1.3359558003080457e-003
-2.9999999999999957e-003 -5.9999999999999984e-003 4.0000000000000001e-003  1.3318403053023810e-003
-2.9999999999999957e-003 -2.9999999999999957e-003 4.0000000000000001e-003  1.3289780220709106e-003
-2.9999999999999957e-003 0.0000000000000000e+000 4.0000000000000001e-003  1.3281090473443119e-003
-2.9999999999999957e-003 3.0000000000000027e-003 4.0000000000000001e-003  1.3293415416724018e-003
-2.9999999999999957e-003 6.0000000000000053e-003 4.0000000000000001e-003  1.3326737675964499e-003
-2.9999999999999957e-003 9.0000000000000011e-003 4.0000000000000001e-003  1.3381042613578385e-003
-2.9999999999999957e-003 1.2000000000000004e-002 4.0000000000000001e-003  1.3456318328980692e-003
-2.9999999999999957e-003 1.4999999999999999e-002 4.0000000000000001e-003  1.3592817654149623e-003
-2.9999999999999957e-003 1.8000000000000002e-002 4.0000000000000001e-003  1.3816687913601317e-003
-2.9999999999999957e-003 2.1000000000000005e-002 4.0000000000000001e-003  1.4122240599208486e-003
-2.9999999999999957e-003 2.4000000000000007e-002 4.0000000000000001e-003  1.4430348988198527e-003
-2.9999999999999957e-003 2.7000000000000010e-002 4.0000000000000001e-003  1.4732713161175158e-003
-2.9999999999999957e-003 2.9999999999999999e-002 4.0000000000000001e-003  1.4999880148469506e-003
-2.9999999999999957e-003 3.3000000000000002e-002 4.0000000000000001e-003  1.5270794339655612e-003
-2.9999999999999957e-003 3.6000000000000004e-002 4.0000000000000001e-003  1.5545360698012260e-003
-2.9999999999999957e-003 3.9000000000000007e-002 4.0000000000000001e-003  1.5900444875947156e-003
-2.9999999999999957e-003 4.2000000000000010e-002 4.0000000000000001e-003  1.7040191866361538e-003
-2.9999999999999957e-003 4.4999999999999998e-002 4.0000000000000001e-003  1.8151479326644214e-003
0.0000000000000000e+000 -4.4999999999999998e-002 4.0000000000000001e-003  1.9193603425309751e-003
0.0000000000000000e+000 -4.1999999999999996e-002 4.0000000000000001e-003  1.7799823985286563e-003
0.0000000000000000e+000 -3.9000000000000000e-002 4.0000000000000001e-003  1.6546527951338136e-003
0.0000000000000000e+000 -3.5999999999999997e-002 4.0000000000000001e-003  1.5565412122804149e-003
0.0000000000000000e+000 -3.3000000000000002e-002 4.0000000000000001e-003  1.4950750390649928e-003
0.0000000000000000e+000 -2.9999999999999999e-002 4.0000000000000001e-003  1.4611676439486767e-003
0.0000000000000000e+000 -2.6999999999999996e-002 4.0000000000000001e-003  1.4413100842262734e-003
0.0000000000000000e+000 -2.3999999999999997e-002 4.0000000000000001e-003  1.4203110331736791e-003
0.0000000000000000e+000 -2.0999999999999998e-002 4.0000000000000001e-003  1.4015491282840654e-003
0.0000000000000000e+000 -1.7999999999999999e-002 4.0000000000000001e-003  1.3781059717417920e-003
0.0000000000000000e+000 -1.4999999999999999e-002 4.0000000000000001e-003  1.3526983726128694e-003
0.0000000000000000e+000 -1.1999999999999997e-002 4.0000000000000001e-003  1.3402247778988062e-003
0.0000000000000000e+000 -8.9999999999999941e-003 4.0000000000000001e-003  1.3355248715686309e-003
0.0000000000000000e+000 -5.9999999999999984e-003 4.0000000000000001e-003  1.3321822813543377e-003
0.0000000000000000e+000 -2.9999999999999957e-003 4.0000000000000001e-003  1.3299587571247188e-003
0.0000000000000000e+000 0.0000000000000000e+000 4.0000000000000001e-003  1.3293237447892904e-003
0.0000000000000000e+000 3.0000000000000027e-003 4.0000000000000001e-003  1.3307960801809649e-003
0.0000000000000000e+000 6.0000000000000053e-003 4.0000000000000001e-003  1.3343700060874564e-003
0.0000000000000000e+000 9.0000000000000011e-003 4.0000000000000001e-003  1.3400437667264321e-003
0.0000000000000000e+000 1.2000000000000004e-002 4.0000000000000001e-003  1.3489857077052120e-003
0.0000000000000000e+000 1.4999999999999999e-002 4.0000000000000001e-003  1.3638837521433927e-003
0.0000000000000000e+000 1.8000000000000002e-002 4.0000000000000001e-003  1.3814152076112541e-003
0.0000000000000000e+000 2.1000000000000005e-002 4.0000000000000001e-003  1.4105773051745632e-003
0.0000000000000000e+000 2.4000000000000007e-002 4.0000000000000001e-003  1.4412108317734904e-003
0.0000000000000000e+000 2.7000000000000010e-002 4.0000000000000001e-003  1.4720945517287891e-003
0.0000000000000000e+000 2.9999999999999999e-002 4.0000000000000001e-003  1.5032221814406692e-003
0.0000000000000000e+000 3.3000000000000002e-002 4.0000000000000001e-003  1.5344344535886162e-003
0.0000000000000000e+000 3.6000000000000004e-002 4.0000000000000001e-003  1.5637622141494157e-003
0.0000000000000000e+000 3.9000000000000007e-002 4.0000000000000001e-003  1.6012875333257166e-003
0.0000000000000000e+000 4.2000000000000010e-002 4.0000000000000001e-003  1.7083506116498323e-003
0.0000000000000000e+000 4.4999999999999998e-002 4.0000000000000001e-003  1.8191250721214434e-003
3.0000000000000027e-003 -4.4999999999999998e-002 4.0000000000000001e-003  1.9038063840478487e-003
3.0000000000000027e-003 -4.1999999999999996e-002 4.0000000000000001e-003  1.7537935927191353e-003
3.0000000000000027e-003 -3.9000000000000000e-002 4.0000000000000001e-003  1.6370579934797767e-003
3.0000000000000027e-003 -3.5999999999999997e-002 4.0000000000000001e-003  1.5472990841481884e-003
3.0000000000000027e-003 -3.3000000000000002e-002 4.0000000000000001e-003  1.4987967625575366e-003
3.0000000000000027e-003 -2.9999999999999999e-002 4.0000000000000001e-003  1.4712819673003889e-003
3.0000000000000027e-003 -2.6999999999999996e-002 4.0000000000000001e-003  1.4546321139296827e-003
3.0000000000000027e-003 -2.3999999999999997e-002 4.0000000000000001e-003  1.4296694554733363e-003
3.0000000000000027e-003 -2.0999999999999998e-002 4.0000000000000001e-003  1.4006673366964966e-003
3.0000000000000027e-003 -1.7999999999999999e-002 4.0000000000000001e-003  1.3739599026169249e-003
3.0000000000000027e-003 -1.4999999999999999e-002 4.0000000000000001e-003  1.3496219837491651e-003
3.0000000000000027e-003 -1.1999999999999997e-002 4.0000000000000001e-003  1.3428554909805594e-003
3.0000000000000027e-003 -8.9999999999999941e-003 4.0000000000000001e-003  1.3378884483568805e-003
3.0000000000000027e-003 -5.9999999999999984e-003 4.0000000000000001e-003  1.3347454724465882e-003
3.0000000000000027e-003 -2.9999999999999957e-003 4.0000000000000001e-003  1.3332912884185515e-003
3.0000000000000027e-003 0.0000000000000000e+000 4.0000000000000001e-003  1.3330270932236992e-003
3.0000000000000027e-003 3.0000000000000027e-003 4.0000000000000001e-003  1.3347368733108648e-003
3.0000000000000027e-003 6.0000000000000053e-003 4.0000000000000001e-003  1.3385502289240490e-003
3.0000000000000027e-003 9.0000000000000011e-003 4.0000000000000001e-003  1.3444651122572068e-003
3.0000000000000027e-003 1.2000000000000004e-002 4.0000000000000001e-003  1.3556861751409972e-003
3.0000000000000027e-003 1.4999999999999999e-002 4.0000000000000001e-003  1.3705450318573845e-003
3.0000000000000027e-003 1.8000000000000002e-002 4.0000000000000001e-003  1.3880372044482660e-003
3.0000000000000027e-003 2.1000000000000005e-002 4.0000000000000001e-003  1.4117429497432696e-003
3.0000000000000027e-003 2.4000000000000007e-002 4.0000000000000001e-003  1.4421964032222535e-003
3.0000000000000027e-003 2.7000000000000010e-002 4.0000000000000001e-003  1.4729017151243046e-003
3.0000000000000027e-003 2.9999999999999999e-002 4.0000000000000001e-003  1.5038525550772560e-003
3.0000000000000027e-003 3.3000000000000002e-002 4.0000000000000001e-003  1.5341471871317515e-003
3.0000000000000027e-003 3.6000000000000004e-002 4.0000000000000001e-003  1.5642486666249953e-003
3.0000000000000027e-003 3.9000000000000007e-002 4.0000000000000001e-003  1.6133771676020748e-003
3.0000000000000027e-003 4.2000000000000010e-002 4.0000000000000001e-003  1.7101207670780802e-003
3.0000000000000027e-003 4.4999999999999998e-002 4.0000000000000001e-003  1.8302146207362048e-003
6.0000000000000053e-003 -4.4999999999999998e-002 4.0000000000000001e-003  1.8809676266074926e-003
6.0000000000000053e-003 -4.1999999999999996e-002 4.0000000000000001e-003  1.7489037069430299e-003
6.0000000000000053e-003 -3.9000000000000000e-002 4.0000000000000001e-003  1.6477347889815377e-003
6.0000000000000053e-003 -3.5999999999999997e-002 4.0000000000000001e-003  1.5726413967742190e-003
6.0000000000000053e-003 -3.3000000000000002e-002 4.0000000000000001e-003  1.5060272433920459e-003
6.0000000000000053e-003 -2.9999999999999999e-002 4.0000000000000001e-003  1.4828743518803002e-003
6.0000000000000053e-003 -2.6999999999999996e-002 4.0000000000000001e-003  1.4564200780058361e-003
6.0000000000000053e-003 -2.3999999999999997e-002 4.0000000000000001e-003  1.4277524850646358e-003
6.0000000000000053e-003 -2.0999999999999998e-002 4.0000000000000001e-003  1.3997376439247582e-003
6.0000000000000053e-003 -1.7999999999999999e-002 4.0000000000000001e-003  1.3740560801873258e-003
6.0000000000000053e-003 -1.4999999999999999e-002 4.0000000000000001e-003  1.3553512800227594e-003
6.0000000000000053e-003 -1.1999999999999997e-002 4.0000000000000001e-003  1.3490035141881065e-003
6.0000000000000053e-003 -8.9999999999999941e-003 4.0000000000000001e-003  1.3438301818054562e-003
6.0000000000000053e-003 -5.9999999999999984e-003 4.0000000000000001e-003  1.3398312100263239e-003
6.0000000000000053e-003 -2.9999999999999957e-003 4.0000000000000001e-003  1.3388394941983384e-003
6.0000000000000053e-003 0.0000000000000000e+000 4.0000000000000001e-003  1.3392733109239530e-003
6.0000000000000053e-003 3.0000000000000027e-003 4.0000000000000001e-003  1.3411595125117249e-003
6.0000000000000053e-003 6.0000000000000053e-003 4.0000000000000001e-003  1.3452102101294790e-003
6.0000000000000053e-003 9.0000000000000011e-003 4.0000000000000001e-003  1.3522650038530458e-003
6.0000000000000053e-003 1.2000000000000004e-002 4.0000000000000001e-003  1.3644441042691155e-003
6.0000000000000053e-003 1.4999999999999999e-002 4.0000000000000001e-003  1.3792625819259222e-003
6.0000000000000053e-003 1.8000000000000002e-002 4.0000000000000001e-003  1.3967143932042466e-003
6.0000000000000053e-003 2.1000000000000005e-002 4.0000000000000001e-003  1.4167969000628015e-003
6.0000000000000053e-003 2.4000000000000007e-002 4.0000000000000001e-003  1.4459916504350571e-003
6.0000000000000053e-003 2.7000000000000010e-002 4.0000000000000001e-003  1.4765163783416091e-003
6.0000000000000053e-003 2.9999999999999999e-002 4.0000000000000001e-003  1.5072172983317447e-003
6.0000000000000053e-003 3.3000000000000002e-002 4.0000000000000001e-003  1.5372384360282068e-003
6.0000000000000053e-003 3.6000000000000004e-002 4.0000000000000001e-003  1.5678421353417221e-003
6.0000000000000053e-003 3.9000000000000007e-002 4.0000000000000001e-003  1.6318297564522290e-003
6.0000000000000053e-003 4.2000000000000010e-002 4.0000000000000001e-003  1.7130443989687512e-003
6.0000000000000053e-003 4.4999999999999998e-002 4.0000000000000001e-003  1.8337106516154540e-003
9.0000000000000011e-003 -4.4999999999999998e-002 4.0000000000000001e-003  1.8771387879120739e-003
9.0000000000000011e-003 -4.1999999999999996e-002 4.0000000000000001e-003  1.7402836960669070e-003
9.0000000000000011e-003 -3.9000000000000000e-002 4.0000000000000001e-003  1.6538500652763560e-003
9.0000000000000011e-003 -3.5999999999999997e-002 4.0000000000000001e-003  1.5935133470507633e-003
9.0000000000000011e-003 -3.3000000000000002e-002 4.0000000000000001e-003  1.5302997260657372e-003
9.0000000000000011e-003 -2.9999999999999999e-002 4.0000000000000001e-003  1.4813151166184939e-003
9.0000000000000011e-003 -2.6999999999999996e-002 4.0000000000000001e-003  1.4560765377340679e-003
9.0000000000000011e-003 -2.3999999999999997e-002 4.0000000000000001e-003  1.4300580484488314e-003
9.0000000000000011e-003 -2.0999999999999998e-002 4.0000000000000001e-003  1.4030300584521719e-003
9.0000000000000011e-003 -1.7999999999999999e-002 4.0000000000000001e-003  1.3783798931232469e-003
9.0000000000000011e-003 -1.4999999999999999e-002 4.0000000000000001e-003  1.3652147039845013e-003
9.0000000000000011e-003 -1.1999999999999997e-002 4.0000000000000001e-003  1.3586606198461313e-003
9.0000000000000011e-003 -8.9999999999999941e-003 4.0000000000000001e-003  1.3532810254626134e-003
9.0000000000000011e-003 -5.9999999999999984e-003 4.0000000000000001e-003  1.3490758235791046e-003
9.0000000000000011e-003 -2.9999999999999957e-003 4.0000000000000001e-003  1.3466019855062346e-003
9.0000000000000011e-003 0.0000000000000000e+000 4.0000000000000001e-003  1.3477987381614316e-003
9.0000000000000011e-003 3.0000000000000027e-003 4.0000000000000001e-003  1.3501216867863120e-003
9.0000000000000011e-003 6.0000000000000053e-003 4.0000000000000001e-003  1.3543464122940645e-003
9.0000000000000011e-003 9.0000000000000011e-003 4.0000000000000001e-003  1.3631194232821618e-003
9.0000000000000011e-003 1.2000000000000004e-002 4.0000000000000001e-003  1.3752568458024988e-003
9.0000000000000011e-003 1.4999999999999999e-002 4.0000000000000001e-003  1.3900338919837928e-003
9.0000000000000011e-003 1.8000000000000002e-002 4.0000000000000001e-003  1.4074444024358324e-003
9.0000000000000011e-003 2.1000000000000005e-002 4.0000000000000001e-003  1.4274856233463544e-003
9.0000000000000011e-003 2.4000000000000007e-002 4.0000000000000001e-003  1.4525966973251766e-003
9.0000000000000011e-003 2.7000000000000010e-002 4.0000000000000001e-003  1.4829389429094281e-003
9.0000000000000011e-003 2.9999999999999999e-002 4.0000000000000001e-003  1.5131912674058851e-003
9.0000000000000011e-003 3.3000000000000002e-002 4.0000000000000001e-003  1.5436923662132925e-003
9.0000000000000011e-003 3.6000000000000004e-002 4.0000000000000001e-003  1.5848867431662874e-003
9.0000000000000011e-003 3.9000000000000007e-002 4.0000000000000001e-003  1.6491964836507097e-003
9.0000000000000011e-003 4.2000000000000010e-002 4.0000000000000001e-003  1.7307310930184455e-003
9.0000000000000011e-003 4.4999999999999998e-002 4.0000000000000001e-003  1.8309622619939083e-003
1.2000000000000004e-002 -4.4999999999999998e-002 4.0000000000000001e-003  1.8875214649144813e-003
1.2000000000000004e-002 -4.1999999999999996e-002 4.0000000000000001e-003  1.7429104965291985e-003
1.2000000000000004e-002 -3.9000000000000000e-002 4.0000000000000001e-003  1.6624066686520469e-003
1.2000000000000004e-002 -3.5999999999999997e-002 4.0000000000000001e-003  1.6092979367139666e-003
1.2000000000000004e-002 -3.3000000000000002e-002 4.0000000000000001e-003  1.5481465118689602e-003
1.2000000000000004e-002 -2.9999999999999999e-002 4.0000000000000001e-003  1.4840748062527115e-003
1.2000000000000004e-002 -2.6999999999999996e-002 4.0000000000000001e-003  1.4600721055394483e-003
1.2000000000000004e-002 -2.3999999999999997e-002 4.0000000000000001e-003  1.4360518758649943e-003
1.2000000000000004e-002 -2.0999999999999998e-002 4.0000000000000001e-003  1.4105310900384554e-003
1.2000000000000004e-002 -1.7999999999999999e-002 4.0000000000000001e-003  1.3869207855685868e-003
1.2000000000000004e-002 -1.4999999999999999e-002 4.0000000000000001e-003  1.3785814078598249e-003
1.2000000000000004e-002 -1.1999999999999997e-002 4.0000000000000001e-003  1.3718202982103179e-003
1.2000000000000004e-002 -8.9999999999999941e-003 4.0000000000000001e-003  1.3662340147313962e-003
1.2000000000000004e-002 -5.9999999999999984e-003 4.0000000000000001e-003  1.3618224357618595e-003
1.2000000000000004e-002 -2.9999999999999957e-003 4.0000000000000001e-003  1.3585854344870352e-003
1.2000000000000004e-002 0.0000000000000000e+000 4.0000000000000001e-003  1.3585331735459449e-003
1.2000000000000004e-002 3.0000000000000027e-003 4.0000000000000001e-003  1.3616178541659143e-003
1.2000000000000004e-002 6.0000000000000053e-003 4.0000000000000001e-003  1.3667520589360743e-003
1.2000000000000004e-002 9.0000000000000011e-003 4.0000000000000001e-003  1.3760275444915542e-003
1.2000000000000004e-002 1.2000000000000004e-002 4.0000000000000001e-003  1.3881222627198703e-003
1.2000000000000004e-002 1.4999999999999999e-002 4.0000000000000001e-003  1.4028569639315661e-003
1.2000000000000004e-002 1.8000000000000002e-002 4.0000000000000001e-003  1.4202253729654560e-003
1.2000000000000004e-002 2.1000000000000005e-002 4.0000000000000001e-003  1.4402246202382845e-003
1.2000000000000004e-002 2.4000000000000007e-002 4.0000000000000001e-003  1.4628552417447354e-003
1.2000000000000004e-002 2.7000000000000010e-002 4.0000000000000001e-003  1.4921567110833594e-003
1.2000000000000004e-002 2.9999999999999999e-002 4.0000000000000001e-003  1.5225155749788476e-003
1.2000000000000004e-002 3.3000000000000002e-002 4.0000000000000001e-003  1.5534991449649006e-003
1.2000000000000004e-002 3.6000000000000004e-002 4.0000000000000001e-003  1.6012295773353293e-003
1.2000000000000004e-002 3.9000000000000007e-002 4.0000000000000001e-003  1.6655173500480988e-003
1.2000000000000004e-002 4.2000000000000010e-002 4.0000000000000001e-003  1.7475242564344363e-003
1.2000000000000004e-002 4.4999999999999998e-002 4.0000000000000001e-003  1.8487497945063216e-003
1.4999999999999999e-002 -4.4999999999999998e-002 4.0000000000000001e-003  1.8943193836989814e-003
1.4999999999999999e-002 -4.1999999999999996e-002 4.0000000000000001e-003  1.7724798549629095e-003
1.4999999999999999e-002 -3.9000000000000000e-002 4.0000000000000001e-003  1.6731150530628705e-003
1.4999999999999999e-002 -3.5999999999999997e-002 4.0000000000000001e-003  1.6198152621778436e-003
1.4999999999999999e-002 -3.3000000000000002e-002 4.0000000000000001e-003  1.5656491421574630e-003
1.4999999999999999e-002 -2.9999999999999999e-002 4.0000000000000001e-003  1.5032180202879573e-003
1.4999999999999999e-002 -2.6999999999999996e-002 4.0000000000000001e-003  1.4683729202461680e-003
1.4999999999999999e-002 -2.3999999999999997e-002 4.0000000000000001e-003  1.4456454961235968e-003
1.4999999999999999e-002 -2.0999999999999998e-002 4.0000000000000001e-003  1.4222313039169740e-003
1.4999999999999999e-002 -1.7999999999999999e-002 4.0000000000000001e-003  1.4035919355220657e-003
1.4999999999999999e-002 -1.4999999999999999e-002 4.0000000000000001e-003  1.3954470546880739e-003
1.4999999999999999e-002 -1.1999999999999997e-002 4.0000000000000001e-003  1.3884777574673655e-003
1.4999999999999999e-002 -8.9999999999999941e-003 4.0000000000000001e-003  1.3826839029458639e-003
1.4999999999999999e-002 -5.9999999999999984e-003 4.0000000000000001e-003  1.3780653450560108e-003
1.4999999999999999e-002 -2.9999999999999957e-003 4.0000000000000001e-003  1.3746219325767764e-003
1.4999999999999999e-002 0.0000000000000000e+000 4.0000000000000001e-003  1.3730191070499211e-003
1.4999999999999999e-002 3.0000000000000027e-003 4.0000000000000001e-003  1.3779484122897975e-003
1.4999999999999999e-002 6.0000000000000053e-003 4.0000000000000001e-003  1.3868587131654381e-003
1.4999999999999999e-002 9.0000000000000011e-003 4.0000000000000001e-003  1.3978375323292099e-003
1.4999999999999999e-002 1.2000000000000004e-002 4.0000000000000001e-003  1.4107773483216350e-003
1.4999999999999999e-002 1.4999999999999999e-002 4.0000000000000001e-003  1.4257517441879307e-003
1.4999999999999999e-002 1.8000000000000002e-002 4.0000000000000001e-003  1.4427510273368885e-003
1.4999999999999999e-002 2.1000000000000005e-002 4.0000000000000001e-003  1.4617699938159689e-003
1.4999999999999999e-002 2.4000000000000007e-002 4.0000000000000001e-003  1.4828079283113124e-003
1.4999999999999999e-002 2.7000000000000010e-002 4.0000000000000001e-003  1.5040338254574798e-003
1.4999999999999999e-002 2.9999999999999999e-002 4.0000000000000001e-003  1.5351817097849984e-003
1.4999999999999999e-002 3.3000000000000002e-002 4.0000000000000001e-003  1.5687749273328032e-003
1.4999999999999999e-002 3.6000000000000004e-002 4.0000000000000001e-003  1.6164203795315112e-003
1.4999999999999999e-002 3.9000000000000007e-002 4.0000000000000001e-003  1.6808326946855811e-003
1.4999999999999999e-002 4.2000000000000010e-002 4.0000000000000001e-003  1.7634639808076168e-003
1.4999999999999999e-002 4.4999999999999998e-002 4.0000000000000001e-003  1.8658415431971685e-003
1.8000000000000002e-002 -4.4999999999999998e-002 4.0000000000000001e-003  1.9324588741581163e-003
1.8000000000000002e-002 -4.1999999999999996e-002 4.0000000000000001e-003  1.8203195555458018e-003
1.8000000000000002e-002 -3.9000000000000000e-002 4.0000000000000001e-003  1.6969259105873657e-003
1.8000000000000002e-002 -3.5999999999999997e-002 4.0000000000000001e-003  1.6313455965779478e-003
1.8000000000000002e-002 -3.3000000000000002e-002 4.0000000000000001e-003  1.5828136456033349e-003
1.8000000000000002e-002 -2.9999999999999999e-002 4.0000000000000001e-003  1.5289996375102842e-003
1.8000000000000002e-002 -2.6999999999999996e-002 4.0000000000000001e-003  1.4809565478023866e-003
1.8000000000000002e-002 -2.3999999999999997e-002 4.0000000000000001e-003  1.4595531160329531e-003
1.8000000000000002e-002 -2.0999999999999998e-002 4.0000000000000001e-003  1.4381253207947520e-003
1.8000000000000002e-002 -1.7999999999999999e-002 4.0000000000000001e-003  1.4241646318053488e-003
1.8000000000000002e-002 -1.4999999999999999e-002 4.0000000000000001e-003  1.4158090254395921e-003
1.8000000000000002e-002 -1.1999999999999997e-002 4.0000000000000001e-003  1.4086509063922900e-003
1.8000000000000002e-002 -8.9999999999999941e-003 4.0000000000000001e-003  1.4031842894665979e-003
1.8000000000000002e-002 -5.9999999999999984e-003 4.0000000000000001e-003  1.3994918828667577e-003
1.8000000000000002e-002 -2.9999999999999957e-003 4.0000000000000001e-003  1.3975742249250304e-003
1.8000000000000002e-002 0.0000000000000000e+000 4.0000000000000001e-003  1.3958826103743919e-003
1.8000000000000002e-002 3.0000000000000027e-003 4.0000000000000001e-003  1.3990044900645752e-003
1.8000000000000002e-002 6.0000000000000053e-003 4.0000000000000001e-003  1.4103495484074433e-003
1.8000000000000002e-002 9.0000000000000011e-003 4.0000000000000001e-003  1.4239249560975386e-003
1.8000000000000002e-002 1.2000000000000004e-002 4.0000000000000001e-003  1.4390956525399197e-003
1.8000000000000002e-002 1.4999999999999999e-002 4.0000000000000001e-003  1.4563060724973611e-003
1.8000000000000002e-002 1.8000000000000002e-002 4.0000000000000001e-003  1.4755443140810718e-003
1.8000000000000002e-002 2.1000000000000005e-002 4.0000000000000001e-003  1.4920535580041964e-003
1.8000000000000002e-002 2.4000000000000007e-002 4.0000000000000001e-003  1.5038954447606345e-003
1.8000000000000002e-002 2.7000000000000010e-002 4.0000000000000001e-003  1.5158791712303098e-003
1.8000000000000002e-002 2.9999999999999999e-002 4.0000000000000001e-003  1.5510827836332176e-003
1.8000000000000002e-002 3.3000000000000002e-002 4.0000000000000001e-003  1.5886011220170345e-003
1.8000000000000002e-002 3.6000000000000004e-002 4.0000000000000001e-003  1.6348936399436689e-003
1.8000000000000002e-002 3.9000000000000007e-002 4.0000000000000001e-003  1.6983320876219291e-003
1.8000000000000002e-002 4.2000000000000010e-002 4.0000000000000001e-003  1.7804931153412498e-003
1.8000000000000002e-002 4.4999999999999998e-002 4.0000000000000001e-003  1.8830281440355518e-003
2.1000000000000005e-002 -4.4999999999999998e-002 4.0000000000000001e-003  2.0335506369555134e-003
2.1000000000000005e-002 -4.1999999999999996e-002 4.0000000000000001e-003  1.8494482569380024e-003
2.1000000000000005e-002 -3.9000000000000000e-002 4.0000000000000001e-003  1.7257583074641958e-003
2.1000000000000005e-002 -3.5999999999999997e-002 4.0000000000000001e-003  1.6549809619377882e-003
2.1000000000000005e-002 -3.3000000000000002e-002 4.0000000000000001e-003  1.5947810698997158e-003
2.1000000000000005e-002 -2.9999999999999999e-002 4.0000000000000001e-003  1.5449082365024231e-003
2.1000000000000005e-002 -2.6999999999999996e-002 4.0000000000000001e-003  1.5009820620598710e-003
2.1000000000000005e-002 -2.3999999999999997e-002 4.0000000000000001e-003  1.4788478820586450e-003
2.1000000000000005e-002 -2.0999999999999998e-002 4.0000000000000001e-003  1.4623683467170411e-003
2.1000000000000005e-002 -1.7999999999999999e-002 4.0000000000000001e-003  1.4469023483477013e-003
2.1000000000000005e-002 -1.4999999999999999e-002 4.0000000000000001e-003  1.4371639575336288e-003
2.1000000000000005e-002 -1.1999999999999997e-002 4.0000000000000001e-003  1.4306292376057047e-003
2.1000000000000005e-002 -8.9999999999999941e-003 4.0000000000000001e-003  1.4258724704192738e-003
2.1000000000000005e-002 -5.9999999999999984e-003 4.0000000000000001e-003  1.4228943840605115e-003
2.1000000000000005e-002 -2.9999999999999957e-003 4.0000000000000001e-003  1.4218762192964693e-003
2.1000000000000005e-002 0.0000000000000000e+000 4.0000000000000001e-003  1.4222093117172211e-003
2.1000000000000005e-002 3.0000000000000027e-003 4.0000000000000001e-003  1.4234411241211462e-003
2.1000000000000005e-002 6.0000000000000053e-003 4.0000000000000001e-003  1.4372269506537263e-003
2.1000000000000005e-002 9.0000000000000011e-003 4.0000000000000001e-003  1.4536648843081999e-003
2.1000000000000005e-002 1.2000000000000004e-002 4.0000000000000001e-003  1.4710864091521984e-003
2.1000000000000005e-002 1.4999999999999999e-002 4.0000000000000001e-003  1.4890732243335314e-003
2.1000000000000005e-002 1.8000000000000002e-002 4.0000000000000001e-003  1.5004693163216340e-003
2.1000000000000005e-002 2.1000000000000005e-002 4.0000000000000001e-003  1.5119772590472969e-003
2.1000000000000005e-002 2.4000000000000007e-002 4.0000000000000001e-003  1.5254783844417565e-003
2.1000000000000005e-002 2.7000000000000010e-002 4.0000000000000001e-003  1.5512422341706631e-003
2.1000000000000005e-002 2.9999999999999999e-002 4.0000000000000001e-003  1.5782525389512563e-003
2.1000000000000005e-002 3.3000000000000002e-002 4.0000000000000001e-003  1.6116587461558990e-003
2.1000000000000005e-002 3.6000000000000004e-002 4.0000000000000001e-003  1.6581592955723728e-003
2.1000000000000005e-002 3.9000000000000007e-002 4.0000000000000001e-003  1.7236168950183020e-003
2.1000000000000005e-002 4.2000000000000010e-002 4.0000000000000001e-003  1.8088273715571790e-003
2.1000000000000005e-002 4.4999999999999998e-002 4.0000000000000001e-003  1.9153292964869425e-003
2.4000000000000007e-002 -4.4999999999999998e-002 4.0000000000000001e-003  2.0659280823941855e-003
2.4000000000000007e-002 -4.1999999999999996e-002 4.0000000000000001e-003  1.8631227904798407e-003
2.4000000000000007e-002 -3.9000000000000000e-002 4.0000000000000001e-003  1.7673425803165434e-003
2.4000000000000007e-002 -3.5999999999999997e-002 4.0000000000000001e-003  1.6828600447753772e-003
2.4000000000000007e-002 -3.3000000000000002e-002 4.0000000000000001e-003  1.6143002416277197e-003
2.4000000000000007e-002 -2.9999999999999999e-002 4.0000000000000001e-003  1.5639069524477104e-003
2.4000000000000007e-002 -2.6999999999999996e-002 4.0000000000000001e-003  1.5334161388950497e-003
2.4000000000000007e-002 -2.3999999999999997e-002 4.0000000000000001e-003  1.5124047492405886e-003
2.4000000000000007e-002 -2.0999999999999998e-002 4.0000000000000001e-003  1.4922619068603383e-003
2.4000000000000007e-002 -1.7999999999999999e-002 4.0000000000000001e-003  1.4788599721330235e-003
2.4000000000000007e-002 -1.4999999999999999e-002 4.0000000000000001e-003  1.4664667976630292e-003
2.4000000000000007e-002 -1.1999999999999997e-002 4.0000000000000001e-003  1.4550480159635343e-003
2.4000000000000007e-002 -8.9999999999999941e-003 4.0000000000000001e-003  1.4489849098575230e-003
2.4000000000000007e-002 -5.9999999999999984e-003 4.0000000000000001e-003  1.4467316197009782e-003
2.4000000000000007e-002 -2.9999999999999957e-003 4.0000000000000001e-003  1.4490789274351258e-003
2.4000000000000007e-002 0.0000000000000000e+000 4.0000000000000001e-003  1.4520993878082309e-003
2.4000000000000007e-002 3.0000000000000027e-003 4.0000000000000001e-003  1.4553591505087860e-003
2.4000000000000007e-002 6.0000000000000053e-003 4.0000000000000001e-003  1.4674788181463162e-003
2.4000000000000007e-002 9.0000000000000011e-003 4.0000000000000001e-003  1.4863760352204171e-003
2.4000000000000007e-002 1.2000000000000004e-002 4.0000000000000001e-003  1.4991741217775388e-003
2.4000000000000007e-002 1.4999999999999999e-002 4.0000000000000001e-003  1.5102390548499202e-003
2.4000000000000007e-002 1.8000000000000002e-002 4.0000000000000001e-003  1.5214177204326252e-003
2.4000000000000007e-002 2.1000000000000005e-002 4.0000000000000001e-003  1.5423648002945601e-003
2.4000000000000007e-002 2.4000000000000007e-002 4.0000000000000001e-003  1.5664405588832800e-003
2.4000000000000007e-002 2.7000000000000010e-002 4.0000000000000001e-003  1.5917387793118951e-003
2.4000000000000007e-002 2.9999999999999999e-002 4.0000000000000001e-003  1.6151292724274902e-003
2.4000000000000007e-002 3.3000000000000002e-002 4.0000000000000001e-003  1.6441327832073859e-003
2.4000000000000007e-002 3.6000000000000004e-002 4.0000000000000001e-003  1.6918162621600483e-003
2.4000000000000007e-002 3.9000000000000007e-002 4.0000000000000001e-003  1.7590886119980597e-003
2.4000000000000007e-002 4.2000000000000010e-002 4.0000000000000001e-003  1.8459936857985570e-003
2.4000000000000007e-002 4.4999999999999998e-002 4.0000000000000001e-003  1.9540641274016684e-003
2.7000000000000010e-002 -4.4999999999999998e-002 4.0000000000000001e-003  2.0575262144298593e-003
2.7000000000000010e-002 -4.1999999999999996e-002 4.0000000000000001e-003  1.9052339522493029e-003
2.7000000000000010e-002 -3.9000000000000000e-002 4.0000000000000001e-003  1.8004774282399118e-003
2.7000000000000010e-002 -3.5999999999999997e-002 4.0000000000000001e-003  1.7150872263739937e-003
2.7000000000000010e-002 -3.3000000000000002e-002 4.0000000000000001e-003  1.6483431113983955e-003
2.7000000000000010e-002 -2.9999999999999999e-002 4.0000000000000001e-003  1.5997427363890228e-003
2.7000000000000010e-002 -2.6999999999999996e-002 4.0000000000000001e-003  1.5770897986577366e-003
2.7000000000000010e-002 -2.3999999999999997e-002 4.0000000000000001e-003  1.5580852022235104e-003
2.7000000000000010e-002 -2.0999999999999998e-002 4.0000000000000001e-003  1.5347430445570821e-003
2.7000000000000010e-002 -1.7999999999999999e-002 4.0000000000000001e-003  1.5149757297419964e-003
2.7000000000000010e-002 -1.4999999999999999e-002 4.0000000000000001e-003  1.4987716967471126e-003
2.7000000000000010e-002 -1.1999999999999997e-002 4.0000000000000001e-003  1.4898548482181221e-003
2.7000000000000010e-002 -8.9999999999999941e-003 4.0000000000000001e-003  1.4833403979565244e-003
2.7000000000000010e-002 -5.9999999999999984e-003 4.0000000000000001e-003  1.4786384795025479e-003
2.7000000000000010e-002 -2.9999999999999957e-003 4.0000000000000001e-003  1.4808336184667030e-003
2.7000000000000010e-002 0.0000000000000000e+000 4.0000000000000001e-003  1.4855610413432386e-003
2.7000000000000010e-002 3.0000000000000027e-003 4.0000000000000001e-003  1.4914968896405667e-003
2.7000000000000010e-002 6.0000000000000053e-003 4.0000000000000001e-003  1.5010952045940334e-003
2.7000000000000010e-002 9.0000000000000011e-003 4.0000000000000001e-003  1.5112140812637157e-003
2.7000000000000010e-002 1.2000000000000004e-002 4.0000000000000001e-003  1.5213548119048157e-003
2.7000000000000010e-002 1.4999999999999999e-002 4.0000000000000001e-003  1.5370371579991905e-003
2.7000000000000010e-002 1.8000000000000002e-002 4.0000000000000001e-003  1.5581547603501452e-003
2.7000000000000010e-002 2.1000000000000005e-002 4.0000000000000001e-003  1.5805386525604341e-003
2.7000000000000010e-002 2.4000000000000007e-002 4.0000000000000001e-003  1.6023883704070260e-003
2.7000000000000010e-002 2.7000000000000010e-002 4.0000000000000001e-003  1.6251974784208137e-003
2.7000000000000010e-002 2.9999999999999999e-002 4.0000000000000001e-003  1.6498229019597827e-003
2.7000000000000010e-002 3.3000000000000002e-002 4.0000000000000001e-003  1.6770955599462113e-003
2.7000000000000010e-002 3.6000000000000004e-002 4.0000000000000001e-003  1.7258041148678536e-003
2.7000000000000010e-002 3.9000000000000007e-002 4.0000000000000001e-003  1.7916218722327589e-003
2.7000000000000010e-002 4.2000000000000010e-002 4.0000000000000001e-003  1.8789659616968183e-003
2.7000000000000010e-002 4.4999999999999998e-002 4.0000000000000001e-003  1.9889851675917157e-003
2.9999999999999999e-002 -4.4999999999999998e-002 4.0000000000000001e-003  2.1127066006476143e-003
2.9999999999999999e-002 -4.1999999999999996e-002 4.0000000000000001e-003  1.9361268266597871e-003
2.9999999999999999e-002 -3.9000000000000000e-002 4.0000000000000001e-003  1.8334676997833054e-003
2.9999999999999999e-002 -3.5999999999999997e-002 4.0000000000000001e-003  1.7500598847864039e-003
2.9999999999999999e-002 -3.3000000000000002e-002 4.0000000000000001e-003  1.6852252960597957e-003
2.9999999999999999e-002 -2.9999999999999999e-002 4.0000000000000001e-003  1.6441297804779772e-003
2.9999999999999999e-002 -2.6999999999999996e-002 4.0000000000000001e-003  1.6262919354113319e-003
2.9999999999999999e-002 -2.3999999999999997e-002 4.0000000000000001e-003  1.6083699621523653e-003
2.9999999999999999e-002 -2.0999999999999998e-002 4.0000000000000001e-003  1.5850687589780243e-003
2.9999999999999999e-002 -1.7999999999999999e-002 4.0000000000000001e-003  1.5625872082055184e-003
2.9999999999999999e-002 -1.4999999999999999e-002 4.0000000000000001e-003  1.5517431785379522e-003
2.9999999999999999e-002 -1.1999999999999997e-002 4.0000000000000001e-003  1.5431989378011438e-003
2.9999999999999999e-002 -8.9999999999999941e-003 4.0000000000000001e-003  1.5341562853225220e-003
2.9999999999999999e-002 -5.9999999999999984e-003 4.0000000000000001e-003  1.4972249281290106e-003
2.9999999999999999e-002 -2.9999999999999957e-003 4.0000000000000001e-003  1.5038028742831847e-003
2.9999999999999999e-002 0.0000000000000000e+000 4.0000000000000001e-003  1.5274593778316419e-003
2.9999999999999999e-002 3.0000000000000027e-003 4.0000000000000001e-003  1.5257186826524043e-003
2.9999999999999999e-002 6.0000000000000053e-003 4.0000000000000001e-003  1.5301844040796022e-003
2.9999999999999999e-002 9.0000000000000011e-003 4.0000000000000001e-003  1.5362921110137315e-003
2.9999999999999999e-002 1.2000000000000004e-002 4.0000000000000001e-003  1.5534132803779091e-003
2.9999999999999999e-002 1.4999999999999999e-002 4.0000000000000001e-003  1.5728082000804431e-003
2.9999999999999999e-002 1.8000000000000002e-002 4.0000000000000001e-003  1.5927274949474172e-003
2.9999999999999999e-002 2.1000000000000005e-002 4.0000000000000001e-003  1.6131406321322594e-003
2.9999999999999999e-002 2.4000000000000007e-002 4.0000000000000001e-003  1.6353726831250654e-003
2.9999999999999999e-002 2.7000000000000010e-002 4.0000000000000001e-003  1.6594185030086596e-003
2.9999999999999999e-002 2.9999999999999999e-002 4.0000000000000001e-003  1.6852881118391051e-003
2.9999999999999999e-002 3.3000000000000002e-002 4.0000000000000001e-003  1.7130066946456914e-003
2.9999999999999999e-002 3.6000000000000004e-002 4.0000000000000001e-003  1.7597847013552917e-003
2.9999999999999999e-002 3.9000000000000007e-002 4.0000000000000001e-003  1.8265984698230251e-003
2.9999999999999999e-002 4.2000000000000010e-002 4.0000000000000001e-003  1.9124785723721456e-003
2.9999999999999999e-002 4.4999999999999998e-002 4.0000000000000001e-003  2.0204547074312565e-003
3.3000000000000002e-002 -4.4999999999999998e-002 4.0000000000000001e-003  2.1514268407577036e-003
3.3000000000000002e-002 -4.1999999999999996e-002 4.0000000000000001e-003  1.9701846545368083e-003
3.3000000000000002e-002 -3.9000000000000000e-002 4.0000000000000001e-003  1.8697530893510047e-003
3.3000000000000002e-002 -3.5999999999999997e-002 4.0000000000000001e-003  1.7884498888061484e-003
3.3000000000000002e-002 -3.3000000000000002e-002 4.0000000000000001e-003  1.7294754874687191e-003
3.3000000000000002e-002 -2.9999999999999999e-002 4.0000000000000001e-003  1.6989856544696999e-003
3.3000000000000002e-002 -2.6999999999999996e-002 4.0000000000000001e-003  1.6811413539803582e-003
3.3000000000000002e-002 -2.3999999999999997e-002 4.0000000000000001e-003  1.6634129337480806e-003
3.3000000000000002e-002 -2.0999999999999998e-002 4.0000000000000001e-003  1.6427614944706413e-003
3.3000000000000002e-002 -1.7999999999999999e-002 4.0000000000000001e-003  1.6313065745972974e-003
3.3000000000000002e-002 -1.4999999999999999e-002 4.0000000000000001e-003  1.6145289374064494e-003
3.3000000000000002e-002 -1.1999999999999997e-002 4.0000000000000001e-003  1.5985198596584372e-003
3.3000000000000002e-002 -8.9999999999999941e-003 4.0000000000000001e-003  1.5828461052340213e-003
3.3000000000000002e-002 -5.9999999999999984e-003 4.0000000000000001e-003  1.5315103384343435e-003
3.3000000000000002e-002 -2.9999999999999957e-003 4.0000000000000001e-003  1.5374887412141762e-003
3.3000000000000002e-002 0.0000000000000000e+000 4.0000000000000001e-003  1.5558272534401227e-003
3.3000000000000002e-002 3.0000000000000027e-003 4.0000000000000001e-003  1.5988773511393163e-003
3.3000000000000002e-002 6.0000000000000053e-003 4.0000000000000001e-003  1.6054283448213810e-003
3.3000000000000002e-002 9.0000000000000011e-003 4.0000000000000001e-003  1.5964195176601857e-003
3.3000000000000002e-002 1.2000000000000004e-002 4.0000000000000001e-003  1.6037241214189115e-003
3.3000000000000002e-002 1.4999999999999999e-002 4.0000000000000001e-003  1.6333742923395999e-003
3.3000000000000002e-002 1.8000000000000002e-002 4.0000000000000001e-003  1.6576738959540680e-003
3.3000000000000002e-002 2.1000000000000005e-002 4.0000000000000001e-003  1.6713000496193359e-003
3.3000000000000002e-002 2.4000000000000007e-002 4.0000000000000001e-003  1.6878003027308592e-003
3.3000000000000002e-002 2.7000000000000010e-002 4.0000000000000001e-003  1.7071569837174175e-003
3.3000000000000002e-002 2.9999999999999999e-002 4.0000000000000001e-003  1.7293712613638281e-003
3.3000000000000002e-002 3.3000000000000002e-002 4.0000000000000001e-003  1.7535848601541561e-003
3.3000000000000002e-002 3.6000000000000004e-002 4.0000000000000001e-003  1.7995589630101720e-003
3.3000000000000002e-002 3.9000000000000007e-002 4.0000000000000001e-003  1.8641023906294173e-003
3.3000000000000002e-002 4.2000000000000010e-002 4.0000000000000001e-003  1.9477412574063037e-003
3.3000000000000002e-002 4.4999999999999998e-002 4.0000000000000001e-003  2.0552356391782775e-003
3.6000000000000004e-002 -4.4999999999999998e-002 4.0000000000000001e-003  2.1989720193873251e-003
3.6000000000000004e-002 -4.1999999999999996e-002 4.0000000000000001e-003  2.0159193107033768e-003
3.6000000000000004e-002 -3.9000000000000000e-002 4.0000000000000001e-003  1.9292885576834330e-003
3.6000000000000004e-002 -3.5999999999999997e-002 4.0000000000000001e-003  1.8660225099169521e-003
3.6000000000000004e-002 -3.3000000000000002e-002 4.0000000000000001e-003  1.8106401879108486e-003
3.6000000000000004e-002 -2.9999999999999999e-002 4.0000000000000001e-003  1.7597985507880815e-003
3.6000000000000004e-002 -2.6999999999999996e-002 4.0000000000000001e-003  1.7417697050478651e-003
3.6000000000000004e-002 -2.3999999999999997e-002 4.0000000000000001e-003  1.7237060654072649e-003
3.6000000000000004e-002 -2.0999999999999998e-002 4.0000000000000001e-003  1.6980144948998274e-003
3.6000000000000004e-002 -1.7999999999999999e-002 4.0000000000000001e-003  1.6770067517538777e-003
3.6000000000000004e-002 -1.4999999999999999e-002 4.0000000000000001e-003  1.6633321585380815e-003
3.6000000000000004e-002 -1.1999999999999997e-002 4.0000000000000001e-003  1.6694010284276342e-003
3.6000000000000004e-002 -8.9999999999999941e-003 4.0000000000000001e-003  1.6743536899351495e-003
3.6000000000000004e-002 -5.9999999999999984e-003 4.0000000000000001e-003  1.6524570814331180e-003
3.6000000000000004e-002 -2.9999999999999957e-003 4.0000000000000001e-003  1.6595071616071742e-003
3.6000000000000004e-002 0.0000000000000000e+000 4.0000000000000001e-003  1.6698173288394558e-003
3.6000000000000004e-002 3.0000000000000027e-003 4.0000000000000001e-003  1.6756348423810690e-003
3.6000000000000004e-002 6.0000000000000053e-003 4.0000000000000001e-003  1.7035215660736692e-003
3.6000000000000004e-002 9.0000000000000011e-003 4.0000000000000001e-003  1.7042755828111233e-003
3.6000000000000004e-002 1.2000000000000004e-002 4.0000000000000001e-003  1.7031576399597643e-003
3.6000000000000004e-002 1.4999999999999999e-002 4.0000000000000001e-003  1.7126027120503472e-003
3.6000000000000004e-002 1.8000000000000002e-002 4.0000000000000001e-003  1.7430338178343239e-003
3.6000000000000004e-002 2.1000000000000005e-002 4.0000000000000001e-003  1.7598393669342478e-003
3.6000000000000004e-002 2.4000000000000007e-002 4.0000000000000001e-003  1.7718837673351845e-003
3.6000000000000004e-002 2.7000000000000010e-002 4.0000000000000001e-003  1.7868533410554234e-003
3.6000000000000004e-002 2.9999999999999999e-002 4.0000000000000001e-003  1.8047362815004698e-003
3.6000000000000004e-002 3.3000000000000002e-002 4.0000000000000001e-003  1.8384400395755768e-003
3.6000000000000004e-002 3.6000000000000004e-002 4.0000000000000001e-003  1.8870383877133752e-003
3.6000000000000004e-002 3.9000000000000007e-002 4.0000000000000001e-003  1.9466434806413586e-003
3.6000000000000004e-002 4.2000000000000010e-002 4.0000000000000001e-003  2.0221653956027934e-003
3.6000000000000004e-002 4.4999999999999998e-002 4.0000000000000001e-003  2.1180737502809431e-003
3.9000000000000007e-002 -4.4999999999999998e-002 4.0000000000000001e-003  2.3081158196527609e-003
3.9000000000000007e-002 -4.1999999999999996e-002 4.0000000000000001e-003  2.1000285980443366e-003
3.9000000000000007e-002 -3.9000000000000000e-002 4.0000000000000001e-003  2.0169449457710393e-003
3.9000000000000007e-002 -3.5999999999999997e-002 4.0000000000000001e-003  1.9575761890823248e-003
3.9000000000000007e-002 -3.3000000000000002e-002 4.0000000000000001e-003  1.8951134529965558e-003
3.9000000000000007e-002 -2.9999999999999999e-002 4.0000000000000001e-003  1.8352996647337781e-003
3.9000000000000007e-002 -2.6999999999999996e-002 4.0000000000000001e-003  1.8063812391140687e-003
3.9000000000000007e-002 -2.3999999999999997e-002 4.0000000000000001e-003  1.7758504911111080e-003
3.9000000000000007e-002 -2.0999999999999998e-002 4.0000000000000001e-003  1.7529304844554115e-003
3.9000000000000007e-002 -1.7999999999999999e-002 4.0000000000000001e-003  1.7399750401817975e-003
3.9000000000000007e-002 -1.4999999999999999e-002 4.0000000000000001e-003  1.7455351887267563e-003
3.9000000000000007e-002 -1.1999999999999997e-002 4.0000000000000001e-003  1.7556730964462649e-003
3.9000000000000007e-002 -8.9999999999999941e-003 4.0000000000000001e-003  1.7652871606591738e-003
3.9000000000000007e-002 -5.9999999999999984e-003 4.0000000000000001e-003  1.8273244458400179e-003
3.9000000000000007e-002 -2.9999999999999957e-003 4.0000000000000001e-003  1.8334668569852258e-003
3.9000000000000007e-002 0.0000000000000000e+000 4.0000000000000001e-003  1.8374316477528946e-003
3.9000000000000007e-002 3.0000000000000027e-003 4.0000000000000001e-003  1.8409651113103984e-003
3.9000000000000007e-002 6.0000000000000053e-003 4.0000000000000001e-003  1.8439957487688453e-003
3.9000000000000007e-002 9.0000000000000011e-003 4.0000000000000001e-003  1.8465319188039372e-003
3.9000000000000007e-002 1.2000000000000004e-002 4.0000000000000001e-003  1.8315036487743018e-003
3.9000000000000007e-002 1.4999999999999999e-002 4.0000000000000001e-003  1.8205871535076756e-003
3.9000000000000007e-002 1.8000000000000002e-002 4.0000000000000001e-003  1.8324090720514021e-003
3.9000000000000007e-002 2.1000000000000005e-002 4.0000000000000001e-003  1.8640749499907079e-003
3.9000000000000007e-002 2.4000000000000007e-002 4.0000000000000001e-003  1.8714696047672154e-003
3.9000000000000007e-002 2.7000000000000010e-002 4.0000000000000001e-003  1.8818985419745133e-003
3.9000000000000007e-002 2.9999999999999999e-002 4.0000000000000001e-003  1.8953369796387959e-003
3.9000000000000007e-002 3.3000000000000002e-002 4.0000000000000001e-003  1.9572620085456971e-003
3.9000000000000007e-002 3.6000000000000004e-002 4.0000000000000001e-003  2.0069693879686454e-003
3.9000000000000007e-002 3.9000000000000007e-002 4.0000000000000001e-003  2.0516311171917909e-003
3.9000000000000007e-002 4.2000000000000010e-002 4.0000000000000001e-003  2.1167070150602150e-003
3.9000000000000007e-002 4.4999999999999998e-002 4.0000000000000001e-003  2.2032138672970808e-003
4.2000000000000010e-002 -4.4999999999999998e-002 4.0000000000000001e-003  2.3984977798562420e-003
4.2000000000000010e-002 -4.1999999999999996e-002 4.0000000000000001e-003  2.2256091125500655e-003
4.2000000000000010e-002 -3.9000000000000000e-002 4.0000000000000001e-003  2.1175882155563936e-003
4.2000000000000010e-002 -3.5999999999999997e-002 4.0000000000000001e-003  2.0552740232324838e-003
4.2000000000000010e-002 -3.3000000000000002e-002 4.0000000000000001e-003  1.9973908117797610e-003
4.2000000000000010e-002 -2.9999999999999999e-002 4.0000000000000001e-003  1.9438698742280272e-003
4.2000000000000010e-002 -2.6999999999999996e-002 4.0000000000000001e-003  1.9121675683052514e-003
4.2000000000000010e-002 -2.3999999999999997e-002 4.0000000000000001e-003  1.8900395425869429e-003
4.2000000000000010e-002 -2.0999999999999998e-002 4.0000000000000001e-003  1.8733540253409405e-003
4.2000000000000010e-002 -1.7999999999999999e-002 4.0000000000000001e-003  1.8648618753617486e-003
4.2000000000000010e-002 -1.4999999999999999e-002 4.0000000000000001e-003  1.8600229020159223e-003
4.2000000000000010e-002 -1.1999999999999997e-002 4.0000000000000001e-003  1.8592470183591723e-003
4.2000000000000010e-002 -8.9999999999999941e-003 4.0000000000000001e-003  1.8748401822939673e-003
4.2000000000000010e-002 -5.9999999999999984e-003 4.0000000000000001e-003  1.9110834766417153e-003
4.2000000000000010e-002 -2.9999999999999957e-003 4.0000000000000001e-003  1.9511247810687883e-003
4.2000000000000010e-002 0.0000000000000000e+000 4.0000000000000001e-003  1.9582819866719461e-003
4.2000000000000010e-002 3.0000000000000027e-003 4.0000000000000001e-003  1.9648424524373645e-003
4.2000000000000010e-002 6.0000000000000053e-003 4.0000000000000001e-003  1.9708079700146677e-003
4.2000000000000010e-002 9.0000000000000011e-003 4.0000000000000001e-003  1.9761863445992675e-003
4.2000000000000010e-002 1.2000000000000004e-002 4.0000000000000001e-003  1.9809913949323382e-003
4.2000000000000010e-002 1.4999999999999999e-002 4.0000000000000001e-003  1.9852429533008314e-003
4.2000000000000010e-002 1.8000000000000002e-002 4.0000000000000001e-003  1.9531701475105682e-003
4.2000000000000010e-002 2.1000000000000005e-002 4.0000000000000001e-003  1.9669434922724481e-003
4.2000000000000010e-002 2.4000000000000007e-002 4.0000000000000001e-003  1.9903011788350547e-003
4.2000000000000010e-002 2.7000000000000010e-002 4.0000000000000001e-003  1.9959961744198981e-003
4.2000000000000010e-002 2.9999999999999999e-002 4.0000000000000001e-003  2.0232858598225436e-003
4.2000000000000010e-002 3.3000000000000002e-002 4.0000000000000001e-003  2.1016950448286072e-003
4.2000000000000010e-002 3.6000000000000004e-002 4.0000000000000001e-003  2.1503902096203543e-003
4.2000000000000010e-002 3.9000000000000007e-002 4.0000000000000001e-003  2.1773292493823359e-003
4.2000000000000010e-002 4.2000000000000010e-002 4.0000000000000001e-003  2.2329045677214662e-003
4.2000000000000010e-002 4.4999999999999998e-002 4.0000000000000001e-003  2.3092051074095001e-003
4.4999999999999998e-002 -4.4999999999999998e-002 4.0000000000000001e-003  2.4550927090224331e-003
4.4999999999999998e-002 -4.1999999999999996e-002 4.0000000000000001e-003  2.3543542019492303e-003
4.4999999999999998e-002 -3.9000000000000000e-002 4.0000000000000001e-003  2.3281649356357730e-003
4.4999999999999998e-002 -3.5999999999999997e-002 4.0000000000000001e-003  2.2637920440347573e-003
4.4999999999999998e-002 -3.3000000000000002e-002 4.0000000000000001e-003  2.1803416725381199e-003
4.4999999999999998e-002 -2.9999999999999999e-002 4.0000000000000001e-003  2.1364003547097643e-003
4.4999999999999998e-002 -2.6999999999999996e-002 4.0000000000000001e-003  2.1068996217402059e-003
4.4999999999999998e-002 -2.3999999999999997e-002 4.0000000000000001e-003  2.0825975290300462e-003
4.4999999999999998e-002 -2.0999999999999998e-002 4.0000000000000001e-003  2.0621638635828147e-003
4.4999999999999998e-002 -1.7999999999999999e-002 4.0000000000000001e-003  2.0450072094705470e-003
4.4999999999999998e-002 -1.4999999999999999e-002 4.0000000000000001e-003  2.0310668462923025e-003
4.4999999999999998e-002 -1.1999999999999997e-002 4.0000000000000001e-003  2.0203267694413316e-003
4.4999999999999998e-002 -8.9999999999999941e-003 4.0000000000000001e-003  2.0128156901050966e-003
4.4999999999999998e-002 -5.9999999999999984e-003 4.0000000000000001e-003  2.0294098035598617e-003
4.4999999999999998e-002 -2.9999999999999957e-003 4.0000000000000001e-003  2.0432021093730688e-003
4.4999999999999998e-002 0.0000000000000000e+000 4.0000000000000001e-003  2.0535344904626524e-003
4.4999999999999998e-002 3.0000000000000027e-003 4.0000000000000001e-003  2.0631742415764265e-003
4.4999999999999998e-002 6.0000000000000053e-003 4.0000000000000001e-003  2.0721226962379926e-003
4.4999999999999998e-002 9.0000000000000011e-003 4.0000000000000001e-003  2.0803872015167299e-003
4.4999999999999998e-002 1.2000000000000004e-002 4.0000000000000001e-003  2.0879811180277968e-003
4.4999999999999998e-002 1.4999999999999999e-002 4.0000000000000001e-003  2.0949238199321242e-003
4.4999999999999998e-002 1.8000000000000002e-002 4.0000000000000001e-003  2.1012406949364143e-003
4.4999999999999998e-002 2.1000000000000005e-002 4.0000000000000001e-003  2.1069631442931520e-003
4.4999999999999998e-002 2.4000000000000007e-002 4.0000000000000001e-003  2.1210046863365914e-003
4.4999999999999998e-002 2.7000000000000010e-002 4.0000000000000001e-003  2.1335611965555218e-003
4.4999999999999998e-002 2.9999999999999999e-002 4.0000000000000001e-003  2.1983149334633876e-003
4.4999999999999998e-002 3.3000000000000002e-002 4.0000000000000001e-003  2.2757492175524731e-003
4.4999999999999998e-002 3.6000000000000004e-002 4.0000000000000001e-003  2.3234091114305456e-003
4.4999999999999998e-002 3.9000000000000007e-002 4.0000000000000001e-003  2.3415086906468838e-003
4.4999999999999998e-002 4.2000000000000010e-002 4.0000000000000001e-003  2.3742246289238946e-003
4.4999999999999998e-002 4.4999999999999998e-002 4.0000000000000001e-003  2.3704740395984630e-003
